ENSG00000006327	2809.21191032017	0.595014846778022	0.115688957905118	5.14322937601376	2.70055564893905e-07	3.29833986067989e-05	TNFRSF12A
ENSG00000006756	420.491359814584	0.640781202207151	0.144284247791715	4.44110297564959	8.94989506005395e-06	0.000564572339512272	ARSD
ENSG00000007541	232.232019561682	0.635237848117446	0.183923467758735	3.45381617614306	0.000552713982281072	0.0132622816299147	PIGQ
ENSG00000008735	141.457890852153	0.772040212465106	0.213349404761929	3.61866588438157	0.000296125659308291	0.00856607519010728	MAPK8IP2
ENSG00000008853	280.484796543814	0.661410260910459	0.154385874550106	4.28413715204105	1.8344972738319e-05	0.00100293045076433	RHOBTB2
ENSG00000009413	1013.80702488367	0.645676257652753	0.148399216300253	4.35094115555414	1.35554430650291e-05	0.000786223140584771	REV3L
ENSG00000010072	284.806399459803	0.672380326633581	0.168390513026685	3.99298223247903	6.52474592252272e-05	0.00262227048621522	SPRTN
ENSG00000012124	203.057901114586	1.10703940347917	0.231951065032335	4.77272826199286	1.81746937706077e-06	0.000147310119683745	CD22
ENSG00000020256	453.079822307008	-0.608184838685621	0.122534574263218	-4.96337333640359	6.92792286717216e-07	6.68809393013156e-05	ZFP64
ENSG00000021355	2888.20231653287	-0.557152813505319	0.126515299927606	-4.40383743171086	1.06352652806702e-05	0.000636335765140875	SERPINB1
ENSG00000023572	129.501100514642	0.754855444951458	0.219194662166722	3.44376745989054	0.000573668874745894	0.0135551148861568	GLRX2
ENSG00000023839	1205.86882734187	0.680306558456168	0.167624354903935	4.0585185777213	4.93850053131338e-05	0.00210066778772912	ABCC2
ENSG00000024526	2039.22254526885	-0.505484224671363	0.164977940964936	-3.06395037854666	0.00218435138017421	0.0330282457603131	DEPDC1
ENSG00000026103	490.08709989155	1.14756143581483	0.143616242531743	7.99047110260656	1.34424074240454e-15	1.24933734599078e-12	FAS
ENSG00000029534	50.9567406143216	1.73217549354841	0.473867644132116	3.65539938208035	0.000256781907677751	0.00765449510517095	ANK1
ENSG00000033100	555.01005742475	0.750327145293314	0.149264935917832	5.02681450723535	4.98694301834097e-07	5.307097146465e-05	CHPF2
ENSG00000034510	21578.9971657552	-0.514023362000877	0.153247616254918	-3.3542013544004	0.000795944203822421	0.017044943387847	TMSB10
ENSG00000043355	480.062763325238	-0.631348239258427	0.124020984667638	-5.09065656066486	3.56825809981554e-07	4.04431594874215e-05	ZIC2
ENSG00000048028	739.128180400148	-0.516697575535666	0.124835768093518	-4.13901867570994	3.48794559179295e-05	0.00158906697696685	USP28
ENSG00000048392	2401.62677937893	0.710642420177212	0.143421646460972	4.95491745990096	7.2360999895944e-07	6.86248094931534e-05	RRM2B
ENSG00000049283	445.656254953283	0.62355849287659	0.136075932914813	4.58243040866715	4.59602684624882e-06	0.000339011694516163	EPN3
ENSG00000050405	3114.80357481792	0.749708190628848	0.142411279187315	5.26438772902778	1.4065732262799e-07	1.99496437662277e-05	LIMA1
ENSG00000053747	503.106758910065	1.01589090445651	0.18824266166037	5.39670920234538	6.78742613307091e-08	1.02851638827328e-05	LAMA3
ENSG00000055163	2345.63646124428	0.72810963893664	0.112792785841796	6.45528553535235	1.08015048284624e-10	3.76459447033987e-08	CYFIP2
ENSG00000059728	582.939874454786	-0.598212775833551	0.151638458047805	-3.94499379336185	7.98020455780367e-05	0.00308177373241942	MXD1
ENSG00000059804	313.547590731707	-0.679139576824856	0.190677627647566	-3.56171610274136	0.000368438666007672	0.00989673110368585	SLC2A3
ENSG00000061656	166.000167922767	-0.903185325238644	0.288563994682297	-3.12993076711817	0.0017484750621018	0.028710825489707	SPAG4
ENSG00000063438	910.742676324409	2.12815283802156	0.186572670217524	11.4065625771468	3.8775139498674e-30	1.80188073250338e-26	AHRR
ENSG00000064042	325.407747785009	-0.611147528331183	0.194831866772064	-3.13679450110782	0.00170805799519078	0.028381449953462	LIMCH1
ENSG00000065357	1318.25275027713	0.528802593950161	0.136528762038246	3.87319555275852	0.000107417568986093	0.00392017887234325	DGKA
ENSG00000065457	303.936135305255	0.62607430917239	0.176074802475994	3.55572915811022	0.000376932234002104	0.0100282676988995	ADAT1
ENSG00000065618	369.0364640639	1.26207240305245	0.223423736742935	5.64878388237035	1.61586842002286e-08	2.92556125240763e-06	COL17A1
ENSG00000067191	246.059147316529	0.542956196273988	0.160948527191351	3.37347725853043	0.000742251774881409	0.0162956409348374	CACNB1
ENSG00000067992	385.836048151831	-0.684713259359332	0.235791396373308	-2.90389416191965	0.00368552725892962	0.0469223615790894	PDK3
ENSG00000069696	161.671621486089	-0.833621763061107	0.233253720914766	-3.57388409407506	0.000351724671620756	0.00959210231154964	DRD4
ENSG00000069998	1286.4886057981	-0.509693748152582	0.145585731947039	-3.50098695343302	0.000463538535774253	0.0116435868959079	HDHD5
ENSG00000071575	538.08073143102	-0.813916838024947	0.130740621801723	-6.22543190332463	4.80231206369429e-10	1.45541374956439e-07	TRIB2
ENSG00000072952	266.684122200869	0.906350801843172	0.167647663279454	5.4062835360393	6.43459081094331e-08	9.94094948177179e-06	IRAG1
ENSG00000075643	367.663072700367	0.681269658447609	0.207842771763723	3.27781261126599	0.0010461481939174	0.0203833838486897	MOCOS
ENSG00000076554	2789.89941070499	-0.55791609306669	0.134713704316027	-4.14149470463573	3.45049840670372e-05	0.00157929575923168	TPD52
ENSG00000076864	747.81590889502	-0.566553018274371	0.124468747154161	-4.55176926921796	5.31966573018583e-06	0.000378503934076439	RAP1GAP
ENSG00000078114	957.788866379246	-0.693677766462326	0.138534341082969	-5.00726217802471	5.52097024729851e-07	5.72423695179693e-05	NEBL
ENSG00000078237	217.169707561516	0.979601095040294	0.233798524601529	4.18993702680486	2.79031881890335e-05	0.00136971248782858	TIGAR
ENSG00000081019	628.638604029591	-0.673499831452971	0.119727733006685	-5.6252617045323	1.85226941730247e-08	3.31057537777099e-06	RSBN1
ENSG00000081059	594.986089721773	0.562021316450947	0.126977546148253	4.42614724807139	9.59310527667434e-06	0.000591758763991668	TCF7
ENSG00000081692	195.531441799729	0.901159683803011	0.196767889274219	4.57981069536779	4.65396968863705e-06	0.000341478902259416	JMJD4
ENSG00000083444	10268.9197642697	-0.733716648816992	0.165464641184133	-4.43428060258804	9.23802415259782e-06	0.000572387976494961	PLOD1
ENSG00000085117	244.14346396146	0.682247756526193	0.209869954979697	3.25081194491224	0.00115075947821995	0.0218864091212338	CD82
ENSG00000087074	1963.73428082069	-0.645332474197453	0.0887301481496412	-7.27297866232699	3.51645885081352e-13	2.13143273213875e-10	PPP1R15A
ENSG00000087088	1210.59745875372	0.81241562439074	0.114358845327336	7.10409082975014	1.21117185017425e-12	6.04612132053388e-10	BAX
ENSG00000087095	265.303053109051	0.518858468009139	0.161093595980657	3.22085098945485	0.0012781058251334	0.0234140253721218	NLK
ENSG00000087448	852.07739843564	0.632143264711886	0.144296415673721	4.38086602332015	1.18208541225079e-05	0.000701253307752695	KLHL42
ENSG00000088836	478.189303088163	0.542436775123162	0.143117445373535	3.79015132437144	0.000150555536098958	0.00506134759824585	SLC4A11
ENSG00000089116	82.5172533137397	0.73160236602689	0.246571632803187	2.96709867923393	0.00300624457205629	0.0406499084180764	LHX5
ENSG00000089356	169.453201407867	0.816470644093062	0.246381429911419	3.31384814345223	0.000920214695357099	0.0188224491174992	FXYD3
ENSG00000089486	195.547198179754	0.611932355736275	0.171243218381246	3.57346913659323	0.000352282782581433	0.00959210231154964	CDIP1
ENSG00000091428	73.6879087541755	-1.91753152488234	0.306821793308162	-6.24965881402184	4.11350279698497e-10	1.30332596574471e-07	RAPGEF4
ENSG00000091879	81.1265389772001	0.921533144372755	0.297082121200491	3.10194750410727	0.00192252048013607	0.0303875941197018	ANGPT2
ENSG00000094841	230.506616929782	-0.757008582316737	0.170036626350444	-4.45203247420676	8.50612977162122e-06	0.000543963097000786	UPRT
ENSG00000095370	38.4504911224662	-1.3161510860344	0.363715221940985	-3.61863074910831	0.000296165859094162	0.00856607519010728	SH2D3C
ENSG00000099194	24226.2315336907	-0.51446002402176	0.0814836422973201	-6.31366013493337	2.72512061138946e-10	8.83509452171639e-08	SCD
ENSG00000099250	290.784949465781	0.906542805221443	0.237992927380956	3.80911657836931	0.000139464194365921	0.00488510134084248	NRP1
ENSG00000099625	498.740364317221	0.637863748292213	0.141131455547392	4.51964266802319	6.19440932292008e-06	0.000427506239459549	CBARP
ENSG00000099814	3217.01417483957	0.501135532963811	0.104657052437887	4.78835894275956	1.68150692061074e-06	0.000139535047501395	CEP170B
ENSG00000099994	165.652279560293	-1.70224119923339	0.326884163928505	-5.20747526822897	1.91427342237423e-07	2.56604670974222e-05	SUSD2
ENSG00000100027	165.26682627706	-0.814404600232962	0.253408938140362	-3.21379587558931	0.00130992760669711	0.0238092578421961	YPEL1
ENSG00000100033	106.426347452759	0.714895539716407	0.237267217027966	3.01303968020219	0.00258645096431893	0.036785442030181	PRODH
ENSG00000100197	34.7873080411183	1.26148958492896	0.406882468205337	3.10037832421999	0.00193273604187603	0.0304799470133413	CYP2D6
ENSG00000100298	37.9905108856345	1.1112105037111	0.379075638571527	2.93136881045292	0.00337471869981212	0.0442153288323125	APOBEC3H
ENSG00000100299	334.890961965244	0.628851500917707	0.161917744128594	3.88377138220426	0.000102848618519937	0.00381333135847459	ARSA
ENSG00000100505	182.830059206835	-0.63717625794876	0.209924120324716	-3.03526939621402	0.00240320922703627	0.0351554457860574	TRIM9
ENSG00000100647	404.92845443456	0.832686016893784	0.133745357073408	6.22590596873396	4.78781170904205e-10	1.45541374956439e-07	SUSD6
ENSG00000100867	155.010739496135	-1.00544454675232	0.203328318688149	-4.94493119915282	7.61707612638182e-07	7.12682270321403e-05	DHRS2
ENSG00000100916	151.766004777118	0.587863669177376	0.203693971605655	2.88601407564217	0.00390154707833717	0.0488505829737393	BRMS1L
ENSG00000101187	3328.36989542252	-0.621163043198138	0.1360445810927	-4.56587861279739	4.97406551053515e-06	0.000361163787929013	SLCO4A1
ENSG00000101236	714.309803520023	-0.805999462050158	0.189921290718597	-4.24386049084088	2.19706971476968e-05	0.00113863750533845	RNF24
ENSG00000101265	338.977978118504	-0.631726995072474	0.201313398414306	-3.13802757316913	0.00170088875882425	0.0283602232283561	RASSF2
ENSG00000101665	239.037384155953	0.740456162533252	0.181521175427347	4.07917236537297	4.51963180658646e-05	0.00194469713011179	SMAD7
ENSG00000102678	131.196305411797	0.813377032792519	0.216735203314095	3.75286072753841	0.000174827995030263	0.00560293581314229	FGF9
ENSG00000102760	55.5612449475961	0.863870423926492	0.298236824164698	2.89659208364366	0.00377239913196352	0.0476367901256371	RGCC
ENSG00000103042	287.961905205854	0.521227575336961	0.150799941443038	3.4564176242326	0.000547406493179958	0.0131575757265893	SLC38A7
ENSG00000103044	6940.93662146256	0.812525442876834	0.119960654122468	6.7732661914908	1.25906981486032e-11	5.01925236082057e-09	HAS3
ENSG00000103064	844.518274558736	0.616520896022755	0.1456078218578	4.23411934988526	2.29449070392674e-05	0.00117601084203833	SLC7A6
ENSG00000103089	389.381206962998	-0.722346092821971	0.169716230033789	-4.25619926083769	2.079314065067e-05	0.00109801959776891	FA2H
ENSG00000103489	292.424522613087	-0.532304823743247	0.160774849984515	-3.31087122018472	0.000930059999297224	0.0189560913014658	XYLT1
ENSG00000104142	539.395702988064	0.503484150966908	0.129044561169973	3.90163015319752	9.55470650978098e-05	0.00359583646652682	VPS18
ENSG00000104228	590.259168341277	0.660287594712696	0.129078593032679	5.11539194222182	3.13090145381258e-07	3.73058950150437e-05	TRIM35
ENSG00000104267	417.695347016107	0.602891158792969	0.13625726847385	4.42465319865615	9.65973345108393e-06	0.000593243806350489	CA2
ENSG00000104450	166.506976868414	0.772922853514228	0.199689169357237	3.87062981934436	0.000108554529185382	0.00395132817590967	SPAG1
ENSG00000104812	2288.7371805565	-0.575067650292913	0.153137279395172	-3.75524269834354	0.000173173587256298	0.00559339145765807	GYS1
ENSG00000104953	203.500487690651	-0.592510277194602	0.170750301724061	-3.47003941552104	0.000520381993689077	0.0126829464580759	TLE6
ENSG00000105173	423.674238691745	0.556821090249544	0.128629201507431	4.32888553861834	1.49865793835828e-05	0.000856261898305439	CCNE1
ENSG00000105516	1225.63858689753	-0.825534560805155	0.191790307129596	-4.30436017940848	1.67469018293699e-05	0.000923488045297467	DBP
ENSG00000105519	96.3958328857243	0.786803229210932	0.263907412115708	2.98136086024732	0.00286970418986837	0.0394541874861489	CAPS
ENSG00000105613	786.861493380082	-0.509356391378817	0.120482069239754	-4.22765308226255	2.36141509808517e-05	0.00120012708373021	MAST1
ENSG00000105784	146.757923416817	-0.984150614693258	0.215029808030374	-4.5768101813784	4.72119481366175e-06	0.0003445977848024	RUNDC3B
ENSG00000105855	224.988946349043	0.927935102865285	0.217173317675823	4.27278596098267	1.93045742845833e-05	0.00103113053678688	ITGB8
ENSG00000105928	172.124574292036	0.590479760304392	0.203129290295916	2.90691588320024	0.00365011336544961	0.0465991121133087	GSDME
ENSG00000106031	166.112022372277	-0.778784236601176	0.240350299746186	-3.24020497342247	0.00119443804458731	0.0224718768955353	HOXA13
ENSG00000106333	132.174392147856	-0.704374228074774	0.219603228123473	-3.20748576463884	0.0013390068720957	0.0241497482463596	PCOLCE
ENSG00000106688	501.014996203606	-0.534481839583678	0.142165833506248	-3.75956603919316	0.000170208344818367	0.00551831287235548	SLC1A1
ENSG00000107738	524.978580791806	0.616347105777245	0.147251639858668	4.18567227073881	2.8432333368219e-05	0.00138592713107112	VSIR
ENSG00000107796	272.523980206027	1.12072751441841	0.164568963755562	6.81007821184956	9.75456993592136e-12	4.24963935864624e-09	ACTA2
ENSG00000107957	772.26580810615	-0.708837779007552	0.116539937426385	-6.08235935818401	1.18426765846813e-09	3.05738433827855e-07	SH3PXD2A
ENSG00000108244	314.009170987356	0.791195859909894	0.243560118573042	3.24846228744391	0.00116030588653872	0.0219780222340167	KRT23
ENSG00000108797	478.414134513413	-0.516436435349228	0.178528005160599	-2.89274747054198	0.00381888204976039	0.0480478927063146	CNTNAP1
ENSG00000108852	401.566863055332	-0.525659792267134	0.161260132643774	-3.25970085506703	0.00111529779189805	0.0213870240947053	MPP2
ENSG00000108932	98.8546064613934	0.763831363529454	0.250446220374738	3.04988177656084	0.00228931463082514	0.0340611902543579	SLC16A6
ENSG00000109063	86.5433613183073	0.969028972269318	0.268828758540261	3.60463284334289	0.000312594527246951	0.00889363327418315	MYH3
ENSG00000109066	360.42172379878	0.525743923626271	0.163476690220758	3.21601766537057	0.00129982830629926	0.0236874593700889	TMEM104
ENSG00000109099	671.929169382942	-0.549104678012677	0.133058907808425	-4.12677878585374	3.67879960551854e-05	0.00164907219615865	PMP22
ENSG00000109501	689.302350838724	0.525271303422211	0.171933818116585	3.05507845504852	0.00225001655619883	0.0336560952896652	WFS1
ENSG00000109680	257.889579062622	0.863487592841471	0.263008572227035	3.283115776531	0.00102666491583804	0.0202443219118785	TBC1D19
ENSG00000110400	1133.67585714549	0.614951517808471	0.104516786899873	5.88375835163775	4.01053272262325e-09	8.87473598191916e-07	NECTIN1
ENSG00000110925	727.249998845578	0.526931310710588	0.116760885868824	4.51290949695751	6.39443129776798e-06	0.00043866288221181	CSRNP2
ENSG00000111640	110585.957810472	-0.597294019700544	0.165796464069939	-3.60257393335351	0.000315081743375958	0.00892795647236632	GAPDH
ENSG00000111845	344.980793321838	0.524184368689774	0.167457385921168	3.13025529334692	0.00174654445626626	0.028710825489707	PAK1IP1
ENSG00000112305	144.045795666508	-0.561314239095118	0.193697503435732	-2.89789093374329	0.00375681209506898	0.0475260593623926	SMAP1
ENSG00000114019	3182.91615113862	0.747512971331001	0.143699629618405	5.20191299946996	1.97247564196926e-07	2.61888408806604e-05	AMOTL2
ENSG00000114423	349.064268684282	-0.666061414420182	0.164295717399944	-4.05404002588084	5.034059724962e-05	0.00213312542935244	CBLB
ENSG00000114480	1446.1415061232	-0.656147059060025	0.176424414819179	-3.71913977854211	0.000199902411740321	0.00623588402923436	GBE1
ENSG00000114648	541.710676207097	0.564904621315649	0.118566092169911	4.76447027119788	1.89350430447075e-06	0.0001525858006279	KLHL18
ENSG00000114812	244.486433214176	1.04519510571141	0.162711428415846	6.42361213276414	1.33078031473683e-10	4.52497765066979e-08	VIPR1
ENSG00000114999	1008.64755129003	0.505009943856417	0.12215968142635	4.13401490540796	3.5648033969998e-05	0.00160543887085431	TTL
ENSG00000115129	388.870592208596	1.31588756887891	0.208001475511818	6.3263376648698	2.51048142231012e-10	8.33300512105366e-08	TP53I3
ENSG00000115295	868.977498803436	0.504563126209459	0.170902815754493	2.95233945667857	0.00315376018519004	0.0420330504223082	CLIP4
ENSG00000115548	2925.27198148325	-0.837663018560457	0.144393433262213	-5.80125425121857	6.58207083705644e-09	1.41170230060621e-06	KDM3A
ENSG00000115641	2208.45116013792	0.80745499976307	0.17360518854661	4.65109946611005	3.30170024005402e-06	0.000255716683592184	FHL2
ENSG00000115884	577.470731511898	0.554535539005448	0.121855357492289	4.55076863600796	5.34502967063213e-06	0.000378503934076439	SDC1
ENSG00000115946	497.054661668446	0.526418051437247	0.124217931906704	4.23785876448679	2.25661645575269e-05	0.00116086679002392	PNO1
ENSG00000115998	185.776698031179	0.60704384635356	0.180192285734013	3.36886700715721	0.000754778379024813	0.0164927357084403	C2orf42
ENSG00000116260	6118.85498547811	-0.657894778060199	0.168949944729158	-3.89402186023123	9.85957587904367e-05	0.0036850495262667	QSOX1
ENSG00000116455	412.179390265991	0.541748388855863	0.129990621770005	4.16759595022468	3.07828951912527e-05	0.00145967463218114	WDR77
ENSG00000116990	128.912534146012	-0.760883999431649	0.252399155435669	-3.0146059645813	0.00257313309185889	0.0366930507004132	MYCL
ENSG00000117000	1544.70094583733	-0.558830471058013	0.100530037247053	-5.55884078392096	2.71572286197555e-08	4.67406079244459e-06	RLF
ENSG00000117461	66.9198868474711	1.01317982295853	0.309680423522997	3.27169477305785	0.00106904922692004	0.0207860742991525	PIK3R3
ENSG00000117525	1688.76613173304	0.570143958658033	0.109003545953751	5.2305083625439	1.6904452907492e-07	2.33331661369649e-05	F3
ENSG00000119125	2813.07525508533	1.27704247763307	0.0857681005516365	14.889480697596	3.85754011721206e-50	5.37779667740533e-46	GDA
ENSG00000119950	2323.21945691247	-0.641365475947422	0.11982669626119	-5.35244228505991	8.67749846238372e-08	1.29188937932269e-05	MXI1
ENSG00000120451	887.443013976828	0.679315596054793	0.149886745496983	4.5321925818215	5.83745933300865e-06	0.000406900102807368	SNX19
ENSG00000121039	427.151039690941	0.631344184157768	0.181784121210832	3.47304362973233	0.000514591695154005	0.0126079487208119	RDH10
ENSG00000123384	1452.34398437021	-0.803326848217676	0.146697603462875	-5.47607342761379	4.34867297681033e-08	7.21724404401343e-06	LRP1
ENSG00000123643	229.380541224728	0.562618370141432	0.173633405004189	3.24026572034257	0.00119418359117611	0.0224718768955353	SLC36A1
ENSG00000124098	378.991285952231	0.628940828704528	0.198613968847463	3.1666495179277	0.00154206049319799	0.0264426387892659	FAM210B
ENSG00000124541	586.979286517497	0.665801709628426	0.12853988492196	5.17972853354158	2.22209032270496e-07	2.83999179544192e-05	RRP36
ENSG00000124762	9967.6973689033	1.2004572082834	0.136134182465377	8.8181908947719	1.16323816519738e-18	2.02708790762709e-15	CDKN1A
ENSG00000125629	1083.32947050991	-0.743611770961994	0.146001645502868	-5.09317390499811	3.52118437334772e-07	4.02367470072464e-05	INSIG2
ENSG00000125637	479.88960300771	0.630017255831625	0.181680489176346	3.46772104526923	0.000524891852431119	0.0127482880047774	PSD4
ENSG00000126016	288.068846975352	-0.674574000193973	0.156071596330567	-4.32220862766852	1.54475013537427e-05	0.00087187698936246	AMOT
ENSG00000126368	2305.36104065599	-1.00853451388466	0.131971828506198	-7.64204395210977	2.13800163161891e-14	1.49029403731996e-11	NR1D1
ENSG00000126870	797.135444249226	-0.694170993161441	0.138654231574994	-5.00648977875574	5.54316037940309e-07	5.72423695179693e-05	DYNC2I1
ENSG00000127081	228.719138693862	-0.633820098910708	0.171579430398138	-3.69403312180237	0.000220725032497795	0.00680780459745965	ZNF484
ENSG00000127220	169.388279451578	0.595098404141752	0.180197360742764	3.30248124439108	0.000958334966029181	0.0195038653451282	ABHD8
ENSG00000127311	181.022177922299	-0.779229203651286	0.227258576761372	-3.428821982237	0.000606207002552219	0.0140463310803962	HELB
ENSG00000127415	725.274535340643	0.645994112563151	0.170475406469107	3.78936836663426	0.00015103081564237	0.00506134759824585	IDUA
ENSG00000127419	234.050629045198	0.637422182709186	0.163416052827634	3.90060934455146	9.59508762318326e-05	0.00359583646652682	TMEM175
ENSG00000127528	944.748675736979	-0.548217866500116	0.131454347508986	-4.17040498765276	3.04058805555215e-05	0.00145967463218114	KLF2
ENSG00000128510	1921.3965731058	0.795639746898599	0.170948280735122	4.6542717099999	3.25127834727728e-06	0.000253218276197724	CPA4
ENSG00000128805	145.421502007764	-0.683560131718202	0.230779313212469	-2.9619644941437	0.00305683031871338	0.0410978674220973	ARHGAP22
ENSG00000129474	1113.05119711359	0.876484094641071	0.110569432343888	7.92700184907411	2.2449994746144e-15	1.95609610472496e-12	AJUBA
ENSG00000129534	1093.57985136848	-0.541134160315708	0.15238927778807	-3.5509989165266	0.000383771996788559	0.0101714171240101	MIS18BP1
ENSG00000129757	426.21055478503	-0.960538269910696	0.182505315032077	-5.26307011794079	1.41669516738867e-07	1.99496437662277e-05	CDKN1C
ENSG00000130270	532.943275913045	-0.784903853207985	0.183696976504758	-4.27281857405887	1.93017499928e-05	0.00103113053678688	ATP8B3
ENSG00000130518	463.587345768244	0.675029649410318	0.129927500429391	5.19543320066532	2.04243666624697e-07	2.68618958152349e-05	IQCN
ENSG00000132274	25.2963804089578	2.05653403692734	0.481054901120131	4.27505058599075	1.91093901531859e-05	0.00102858690395971	TRIM22
ENSG00000132646	2720.48461912076	0.507571990874626	0.0828104594648421	6.12932223966371	8.82542173766819e-10	2.46070408889665e-07	PCNA
ENSG00000132773	306.932914111012	0.526339801412976	0.155115623294652	3.39320946680632	0.000690787931738134	0.0153838251699063	TOE1
ENSG00000134504	399.977225183127	0.534663975683715	0.133296485483152	4.01108831748825	6.04394941665225e-05	0.00247819702404556	KCTD1
ENSG00000134574	1784.39793025651	0.584364574032797	0.0988272700831665	5.91298913286823	3.35954352130187e-09	7.67793380827367e-07	DDB2
ENSG00000134668	284.511248280995	0.902938938962519	0.245874517406744	3.67235673092877	0.000240323888121982	0.00728338113980121	SPOCD1
ENSG00000134824	416.178566156939	0.678442337628774	0.158487530843425	4.28073006133859	1.86281201226486e-05	0.00101443211964783	FADS2
ENSG00000134954	666.73961675548	0.574959470608275	0.115812072578534	4.96459011402622	6.88463144366173e-07	6.68809393013156e-05	ETS1
ENSG00000134955	131.91718438594	0.995431597095908	0.225978086345808	4.40499171044677	1.05787923145667e-05	0.000635685101971438	SLC37A2
ENSG00000135245	410.861045763257	-0.830223243259428	0.221096795359869	-3.75502160448827	0.000173326526770553	0.00559339145765807	HILPDA
ENSG00000135406	50.4708015061525	-0.951317459769335	0.315218762667967	-3.01795950126039	0.00254482911067679	0.0364244996221203	PRPH
ENSG00000135480	703.474600030481	1.41093171923206	0.451543931801182	3.12468315896515	0.00177996669734709	0.0290908742411674	KRT7
ENSG00000135763	566.833711556003	0.621332365836226	0.138054341835603	4.50063618119389	6.77503822276583e-06	0.000456284095959316	URB2
ENSG00000135766	2675.85108151174	-0.530752147380878	0.126333194737838	-4.20120894181673	2.6549341796165e-05	0.00132661065942773	EGLN1
ENSG00000135932	2907.82393722174	0.636554435016708	0.089608481049871	7.10372977600677	1.21434184760741e-12	6.04612132053388e-10	CAB39
ENSG00000136003	1167.1257751117	0.521964813030533	0.134542676943587	3.87954829566376	0.000104650622009256	0.00384943092725867	ISCU
ENSG00000136048	702.706086725115	0.613463061881806	0.149964363438777	4.09072560850268	4.30025662359228e-05	0.00187930650750784	DRAM1
ENSG00000136279	787.472502878762	0.516163413921841	0.106432469810311	4.84967994110979	1.23660844990853e-06	0.000107747240001093	DBNL
ENSG00000136378	604.810513160237	0.699219462226009	0.128422015471239	5.44470089229057	5.18925089735894e-08	8.4120170651257e-06	ADAMTS7
ENSG00000136542	2163.87981362212	1.05591235665153	0.319812543501635	3.30166023224205	0.000961144198354745	0.0195325237161275	GALNT5
ENSG00000137801	1056.92133857056	2.65697393737021	0.881400909459889	3.01448967076556	0.00257411976077786	0.0366930507004132	THBS1
ENSG00000137825	261.494606292546	-0.65325860553456	0.177995372333677	-3.67008758132171	0.000242467378852172	0.00732924555674506	ITPKA
ENSG00000137968	196.275584500436	0.906153350783334	0.274934762825622	3.29588496365614	0.000981121807362026	0.0197656345613208	SLC44A5
ENSG00000138061	194.484122617179	1.12202263986129	0.203449905054109	5.51498237152225	3.48814920587218e-08	5.93027903403221e-06	CYP1B1
ENSG00000138100	57.1486591502014	1.00115587438408	0.333821954049052	2.99907139791341	0.00270803838486705	0.0379043806460156	TRIM54
ENSG00000138131	86.8085848529096	1.18574637319307	0.24630944760088	4.81405153047336	1.47900643144644e-06	0.000124962597944211	LOXL4
ENSG00000138193	108.274136644179	-1.01882857434237	0.260857198625198	-3.90569468549048	9.39550791436034e-05	0.00354966872179126	PLCE1
ENSG00000138347	42.963980264666	1.73046439115713	0.367524746905228	4.70842958393589	2.49632571571648e-06	0.000195512791026985	MYPN
ENSG00000138617	267.930256152072	-0.593093616508196	0.168331722572763	-3.52336212951082	0.000426108723839228	0.0109601138727725	PARP16
ENSG00000138623	1171.33772553233	1.29669469065071	0.364144885578096	3.56093066800088	0.000369542659655533	0.0099006517804824	SEMA7A
ENSG00000138641	510.610709967353	-0.716277570754307	0.225371673249252	-3.17820585181587	0.00148189497917243	0.0258833014264809	HERC3
ENSG00000138678	950.584642625137	0.583473225228802	0.116879330595698	4.99209930665258	5.97265305077002e-07	6.03367798411484e-05	GPAT3
ENSG00000138685	91.2700672673975	0.811423300580475	0.250098421466236	3.24441592163356	0.0011769175680263	0.0222322599130822	FGF2
ENSG00000138764	1170.14858049055	-0.718297467759635	0.119322364590292	-6.0198058446629	1.74626405077503e-09	4.12621476811096e-07	CCNG2
ENSG00000139625	387.334541039756	0.668541381151672	0.161668046230742	4.13527222440414	3.54534111879025e-05	0.00160472729016412	MAP3K12
ENSG00000139832	194.322329526922	-0.694784623989014	0.167196216038023	-4.1555044752389	3.24570591375987e-05	0.00150327217076454	RAB20
ENSG00000140465	297.914887321681	2.03186850931214	0.204451550832615	9.9381418288954	2.84076582687571e-23	6.88086156991522e-20	CYP1A1
ENSG00000140853	194.444320398852	0.840179741392054	0.23997344584422	3.50113629629447	0.000463278844782153	0.0116435868959079	NLRC5
ENSG00000140950	1568.21243051701	0.505801016913819	0.097555973702598	5.18472624193949	2.16332391794077e-07	2.81858866729086e-05	MEAK7
ENSG00000141574	120.962942271981	1.15386706941458	0.301911391538876	3.82187324411044	0.000132441765970017	0.00469814417147074	SECTM1
ENSG00000141622	184.04944068833	-0.856057873861484	0.249273147244106	-3.43421617340584	0.000594270059319479	0.0139231198163762	ARK2C
ENSG00000141837	246.219816925508	0.505613885842539	0.1576360824279	3.20747558588813	0.00133905425682777	0.0241497482463596	CACNA1A
ENSG00000141854	110.321214840478	-0.70973952019527	0.228156506093083	-3.11075731456771	0.00186608233979014	0.0298434048688123	MISP3
ENSG00000142089	4568.71319689357	-0.52828192991529	0.109245351056859	-4.83573831567749	1.32652339573445e-06	0.00011415470777737	IFITM3
ENSG00000142279	348.478843172563	0.527981211376691	0.174456942233446	3.02642706341937	0.0024746251482726	0.0358614856466407	WTIP
ENSG00000142910	3507.90661712646	0.714127283427564	0.0988061810253541	7.22755677850069	4.91760569155269e-13	2.85651420608067e-10	TINAGL1
ENSG00000143590	263.612920437615	-0.638382809145672	0.201150051543448	-3.17366465604799	0.00150527495045858	0.0261332977389078	EFNA3
ENSG00000143643	231.464109004961	0.512730759242975	0.169809781131813	3.01944184737493	0.00253240903917208	0.0362839819271305	TTC13
ENSG00000143816	543.065121275512	0.922816811109629	0.162846683026745	5.66678297621863	1.45503443281759e-08	2.77871712711096e-06	WNT9A
ENSG00000144134	177.370858974448	0.667489264702606	0.19818519839884	3.36800765191006	0.000757134947063339	0.016513931048742	RABL2A
ENSG00000144320	1111.90810586041	-0.61387354080715	0.144295581972189	-4.25427814501946	2.09724477185491e-05	0.00110330903261997	LNPK
ENSG00000144452	44.2905257892627	2.29223578780505	0.548544172356191	4.17876244671253	2.93099634320645e-05	0.00142372892057983	ABCA12
ENSG00000145358	145.405468973684	-0.75363574353952	0.241116609981889	-3.12560691524374	0.0017743855661649	0.0290336962181982	DDIT4L
ENSG00000145632	3049.88723382363	0.510273175136948	0.103233681805986	4.94289427839973	7.69712288921983e-07	7.15370601324091e-05	PLK2
ENSG00000146070	107.998535920073	1.07494995887927	0.304100629619576	3.53484950104841	0.000408007468652315	0.0106120002247797	PLA2G7
ENSG00000146072	2323.02922430324	0.710028463419365	0.164258667612112	4.32262402795119	1.54184354675725e-05	0.00087187698936246	TNFRSF21
ENSG00000146278	902.648823292693	-0.670486272364525	0.12808692839829	-5.23461902591363	1.65325506851763e-07	2.30480289102043e-05	PNRC1
ENSG00000146373	1350.44666548617	-0.600951347521728	0.117988831619502	-5.0932900959619	3.51902616587145e-07	4.02367470072464e-05	RNF217
ENSG00000146674	55.2521519519469	-1.08702973413481	0.371573351180021	-2.92547818804198	0.00343927285251583	0.0446849047874401	IGFBP3
ENSG00000146826	358.875525695829	0.654291742069214	0.157165143004397	4.1630843173089	3.1397735768755e-05	0.00148378248932954	TRAPPC14
ENSG00000147036	100.576317121654	-1.22638377799828	0.246112554849545	-4.98301997940738	6.25994840792357e-07	6.14577047569454e-05	LANCL3
ENSG00000147509	103.80259846222	0.845198076018949	0.224263594381577	3.76877075545696	0.000164053469242907	0.00538133979933027	RGS20
ENSG00000147883	338.416045352427	0.736506864662666	0.222263221820869	3.31366952493943	0.000920802689773649	0.0188224491174992	CDKN2B
ENSG00000148219	137.156705019601	0.791885421955639	0.216076633060149	3.66483599240091	0.000247497132149471	0.00743611534330987	ASTN2
ENSG00000150347	158.023158347246	-1.20132015540488	0.196209385303031	-6.12264369285663	9.20353516765168e-10	2.49607070763059e-07	ARID5B
ENSG00000151006	306.293465164756	-0.770088379805226	0.235458530623289	-3.27059027237919	0.00107323282255183	0.0208025591433072	PRSS53
ENSG00000151092	914.758179089254	-0.70097259166892	0.145305835242621	-4.82411866322151	1.40623682329628e-06	0.000120272070880819	NGLY1
ENSG00000151093	317.49150086589	-0.537906552855189	0.16520194669455	-3.25605456605031	0.00112972038015172	0.0215745641365688	OXSM
ENSG00000151640	187.493025497394	-0.942687154335791	0.265997084728774	-3.54397551122415	0.000394141853002394	0.0103618171359946	DPYSL4
ENSG00000151689	610.627300570764	0.657697649653289	0.127013807066918	5.17815869661144	2.24086577360743e-07	2.83999179544192e-05	INPP1
ENSG00000152229	866.971967115919	0.58140464678622	0.10253948108339	5.67005645672608	1.42750471569093e-08	2.76400600575657e-06	PSTPIP2
ENSG00000152284	579.02240543277	-0.706956403300948	0.160233920488559	-4.41202712350427	1.02407280570342e-05	0.000623432270057268	TCF7L1
ENSG00000152763	44.5247944411363	1.37260395560984	0.379265836210305	3.61910782506843	0.00029562045209343	0.00856607519010728	DNAI4
ENSG00000153037	197.336243247525	0.674298903865309	0.227871637082857	2.9591173017295	0.00308521639450164	0.0414364178764426	SRP19
ENSG00000153292	5269.36720728857	0.833692498552811	0.0772885760522262	10.7867493637023	3.97605286583856e-27	1.38575382506638e-23	ADGRF1
ENSG00000154065	213.694785773375	0.81663493612282	0.209340080292945	3.90099657447367	9.57975066184982e-05	0.00359583646652682	ANKRD29
ENSG00000154237	837.846287623578	0.56752521415167	0.110016611667448	5.15854111074746	2.48881465325199e-07	3.07049248504301e-05	LRRK1
ENSG00000154743	341.367629373069	0.50328702830823	0.147971837483742	3.40123524088512	0.000670820740685098	0.0150837289449854	TSEN2
ENSG00000155034	472.13583022027	0.728149933129393	0.22337350674948	3.25978646136417	0.001114961237964	0.0213870240947053	FBXL18
ENSG00000155066	701.646667610669	0.724260270038008	0.138629189783386	5.22444278271909	1.74680329997858e-07	2.38746909852954e-05	PROM2
ENSG00000155252	940.199332006452	0.555707522952742	0.129043002816289	4.30637470319775	1.65951857913219e-05	0.000923488045297467	PI4K2A
ENSG00000156398	255.888551890441	0.51438139934873	0.160743169614022	3.20002025954737	0.00137417927786729	0.0246556413291479	SFXN2
ENSG00000156515	2295.39664813254	-0.538824238855528	0.141791468673254	-3.80011748166034	0.000144627506340822	0.0049907229353896	HK1
ENSG00000156869	418.396173210376	-0.53287598282541	0.176214714183233	-3.02401524921074	0.00249443865033767	0.0360362375381942	FRRS1
ENSG00000157379	310.796288992427	0.567621275718678	0.149075934939274	3.80759829512322	0.000140322969896062	0.00490286346696993	DHRS1
ENSG00000157514	233.372869383301	-0.932016580495432	0.18702850285428	-4.98328632412566	6.25133402856041e-07	6.14577047569454e-05	TSC22D3
ENSG00000158062	389.387241080376	0.587293191999697	0.147347732743872	3.98576334405202	6.72635284223698e-05	0.00268687922560532	UBXN11
ENSG00000158079	373.075879895672	-0.555163486184953	0.167033551854713	-3.32366449746478	0.000888430087363566	0.0184540532650943	PTPDC1
ENSG00000158483	172.148624356475	0.914241038110428	0.214451238456883	4.26316511244697	2.01551474841953e-05	0.00106837608774588	FAM86C1P
ENSG00000158825	635.269678476118	-0.513378131705182	0.158844147398328	-3.23196126589292	0.00122943720086219	0.0228527786896265	CDA
ENSG00000159388	1259.50944990767	0.785053856102589	0.0971349926726264	8.08209106216184	6.36655348251192e-16	6.82739400766913e-13	BTG2
ENSG00000159792	403.944903194373	0.715949990180889	0.149716359065788	4.78204248786392	1.73522989734188e-06	0.000142299058816724	PSKH1
ENSG00000160326	183.755580287134	0.654049941020107	0.205465226564073	3.1832634259216	0.00145625060635096	0.025568752774734	SLC2A6
ENSG00000160613	687.597586333286	0.713932451909505	0.131558986353458	5.4267098865553	5.74023158819472e-08	9.01246873993075e-06	PCSK7
ENSG00000160818	525.888977110602	0.716195744330009	0.124036936822647	5.77405217087917	7.73874582567078e-09	1.63463417508601e-06	GPATCH4
ENSG00000161048	146.583608122627	0.554159131515697	0.191586442217858	2.89247571540343	0.00382218729010135	0.0480478927063146	NAPEPLD
ENSG00000161091	2251.8505582364	0.539610901004588	0.150888831673681	3.57621498568944	0.00034860499968197	0.0095292201971889	MFSD12
ENSG00000161509	218.059590374145	0.851616212405151	0.227418361507344	3.74471175836719	0.000180600997667906	0.00576146111782214	GRIN2C
ENSG00000161513	2653.86175205792	0.787546295363673	0.0914347506083025	8.61320548395702	7.1045587241604e-18	1.10049614637245e-14	FDXR
ENSG00000161980	138.068825364866	0.669467536063483	0.2243707778514	2.98375547152075	0.00284734225635558	0.0392629064251762	POLR3K
ENSG00000162069	601.488021914976	0.658835672947288	0.193946947717614	3.39698912873097	0.000681316736246313	0.0152704768810448	BICDL2
ENSG00000162409	167.777023558806	-0.585655724332177	0.200314047075236	-2.92368774373677	0.00345911554846756	0.0449008657925385	PRKAA2
ENSG00000162433	2203.65905157722	-0.543250772774254	0.162135805332914	-3.35059101633225	0.000806393042185124	0.0172158122528374	AK4
ENSG00000162636	859.835439553667	-0.630359814440102	0.184352218342973	-3.41932318529178	0.000627771166645242	0.014370702519214	EEIG2
ENSG00000162643	57.1093457880237	1.70393379247032	0.335711782072393	5.07558531890574	3.86304965778997e-07	4.27418851422619e-05	DNAI3
ENSG00000162775	1428.04017933941	-0.587962032972134	0.159516943909166	-3.68589078102536	0.000227904081174138	0.00699826166442437	RBM15
ENSG00000163032	330.033973356467	-0.788030182718903	0.170633995245069	-4.61824844215313	3.86992752440018e-06	0.000293210106617733	VSNL1
ENSG00000163235	2634.24086065665	0.570416654597024	0.101654742872573	5.61131373193336	2.00796346706779e-08	3.54342008789773e-06	TGFA
ENSG00000163389	297.196980568642	0.531369360302981	0.168198144915407	3.15918680655025	0.00158210045390912	0.0268984365791965	POGLUT1
ENSG00000163406	49.6316027377428	-1.32901825168824	0.404380464635494	-3.28655404480582	0.00101421309966481	0.0201518906357646	SLC15A2
ENSG00000163516	1865.32537758549	-0.525798399017493	0.132276970188923	-3.97498066569356	7.03849738564159e-05	0.00277970799017647	ANKZF1
ENSG00000163644	162.651590932169	-0.650491020529483	0.184302318163133	-3.5294782345261	0.00041637995302819	0.0107895035783755	PPM1K
ENSG00000163872	2906.14182356737	-0.88462716924504	0.303861017436963	-2.91128877506823	0.0035994118278943	0.0461207723278258	YEATS2
ENSG00000164023	1256.03803211662	0.549302718742093	0.11942722773066	4.59947642744347	4.23554114598573e-06	0.000317460640409608	SGMS2
ENSG00000164045	453.955473913737	0.53476243894318	0.134243244511345	3.9835333307814	6.78981434999041e-05	0.00269677498157311	CDC25A
ENSG00000164105	277.326236704189	-0.7480966810229	0.235495617046764	-3.17669046415562	0.00148965936754226	0.0259381402521899	SAP30
ENSG00000164124	508.752936242204	-0.676786221502536	0.138952073020938	-4.87064501297908	1.11234528661628e-06	9.87720104504306e-05	TMEM144
ENSG00000164142	595.017500105007	-0.694840257547087	0.176066524261626	-3.94646432909976	7.93137317020227e-05	0.00307142426016083	FHIP1A
ENSG00000164171	3399.97429452988	0.656234560158323	0.134518397038812	4.8784000895356	1.06949814834754e-06	9.55761133725194e-05	ITGA2
ENSG00000164484	677.914737096719	0.654466270736075	0.147521147516238	4.4364233993234	9.14658617034237e-06	0.00057126992852926	TMEM200A
ENSG00000164543	643.738295010736	0.777586534817092	0.110737839313692	7.02186840231175	2.18920688155459e-12	1.01732443785842e-09	STK17A
ENSG00000164603	222.098175520986	-0.690495756055419	0.180142941448166	-3.83304364025886	0.000126567489468233	0.00452802841909289	SAMTOR
ENSG00000164920	201.720276714771	-1.22425916789263	0.237050854654941	-5.1645423074922	2.41027958338955e-07	3.0001524707173e-05	OSR2
ENSG00000164938	1288.60945388544	0.86363680462823	0.112635899346639	7.66750929000328	1.7536832507635e-14	1.2867420104681e-11	TP53INP1
ENSG00000164983	477.128683372261	-0.52743290003366	0.155600218930238	-3.38966682476283	0.000699776160972229	0.015529156098173	TMEM65
ENSG00000165025	197.418512978906	0.597258118090355	0.204568478595363	2.91959994125846	0.00350480992947252	0.0453672750480746	SYK
ENSG00000165030	439.898611046441	-0.545395847559584	0.138782621225091	-3.92985694278686	8.49964154568884e-05	0.00324639733666981	NFIL3
ENSG00000165271	836.338356124259	0.583009365103756	0.123323871537909	4.72746563851219	2.27339520229695e-06	0.000179058771272439	NOL6
ENSG00000165272	110.159607045743	1.11452018169359	0.353055830925222	3.15678168739733	0.00159520728148088	0.027018447683133	AQP3
ENSG00000165288	1511.78342307243	-0.593971475276815	0.0982999246344684	-6.04244080029072	1.51800055073064e-09	3.71270976802384e-07	BRWD3
ENSG00000165434	425.545191724106	-0.617225895153431	0.165961745679863	-3.71908533876264	0.000199945496095528	0.00623588402923436	PGM2L1
ENSG00000165507	345.329989082295	-0.806611473628662	0.179787545338539	-4.48647025081642	7.24128228265205e-06	0.000483017781351446	DEPP1
ENSG00000165617	54.2039180264312	-1.09728697151684	0.321605618871882	-3.41190236465975	0.000645112150947331	0.0146235910509866	DACT1
ENSG00000166016	395.578120648208	0.544590015262978	0.155020472174369	3.51301997487412	0.000443044168086046	0.0112709466191379	ABTB2
ENSG00000166147	107.910626649347	-0.907636319118451	0.294789000534233	-3.07893550123505	0.00207741652108057	0.0320576413778379	FBN1
ENSG00000166922	40.6826522761148	-1.17350212357184	0.357164843798271	-3.28560367558081	0.00101764084409858	0.0201518906357646	SCG5
ENSG00000166949	6171.04033882238	0.747827299173293	0.0814537901271434	9.18100063859507	4.27103890775157e-20	8.50607905899494e-17	SMAD3
ENSG00000166979	244.376481074515	0.657300431049074	0.194057753240092	3.38713821052978	0.000706257987398676	0.0155790231049445	EVA1C
ENSG00000167114	785.319054707993	0.719203636484665	0.123027312980608	5.84588591801585	5.03879297234219e-09	1.09759082542848e-06	SLC27A4
ENSG00000167196	841.054838793298	0.615284462992169	0.101071568628544	6.08761169279416	1.14607420452352e-09	3.01460763872876e-07	FBXO22
ENSG00000167207	252.001214549166	-0.69290288108796	0.230773185828069	-3.00252769229519	0.00267747612277219	0.0375945663592535	NOD2
ENSG00000167355	571.017009338609	-0.509437578780014	0.177187896995668	-2.8751262779109	0.00403865939065002	0.0499139632668901	OR51B5
ENSG00000167397	373.368044781809	-0.621503313166827	0.205824535986921	-3.01957835195275	0.00253126810636019	0.0362839819271305	VKORC1
ENSG00000167601	2341.75720185121	0.600885567512663	0.123747422376957	4.85574209119488	1.19936723163118e-06	0.000105159613686606	AXL
ENSG00000167619	154.49678442089	-1.10783034951414	0.254502772358311	-4.35292055661554	1.34335839782761e-05	0.000783588260423209	TMEM145
ENSG00000167754	67.3795699138172	1.23317628382788	0.271299422156263	4.54544382743871	5.48196161902202e-06	0.000385979933993869	KLK5
ENSG00000167755	1044.34588957469	0.741524392158951	0.143096670173948	5.18198216113314	2.19540216640819e-07	2.83389829647191e-05	KLK6
ENSG00000167771	362.009338654448	-0.787133457274999	0.172972532053242	-4.55062689972483	5.34863173467173e-06	0.000378503934076439	RCOR2
ENSG00000167772	1205.48907418326	-0.900289198292534	0.149520071582622	-6.02119293258265	1.731362319585e-09	4.12621476811096e-07	ANGPTL4
ENSG00000168000	211.739949300119	-0.516369405275728	0.175760684139986	-2.93791189879792	0.00330430908854488	0.0435400500977355	BSCL2
ENSG00000168016	36.7689635350607	1.45632458076424	0.422830429825761	3.44422841412895	0.000572691664426411	0.0135549991405239	TRANK1
ENSG00000168575	1029.46125322299	0.575940782616291	0.190238700130596	3.02746382424247	0.00246615230456193	0.0358131554978103	SLC20A2
ENSG00000168918	122.593926794289	0.982033690528681	0.228072572213407	4.30579477838218	1.66387257776386e-05	0.000923488045297467	INPP5D
ENSG00000169035	858.374187219919	0.855869262995526	0.205355882003102	4.1677367828334	3.07638880553695e-05	0.00145967463218114	KLK7
ENSG00000169087	139.310745928383	0.643757507262242	0.21967425358284	2.93050959210146	0.00338406545890708	0.0442563382388589	HSPBAP1
ENSG00000169126	333.076603522944	-0.851757856854845	0.143848920556234	-5.9211974171323	3.19605913765397e-09	7.42604340633899e-07	ODAD2
ENSG00000169403	170.31175412527	1.09683108896516	0.185892983332916	5.90033614663574	3.62761724157669e-09	8.15687289755172e-07	PTAFR
ENSG00000169499	971.427018659561	-0.751756831933059	0.105409656415439	-7.13176437052641	9.90904053189292e-13	5.31315130981227e-10	PLEKHA2
ENSG00000169710	36415.8361979996	-0.540180993341156	0.134990781715525	-4.00161393597613	6.29118884231509e-05	0.00255701060206165	FASN
ENSG00000169715	3400.56946337863	0.538871301601183	0.124970248790454	4.31199670975085	1.61786842115573e-05	0.000907311596197273	MT1E
ENSG00000169991	1226.33456179361	0.869708851078423	0.17125892867611	5.0783270560056	3.80772815392766e-07	4.24668305551244e-05	IFFO2
ENSG00000170345	309.346303696576	-1.55245590212737	0.215768043145124	-7.19502239302045	6.24505149640315e-13	3.48249051645425e-10	FOS
ENSG00000170379	59.8565127884325	-1.18700732818911	0.386265983895209	-3.07303096228928	0.00211896501050663	0.0323899984460818	TCAF2
ENSG00000170425	1287.3299624628	0.827933350859904	0.146366963346091	5.65655891146844	1.54437984885317e-08	2.87069326304828e-06	ADORA2B
ENSG00000170855	698.661500279192	0.60197548495918	0.115321830731584	5.21996122625124	1.7896059410293e-07	2.42222295377568e-05	TRIAP1
ENSG00000170949	1037.21088138689	-0.628173471582565	0.131116709240512	-4.79094903480443	1.65994290275124e-06	0.000138911526441109	ZNF160
ENSG00000171435	1615.54073867537	-0.613597016475594	0.144393579906629	-4.24947575143142	2.14271401808049e-05	0.00111878562269888	KSR2
ENSG00000171517	578.510839518205	-0.516071426120052	0.125128795076176	-4.12432187016486	3.71828623677848e-05	0.00165612231395939	LPAR3
ENSG00000171574	198.079031241584	0.56718390781185	0.190385046946719	2.97914104551804	0.00289057687579242	0.0396629254187226	ZNF584
ENSG00000171793	984.725560888583	0.590158313346614	0.119095320601969	4.95534426007379	7.22023358107437e-07	6.86248094931534e-05	CTPS1
ENSG00000171951	845.302920640722	-0.529986048011105	0.162451097860986	-3.26243438788348	0.00110459739584994	0.0212696026181548	SCG2
ENSG00000172059	353.189525492623	-0.550015466402515	0.149398028222578	-3.68154434798219	0.000231825453954921	0.00708745318768762	KLF11
ENSG00000172086	105.277829794916	1.16875909541809	0.262825252555572	4.44690563046627	8.7116085135609e-06	0.000554559517294761	KRCC1
ENSG00000172183	96.6585013062176	-0.706612144094346	0.242146203521534	-2.91812191898151	0.00352146633636725	0.0455405957284749	ISG20
ENSG00000172197	526.333845037488	-0.834754630057189	0.147513506869732	-5.65883523326684	1.5240378247533e-08	2.87069326304828e-06	MBOAT1
ENSG00000172508	70.3376266199071	0.897067447117746	0.2860628466656	3.13591036925671	0.00171321554611996	0.0284198537957486	CARNS1
ENSG00000172667	1324.08995889369	0.944402384185481	0.123128656021539	7.67004541997334	1.719354553224e-14	1.2867420104681e-11	ZMAT3
ENSG00000172831	895.238594328668	0.681838540923053	0.119856377437092	5.68879650380661	1.27937817368681e-08	2.60366961201732e-06	CES2
ENSG00000173156	527.461216385046	0.516728213380279	0.147819887057411	3.49566099438021	0.000472889081377589	0.0117934645500626	RHOD
ENSG00000173221	625.659513682014	-0.500408473175149	0.139357769287924	-3.59081862268666	0.000329640981333525	0.00919104984154135	GLRX
ENSG00000173535	261.419955888226	0.923403019602403	0.165242948481044	5.58815385522083	2.29496276933848e-08	3.99925949591847e-06	TNFRSF10C
ENSG00000173890	262.484073104498	-0.624483296256732	0.181746194241285	-3.43601855798791	0.000590330533813358	0.0138657469721093	GPR160
ENSG00000174307	800.309134419909	0.696546620460827	0.113290722781038	6.14831120644426	7.83122669685796e-10	2.22806390573259e-07	PHLDA3
ENSG00000174808	136.374339108455	0.907114483098146	0.293002267018791	3.09592991319746	0.0019619672965722	0.0308015609026048	BTC
ENSG00000174840	987.462582629692	0.511608912407153	0.102597234496048	4.98657605071081	6.14587209825629e-07	6.11997163727078e-05	PDE12
ENSG00000175197	364.966123165293	-1.23043143837381	0.159512517977952	-7.71369829760876	1.22223212180367e-14	1.00230223588617e-11	DDIT3
ENSG00000175283	213.483441625807	0.647148397307277	0.19256224040158	3.36072324437895	0.000777386782241884	0.016750462335756	DOLK
ENSG00000175305	195.506857250929	0.649694896082532	0.176798544592806	3.67477513787728	0.000238058983447353	0.00723045814431276	CCNE2
ENSG00000175505	638.701377884251	0.829128285931229	0.192632589177078	4.30419530502728	1.67593770504454e-05	0.000923488045297467	CLCF1
ENSG00000176022	345.544207287026	0.607377314069833	0.160501168068252	3.78425479004334	0.000154169822852857	0.00513530590407211	B3GALT6
ENSG00000176383	139.261227072863	-0.761721883721254	0.240488240168768	-3.16739763735099	0.00153809847988156	0.0264397421800603	B3GNT4
ENSG00000176396	221.556534594113	0.680240329263206	0.179264016664695	3.79462840295253	0.00014786474458055	0.00503547600899449	EID2
ENSG00000176438	107.937953914559	-0.898566071579824	0.250383927496496	-3.58875300249613	0.000332263448300338	0.00920891596969187	SYNE3
ENSG00000176697	422.505642518955	0.817168912012482	0.172411997992972	4.73962903698726	2.14109848222095e-06	0.000171546287015185	BDNF
ENSG00000177076	177.529736096601	1.00944503436523	0.20057149416845	5.03284396693702	4.83256450996636e-07	5.22254122739853e-05	ACER2
ENSG00000177494	383.011818962122	1.2236334599782	0.151140764823881	8.09598562905284	5.68025297176862e-16	6.59903388995219e-13	ZBED2
ENSG00000178038	1303.74722242853	0.635365087425363	0.0948571123015043	6.69812807927199	2.11106207079208e-11	7.9541395483547e-09	ALS2CL
ENSG00000178409	180.251279918945	0.667501364165785	0.211495099270954	3.1561079498614	0.00159889673184024	0.027018447683133	BEND3
ENSG00000178814	1016.30420025128	0.558047921259938	0.10802985606107	5.16568235492665	2.39563335488129e-07	3.0001524707173e-05	OPLAH
ENSG00000178826	98.8975684582303	0.748062469675035	0.224606599427042	3.330545369474	0.000866760374576545	0.0180620424244718	TMEM139
ENSG00000178896	378.599231552456	0.509810774667724	0.14163130648677	3.59956274720482	0.00031875271334003	0.00896136840098323	EXOSC4
ENSG00000179041	523.117561534715	0.644630569962533	0.146311909342239	4.40586533837568	1.05362406555421e-05	0.000635685101971438	RRS1
ENSG00000179094	4059.46172121231	-0.582329822578598	0.0858896028749042	-6.77998038280309	1.20192201717838e-11	5.01925236082057e-09	PER1
ENSG00000179163	648.239046294818	0.678253133079296	0.182044609978707	3.72575234805705	0.000194733525114061	0.00612230807113798	FUCA1
ENSG00000180008	1151.45190588554	0.54318229348019	0.108380079548312	5.01182778001245	5.39154478261966e-07	5.65139291838351e-05	SOCS4
ENSG00000180035	403.498171772986	0.591029701138689	0.132452141511184	4.46221325223935	8.11174381848856e-06	0.000525980560807205	ZNF48
ENSG00000180155	122.806549226821	1.73299792853607	0.346342376981575	5.0037132147657	5.62364013874111e-07	5.75082524467078e-05	LYNX1
ENSG00000180535	87.1086598410749	0.948516828293509	0.289025401285328	3.28177670223915	0.00103155258994531	0.020261132325972	BHLHA15
ENSG00000180626	96.4101572774556	0.952191796292652	0.235318235160065	4.04640038051011	5.20112438280055e-05	0.0021840022596573	ZNF594
ENSG00000180921	4434.64305930166	0.702985950780761	0.0958529183842777	7.33400675358121	2.23371833297701e-13	1.41546669454693e-10	FAM83H
ENSG00000181026	1600.79031395593	0.608895357382154	0.0898984650156587	6.77314520638473	1.26012361113779e-11	5.01925236082057e-09	AEN
ENSG00000181027	405.114700690895	0.645681204715852	0.131365114578949	4.91516493389732	8.87077460238473e-07	8.13601767972668e-05	FKRP
ENSG00000181638	239.714456958856	0.530782246115827	0.164541963815829	3.22581689075943	0.00125613693116283	0.0231637631710859	ZFP41
ENSG00000181722	673.605439465545	-0.679444827954592	0.111005788521827	-6.12080538323452	9.310356272634e-10	2.49607070763059e-07	ZBTB20
ENSG00000181938	233.328544026133	0.526974307003702	0.178274444001051	2.95597223683163	0.00311685145810957	0.0416606195373975	GINS3
ENSG00000182372	912.656544247064	0.521974194300008	0.144881869313746	3.60275717570746	0.000314859633097261	0.00892795647236632	CLN8
ENSG00000182473	2865.30796910292	0.574305399744176	0.138467645305553	4.14757829149813	3.36010583131809e-05	0.00155110050974853	EXOC7
ENSG00000182504	556.536977052868	-0.52904722561348	0.126114931897677	-4.19496103794214	2.72918496739525e-05	0.00134443701874407	CEP97
ENSG00000182795	1335.16663906269	0.789630596318447	0.0978407994064428	8.07056566492496	6.99732186335239e-16	6.9678331497854e-13	C1orf116
ENSG00000183087	1953.85285646726	0.663052690307779	0.122192538629336	5.42629441818139	5.75360245214717e-08	9.01246873993075e-06	GAS6
ENSG00000183696	387.347112375294	-0.559046583968163	0.160344396280781	-3.48653646111342	0.0004893186770499	0.0120950207034622	UPP1
ENSG00000183760	129.709179482581	0.969493169275359	0.270111200489663	3.58923720126319	0.000331646974009515	0.00920891596969187	ACP7
ENSG00000184254	19012.7862762261	1.61950887343078	0.140795085579084	11.5025951848377	1.28007733586593e-30	8.92277906965349e-27	ALDH1A3
ENSG00000184319	218.810153430373	0.555841820752587	0.168585294091615	3.29709553699579	0.000976902653398449	0.0197376810014895	RPL23AP82
ENSG00000185088	1150.76861614994	0.827606533649186	0.117519922680778	7.0422658113657	1.89138562339095e-12	9.09234723299765e-10	RPS27L
ENSG00000185551	2535.99022539866	0.971060306552751	0.0977512210837912	9.93399668859758	2.96142094681094e-23	6.88086156991522e-20	NR2F2
ENSG00000185920	315.053739734152	-0.920851786674306	0.162954950736829	-5.65095925291326	1.59554914107224e-08	2.92556125240763e-06	PTCH1
ENSG00000186166	594.21560163532	0.673260403475319	0.134013936656399	5.02380886848734	5.06566518332698e-07	5.35003320611829e-05	CENATAC
ENSG00000186314	264.250064238844	-0.662504204550625	0.186956846606063	-3.54362098301	0.000394672182713805	0.0103618171359946	PRELID2
ENSG00000186352	125.627889699513	-1.99553625784081	0.240635602159805	-8.29277230771359	1.10639004889695e-16	1.54241836716724e-13	ANKRD37
ENSG00000186480	1638.7916539471	-0.689230843396805	0.11147576800366	-6.18278623004576	6.29799744702401e-10	1.82917463352004e-07	INSIG1
ENSG00000186567	217.489500238991	0.749389963207978	0.208990918909098	3.58575371178654	0.000336106054680877	0.00927852377882398	CEACAM19
ENSG00000187231	448.992112614635	-0.764078987802902	0.174865331945931	-4.36952813516609	1.24515297605474e-05	0.000732433655661568	SESTD1
ENSG00000187325	160.330803322321	0.813552044286978	0.248800496752362	3.26989718632568	0.00107586580175916	0.0208025591433072	TAF9B
ENSG00000187994	988.664615881828	0.731147747382952	0.127839161585766	5.71927833625873	1.06977432079176e-08	2.22592892629222e-06	RINL
ENSG00000188153	1403.5306457457	0.596773638812751	0.0959492870773946	6.21967767547227	4.98177207885722e-10	1.47767839470954e-07	COL4A5
ENSG00000188177	509.348649698885	-0.581869173166495	0.125504207665039	-4.63625231370296	3.54782862175061e-06	0.000272533135991158	ZC3H6
ENSG00000188549	897.658990774953	0.884176466283886	0.135689620648595	6.51616875378921	7.21258297070781e-11	2.57822100499071e-08	CCDC9B
ENSG00000188613	33.3832124383861	1.25376641003034	0.395202420740477	3.17246642285541	0.00151150036567984	0.0262087395496799	NANOS1
ENSG00000188690	455.243193345599	0.566862649970384	0.172517687638966	3.28582337108921	0.00101684750574798	0.0201518906357646	UROS
ENSG00000188994	2898.51418233398	-0.771271728511765	0.153340255253277	-5.0298059517237	4.90976475548483e-07	5.26515618893954e-05	ZNF292
ENSG00000189433	163.824528128705	0.703496101408155	0.214582433610678	3.27844217986886	0.00104381745808641	0.0203807551585192	GJB4
ENSG00000196072	834.325937451167	0.61178655863904	0.11193826898454	5.46539234695094	4.61884037338709e-08	7.57544160533994e-06	BLOC1S2
ENSG00000196110	226.07972952407	-0.517428186112396	0.175847086055465	-2.94248939643611	0.00325584935784696	0.0429827612668034	ZNF699
ENSG00000196159	190.618692872251	-0.710349190732424	0.223621924144109	-3.1765632705792	0.0014903127711071	0.0259381402521899	FAT4
ENSG00000196421	69.7516915165983	-0.857496539259595	0.271552260698935	-3.15775879402561	0.00158987047678545	0.0269639711884015	C20orf204
ENSG00000196562	357.089299957592	1.45759323423047	0.194064145505779	7.51088373605348	5.87295344213721e-14	3.89880209223023e-11	SULF2
ENSG00000196584	391.961835931546	0.57296908715122	0.145457758811448	3.93907545278448	8.1796205286858e-05	0.00313274971951672	XRCC2
ENSG00000196968	1102.00519595967	-0.957914179731803	0.168805522798079	-5.67466137276583	1.3896326591876e-08	2.76400600575657e-06	FUT11
ENSG00000196998	350.530861270678	0.504991637569637	0.175667765414085	2.87469722392876	0.00404415106207842	0.0499375641775334	WDR45
ENSG00000197191	89.531338402682	1.07739222930883	0.268108345735275	4.01849568074476	5.85708826841657e-05	0.0024301686770832	CYSRT1
ENSG00000197261	442.24712022872	0.630093448776073	0.216324957341613	2.91271731435523	0.00358298795171418	0.0460023271747701	C6orf141
ENSG00000197362	234.457212975997	0.550694348688532	0.170700595106076	3.22608335575117	0.00125496801793947	0.0231637631710859	ZNF786
ENSG00000197444	291.50129985095	-0.695039928926684	0.182614291015362	-3.80605441700187	0.00014120132820243	0.00492121929117521	OGDHL
ENSG00000197558	157.414099461695	0.684120107467085	0.220816756602909	3.0981349331986	0.00194742738585793	0.0306077623294763	SSPOP
ENSG00000197774	1003.57791254364	0.550087800194439	0.115128451611894	4.77803525099795	1.77016352715443e-06	0.000144314910713801	EME2
ENSG00000197782	255.673619345678	0.515536296225948	0.171115491424523	3.01279733315873	0.00258851722484811	0.036785442030181	ZNF780A
ENSG00000197798	173.792727096559	0.734637718696526	0.241550342853748	3.04134413562529	0.00235524470209766	0.0347238972821076	FAM118B
ENSG00000197852	218.903675536739	1.27702128951356	0.189589474869066	6.73571826914704	1.63122087143095e-11	6.31690282461634e-09	INKA2
ENSG00000197982	404.9928220689	0.783918485609052	0.196663229833716	3.98609585671849	6.71693845132787e-05	0.00268687922560532	C1orf122
ENSG00000198121	287.55618951575	0.685427036726741	0.20405037943292	3.35910689620683	0.000781948137552116	0.0168115554908156	LPAR1
ENSG00000198223	52.2717489553698	0.993841485253426	0.32672949822155	3.04178683180764	0.00235178379010859	0.0347238972821076	CSF2RA
ENSG00000198246	150.7482038257	0.6253418791729	0.18949514781518	3.30004164424734	0.000966704824451496	0.0195884185431371	SLC29A3
ENSG00000198265	3824.03571648763	-0.708416810748924	0.130357102976367	-5.43443199161428	5.49712576854343e-08	8.80867015393838e-06	HELZ
ENSG00000198520	77.8514569075894	1.2456065092658	0.29637972503821	4.2027385952437	2.63705056065654e-05	0.00132241445561557	ARMH1
ENSG00000198546	416.862755611623	-0.6111851532674	0.149260206415644	-4.09476288385556	4.2260066721424e-05	0.00185266537787224	ZNF511
ENSG00000198551	334.089369051495	-0.502833955241304	0.142037874405511	-3.54013996158333	0.000399914884006758	0.0104600626602968	ZNF627
ENSG00000198576	278.96474892584	0.572722911210386	0.152322623252085	3.75993335056057	0.000169958631129501	0.00551831287235548	ARC
ENSG00000198753	206.927031799527	0.859829549028743	0.190144413918676	4.52198164178775	6.12633741354792e-06	0.000424911790459062	PLXNB3
ENSG00000198890	101.69583649871	0.866582976656577	0.228009129148087	3.80065035068728	0.00014431682094968	0.0049907229353896	PRMT6
ENSG00000198948	280.155149511434	0.559859939747593	0.147834451810829	3.78707353319778	0.00015243200040437	0.00509605399913027	MFAP3L
ENSG00000204175	132.001579885958	0.70107816135716	0.204250362334263	3.43244512932526	0.000598164908292977	0.0139682026574747	GPRIN2
ENSG00000204822	32.9415429432526	1.18528265483696	0.383516561620645	3.09056445914161	0.00199776436963196	0.0311182492480885	MRPL53
ENSG00000204947	99.0019401974792	0.705447235555657	0.233398538327235	3.02250065750879	0.00250695538193534	0.0360947238201907	ZNF425
ENSG00000205129	172.407514503216	-1.33406481185589	0.308540507047311	-4.32379146784549	1.53370276895941e-05	0.00087187698936246	CFAP96
ENSG00000205189	1033.79330337279	-0.735055450595085	0.153441651695059	-4.79045580176555	1.66402875802778e-06	0.000138911526441109	ZBTB10
ENSG00000205592	41.7813908571227	1.36775179636248	0.408908833249187	3.34488200094463	0.000823175841219126	0.0173877187915695	MUC19
ENSG00000205913	50.215780908848	1.43081432166112	0.338487135618516	4.22708626443543	2.36736925633604e-05	0.00120012708373021	SRRM2-AS1
ENSG00000206075	1152.9969320912	0.753948509837687	0.113931998201603	6.61753082311058	3.65248077939321e-11	1.33997985646107e-08	SERPINB5
ENSG00000206195	113.312484672966	0.739578057863619	0.248730335561447	2.97341317935428	0.0029450771104744	0.0401735029326063	DUXAP8
ENSG00000206417	199.473715731401	-0.695512082064173	0.177680459867031	-3.91439825507356	9.06299431835443e-05	0.00345210939322894	H1-10-AS1
ENSG00000206712	41.40052896114	1.40061128491037	0.385467578887988	3.6335384909696	0.000279560719723554	0.00820495998666541	RNU6-26P
ENSG00000213347	697.872056527357	-0.504942341297666	0.125680028672446	-4.01768162079015	5.87735326449205e-05	0.00243134070802028	MXD3
ENSG00000213390	1059.6104945071	-0.593100039089053	0.15056164780478	-3.93925045147004	8.17365704433429e-05	0.00313274971951672	ARHGAP19
ENSG00000213398	258.64689412123	0.7252248332855	0.176760765235025	4.10286090536678	4.08072599367166e-05	0.00180029750246128	LCAT
ENSG00000213672	1518.43883082491	-0.553239603802044	0.157877703416315	-3.50422885455321	0.000457931637246748	0.0115443489237919	NCKIPSD
ENSG00000213901	275.66094861566	0.500160975699899	0.160867537476305	3.1091479582919	0.0018762773298815	0.0299281261508901	SLC23A3
ENSG00000214922	144.269513333257	-0.717299188340841	0.228988943398997	-3.13246210796736	0.00173346801565349	0.0285653399600771	HLA-F-AS1
ENSG00000218537	71.7345284533625	-0.931405730746342	0.297032818657301	-3.13569973498767	0.00171444638420663	0.0284198537957486	MIF-AS1
ENSG00000219891	40.8512518270863	-1.32580312143608	0.38966873809333	-3.40238513339127	0.000668004292170564	0.0150446653265749	ZSCAN12P1
ENSG00000221869	370.282119091649	1.01785462052256	0.251400319052409	4.04874036898248	5.1494030328012e-05	0.00217033436724162	CEBPD
ENSG00000222009	705.398866187097	0.703532323986752	0.168730758924705	4.16955585614772	3.05193813830091e-05	0.00145967463218114	BTBD19
ENSG00000223764	42.6259000424598	1.24449407881435	0.415094982102595	2.99809473126024	0.00271673213304308	0.0379118745412948	LINC02593
ENSG00000224870	321.216298337578	0.50666675981355	0.14476726005809	3.49987116983663	0.000465483064480736	0.0116714018020251	MRPL20-AS1
ENSG00000224877	604.819668074191	0.582582639815649	0.127103256445736	4.58353826728562	4.57173170244869e-06	0.000339011694516163	NDUFAF8
ENSG00000225339	49.1643186359977	1.4467096379753	0.37956900985603	3.81145351809421	0.000138152036258923	0.00485132880978753	SMIM29-AS1
ENSG00000225614	584.339558451514	0.848412517418336	0.172741182688313	4.91146641591065	9.03977722312848e-07	8.23683230507412e-05	ZNF469
ENSG00000228705	53.0469933877543	-1.09655885496415	0.312648040067361	-3.50732681621127	0.000452632872687696	0.0114521867116863	LINC00659
ENSG00000229358	83.4346577243901	-0.729409317486864	0.244284775548828	-2.98589756913062	0.00282747334432341	0.0390662100031841	DPY19L1P1
ENSG00000230487	40.1218348508985	1.21001724877937	0.415360292133407	2.91317507160924	0.00357773956896361	0.0460023271747701	PSMG3-AS1
ENSG00000230606	90.5012387135002	0.882900145124406	0.270430782537086	3.26479159229341	0.0010954464464723	0.0211518267455267	APPAT
ENSG00000232187	363.438200663082	0.554230624528479	0.160608839857975	3.45081021081144	0.000558906449584459	0.0133419774206454	FTH1P7
ENSG00000233493	101.676200434605	0.816529202557764	0.262981528000589	3.10489184835801	0.00190348610946389	0.0301714677095446	TMEM238
ENSG00000233559	176.950004468889	0.613384532767893	0.175868222653294	3.48775079155213	0.000487101860628291	0.0120616110817389	LINC00513
ENSG00000233589	192.510857665787	0.79531691196949	0.234771873968875	3.38761580986881	0.000705029456062356	0.0155765699634949	DEPDC1-AS2
ENSG00000234420	332.035667474657	0.752252538666896	0.168683504194625	4.45955010395655	8.21318722841061e-06	0.000530092792367002	ZNF37BP
ENSG00000234546	30.2154303151506	1.32032287476139	0.39766936169682	3.3201523726336	0.000899683286746894	0.0185265652888308	LNCTAM34A
ENSG00000234975	229.224841531742	0.726244783165619	0.21071863600964	3.44651425672856	0.000567868601527617	0.0135023370730486	FTH1P2
ENSG00000235523	25.2155460195555	3.50884947760582	0.577917534824509	6.07154008343305	1.26689329528277e-09	3.21122898718856e-07	ENSG00000235523
ENSG00000235706	128.604248772883	-0.64696989087297	0.211505101377644	-3.05888551462312	0.00222162031841006	0.0334692428460059	DICER1-AS1
ENSG00000235750	2388.6044303723	-0.628391117642729	0.103573221950036	-6.0671195296586	1.30224640965098e-09	3.24189592802578e-07	KIAA0040
ENSG00000236017	48.5231069712253	0.966732469078361	0.31732030854272	3.0465508921192	0.00231483288933038	0.0343675029927101	ASMTL-AS1
ENSG00000236333	173.512058314988	0.694606552955533	0.206110347907902	3.37007122643794	0.000751487565044708	0.0164501185765498	TRHDE-AS1
ENSG00000237172	112.238544805994	0.685653976572653	0.227607198144386	3.01244416768269	0.00259153103019196	0.0367907679143647	B3GNT9
ENSG00000238227	772.40645895642	0.601214567933402	0.113003250621654	5.32032985445994	1.03579279959075e-07	1.51999867569417e-05	TMEM250
ENSG00000239521	144.968869686246	0.843200445169101	0.197118331202012	4.27763587499615	1.8888866356681e-05	0.00102462912793187	CASTOR3P
ENSG00000239653	96.2064807872096	-0.800437426461001	0.226852839821321	-3.5284434926689	0.000418011182538338	0.0107972097714311	PSMD6-AS2
ENSG00000240891	356.776383810915	0.708849422084949	0.149600806864774	4.73827272018451	2.15547600297041e-06	0.000171711376899489	PLCXD2
ENSG00000242265	247.406250061919	-0.723452329154984	0.162303503809167	-4.45740425915638	8.29580681342303e-06	0.000532957800856823	PEG10
ENSG00000242498	186.166564842258	0.571217449110531	0.183630716992052	3.11068572005441	0.00186653479473563	0.0298434048688123	ARPIN
ENSG00000242612	190.137176505626	0.602265499224881	0.181304462901652	3.32184596885283	0.000894240443460156	0.0184540532650943	DECR2
ENSG00000242960	102.929553917108	0.702788532426751	0.233250909617359	3.01301518429083	0.00258665974889693	0.036785442030181	FTH1P23
ENSG00000243364	85.9439401828352	-0.765909783766682	0.241940361840077	-3.16569661193179	0.00154712065929811	0.0264968170900184	EFNA4
ENSG00000243477	327.393040717058	-0.693056576564846	0.15278364578123	-4.53619608971257	5.72779281793869e-06	0.000401262108919012	NAA80
ENSG00000244041	101.347660821944	-1.03994012124351	0.272543198384088	-3.81568913628859	0.000135803387406085	0.00479300006032464	LINC01011
ENSG00000244509	1804.73592590063	0.548960376434308	0.0965194754876466	5.6875607089739	1.28866798098554e-08	2.60366961201732e-06	APOBEC3C
ENSG00000244694	57.8984769990319	1.27656944756486	0.312524462925285	4.08470247613879	4.41333286146427e-05	0.00191075383297122	PTCHD4
ENSG00000247626	361.997171453074	0.732339902153689	0.146825961042921	4.98780935572835	6.10677853410652e-07	6.11997163727078e-05	MARS2
ENSG00000248019	105.708151464854	-1.16719598876969	0.319820816797306	-3.64953101070163	0.000262719524089662	0.00777122025066429	FAM13A-AS1
ENSG00000249673	273.83321846358	0.789211181008531	0.189785205449593	4.15844416923291	3.20422523657118e-05	0.00149899677929661	NOP14-AS1
ENSG00000250562	38.5884698012587	1.19144077528199	0.403933956156143	2.94959301421401	0.0031819277719871	0.0422445795460551	RPL38P4
ENSG00000250899	121.686426439695	0.796928539610181	0.237967429110092	3.34889754698949	0.00081133791409417	0.0172721981659763	ENSG00000250899
ENSG00000251095	332.812697455087	1.33438465073027	0.162494186046282	8.21189165715881	2.17730696306669e-16	2.75943967019207e-13	ENSG00000251095
ENSG00000253187	205.34048738117	0.570508791095245	0.185719194917125	3.07188921075082	0.0021270865718039	0.0324438882905013	HOXA10-AS
ENSG00000253368	2020.22075673059	0.604819411044102	0.110148774885943	5.49093180264947	3.99818724803393e-08	6.71550944877602e-06	TRNP1
ENSG00000254470	490.582628337225	0.61224910125602	0.155083187483563	3.94787540281188	7.88478198990805e-05	0.00307043982461755	AP5B1
ENSG00000259976	526.408821465724	-0.519145614153333	0.123752057995125	-4.19504630924025	2.72815843261036e-05	0.00134443701874407	ENSG00000259976
ENSG00000260565	121.068548144642	0.8756223142186	0.226450360174372	3.86672961590501	0.000110304606760432	0.00400457427824786	ERVK13-1
ENSG00000260912	130.536752299277	0.696082606161471	0.215337415371997	3.23252048399941	0.00122703338407216	0.0228385479403872	ENSG00000260912
ENSG00000261373	523.248730069918	0.831794936391252	0.188343845840944	4.41636376637282	1.00375112359124e-05	0.000613740983069539	VPS9D1-AS1
ENSG00000262160	294.809397507156	0.512160845867125	0.149065700645712	3.43580611534768	0.000590793608882642	0.0138657469721093	ENSG00000262160
ENSG00000267128	36.8765574282213	1.79772997854742	0.477335296666765	3.76617859835838	0.000165765234727982	0.00542472567451361	RNF157-AS1
ENSG00000268223	200.833994502745	0.768409033801963	0.186401115092163	4.12234140027562	3.75040816679038e-05	0.00166510956220461	ARL14EPL
ENSG00000269968	215.42474198661	-1.30088512750754	0.253000634450134	-5.14182555444911	2.72081689963552e-07	3.29833986067989e-05	ENSG00000269968
ENSG00000270127	31.6038981032736	1.62754056291229	0.496044271497828	3.28103892420298	0.00103425470080082	0.0202792472346895	ENSG00000270127
ENSG00000272720	82.3188593510223	0.938427043994705	0.25572701414698	3.66964376886418	0.000242888705775498	0.00732924555674506	ENSG00000272720
ENSG00000272734	658.224926814462	-0.742330634817456	0.176807805738518	-4.19851732063963	2.68668306614241e-05	0.00133642502367831	ADIRF-AS1
ENSG00000272909	31.1327394517243	-1.28304675694344	0.429535445571797	-2.9870567613703	0.00281677418834445	0.038995679205273	ENSG00000272909
