target_gene	k_features	query_guide	norm_pearson	norm_spearman	norm_cosine	norm_score	raw_score
PABPC1	10	guide18	0.96203060	0.52727273	0.96425240	0.81785191	0.87225364
PABPC1	10	guide11	0.79396691	0.51515152	0.74662868	0.68524903	0.20499387
PABPC1	10	guide27	0.74889194	0.41818182	0.84714982	0.67140786	0.89650666
PABPC1	10	guide23	0.78072169	0.26060606	0.83403661	0.62512145	0.84480032
PABPC1	10	guide16	0.86576787	0.05454545	0.92110744	0.61380692	0.95366659
PABPC1	10	guide12	0.71901475	0.24848485	0.76697691	0.57815883	0.94584321
PABPC1	10	guide26	0.73032886	-0.09090909	0.85082678	0.49674885	-0.10305222
PABPC1	10	guide22	0.55015095	0.32121212	0.61607880	0.49581396	0.01285620
PABPC1	10	guide13	0.61950415	0.15151515	0.71063094	0.49388341	0.77708621
PABPC1	10	guide3	0.66751863	0.04242424	0.77078239	0.49357509	0.87772066
PABPC1	10	guide28	0.72749967	-0.01818182	0.75923249	0.48951678	0.92092206
PABPC1	10	guide14	0.58944292	0.04242424	0.83392114	0.48859610	0.17962250
PABPC1	10	guide15	0.66544724	0.05454545	0.66978971	0.46326080	0.83599606
PABPC1	10	guide19	0.67591650	0.06666667	0.60265546	0.44841288	0.84934714
PABPC1	10	guide25	0.58381721	-0.11515152	0.83420972	0.43429181	-0.18926632
PABPC1	10	guide4	0.61226020	0.04242424	0.62612187	0.42693544	0.34550648
PABPC1	10	guide5	0.34134792	0.17575758	0.74951815	0.42220788	-0.10517302
PABPC1	10	guide17	0.57305330	0.15151515	0.53232432	0.41896426	0.84095876
PABPC1	10	guide29	0.58303316	0.04242424	0.58438303	0.40328014	0.02153196
PABPC1	10	guide31	0.16104635	0.18787879	0.59974433	0.31622315	0.47873193
PABPC1	10	guide9	0.34897602	-0.00606061	0.45790290	0.26693944	-0.17143513
PABPC1	10	guide8	0.13965879	0.13939394	0.51630892	0.26512055	-0.47120679
PABPC1	10	guide7	0.36340988	0.28484848	0.11415800	0.25413879	-0.15727745
PABPC1	10	guide20	0.25846704	-0.05454545	0.50526627	0.23639595	-0.28448003
PABPC1	10	guide21	0.22113528	-0.10303030	0.54461587	0.22090695	-0.16722916
PABPC1	10	guide30	0.42803946	-0.34545455	0.54490165	0.20916219	0.32579834
PABPC1	10	guide10	0.24791790	0.03030303	0.33846978	0.20556357	-0.10583960
PABPC1	10	guide24	0.36743909	-0.13939394	0.29626243	0.17476919	0.25233234
PABPC1	10	guide1	-0.17588993	0.05454545	0.50548357	0.12804636	-0.51690989
PABPC1	10	guide32	-0.51467862	-0.24848485	-0.28043468	-0.34786605	-0.68930446
PABPC1	10	guide2	-0.19232835	-0.44242424	-0.54034625	-0.39169962	0.60055872
PABPC1	10	guide6	-0.17951785	-0.46666667	-0.56285716	-0.40301390	-0.47907928
PABPC1	20	guide18	0.91104751	0.78345865	0.94366919	0.87939178	0.77204584
PABPC1	20	guide23	0.64766730	0.59548872	0.75897499	0.66737701	0.81215740
PABPC1	20	guide16	0.72778671	0.35939850	0.86917687	0.65212069	0.90564866
PABPC1	20	guide27	0.57703484	0.47067669	0.76183649	0.60318267	0.87988269
PABPC1	20	guide13	0.64486978	0.46616541	0.63825220	0.58309580	0.79437210
PABPC1	20	guide26	0.61520319	0.28721805	0.81964149	0.57402091	0.11058566
PABPC1	20	guide28	0.63041489	0.28571429	0.76516435	0.56043117	0.87911187
PABPC1	20	guide3	0.55854278	0.40451128	0.67022701	0.54442703	0.85789321
PABPC1	20	guide19	0.63097877	0.41052632	0.57227273	0.53792594	0.82063385
PABPC1	20	guide14	0.41233689	0.34736842	0.79216544	0.51729025	0.31820132
PABPC1	20	guide15	0.53254602	0.17142857	0.64766006	0.45054488	0.80712397
PABPC1	20	guide25	0.40590697	0.16541353	0.77558948	0.44896999	0.04917691
PABPC1	20	guide4	0.47940278	0.27669173	0.58211024	0.44606825	0.49008222
PABPC1	20	guide22	0.41314796	0.28721805	0.61060283	0.43698961	0.26600179
PABPC1	20	guide12	0.39985812	0.27518797	0.63437211	0.43647273	0.92736074
PABPC1	20	guide5	0.22218110	0.41353383	0.66826038	0.43465844	0.07069875
PABPC1	20	guide11	0.38941362	0.27218045	0.57275666	0.41145025	0.31268266
PABPC1	20	guide29	0.39112707	0.17744361	0.55978338	0.37611802	0.24959472
PABPC1	20	guide30	0.40858800	0.12631579	0.47891136	0.33793838	0.54749208
PABPC1	20	guide17	0.40127137	-0.06315789	0.63999731	0.32603693	0.82466061
PABPC1	20	guide21	0.17293979	0.19548872	0.47648000	0.28163617	0.20213526
PABPC1	20	guide24	0.36898974	0.31428571	0.15078577	0.27802041	0.38424170
PABPC1	20	guide31	0.06930482	0.13383459	0.56508010	0.25607317	0.50771132
PABPC1	20	guide20	0.17926752	0.00902256	0.54983341	0.24604116	-0.08750863
PABPC1	20	guide8	0.03037791	0.20451128	0.42588337	0.22025752	-0.28137705
PABPC1	20	guide9	0.11962764	0.15939850	0.37017111	0.21639908	0.01434019
PABPC1	20	guide1	-0.18239128	-0.04210526	0.54175473	0.10575273	-0.31378479
PABPC1	20	guide10	-0.06037327	0.04511278	0.25309036	0.07927662	0.09802192
PABPC1	20	guide7	0.07189679	0.06165414	-0.16430328	-0.01025079	0.04633996
PABPC1	20	guide6	0.09601409	0.04060150	-0.40053382	-0.08797274	-0.26572697
PABPC1	20	guide32	-0.36885714	-0.37593985	-0.10111716	-0.28197138	-0.54087301
PABPC1	20	guide2	-0.22247849	-0.20000000	-0.45967559	-0.29405136	0.29786425
PABPC1	50	guide18	0.82619313	0.55687875	0.92736777	0.77014655	0.68374523
PABPC1	50	guide23	0.45177539	0.18857143	0.76056053	0.46696911	0.84710004
PABPC1	50	guide16	0.46270879	0.09877551	0.82629532	0.46259321	0.85117368
PABPC1	50	guide26	0.37911895	0.16974790	0.79260833	0.44715839	0.41221931
PABPC1	50	guide27	0.33034219	0.15102041	0.70534816	0.39557025	0.86918319
PABPC1	50	guide13	0.39956506	0.09531813	0.64917306	0.38135208	0.74519866
PABPC1	50	guide14	0.22136032	0.17454982	0.73554472	0.37715162	0.55762726
PABPC1	50	guide15	0.36769037	-0.01791116	0.72557419	0.35845113	0.78332921
PABPC1	50	guide19	0.37948783	0.03433373	0.64221193	0.35201117	0.74900338
PABPC1	50	guide12	0.29021277	0.02549820	0.68492577	0.33354558	0.84948191
PABPC1	50	guide3	0.32329181	0.08216086	0.59109894	0.33218387	0.78177221
PABPC1	50	guide25	0.22819937	0.00936375	0.75700984	0.33152432	0.38200927
PABPC1	50	guide5	0.16300070	0.15025210	0.67067967	0.32797749	0.36326410
PABPC1	50	guide11	0.25739878	0.02300120	0.65083722	0.31041240	0.54796366
PABPC1	50	guide28	0.25795835	-0.00878752	0.64055481	0.29657522	0.83822741
PABPC1	50	guide4	0.28732457	-0.06833133	0.60813683	0.27571002	0.63511066
PABPC1	50	guide22	0.24293644	-0.06333733	0.60934512	0.26298141	0.53715828
PABPC1	50	guide29	0.22303170	0.01003601	0.53877902	0.25728224	0.53761247
PABPC1	50	guide17	0.21645026	-0.11711885	0.66102212	0.25345118	0.80266508
PABPC1	50	guide30	0.22922630	-0.01109244	0.52738780	0.24850722	0.68692883
PABPC1	50	guide21	0.08855250	0.05286915	0.53226157	0.22456107	0.48221903
PABPC1	50	guide20	0.11071148	-0.14957983	0.59591523	0.18568230	0.24442777
PABPC1	50	guide31	0.01838548	-0.05008403	0.55425384	0.17418509	0.43974823
PABPC1	50	guide9	0.09010489	0.04220888	0.36485417	0.16572265	0.33921348
PABPC1	50	guide8	0.01227774	-0.05507803	0.46202690	0.13974220	-0.00029727
PABPC1	50	guide1	-0.07736294	-0.02136855	0.51132363	0.13753071	0.01442833
PABPC1	50	guide10	-0.05545882	-0.18953181	0.40434324	0.05311754	0.36669823
PABPC1	50	guide24	0.15526644	-0.14247299	0.13761161	0.05013502	0.63559640
PABPC1	50	guide32	-0.19729702	0.02761104	0.01004303	-0.05321432	-0.28293775
PABPC1	50	guide7	0.02550519	-0.16350540	-0.10138460	-0.07979494	0.34492727
PABPC1	50	guide6	0.02320522	-0.19164466	-0.20040494	-0.12294813	0.02262387
PABPC1	50	guide2	-0.14689165	-0.25896759	-0.16796322	-0.19127415	0.26450859
PABPC1	100	guide18	0.69646671	0.47181518	0.89301689	0.68709959	0.65935201
PABPC1	100	guide16	0.45045192	0.21736574	0.80705733	0.49162500	0.85125467
PABPC1	100	guide23	0.42944114	0.27564356	0.74021022	0.48176497	0.82762529
PABPC1	100	guide15	0.34471387	0.17338134	0.71923106	0.41244209	0.76393799
PABPC1	100	guide27	0.35783313	0.18853885	0.68992397	0.41209865	0.81787263
PABPC1	100	guide26	0.29987427	0.19829583	0.73240695	0.41019235	0.58087817
PABPC1	100	guide19	0.30701786	0.17087309	0.64393384	0.37394160	0.76302668
PABPC1	100	guide12	0.26735261	0.18041404	0.66324618	0.37033761	0.82032055
PABPC1	100	guide28	0.31896540	0.14539454	0.62837017	0.36424337	0.81480703
PABPC1	100	guide5	0.20811037	0.22912691	0.63372838	0.35698855	0.51924766
PABPC1	100	guide14	0.17366756	0.18174617	0.67403956	0.34315110	0.67885919
PABPC1	100	guide25	0.14216323	0.16867687	0.69388247	0.33490752	0.52345868
PABPC1	100	guide17	0.20668651	0.13828983	0.64107207	0.32868280	0.80755776
PABPC1	100	guide13	0.27027625	0.11948395	0.59472692	0.32816237	0.74849466
PABPC1	100	guide3	0.24473679	0.17345335	0.53914157	0.31911057	0.78639020
PABPC1	100	guide4	0.21898790	0.20142814	0.53329275	0.31790293	0.70797353
PABPC1	100	guide30	0.28151431	0.12922892	0.50790673	0.30621665	0.73136520
PABPC1	100	guide22	0.17847851	0.09980198	0.54977764	0.27601938	0.64214083
PABPC1	100	guide20	0.14207356	0.14022202	0.50730624	0.26320061	0.31385670
PABPC1	100	guide31	0.12607223	0.15043504	0.46850875	0.24833868	0.43306971
PABPC1	100	guide11	0.12646565	0.00552055	0.59024954	0.24074525	0.64347136
PABPC1	100	guide29	0.13880032	0.14047405	0.44235056	0.24054164	0.64092069
PABPC1	100	guide21	0.09302281	0.10797480	0.48658545	0.22919435	0.48180280
PABPC1	100	guide9	0.13649641	0.16495650	0.27919889	0.19355060	0.47789217
PABPC1	100	guide8	0.04463392	0.03788779	0.41541588	0.16597920	0.03714438
PABPC1	100	guide1	-0.06946214	-0.04692469	0.46698667	0.11686661	0.24354354
PABPC1	100	guide32	0.08767318	0.08147615	0.07051024	0.07988652	-0.25593216
PABPC1	100	guide10	-0.10208448	0.00728473	0.30951795	0.07157274	0.55466307
PABPC1	100	guide24	0.06002118	-0.06063006	0.21178222	0.07039111	0.63807264
PABPC1	100	guide7	0.12648946	-0.00396040	-0.07816400	0.01478835	0.47556661
PABPC1	100	guide6	-0.02895039	-0.10106211	-0.09929226	-0.07643492	0.17747877
PABPC1	100	guide2	-0.13612550	-0.10123012	-0.16870825	-0.13535462	0.26224725
PABPC1	200	guide18	0.66309568	0.59901898	0.83657434	0.69956300	0.69405967
PABPC1	200	guide16	0.42811643	0.35626191	0.74056402	0.50831412	0.84852949
PABPC1	200	guide15	0.33104144	0.31447986	0.63485540	0.42679223	0.79638406
PABPC1	200	guide27	0.34700206	0.28416110	0.63286439	0.42134252	0.82821768
PABPC1	200	guide26	0.31486025	0.27006525	0.67671285	0.42054612	0.70485614
PABPC1	200	guide14	0.30578886	0.32085952	0.61364596	0.41343145	0.76333582
PABPC1	200	guide12	0.30994213	0.25604140	0.61516952	0.39371768	0.84602227
PABPC1	200	guide23	0.28808144	0.28085802	0.60113913	0.39002620	0.67815054
PABPC1	200	guide13	0.30538002	0.28307358	0.54130959	0.37658773	0.58910838
PABPC1	200	guide19	0.27945992	0.27560489	0.57297646	0.37601376	0.74764390
PABPC1	200	guide25	0.26435908	0.23573089	0.62241148	0.37416715	0.67722458
PABPC1	200	guide28	0.30311919	0.23343284	0.57293795	0.36982999	0.78410967
PABPC1	200	guide5	0.26050774	0.21243531	0.57876057	0.35056787	0.66113716
PABPC1	200	guide17	0.22985001	0.22530263	0.57903767	0.34473010	0.79701386
PABPC1	200	guide4	0.23542789	0.15890947	0.51204305	0.30212680	0.77491031
PABPC1	200	guide3	0.22225700	0.14385660	0.50862695	0.29158018	0.81656113
PABPC1	200	guide22	0.20326887	0.14757519	0.49856342	0.28313583	0.73364373
PABPC1	200	guide30	0.20997731	0.11584790	0.47995232	0.26859251	0.79175481
PABPC1	200	guide11	0.13297101	0.19561839	0.44854802	0.25904581	0.71388347
PABPC1	200	guide31	0.17981696	0.18817670	0.38554567	0.25117978	0.22483765
PABPC1	200	guide21	0.16206399	0.18898822	0.39977131	0.25027451	0.61676618
PABPC1	200	guide20	0.15378031	0.08617865	0.50748628	0.24914842	0.53607153
PABPC1	200	guide8	0.14213816	0.15438986	0.35274720	0.21642507	-0.03861569
PABPC1	200	guide29	0.09231476	0.08459161	0.37150905	0.18280514	0.72560020
PABPC1	200	guide1	0.07366121	0.04446111	0.40978265	0.17596832	0.34472216
PABPC1	200	guide9	0.09228364	0.05116778	0.24846336	0.13063826	0.62741444
PABPC1	200	guide10	0.00099231	0.08736368	0.25381248	0.11405616	0.68629502
PABPC1	200	guide24	0.05717646	0.01013125	0.21388759	0.09373177	0.72393298
PABPC1	200	guide32	0.05668894	0.10415360	-0.00157321	0.05308978	-0.32771758
PABPC1	200	guide6	0.03967885	-0.02111453	-0.03651170	-0.00598246	0.34632403
PABPC1	200	guide7	-0.00769593	-0.09735993	-0.03237787	-0.04581125	0.54529805
PABPC1	200	guide2	-0.11274600	-0.11597540	-0.13071573	-0.11981238	0.16402465
PABPC1	500	guide18	0.71705018	0.67334295	0.79484803	0.72841372	0.73085957
PABPC1	500	guide16	0.44972515	0.42020242	0.62695035	0.49895931	0.84033913
PABPC1	500	guide15	0.36836128	0.34452666	0.54045454	0.41778082	0.80951093
PABPC1	500	guide26	0.33232113	0.30744238	0.54603131	0.39526494	0.75511073
PABPC1	500	guide27	0.33727103	0.29865105	0.52349329	0.38647179	0.81399458
PABPC1	500	guide25	0.32436667	0.30345443	0.52456303	0.38412804	0.71313098
PABPC1	500	guide28	0.33787267	0.30241369	0.50759026	0.38262554	0.77882623
PABPC1	500	guide12	0.33227800	0.29382434	0.51700468	0.38103567	0.83349061
PABPC1	500	guide5	0.31998422	0.29527001	0.48540410	0.36688611	0.64030557
PABPC1	500	guide17	0.31009443	0.25182178	0.52163960	0.36118527	0.80094208
PABPC1	500	guide23	0.29675856	0.26768632	0.50151421	0.35531970	0.66945540
PABPC1	500	guide14	0.30338104	0.25729821	0.49613095	0.35227007	0.77323994
PABPC1	500	guide13	0.29119491	0.27477249	0.46031523	0.34209421	0.54761018
PABPC1	500	guide19	0.27100309	0.28078778	0.46378763	0.33852617	0.75472660
PABPC1	500	guide30	0.29675444	0.25409046	0.44438142	0.33174211	0.79664496
PABPC1	500	guide4	0.28306893	0.22361763	0.46863512	0.32510723	0.78037532
PABPC1	500	guide22	0.22923958	0.18238249	0.43283452	0.28148553	0.75509119
PABPC1	500	guide20	0.20145942	0.17383884	0.42708444	0.26746090	0.62223026
PABPC1	500	guide3	0.21301102	0.15751733	0.42196263	0.26416366	0.77541230
PABPC1	500	guide1	0.19899201	0.21678682	0.35088987	0.25555623	0.42800025
PABPC1	500	guide31	0.20272116	0.15300292	0.33694617	0.23089008	0.35753401
PABPC1	500	guide21	0.19842657	0.14309923	0.34007968	0.22720182	0.51488678
PABPC1	500	guide8	0.15640860	0.11529089	0.29419539	0.18863163	0.00312820
PABPC1	500	guide29	0.13031036	0.06314934	0.33292248	0.17546073	0.75379052
PABPC1	500	guide11	0.07556666	0.08744147	0.28929663	0.15076825	0.73033143
PABPC1	500	guide9	0.10381150	0.04283844	0.25901614	0.13522203	0.69136145
PABPC1	500	guide10	0.04964803	0.04851869	0.16746327	0.08854333	0.71192864
PABPC1	500	guide24	0.04501757	0.04170525	0.16252821	0.08308368	0.71577797
PABPC1	500	guide32	0.07980087	0.03505550	0.06492898	0.05992845	-0.32653890
PABPC1	500	guide6	0.00878467	-0.00666751	0.02897124	0.01036280	0.38797413
PABPC1	500	guide7	-0.02715119	-0.13670320	0.03288023	-0.04365805	0.59967595
PABPC1	500	guide2	-0.08380670	-0.08704048	-0.07583778	-0.08222832	-0.09548131
NUDT21	10	guide13	0.96795758	0.96363636	0.96829551	0.96662982	0.90851400
NUDT21	10	guide19	0.93042381	0.81818182	0.93953090	0.89604551	0.93178421
NUDT21	10	guide6	0.82904278	0.74545455	0.83881182	0.80443638	0.93261814
NUDT21	10	guide27	0.68380235	0.79393939	0.72469817	0.73414664	0.86728996
NUDT21	10	guide30	0.60790083	0.69696970	0.65820992	0.65436015	0.87554559
NUDT21	10	guide2	0.73163908	0.57575758	0.51169098	0.60636254	0.42010025
NUDT21	10	guide18	0.61923347	0.51515152	0.67407904	0.60282134	0.82380999
NUDT21	10	guide26	0.43974723	0.73333333	0.51262541	0.56190199	0.84460445
NUDT21	10	guide12	0.55155720	0.47878788	0.61597930	0.54877479	0.87814709
NUDT21	10	guide28	0.51849592	0.41818182	0.60128975	0.51265583	0.82029463
NUDT21	10	guide24	0.43022457	0.43030303	0.53265373	0.46439378	0.80628369
NUDT21	10	guide15	0.29542318	0.55151515	0.44994919	0.43229584	0.84088996
NUDT21	10	guide23	0.29127925	0.26060606	0.44568132	0.33252221	0.78396050
NUDT21	10	guide3	0.24339516	0.30909091	0.41977434	0.32408680	0.82728875
NUDT21	10	guide16	0.22609851	0.22424242	0.40893390	0.28642494	0.85766035
NUDT21	10	guide11	0.20420061	0.22424242	0.36818865	0.26554390	0.83221617
NUDT21	10	guide25	0.24791264	0.12727273	0.41396251	0.26304929	0.84264408
NUDT21	10	guide29	0.11038049	0.16363636	0.36586365	0.21329350	0.85194568
NUDT21	10	guide21	0.13738934	0.12727273	0.30665288	0.19043832	0.42095659
NUDT21	10	guide4	0.14022489	0.03030303	0.36620415	0.17891069	0.84538375
NUDT21	10	guide14	0.02975786	0.15151515	0.27067654	0.15064985	0.71869288
NUDT21	10	guide22	0.07349913	0.00606061	0.30080176	0.12678716	0.84310551
NUDT21	10	guide10	0.14807287	-0.01818182	0.19767858	0.10918988	0.79209528
NUDT21	10	guide9	-0.11097475	0.13939394	0.25636637	0.09492852	0.86307808
NUDT21	10	guide32	-0.03441028	0.13939394	-0.21866936	-0.03789524	-0.55902285
NUDT21	10	guide5	-0.22090945	-0.10303030	0.07002415	-0.08463853	0.71805765
NUDT21	10	guide31	-0.14412605	-0.22424242	0.06825933	-0.10003638	0.62875678
NUDT21	10	guide8	-0.06942625	-0.27272727	0.02689940	-0.10508471	-0.01799389
NUDT21	10	guide17	-0.36473344	-0.22424242	-0.03040196	-0.20645928	0.79255960
NUDT21	10	guide1	-0.23198213	-0.20000000	-0.29153307	-0.24117173	0.38226623
NUDT21	10	guide20	-0.53787039	-0.52727273	-0.09896685	-0.38803665	0.62833938
NUDT21	10	guide7	-0.88900805	-0.72121212	-0.54872861	-0.71964959	0.41181579
NUDT21	20	guide13	0.95027826	0.92330827	0.94903959	0.94087537	0.96275059
NUDT21	20	guide19	0.89828341	0.89774436	0.88815114	0.89472630	0.96209390
NUDT21	20	guide27	0.64858736	0.75338346	0.59908313	0.66701798	0.91013075
NUDT21	20	guide6	0.57350096	0.73834586	0.56629666	0.62604783	0.92012806
NUDT21	20	guide30	0.62027877	0.64511278	0.53484123	0.60007759	0.86948070
NUDT21	20	guide2	0.56230811	0.57593985	0.55706397	0.56510398	0.75149491
NUDT21	20	guide26	0.59828409	0.60451128	0.43535834	0.54605124	0.85803511
NUDT21	20	guide12	0.59072839	0.52631579	0.51353840	0.54352753	0.89067103
NUDT21	20	guide24	0.53434003	0.53233083	0.46101171	0.50922752	0.85659790
NUDT21	20	guide18	0.46606480	0.47669173	0.41769522	0.45348392	0.83859090
NUDT21	20	guide29	0.51472364	0.37894737	0.38714550	0.42693883	0.87418986
NUDT21	20	guide28	0.45439573	0.40150376	0.39806276	0.41798742	0.82892521
NUDT21	20	guide25	0.45064120	0.36992481	0.38354019	0.40136873	0.87389784
NUDT21	20	guide3	0.45748279	0.33984962	0.34046580	0.37926607	0.86949101
NUDT21	20	guide4	0.48825443	0.29624060	0.34793694	0.37747732	0.87110310
NUDT21	20	guide23	0.43934963	0.31879699	0.35862546	0.37225736	0.82292640
NUDT21	20	guide15	0.40807352	0.31428571	0.32714649	0.34983524	0.84034020
NUDT21	20	guide16	0.42791176	0.26616541	0.31954488	0.33787402	0.86639007
NUDT21	20	guide11	0.33705312	0.30977444	0.29976074	0.31552943	0.88153381
NUDT21	20	guide22	0.39823594	0.17293233	0.31797329	0.29638052	0.85687087
NUDT21	20	guide21	0.26775317	0.18045113	0.24141143	0.22987191	0.72288104
NUDT21	20	guide14	0.24475378	0.14887218	0.22916630	0.20759742	0.80355476
NUDT21	20	guide10	0.13719322	0.03609023	0.14205312	0.10511219	0.85508161
NUDT21	20	guide9	0.07796509	0.07819549	0.08249861	0.07955306	0.85346425
NUDT21	20	guide31	0.02018272	0.06165414	0.03862787	0.04015491	0.75760166
NUDT21	20	guide5	0.03861238	-0.07368421	0.05449108	0.00647308	0.81794729
NUDT21	20	guide17	-0.04706814	-0.05864662	-0.00467309	-0.03679595	0.83744279
NUDT21	20	guide1	-0.00675656	-0.09323308	-0.02008401	-0.04002455	0.71585955
NUDT21	20	guide8	-0.11244644	-0.12781955	-0.08381061	-0.10802553	0.42979031
NUDT21	20	guide20	-0.18137123	-0.29022556	-0.08474529	-0.18544736	0.78451607
NUDT21	20	guide32	-0.33634311	-0.27969925	-0.33796983	-0.31800406	0.07728272
NUDT21	20	guide7	-0.62408118	-0.64210526	-0.52774620	-0.59797755	0.62349492
NUDT21	50	guide13	0.92641851	0.86545018	0.92361158	0.90516009	0.74274853
NUDT21	50	guide19	0.87013848	0.86304922	0.85057969	0.86125580	0.90089739
NUDT21	50	guide27	0.66234909	0.63015606	0.56918053	0.62056189	0.73175750
NUDT21	50	guide12	0.63366476	0.49944778	0.47386585	0.53565946	0.58254635
NUDT21	50	guide30	0.59410052	0.53507803	0.46594007	0.53170621	0.65062363
NUDT21	50	guide26	0.64474833	0.57714286	0.36432068	0.52873729	0.33622016
NUDT21	50	guide6	0.49486039	0.56686675	0.49875487	0.52016067	0.61660251
NUDT21	50	guide25	0.56229594	0.49032413	0.39564775	0.48275594	0.36060059
NUDT21	50	guide29	0.55472903	0.51903962	0.31599946	0.46325603	0.32011843
NUDT21	50	guide2	0.45265055	0.43500600	0.45723896	0.44829851	0.61191745
NUDT21	50	guide28	0.51785825	0.39294118	0.39407502	0.43495815	0.63305238
NUDT21	50	guide4	0.56015344	0.41771909	0.31034603	0.42940619	0.28496044
NUDT21	50	guide16	0.53692070	0.39198079	0.32033484	0.41641211	0.39717426
NUDT21	50	guide18	0.46551523	0.40907563	0.33821309	0.40426798	0.38744179
NUDT21	50	guide23	0.48695188	0.41291717	0.30754487	0.40247131	0.32690662
NUDT21	50	guide3	0.50001609	0.44633854	0.24045712	0.39560392	0.41603793
NUDT21	50	guide24	0.46360698	0.39591837	0.32519770	0.39490768	0.42072838
NUDT21	50	guide15	0.51365432	0.31543818	0.34178627	0.39029292	0.35521303
NUDT21	50	guide22	0.49052542	0.41474190	0.26233630	0.38920121	0.27104687
NUDT21	50	guide21	0.42560060	0.33992797	0.30270263	0.35607707	0.38873285
NUDT21	50	guide14	0.38718999	0.28422569	0.26494139	0.31211902	0.54422530
NUDT21	50	guide11	0.36823549	0.28048019	0.24393991	0.29755186	0.42150712
NUDT21	50	guide5	0.34109984	0.21709484	0.19831104	0.25216857	0.20623688
NUDT21	50	guide31	0.28356844	0.26636255	0.17623883	0.24205661	0.37395336
NUDT21	50	guide17	0.28745227	0.20067227	0.09672398	0.19494951	0.29074320
NUDT21	50	guide1	0.15027356	0.09224490	0.10518877	0.11590241	0.22132547
NUDT21	50	guide20	0.15566964	0.09070828	0.01048711	0.08562168	0.18122678
NUDT21	50	guide9	0.13414556	0.05757503	0.02197605	0.07123221	0.24173018
NUDT21	50	guide10	0.04318732	0.10981993	0.01140087	0.05480271	0.33847872
NUDT21	50	guide8	0.09813278	0.03260504	0.03344231	0.05472671	0.11282076
NUDT21	50	guide32	-0.10726295	-0.20941176	-0.12442398	-0.14703290	0.01020213
NUDT21	50	guide7	-0.26827170	-0.41186074	-0.29219970	-0.32411071	0.00360554
NUDT21	100	guide13	0.88487545	0.84567657	0.88179844	0.87078349	0.75823088
NUDT21	100	guide19	0.81855685	0.79890789	0.80464903	0.80737126	0.72089443
NUDT21	100	guide27	0.65567845	0.61213321	0.58048947	0.61610038	0.74145013
NUDT21	100	guide12	0.61196418	0.54511851	0.51363088	0.55690452	0.61712500
NUDT21	100	guide30	0.55577386	0.50501050	0.47962058	0.51346831	0.60768453
NUDT21	100	guide26	0.55417089	0.49929793	0.41906798	0.49084560	0.39093923
NUDT21	100	guide25	0.52476912	0.46780678	0.44300126	0.47852572	0.45692018
NUDT21	100	guide16	0.54885574	0.45447345	0.41637393	0.47323437	0.42779967
NUDT21	100	guide28	0.50823044	0.42906691	0.44033517	0.45921084	0.50516671
NUDT21	100	guide6	0.43281398	0.49704170	0.43196199	0.45393923	0.57946973
NUDT21	100	guide23	0.50556638	0.42363036	0.38516960	0.43812211	0.35266765
NUDT21	100	guide15	0.49387990	0.41242124	0.39483920	0.43371345	0.40240567
NUDT21	100	guide4	0.48742203	0.41549355	0.39485086	0.43258881	0.38500863
NUDT21	100	guide29	0.45851775	0.45568557	0.35377480	0.42265937	0.37437287
NUDT21	100	guide3	0.44619589	0.38904290	0.34872484	0.39465454	0.54427867
NUDT21	100	guide18	0.43535993	0.35307531	0.37642760	0.38828761	0.38538468
NUDT21	100	guide22	0.41762873	0.39114311	0.33270397	0.38049194	0.36632180
NUDT21	100	guide2	0.36733522	0.38545455	0.36694834	0.37324604	0.23359442
NUDT21	100	guide14	0.41965016	0.33534953	0.35073752	0.36857907	0.55974878
NUDT21	100	guide24	0.39016448	0.33096910	0.34000315	0.35371224	0.47428762
NUDT21	100	guide21	0.37404347	0.33022502	0.33611240	0.34679363	0.53102239
NUDT21	100	guide5	0.37049930	0.28199220	0.30915727	0.32054959	0.27282193
NUDT21	100	guide31	0.33536280	0.33116112	0.28050460	0.31567617	0.42402338
NUDT21	100	guide11	0.29437601	0.29881788	0.25358092	0.28225827	0.37609996
NUDT21	100	guide17	0.31346373	0.25327333	0.21911590	0.26195098	0.33975394
NUDT21	100	guide10	0.18756691	0.16267627	0.17056975	0.17360431	0.42443661
NUDT21	100	guide20	0.16608442	0.11607561	0.11880191	0.13365398	0.24831957
NUDT21	100	guide1	0.11580595	0.10942694	0.10624672	0.11049320	0.22983994
NUDT21	100	guide8	0.10327137	0.09333333	0.09571021	0.09743831	0.23784504
NUDT21	100	guide9	0.09229321	0.08026403	0.07578416	0.08278047	0.28120334
NUDT21	100	guide32	-0.02101434	-0.10012601	-0.02104274	-0.04739436	-0.12919066
NUDT21	100	guide7	-0.24304896	-0.29466547	-0.22695825	-0.25489089	0.06239179
NUDT21	200	guide13	0.86735587	0.81535438	0.86058226	0.84776417	0.77180006
NUDT21	200	guide19	0.79345267	0.75925148	0.77170033	0.77480149	0.76449538
NUDT21	200	guide27	0.64495323	0.61300083	0.56335013	0.60710139	0.76198429
NUDT21	200	guide12	0.56730885	0.56070202	0.48238241	0.53679776	0.66072996
NUDT21	200	guide30	0.57099166	0.51378234	0.48979196	0.52485532	0.68127196
NUDT21	200	guide26	0.55539166	0.52710418	0.43361809	0.50537131	0.53992137
NUDT21	200	guide16	0.55896993	0.51276532	0.43257353	0.50143626	0.56928782
NUDT21	200	guide4	0.53346133	0.49096227	0.43361044	0.48601135	0.54855262
NUDT21	200	guide25	0.51146396	0.48065552	0.42847292	0.47353080	0.59636208
NUDT21	200	guide28	0.50303386	0.46193355	0.44399731	0.46965491	0.58924450
NUDT21	200	guide29	0.48220723	0.44744169	0.39297001	0.44087298	0.52707006
NUDT21	200	guide6	0.44932955	0.42405160	0.44396779	0.43911632	0.62061029
NUDT21	200	guide23	0.47128804	0.45478287	0.37522970	0.43376687	0.48993325
NUDT21	200	guide3	0.47323188	0.44047851	0.38439513	0.43270184	0.64620380
NUDT21	200	guide15	0.45429737	0.42229206	0.38868587	0.42175843	0.55245653
NUDT21	200	guide22	0.43473647	0.40568514	0.35818756	0.39953639	0.51698008
NUDT21	200	guide21	0.41311485	0.37719943	0.38131397	0.39054275	0.60619171
NUDT21	200	guide14	0.42769724	0.36848421	0.36123337	0.38580494	0.66505392
NUDT21	200	guide5	0.40840684	0.34069902	0.35900204	0.36936930	0.44245819
NUDT21	200	guide18	0.38599204	0.34205805	0.35376014	0.36060341	0.50357685
NUDT21	200	guide24	0.37588428	0.35733893	0.34381210	0.35901177	0.57609694
NUDT21	200	guide11	0.36118197	0.33445136	0.31295693	0.33619675	0.53862678
NUDT21	200	guide17	0.37226309	0.33432086	0.28681494	0.33113296	0.50378375
NUDT21	200	guide2	0.34401073	0.29081677	0.34431462	0.32638070	0.34106736
NUDT21	200	guide31	0.25514262	0.28244806	0.22549767	0.25436279	0.38550774
NUDT21	200	guide20	0.24921458	0.20070652	0.19359300	0.21450470	0.41846508
NUDT21	200	guide10	0.21646923	0.17906098	0.21049397	0.20200806	0.56366578
NUDT21	200	guide1	0.17000465	0.14331058	0.16285017	0.15872180	0.40100660
NUDT21	200	guide9	0.16634807	0.12033001	0.14983409	0.14550405	0.45031736
NUDT21	200	guide8	0.14571094	0.10583965	0.14270068	0.13141709	0.26294449
NUDT21	200	guide32	-0.06458293	-0.08326108	-0.06378410	-0.07054270	-0.12762256
NUDT21	200	guide7	-0.18770800	-0.23209030	-0.16767930	-0.19582587	0.22714300
NUDT21	500	guide13	0.82731421	0.81568589	0.82460258	0.82253423	0.78546867
NUDT21	500	guide19	0.75179420	0.74465895	0.73453235	0.74366183	0.79432196
NUDT21	500	guide27	0.56415771	0.54834527	0.52964007	0.54738101	0.76828591
NUDT21	500	guide12	0.52767968	0.52454466	0.49365663	0.51529366	0.70320147
NUDT21	500	guide16	0.53947067	0.52835347	0.46310848	0.51031088	0.64992594
NUDT21	500	guide26	0.51809526	0.52002525	0.46000552	0.49937534	0.63262727
NUDT21	500	guide30	0.50446332	0.49391708	0.47727856	0.49188632	0.72131959
NUDT21	500	guide4	0.48548722	0.50328019	0.43806639	0.47561126	0.62593115
NUDT21	500	guide25	0.47988821	0.48464095	0.43578968	0.46677294	0.65559599
NUDT21	500	guide28	0.47666295	0.46117980	0.45223674	0.46335983	0.65986023
NUDT21	500	guide3	0.42578209	0.44158074	0.39138292	0.41958192	0.68635223
NUDT21	500	guide15	0.41289873	0.40150001	0.38960992	0.40133622	0.63374259
NUDT21	500	guide29	0.40801213	0.41729418	0.37602136	0.40044256	0.60600539
NUDT21	500	guide23	0.41199571	0.40305444	0.37090519	0.39531845	0.56546380
NUDT21	500	guide5	0.37854646	0.38900181	0.36615793	0.37790207	0.54839663
NUDT21	500	guide22	0.36625079	0.38856079	0.34266058	0.36582405	0.59564312
NUDT21	500	guide21	0.36117603	0.37055428	0.36120673	0.36431235	0.62074571
NUDT21	500	guide6	0.35628078	0.36980212	0.36363483	0.36323924	0.59179937
NUDT21	500	guide14	0.37375545	0.36593839	0.34826359	0.36265248	0.69897914
NUDT21	500	guide17	0.37798798	0.37312652	0.33597645	0.36236365	0.59512477
NUDT21	500	guide18	0.33707439	0.31388775	0.34272921	0.33123045	0.54757353
NUDT21	500	guide11	0.31797422	0.33369109	0.31533341	0.32233291	0.61705299
NUDT21	500	guide2	0.29752885	0.25893627	0.30478830	0.28708447	0.31051725
NUDT21	500	guide24	0.25514025	0.27581803	0.26695511	0.26597113	0.61339447
NUDT21	500	guide20	0.25328291	0.24811702	0.24480256	0.24873416	0.50686086
NUDT21	500	guide10	0.24415025	0.20728902	0.25655357	0.23599761	0.62867895
NUDT21	500	guide31	0.21117226	0.23188749	0.22409769	0.22238581	0.40937591
NUDT21	500	guide9	0.21431384	0.19002066	0.22562614	0.20998688	0.55230967
NUDT21	500	guide1	0.14061500	0.14146876	0.16007151	0.14738509	0.44742608
NUDT21	500	guide8	0.10829306	0.09566995	0.12822405	0.11072902	0.20423447
NUDT21	500	guide32	-0.08053902	-0.09771937	-0.07769531	-0.08531790	-0.19071438
NUDT21	500	guide7	-0.15640231	-0.18149900	-0.12087387	-0.15292506	0.34655345
LEO1	10	guide23	0.64076916	0.86666667	0.87982216	0.79575267	0.82352126
LEO1	10	guide14	0.64477458	0.63636364	0.86583368	0.71565730	0.86457903
LEO1	10	guide27	0.53019181	0.80606061	0.77608688	0.70411310	0.86077128
LEO1	10	guide26	0.51138360	0.68484848	0.82854860	0.67492689	0.84026842
LEO1	10	guide16	0.50201133	0.70909091	0.77574709	0.66228311	0.82762397
LEO1	10	guide17	0.47198211	0.69696970	0.80923801	0.65939661	0.81310351
LEO1	10	guide30	0.46216901	0.76969697	0.72503526	0.65230041	0.83451408
LEO1	10	guide28	0.50040719	0.64848485	0.77413939	0.64101048	0.78613782
LEO1	10	guide13	0.38552243	0.73333333	0.70049062	0.60644879	0.67372922
LEO1	10	guide19	0.33438427	0.62424242	0.70572525	0.55478398	0.77308887
LEO1	10	guide18	0.33908131	0.43030303	0.59084218	0.45340884	0.71560738
LEO1	10	guide25	0.33634243	0.41818182	0.59200252	0.44884226	0.79075710
LEO1	10	guide12	0.30351491	0.44242424	0.53687760	0.42760558	0.77162378
LEO1	10	guide21	0.32105024	0.41818182	0.53314702	0.42412636	0.67852735
LEO1	10	guide1	0.29778553	0.46666667	0.43634357	0.40026525	0.76150197
LEO1	10	guide5	0.22152450	0.33333333	0.60564173	0.38683319	0.77254437
LEO1	10	guide10	0.25471136	0.41818182	0.47963025	0.38417448	0.81179356
LEO1	10	guide15	0.23174590	0.32121212	0.59610614	0.38302138	0.73052392
LEO1	10	guide3	0.17174072	0.24848485	0.41307899	0.27776818	0.79094988
LEO1	10	guide8	0.18424982	0.22424242	0.41793860	0.27547695	0.60106895
LEO1	10	guide22	0.19360422	0.24848485	0.35787152	0.26665353	0.74796454
LEO1	10	guide20	0.14575111	0.10303030	0.54248785	0.26375642	0.77541222
LEO1	10	guide6	0.13165552	0.49090909	0.05701166	0.22652542	0.69179047
LEO1	10	guide11	0.15785295	-0.05454545	0.54361160	0.21563970	0.78390688
LEO1	10	guide24	0.09749431	0.20000000	0.24229262	0.17992898	0.72734780
LEO1	10	guide4	0.09890046	-0.04242424	0.36490548	0.14046057	0.74912798
LEO1	10	guide9	0.09968603	-0.05454545	0.29575338	0.11363132	0.79025376
LEO1	10	guide31	0.08078194	-0.12727273	0.32240666	0.09197196	0.61176760
LEO1	10	guide29	0.02124238	-0.20000000	0.29909086	0.04011108	0.79871085
LEO1	10	guide32	-0.04418683	-0.38181818	0.28649651	-0.04650283	-0.56140999
LEO1	10	guide2	-0.16603169	-0.28484848	0.14548994	-0.10179675	-0.40503298
LEO1	10	guide7	-0.21878391	-0.56363636	-0.08299523	-0.28847183	0.50751083
LEO1	20	guide14	0.74132826	0.71729323	0.82886975	0.76249708	0.14998657
LEO1	20	guide17	0.54682624	0.50676692	0.71846805	0.59068707	-0.11563886
LEO1	20	guide21	0.63610053	0.44060150	0.65696432	0.57788878	0.60885123
LEO1	20	guide28	0.49860409	0.52481203	0.68173503	0.56838372	-0.06964535
LEO1	20	guide16	0.42161375	0.57142857	0.63259899	0.54188044	-0.10040904
LEO1	20	guide13	0.50805626	0.47067669	0.63883249	0.53918848	0.57613777
LEO1	20	guide19	0.46236188	0.41353383	0.63380754	0.50323442	-0.00292294
LEO1	20	guide15	0.45371076	0.41654135	0.60041222	0.49022145	-0.07774191
LEO1	20	guide18	0.47610582	0.41503759	0.57430149	0.48848164	0.05848397
LEO1	20	guide25	0.48812507	0.28571429	0.63043325	0.46809087	0.22775925
LEO1	20	guide27	0.36603652	0.43609023	0.56702281	0.45638319	-0.01572958
LEO1	20	guide3	0.48829090	0.25563910	0.57638372	0.44010457	0.72734497
LEO1	20	guide30	0.31672049	0.37593985	0.56883900	0.42049978	-0.07852325
LEO1	20	guide8	0.45743087	0.14736842	0.56846912	0.39108947	0.61241088
LEO1	20	guide23	0.23641570	0.39699248	0.52431592	0.38590803	-0.17283081
LEO1	20	guide26	0.23354242	0.36691729	0.55299653	0.38448541	-0.13207737
LEO1	20	guide11	0.29668015	0.38496241	0.42836188	0.37000148	-0.15847606
LEO1	20	guide1	0.28686649	0.34135338	0.43390947	0.35404311	0.24331257
LEO1	20	guide5	0.27621562	0.23609023	0.54356878	0.35195821	-0.06869074
LEO1	20	guide10	0.30833344	0.32481203	0.40850229	0.34721592	0.01578501
LEO1	20	guide12	0.31032239	0.29774436	0.40309930	0.33705535	0.61030813
LEO1	20	guide20	0.25014016	0.17593985	0.49806451	0.30804817	-0.01361051
LEO1	20	guide4	0.34405311	0.09774436	0.47350141	0.30509963	0.06686760
LEO1	20	guide6	0.20277338	0.33082707	0.25498964	0.26286336	0.17493138
LEO1	20	guide29	0.24959148	0.15037594	0.36303320	0.25433354	-0.10851879
LEO1	20	guide22	0.21374895	0.14736842	0.36634353	0.24248697	-0.10509844
LEO1	20	guide31	0.05462409	0.11127820	0.17588347	0.11392859	0.52899652
LEO1	20	guide24	0.15017814	-0.05563910	0.24161844	0.11205249	-0.10196785
LEO1	20	guide9	-0.00855757	-0.08270677	0.29891127	0.06921564	-0.15192409
LEO1	20	guide7	-0.03335204	-0.19548872	0.18352990	-0.01510362	-0.21923305
LEO1	20	guide2	-0.09227556	-0.19849624	0.11331752	-0.05915143	-0.39821606
LEO1	20	guide32	-0.09312231	0.03909774	-0.12398132	-0.05933530	0.20972744
LEO1	50	guide14	0.63642618	0.55092437	0.76784285	0.65173113	0.14033082
LEO1	50	guide13	0.34504101	0.26857143	0.54503043	0.38621429	0.35769390
LEO1	50	guide19	0.33291373	0.25983193	0.54978601	0.38084389	0.04332113
LEO1	50	guide8	0.30786617	0.22929172	0.53071113	0.35595634	0.43081197
LEO1	50	guide15	0.29155165	0.26069628	0.50432690	0.35219161	-0.02093395
LEO1	50	guide21	0.32342984	0.22304922	0.49865535	0.34837814	0.37101867
LEO1	50	guide3	0.27569818	0.26818727	0.48298474	0.34229007	0.39049080
LEO1	50	guide17	0.23585216	0.17666267	0.59383523	0.33545002	-0.03393625
LEO1	50	guide28	0.22764020	0.26530612	0.50638958	0.33311197	-0.03740937
LEO1	50	guide25	0.25567740	0.20019208	0.52095274	0.32560741	0.17296967
LEO1	50	guide20	0.23514607	0.17666267	0.51712616	0.30964497	0.04804458
LEO1	50	guide1	0.22776532	0.23956783	0.39732275	0.28821863	0.17767256
LEO1	50	guide27	0.18190073	0.19442977	0.47450154	0.28361068	0.02687709
LEO1	50	guide9	0.21206888	0.15313325	0.46234789	0.27585001	-0.03173865
LEO1	50	guide12	0.24808832	0.14477791	0.43343114	0.27543246	0.35912322
LEO1	50	guide5	0.18241279	0.15937575	0.48324824	0.27501226	-0.00393274
LEO1	50	guide16	0.13939652	0.16369748	0.49012973	0.26440791	-0.07364333
LEO1	50	guide6	0.23333622	0.30900360	0.24334768	0.26189583	0.01256752
LEO1	50	guide4	0.19963702	0.15313325	0.43078714	0.26118581	0.06804843
LEO1	50	guide18	0.19200183	0.22833133	0.32645190	0.24892835	0.02191736
LEO1	50	guide23	0.13496817	0.09032413	0.47313975	0.23281068	-0.07332347
LEO1	50	guide30	0.11765111	0.11903962	0.44965390	0.22878154	-0.04421836
LEO1	50	guide11	0.19030806	0.11846339	0.37729916	0.22869020	-0.06737998
LEO1	50	guide10	0.17663857	0.13334934	0.30228958	0.20409249	-0.00599598
LEO1	50	guide29	0.11403397	0.09090036	0.37861439	0.19451624	-0.02836409
LEO1	50	guide26	-0.00798651	0.06679472	0.45004062	0.16961628	-0.07031407
LEO1	50	guide24	0.10200080	-0.02348139	0.37823064	0.15225002	-0.03826707
LEO1	50	guide22	0.04718635	-0.00446579	0.36025091	0.13432382	-0.03210908
LEO1	50	guide7	0.08215242	0.01810324	0.28288418	0.12771328	-0.05512150
LEO1	50	guide2	0.12465327	-0.05085234	0.22681960	0.10020684	-0.15816694
LEO1	50	guide31	-0.05062698	-0.03807923	0.17132596	0.02753992	0.20807815
LEO1	50	guide32	-0.14162993	-0.25896759	-0.07620981	-0.15893577	0.20026560
LEO1	100	guide14	0.61357313	0.45688569	0.74320953	0.60455611	0.22466734
LEO1	100	guide21	0.37673779	0.32222022	0.51102724	0.40332842	0.31998883
LEO1	100	guide8	0.30342059	0.35597960	0.44555182	0.36831734	0.34245459
LEO1	100	guide12	0.36518266	0.25274527	0.47853774	0.36548856	0.34389992
LEO1	100	guide13	0.33077647	0.30479448	0.45948267	0.36501787	0.32465290
LEO1	100	guide25	0.33920004	0.18042604	0.54760950	0.35574519	0.21650362
LEO1	100	guide3	0.32973784	0.20680468	0.50866137	0.34840130	0.34168620
LEO1	100	guide4	0.30340446	0.18898290	0.49197648	0.32812128	0.15054890
LEO1	100	guide15	0.27966233	0.17504950	0.49538739	0.31669974	0.07923909
LEO1	100	guide28	0.22941127	0.19320732	0.47740324	0.30000728	0.05378516
LEO1	100	guide17	0.15052998	0.14763876	0.52386664	0.27401179	0.07787101
LEO1	100	guide10	0.27275447	0.19168317	0.34167399	0.26870388	0.10625731
LEO1	100	guide27	0.20399593	0.13021302	0.45872924	0.26431273	0.09674391
LEO1	100	guide16	0.18251401	0.11603960	0.48797000	0.26217454	0.03152638
LEO1	100	guide9	0.18114637	0.17714971	0.41864015	0.25897875	0.10203197
LEO1	100	guide19	0.19125247	0.17794179	0.38393661	0.25104362	0.13555411
LEO1	100	guide30	0.15343031	0.14875488	0.43624538	0.24614352	0.07259376
LEO1	100	guide6	0.25129456	0.19395140	0.26048170	0.23524255	0.12404204
LEO1	100	guide29	0.15236607	0.15560756	0.38781791	0.23193052	0.09743843
LEO1	100	guide24	0.15927531	0.19629163	0.31646563	0.22401086	0.08614613
LEO1	100	guide20	0.11397402	0.06712271	0.44004165	0.20704613	0.12327216
LEO1	100	guide5	0.11259009	0.05699370	0.40514785	0.19157721	0.06136748
LEO1	100	guide2	0.18368228	0.07689169	0.29322720	0.18460039	-0.01594071
LEO1	100	guide1	0.11089369	0.14417042	0.29153468	0.18219960	0.13667605
LEO1	100	guide18	0.16809443	0.02088209	0.35479969	0.18125874	0.13266309
LEO1	100	guide23	0.05390218	0.02184218	0.40925426	0.16166621	-0.00919186
LEO1	100	guide22	0.08550035	0.01818182	0.38067400	0.16145206	0.09070858
LEO1	100	guide26	0.02552194	-0.02030603	0.44152193	0.14891261	0.04795944
LEO1	100	guide11	0.03308628	-0.00260426	0.32347924	0.11798708	0.01627426
LEO1	100	guide7	0.00815797	0.04718872	0.22241392	0.09258687	0.04590458
LEO1	100	guide31	-0.06363855	-0.04529253	0.12330687	0.00479193	0.07371262
LEO1	100	guide32	-0.04920454	-0.09909391	0.01627299	-0.04400849	0.19097819
LEO1	200	guide14	0.53569726	0.42147754	0.70183264	0.55300248	0.33406161
LEO1	200	guide3	0.24855955	0.24819320	0.45992652	0.31889309	0.38343085
LEO1	200	guide21	0.24600524	0.29417835	0.41152236	0.31723532	0.33114053
LEO1	200	guide25	0.25035209	0.18679067	0.51078350	0.31597542	0.30598732
LEO1	200	guide12	0.26852945	0.18122253	0.44565046	0.29846748	0.38383305
LEO1	200	guide4	0.21026910	0.20824421	0.44842095	0.28897809	0.25351072
LEO1	200	guide17	0.15019212	0.18029251	0.51780582	0.28276348	0.17225214
LEO1	200	guide9	0.18683017	0.19816695	0.41526951	0.26675555	0.17007777
LEO1	200	guide8	0.19711199	0.18515563	0.37127493	0.25118085	0.29445651
LEO1	200	guide13	0.18962628	0.18801470	0.36868287	0.24877462	0.35788296
LEO1	200	guide15	0.14262016	0.14419560	0.40793263	0.23158280	0.18765342
LEO1	200	guide28	0.13504918	0.12588765	0.42838707	0.22977463	0.15062842
LEO1	200	guide20	0.10956771	0.08411160	0.44900907	0.21422946	0.20234684
LEO1	200	guide29	0.11746127	0.13892297	0.37759485	0.21132637	0.18415304
LEO1	200	guide16	0.08837097	0.04840021	0.45089011	0.19588709	0.15554744
LEO1	200	guide23	0.07586793	0.10292657	0.40066873	0.19315441	0.12095712
LEO1	200	guide10	0.16761914	0.11761794	0.28880769	0.19134826	0.21112209
LEO1	200	guide5	0.09413600	0.09541589	0.38390661	0.19115283	0.17507582
LEO1	200	guide2	0.17157451	0.14081002	0.25958886	0.19065780	-0.00614767
LEO1	200	guide22	0.07290235	0.09114528	0.38093154	0.18165972	0.18005097
LEO1	200	guide19	0.10063012	0.08496512	0.34711070	0.17756865	0.22888904
LEO1	200	guide27	0.07050717	0.07537238	0.38526438	0.17704798	0.20800271
LEO1	200	guide6	0.18102003	0.11753844	0.19286795	0.16380881	0.20518521
LEO1	200	guide30	0.03509942	0.09535438	0.35605880	0.16217087	0.17769798
LEO1	200	guide18	0.10864747	0.05510538	0.31488109	0.15954464	0.19860250
LEO1	200	guide26	-0.01338795	0.05371934	0.40989899	0.15007679	0.16418123
LEO1	200	guide24	0.06818160	0.10069452	0.23109625	0.13332412	0.19502274
LEO1	200	guide7	0.00577251	0.14576914	0.17395142	0.10849769	0.13525973
LEO1	200	guide11	-0.00648599	0.02288157	0.28824706	0.10154755	0.13586748
LEO1	200	guide1	0.01933215	0.02097802	0.24993805	0.09674941	0.16741538
LEO1	200	guide31	-0.06833173	-0.05099377	0.13202939	0.00423463	0.08589451
LEO1	200	guide32	-0.10249727	-0.06515863	-0.04766183	-0.07177257	0.07389057
LEO1	500	guide14	0.48431064	0.40118388	0.65694051	0.51414501	0.50334047
LEO1	500	guide17	0.14666263	0.19495595	0.47869410	0.27343756	0.44628782
LEO1	500	guide9	0.19595741	0.20019219	0.40769987	0.26794983	0.43580553
LEO1	500	guide4	0.15616169	0.16524383	0.41076158	0.24405570	0.45078824
LEO1	500	guide21	0.17746858	0.19918371	0.34754774	0.24140001	0.07823833
LEO1	500	guide8	0.18629890	0.18949929	0.32930895	0.23503571	-0.05947714
LEO1	500	guide3	0.15019403	0.15537864	0.39389794	0.23315687	0.39645948
LEO1	500	guide25	0.12634035	0.16004589	0.41021797	0.23220140	0.43114796
LEO1	500	guide20	0.11877991	0.12121344	0.43564455	0.22521263	0.43799064
LEO1	500	guide12	0.15299618	0.13728247	0.38202343	0.22410069	0.34562405
LEO1	500	guide28	0.13901546	0.11132512	0.41459581	0.22164546	0.43427859
LEO1	500	guide29	0.12666385	0.11949773	0.37708925	0.20775027	0.45596855
LEO1	500	guide22	0.10679343	0.11821305	0.38478823	0.20326490	0.44859119
LEO1	500	guide13	0.12577716	0.13961249	0.32654928	0.19731298	0.42251093
LEO1	500	guide15	0.10677558	0.08860826	0.37700940	0.19079775	0.45508121
LEO1	500	guide23	0.07047019	0.11665861	0.36954742	0.18555874	0.42452245
LEO1	500	guide5	0.05772770	0.10705915	0.32645738	0.16374807	0.41152399
LEO1	500	guide16	0.03007947	0.03596866	0.41266518	0.15957110	0.44896132
LEO1	500	guide2	0.13583390	0.13746449	0.18487310	0.15272383	0.06448171
LEO1	500	guide27	0.03826235	0.06150284	0.32848933	0.14275151	0.43762782
LEO1	500	guide30	0.02987080	0.07673867	0.31811369	0.14157439	0.43583004
LEO1	500	guide19	0.04499681	0.05087224	0.31211754	0.13599553	0.46225452
LEO1	500	guide10	0.08496696	0.10136969	0.21561493	0.13398386	0.42306082
LEO1	500	guide26	-0.00758016	0.03687759	0.36202608	0.13044117	0.44286884
LEO1	500	guide1	0.03754600	0.05498777	0.24480239	0.11244539	0.29316475
LEO1	500	guide24	0.05244476	0.08617484	0.18803334	0.10888431	0.43316315
LEO1	500	guide6	0.09914522	0.05778350	0.15721094	0.10471322	0.37254750
LEO1	500	guide18	0.03667208	0.02946770	0.24638983	0.10417654	0.41911702
LEO1	500	guide7	0.01486649	0.05014542	0.15295847	0.07265679	0.34198163
LEO1	500	guide11	-0.03451487	-0.00185703	0.21216200	0.05859670	0.39951111
LEO1	500	guide31	-0.01605843	-0.00970458	0.18708885	0.05377528	0.12506009
LEO1	500	guide32	-0.07463487	-0.07083926	-0.00463242	-0.05003552	-0.09479055
