CB	CorrectedReads	MappedReads	DeduplicatedReads	MappingRate	DedupRate	MeanByMax	NumGenesExpressed	NumGenesOverMean
CATCCACAGGCCTGCT	7235	2516	2286	0.347754	0.0914149	0.00671076	1257	261
AGGAGGTCAAGCAATA	8576	4539	4208	0.529268	0.0729236	0.024283	2015	299
GCATGATGTCTCAGAT	8739	4819	4394	0.551436	0.0881926	0.0285195	2170	330
CCAATGAAGCTAGTTC	8669	1799	1797	0.207521	0.00111173	0.0385722	1226	232
CACGTGGTCTGACAGT	8147	2106	2103	0.2585	0.0014245	0.0632215	1512	298
CGGAATTGTCTACAGT	7336	1868	1865	0.254635	0.001606	0.0383429	1216	254
TCATGCCGTATCCCAA	7569	1276	1276	0.168582	7.10776e-12	0.0446435	922	173
AGTAGCTTCAAACCTG	8364	4029	3718	0.481707	0.0771904	0.0237534	2087	554
CCGTGAGTCCATTCAT	11807	5853	5444	0.495723	0.0698787	0.0255318	2423	411
CTGCCATGTGTCTTGA	8520	2279	2277	0.267488	0.000877578	0.045184	1362	307
ATTCCCGCAATCCTTT	9589	2392	2390	0.249452	0.00083612	0.0409808	1620	379
GTCAAGTCAGACAATA	8006	983	983	0.122783	4.77063e-13	0.0334832	699	126
GACACGCTCCATGAGT	16399	6786	6782	0.413806	0.000589449	0.0360185	2769	697
AGCCAATGTCTACGAT	10402	2527	2524	0.242934	0.00118718	0.0393809	1526	358
TTCGGTCAGAGCAAGA	8007	1660	1657	0.207319	0.00180723	0.0362788	1114	214
GAGACCCTCAGCTGTA	12870	3341	3338	0.259596	0.000897935	0.032517	1901	497
CAGCAGCCACAGAAGC	11483	3913	3910	0.340765	0.000766675	0.0226982	1914	276
AACAACCTCGCGTGCA	13440	3137	3134	0.233408	0.000956328	0.028031	1682	460
AGTAACCGTCTGTTAG	7168	3681	3419	0.513532	0.0711763	0.0249156	1737	522
TGGATGTCACTGATTG	17922	12024	11086	0.670907	0.0780106	0.0113374	2739	338
GTTCTATTCATGAGAA	7078	1757	1757	0.248234	8.51541e-14	0.0741569	1247	305
CCTCAACCATGGAAGC	6923	3590	3275	0.518561	0.0877437	0.0420033	1695	475
AATGGCTAGCACACCC	6925	1447	1446	0.208953	0.000691085	0.0175179	938	166
CCCTAACAGCGTTGTT	7031	2338	2337	0.332527	0.000427716	0.0352223	1327	293
GATCAGTTCCGGCAAC	6866	1163	1161	0.169385	0.00171969	0.0366339	834	140
TGACCCTTCAGACAAA	6890	1804	1803	0.261829	0.000554324	0.0457545	1159	252
TGCTTGCTCGTAGGGA	6827	2949	2865	0.431961	0.0284842	0.018616	1425	207
CGAATTGCAGTTTGGT	6739	3134	2903	0.465054	0.0737077	0.0274965	1487	371
CTCATTATCGTTATCT	6436	2806	2612	0.435985	0.0691376	0.0131408	1430	395
ATCCACCCAACCGTAT	6885	3910	3593	0.567901	0.0810742	0.0300318	1994	570
CACACAAAGGTTCATC	6670	1881	1881	0.282009	2.79776e-14	0.066382	1288	245
ACATCGAAGAAACACT	6162	3044	2792	0.493995	0.0827858	0.043707	1597	416
TTCATGTGTCACTCAA	6791	1595	1593	0.23487	0.00125392	0.0663087	1092	246
ACTCCCAGTCCTGGGT	6239	2460	2455	0.394294	0.00203252	0.0308572	1326	341
CCGTGAGCAGAATTCC	6054	1237	1237	0.204328	8.0792e-12	0.0566392	840	155
CTTCTCTCACGTATAC	5845	3112	2897	0.532421	0.0690874	0.0195185	1441	228
GGGATCCTCGGTCATA	5880	1927	1926	0.327721	0.000518941	0.0312105	1210	274
GCCAGCATCACATACG	6074	988	987	0.162661	0.00101215	0.05	705	106
GCCCGAATCTACGGTA	5697	1433	1432	0.251536	0.000697837	0.0604857	947	191
TTCACGCAGCTGTTCA	5741	2780	2541	0.484236	0.0859712	0.0584945	1448	353
GTTTGGAGTCGAGATG	5677	2035	2035	0.358464	4.08118e-13	0.0553034	1187	280
TCTCCGACAGGCTCTG	5648	1266	1265	0.22415	0.000789889	0.0520576	900	169
CACGAATGTGGCACTC	5629	1623	1621	0.288328	0.00123229	0.0584018	1028	236
CCTTGTGAGGTCATTC	5370	2476	2286	0.46108	0.0767367	0.0177719	1354	334
TTACAGGTCCTTATCA	5575	1518	1517	0.272287	0.000658762	0.0761126	1049	223
TCTCTGGGTATAGGAT	5059	2532	2369	0.500494	0.064376	0.0354047	1312	311
CACTAAGCAGACCAGA	5235	1843	1840	0.352053	0.00162778	0.0365384	1199	258
TGCGACGGTAGGACTG	5565	1490	1488	0.267745	0.00134228	0.0716487	944	188
ATCCCTGCACCTAAAC	5119	1778	1775	0.347333	0.00168729	0.0547907	1157	237
GACCCAGGTCACTGAT	5334	1572	1570	0.294713	0.00127226	0.0783316	1179	210
CGCCATTGTTCTATCT	5026	2355	2162	0.468563	0.0819533	0.0418992	1290	284
CTTCGGTTCACCGGGT	5122	1342	1341	0.262007	0.000745156	0.0510585	938	187
GCCCGAACACAATGCT	5042	1691	1689	0.335383	0.00118273	0.0654499	1122	231
TCATCCGGTCGAACAG	5105	1484	1481	0.290695	0.00202156	0.0387291	956	206
CAGATCAAGACGACGT	5690	4737	4603	0.832513	0.0282879	0.0170656	133	3
AGAAGCGGTGGAAATT	5713	4831	4682	0.845615	0.0308425	0.0230785	82	3
CCAATTTGTCATCCCT	12414	9052	8206	0.729177	0.09346	0.00105767	1427	90
CATGCAAAGTCCGCCA	4961	1816	1815	0.366055	0.000550661	0.0414611	1152	239
ACTATGGGTAAGCAAT	4631	2153	2003	0.46491	0.0696702	0.0499327	1294	298
TCAGCCTAGCTTACGT	4844	606	605	0.125103	0.00165017	0.0680387	494	65
ATCTCTAAGTGCTCGC	5465	4595	4464	0.840805	0.0285092	0.022478	99	3
GGTTGTAAGTGCAGCA	4955	1369	1367	0.276287	0.00146092	0.0442567	936	187
AGTTAGCGTCCTTGTC	4737	2951	2701	0.622968	0.084717	0.0587915	1482	383
AGAGAATCACGTGTGC	4666	2701	2496	0.578868	0.0758978	0.0283006	1297	367
TCAAGCAGTTTGTTCT	5309	4488	4361	0.845357	0.0282977	0.014031	154	3
GTAATGCAGCCTGTCG	4757	2193	2024	0.461005	0.0770634	0.0378374	1244	275
GAAGTAATCGTGACTA	4649	1041	1040	0.223919	0.000960615	0.067493	811	113
GCAACATTCACGGACC	4599	2296	2072	0.499239	0.097561	0.0300931	1167	288
CGTTCTGTCGAGTGAG	4659	1595	1595	0.342348	6.99851e-12	0.0706534	1075	227
TTACAGGCAGCATACT	4569	1568	1444	0.343182	0.0790816	0.0393375	966	203
GTTTGGACACCGAATT	4870	1453	1451	0.298357	0.00137646	0.070777	1079	202
TCGAAGTAGGTCGCCT	4482	1290	1290	0.287818	9.60398e-12	0.0462863	929	177
AAGGTAATCATCGCCT	4545	2223	2036	0.489109	0.0841206	0.0611871	1331	311
TCAGTTTTCTGCGGGT	4543	659	658	0.145058	0.00151745	0.0278201	438	41
GTATTGGTCCAATCCC	4500	1203	1200	0.267333	0.00249377	0.0626239	871	153
ACTGTCCGTGGCAACA	4483	2280	2098	0.508588	0.0798246	0.0429654	1285	303
CCACGAGAGCCTATCA	4466	2222	2033	0.497537	0.0850585	0.0521309	1258	290
ATGGTTGAGTAGGAAG	4458	1208	1207	0.270974	0.000827815	0.0481107	896	162
TTTGTTGTCCGTGACG	4571	1432	1430	0.313279	0.00139665	0.0777174	920	200
CTGGTCTAGGAAAGTG	4592	3820	3697	0.831882	0.032199	0.0288294	74	3
AGAAATGTCATTTACC	4346	2270	2073	0.522319	0.0867841	0.0284499	1235	296
GTTCTATCAACGTTAC	4446	1831	1829	0.411831	0.0010923	0.0437958	1099	266
TCTCACGGTCCCTGTT	4225	1895	1749	0.448521	0.0770449	0.0480165	1175	264
TGCATCCTCTCTCCGA	4184	1186	1184	0.283461	0.00168634	0.161572	916	165
GAGGGTATCGGTGAAG	4320	1164	1163	0.269444	0.000859107	0.0658327	803	152
GTTGCTCGTTTACCTT	4451	1185	1185	0.266232	-4.44089e-16	0.0894677	883	153
CTTACCGTCGGAATGG	4291	1987	1827	0.463062	0.0805234	0.007853	1034	183
CTAACTTTCTGCGTCT	4261	2329	2169	0.546585	0.068699	0.037978	1298	319
GGAATCTCACTACACA	4245	2032	1861	0.478681	0.0841535	0.0430997	1167	255
AACAAGACAAGTTCCA	4282	2950	2872	0.68893	0.0264407	0.00446182	806	54
TTTCGATGTAGACTGG	4199	2124	1973	0.505835	0.0710923	0.0517196	1156	274
AAGTGAAAGTGGACTG	4381	1647	1646	0.375942	0.000607165	0.0562543	1045	213
GACATCAAGTCAACAA	4297	600	600	0.139632	1.16451e-12	0.0464936	445	57
GTGGAAGTCGAAGCAG	4173	1613	1612	0.386532	0.000619963	0.0502745	1002	216
TTGTGGAGTATGACAA	4086	1436	1436	0.351444	5.17175e-12	0.0456917	873	209
ACTTCGCCACTGTGAT	4040	1209	1209	0.299257	2.14606e-13	0.05213	892	155
CAATACGTCACCTCTG	4004	917	916	0.229021	0.00109051	0.0857517	763	103
ACCTGTCGTAGTGGCA	4000	2493	2444	0.62325	0.019655	0.00472929	660	27
ACCCTTGCACTGAATC	4219	3550	3428	0.841432	0.0343662	0.019432	118	3
TTGGGATAGTGTAGTA	4194	3448	3369	0.822127	0.0229118	0.0242428	92	3
CGTTAGATCTTCCGTG	3960	1835	1689	0.463384	0.079564	0.0727202	1106	259
ACGGGTCCATAGATCC	3993	910	910	0.227899	2.20093e-11	0.0802186	709	121
CGGCAGTAGGGTGAAA	3912	2000	1829	0.511247	0.0855	0.0494859	1120	256
CTCATCGGTTTCACAG	3907	1399	1397	0.358075	0.00142959	0.0543495	952	197
GGGTTATCAGGACGAT	3882	2264	2112	0.583205	0.0671378	0.048048	1188	325
CCGATGGAGACGATAT	3874	2135	1942	0.55111	0.0903981	0.041179	1179	285
CACCGTTAGAGGACTC	3998	3341	3248	0.835668	0.027836	0.0226199	97	3
GACATCACATGTTCGA	3832	1171	1063	0.305585	0.0922289	0.020716	529	25
CCACACTTCATAGAGA	3876	1701	1555	0.438854	0.0858319	0.0499117	1005	220
AGCGCCAAGAATTTGG	3819	1368	1249	0.358209	0.0869883	0.0115234	686	100
TGTGCGGAGTTGGCTT	3935	1323	1322	0.336213	0.000755858	0.0445388	873	173
AGTAGTCAGTCTGCGC	3966	3260	3169	0.821987	0.0279141	0.0215061	107	3
ATTCCCGTCTCAATCT	3824	955	955	0.249738	5.80314e-13	0.104201	705	139
ATCACAGGTGAATATG	3802	740	740	0.194634	2.2213e-11	0.0487355	584	78
TTCCTTCTCATGTCAG	3766	811	811	0.215348	2.081e-12	0.0633297	674	92
GCTGAATCAAGGCAAC	3766	1894	1726	0.502921	0.0887012	0.0464578	1032	234
AGCGATTGTAAGGTCG	3746	2270	2080	0.60598	0.0837004	0.0338321	1160	295
TCAAGACAGGCTAACG	3776	2578	2533	0.682733	0.0174554	0.00428848	762	37
TGTTTGTGTTCATCTT	3721	2090	1928	0.561677	0.077512	0.0492276	1119	271
TCAAGTGAGCCAGTAG	3744	2544	2506	0.679487	0.0149371	0.00447418	741	37
TGAGGTTTCGTAATGC	3695	906	905	0.245196	0.00110375	0.0756057	665	124
GTGGGAACATCGTGGC	3818	701	701	0.183604	1.15463e-13	0.151339	579	92
AACCAACGTCCGGATC	3659	1883	1722	0.514621	0.0855019	0.044086	1116	246
GATGATCCAGCATGCC	3718	1681	1550	0.452125	0.0779298	0.0647371	1041	219
TCCGATCGTAGGCAAC	3628	1955	1816	0.538864	0.0710997	0.034095	1087	247
TACCGAACAGATTCGT	3488	418	417	0.119839	0.00239234	0.133143	427	332
GTAGAGGTCCTGTTGC	3636	2606	2536	0.716722	0.0268611	0.00463733	782	47
AGATCCACACCTGTCT	3590	1651	1518	0.459889	0.0805572	0.0422512	998	216
TAGAGTCCAATGCAGG	3588	1828	1690	0.509476	0.0754923	0.0620343	1009	223
CTTACCGCAGATCCAT	3523	1921	1762	0.545274	0.0827694	0.0399402	1076	261
CTTCTCTTCGGTCACG	3524	592	591	0.167991	0.00168919	0.0875815	482	76
TCCGAAACAGCGCTTG	3511	688	686	0.195956	0.00290698	0.0482351	547	73
AGACACTCACTCAGAT	3674	379	377	0.103157	0.00527705	0.0525362	312	30
TGCAGTACAATCCTAG	3470	1763	1628	0.508069	0.076574	0.0114565	643	49
AACGAAAAGTCTACCA	3606	3067	2986	0.850527	0.0264102	0.0239974	78	3
GAGCCTGCACGCCACA	3529	2889	2816	0.818646	0.0252683	0.0243279	91	3
ACTGTGAGTCCGGATC	3438	851	851	0.247528	4.13336e-12	0.0448934	677	101
AACAAAGCACTGCGAC	3399	1674	1518	0.492498	0.09319	0.0595154	981	205
AGGTCATCACGCACCA	3511	2895	2817	0.824551	0.026943	0.0237758	93	3
CAGCGTGCAAATGGAT	3398	1605	1468	0.472337	0.0853583	0.0412858	961	203
CCTCACACACTCAGAT	3354	1218	1199	0.363148	0.0155993	0.00640064	635	111
ACAGAAAGTGTTGATC	3359	1114	1112	0.331646	0.00179533	0.0585756	791	135
ATCCCTGTCGTTGTAG	3468	2925	2852	0.843426	0.0249573	0.0253469	85	3
AGTTCCCCATGAAGCG	3457	2859	2779	0.827018	0.0279818	0.0377875	54	3
GGGCTCAAGAATCTAG	3324	2110	2077	0.634777	0.0156398	0.00481531	618	24
CAGCAGCGTCCACACG	3349	404	404	0.120633	3.33067e-16	0.0761689	312	38
AAAGGGCAGAGTGGCT	3287	1910	1740	0.581077	0.0890052	0.0666029	1045	266
TTTGGTTGTCCAAAGG	3356	962	962	0.286651	8.85514e-13	0.080267	705	132
CATGCGGTCGCCAGTG	3210	1254	1178	0.390654	0.0606061	0.0285846	723	116
TTCGATTCAGGAATAT	3263	485	484	0.148636	0.00206186	0.0754835	458	46
CTAACTTGTGTGATGG	3302	2728	2648	0.826166	0.0293255	0.0236234	90	3
GGTGAAGCAGGACTTT	3256	2186	2139	0.671376	0.0215005	0.00528995	648	41
TCAGTGAGTGTGCCTG	3205	1669	1532	0.520749	0.0820851	0.0566778	901	227
ATGGGAGCAAGTGGAC	3169	498	498	0.157147	4.66216e-12	0.0636015	435	49
AGAAGTAAGCGCATCC	3278	529	529	0.161379	2.22045e-16	0.0659437	382	51
CGCATGGAGCCACAAG	3139	1439	1332	0.458426	0.0743572	0.0619708	977	194
CAATTTCTCACAATGC	3166	275	274	0.0868604	0.00363636	0.188667	265	37
CGGGTCATCGTAGGAG	3194	1737	1603	0.543832	0.0771445	0.0574737	1033	245
AGATAGATCCGGCAAC	3148	1786	1753	0.567344	0.018477	0.00675944	411	12
GTAGGAGTCCCAGTGG	3114	1579	1442	0.507065	0.0867638	0.0119458	632	44
ACACTGAAGTATGACA	3107	383	382	0.12327	0.00261097	0.10977	348	38
AGGAAATCACTTGGCG	3123	1730	1572	0.553955	0.0913295	0.0285092	919	209
CAGGTATAGCAGTACG	3091	1132	1130	0.366225	0.00176678	0.0594487	704	139
ACTTCCGCACTCTCGT	3061	951	951	0.310683	7.58271e-12	0.0744131	710	137
AATAGAGCAAAGTGTA	3079	1739	1601	0.564794	0.079356	0.0752597	1013	219
GACGTTAAGCCGCTTG	3086	2567	2486	0.831821	0.0315543	0.0205733	107	3
TTCTAACAGAGCCGAT	3046	806	804	0.264609	0.00248139	0.0848818	592	96
AGGCATTAGTTACGAA	3033	980	898	0.323112	0.0836735	0.0366067	629	102
AGGTAGGAGTGCCTCG	3013	291	291	0.0965815	6.07738e-11	0.154541	269	36
TGGCGTGTCCGGTAAT	3054	967	965	0.316634	0.00206825	0.0520552	713	117
CAATTTCAGTCTTGGT	3015	324	323	0.107463	0.00308642	0.0995378	295	33
ATCGGATGTTAGGGAC	3059	2667	2584	0.871854	0.0311211	0.0338403	51	3
CGGTCAGAGATTAGAC	2973	1678	1572	0.564413	0.0631704	0.0602091	967	227
ATCATTCCACTCATAG	3007	395	395	0.13136	4.08973e-12	0.04694	255	30
CCTAACCCATGTCGTA	2994	2053	1988	0.685705	0.031661	0.00594318	615	31
GTTACGAAGTATGAGT	2994	709	709	0.236807	7.363e-13	0.0743498	596	83
GCTGGGTGTTGGCTAT	2954	1401	1297	0.474272	0.0742327	0.0574708	868	179
CACGTTCTCCCGTGTT	2926	1568	1568	0.535885	1.87539e-12	0.012504	760	101
TCACACCCAGTATTCG	2897	775	774	0.267518	0.00129032	0.0944363	683	102
TTTGGTTCAGCGTATT	2928	833	833	0.284495	2.07889e-12	0.0804675	647	108
TCACACCGTGGGAGAG	2895	1539	1412	0.531606	0.0825211	0.0322007	877	189
CTCAGGGAGCCAACCC	2802	1523	1488	0.54354	0.022981	0.011994	243	12
CTGAGCGCACCCTATC	2880	1958	1923	0.679861	0.0178754	0.00554351	608	21
GGGCTCAGTTGACGGA	2913	2455	2373	0.842774	0.0334012	0.0523215	40	3
ATCGTGACAGCAGACA	2878	1966	1936	0.683113	0.0152594	0.00500398	654	27
ATCCTATAGGCCATAG	2868	1417	1304	0.494073	0.0797459	0.0471644	864	164
CACTAAGAGGTTCTTG	2874	2005	1955	0.697634	0.0249377	0.00470901	637	32
TCCGTGTTCCCTCAAC	2840	1993	1947	0.701761	0.0230808	0.00600344	578	35
TCGGATAGTGTTCCTC	2800	1233	1193	0.440357	0.0324412	0.0459129	928	151
AGGCTGCGTAATTGGA	2835	1545	1404	0.544974	0.0912621	0.0636792	848	192
CTCCACATCTACACAG	2910	336	335	0.115464	0.00297619	0.113923	332	33
AGAACCTCAACTGAAA	2740	1189	1090	0.433942	0.0832632	0.067201	811	145
TGGGAGAAGTCTACCA	2776	1948	1895	0.701729	0.0272074	0.00653419	590	33
GGGTGTCCAATTGCAC	2762	1887	1847	0.683201	0.0211977	0.00537103	539	32
GAGGGTAAGTCCGCGT	2752	407	406	0.147892	0.002457	0.12454	326	44
CCGGGTAAGGGTTTCT	2850	2380	2313	0.835088	0.0281513	0.0424674	49	3
TACCGGGGTCCAGGTC	2759	703	643	0.254802	0.0853485	0.0337002	424	55
TAAGCACGTAGAGTTA	2748	652	652	0.237263	2.75173e-11	0.0504566	497	67
CATGCCTGTGGAACCA	2732	1488	1460	0.544656	0.0188172	0.00758722	328	8
CGTGAATTCATCGGGC	2769	1513	1407	0.546407	0.0700595	0.0635157	923	201
ACTACGAGTCAAGGCA	2712	350	349	0.129056	0.00285714	0.0682841	269	32
TTGTGGAGTGCATTTG	2724	1836	1791	0.674009	0.0245098	0.00607306	591	24
CACAACATCACTGGTA	2701	651	651	0.241022	3.33067e-16	0.0541012	573	69
GGGACAATCGTGGGTC	2710	1249	1247	0.460886	0.00160128	0.0575317	867	164
GCGTGCAAGCTGTCCG	2700	727	727	0.269259	3.09752e-14	0.0627157	552	90
GGTTGTAGTAGCTTTG	2682	1844	1804	0.687547	0.021692	0.00607776	582	27
CTCATGCGTGTCCCTT	2706	445	443	0.164449	0.00449438	0.0963882	383	38
ATTCGTTAGTTGGGAC	2680	465	464	0.173507	0.00215054	0.0370311	358	37
CCGGTGAAGCTTCGTA	2674	1897	1858	0.709424	0.0205588	0.00483597	606	25
GGGCCATGTATGTCAC	2680	2220	2158	0.828358	0.0279279	0.0312908	70	3
AACGGGAGTCCAGCCA	2659	1319	1223	0.496051	0.0727824	0.0747829	962	161
ATACCGACACCCAATA	2644	324	324	0.122542	8.88178e-16	0.0981818	330	250
TCACAAGAGAATTCAG	2672	2197	2136	0.822231	0.0277651	0.0380121	59	3
TGAGGAGGTGGCACTC	2616	1852	1817	0.707951	0.0188985	0.00542925	588	38
ATCATTCAGCCGTCGT	2676	2228	2173	0.832586	0.0246858	0.0523191	40	3
AGTGATCCAAATAAGC	2588	270	270	0.104328	1.25495e-10	0.127056	253	33
CCCTAACTCGGAATGG	2568	696	695	0.271028	0.00143678	0.103577	610	87
GTGTCCTTCACTTATC	2670	2289	2231	0.857303	0.0253386	0.0313688	60	3
TGGGAGAAGCCTCTGG	2548	1262	1163	0.49529	0.0784469	0.0541535	826	159
GACAGCCCACGGAAGT	2541	441	438	0.173554	0.00680272	0.0318453	299	38
AGGCATTCAGCGTACC	2627	377	377	0.14351	3.88578e-15	0.0892308	325	40
CCAAGCGCATCCGAGC	2541	341	341	0.134199	1.04017e-12	0.0473677	313	32
CCCGAAGCAGCTACCG	2538	1000	909	0.394011	0.091	0.0490529	639	104
ACGGTCGGTAAGCGGT	2542	1488	1466	0.585366	0.0147849	0.00800814	359	17
TCATTGTGTCTGTGCG	2529	510	510	0.201661	2.47105e-11	0.0550518	386	49
CGAAGGAGTCAATCTG	2512	369	368	0.146895	0.00271003	0.0549336	319	31
CACAGGCGTGTACGCC	2498	1719	1684	0.688151	0.0203607	0.0061087	545	23
GAGCCTGGTGACACAG	2501	1233	1126	0.493003	0.0867802	0.0412454	780	143
CCACACTGTCGACTTA	2474	939	873	0.379547	0.0702875	0.0177007	411	25
CGGTCAGAGGCTGTAG	2446	1643	1607	0.671709	0.0219111	0.0105201	328	16
GGGACCTGTTATGACC	2411	394	394	0.163418	6.34398e-11	0.0355339	252	20
AACGTCACACGGTAGA	2495	344	343	0.137876	0.00290698	0.0712949	283	38
AAGACTCTCACCTCGT	2432	1611	1565	0.662418	0.0285537	0.00546823	581	39
GGGTATTGTCTCGACG	2493	2131	2071	0.854793	0.0281558	0.0333122	58	3
TCTATCATCTAGTCAG	2390	830	767	0.34728	0.0759036	0.0648736	563	81
CTCCCAATCAGCATTG	2388	994	904	0.416248	0.0905433	0.0576825	653	105
ATCAGGTAGGTAACTA	2362	256	255	0.108383	0.00390625	0.179897	257	215
TCCTAATTCTACGGTA	2380	1918	1869	0.805882	0.0255474	0.0527162	38	3
CATTCATAGTCCCAGC	2323	401	401	0.172622	1.96654e-12	0.115429	386	38
TAGACTGGTCGAGATG	2297	1061	965	0.461907	0.0904807	0.0424176	650	111
GCTGGGTAGTCACTCA	2362	294	294	0.124471	7.76013e-12	0.109375	224	35
TGGCGTGAGCACCTGC	2356	1972	1904	0.837012	0.0344828	0.0435432	47	3
GTCAAACGTAACATAG	2325	1831	1780	0.787527	0.0278536	0.0293149	80	3
TAGGGTTGTGCAAGAC	2393	1021	1021	0.426661	7.32747e-15	0.0865401	694	137
GAAACCTTCTCGCAGG	2295	1882	1815	0.820044	0.0356004	0.0532803	39	3
AAAGGATCAGCGTATT	2266	326	325	0.143866	0.00306748	0.078125	260	37
GTTGTCCCACTACGGC	2277	904	828	0.397014	0.0840708	0.0929919	636	101
TCTCTGGTCAGATTGC	2249	567	567	0.252112	0	0.0671085	497	60
TGTCCACCAGCAGGAT	2282	1953	1889	0.855828	0.0327701	0.0324464	55	3
TCGGGCAGTAGGTTTC	2104	739	687	0.351236	0.0703654	0.0397018	309	21
GACGTTAGTCTTCATT	2359	359	359	0.152183	8.84826e-12	0.0537264	257	32
TAAGCACCATAGCTGT	2142	840	774	0.392157	0.0785714	0.0561684	530	92
CTGCATCGTATAGCTC	2259	909	908	0.40239	0.00110011	0.194266	779	120
CCGTTCATCTCTTAAC	2129	510	510	0.239549	-6.66134e-16	0.17	500	43
ATCAGGTGTTGTAGCT	2225	1865	1804	0.838202	0.0327078	0.0258542	98	3
CTCAAGATCCATACTT	2144	645	588	0.30084	0.0883721	0.0887949	473	67
ATACCGAGTTATAGCC	2095	1743	1689	0.831981	0.0309811	0.0659112	30	3
ATTCTACTCGACGAGA	2097	349	348	0.166428	0.00286533	0.199427	349	281
ACTTTCACATCATGAC	2268	287	287	0.126543	4.44089e-16	0.0546667	250	33
TTGGGATGTGTTCATG	2087	471	439	0.225683	0.0679406	0.0419213	308	35
TCACGCTGTTCCTTGC	2089	392	392	0.18765	1.23124e-13	0.0568363	363	29
GTTGAACAGGGTTAGC	2120	1284	1266	0.60566	0.0140187	0.0167098	188	8
CTTTCGGTCGGACAAG	2071	281	280	0.135683	0.00355872	0.102677	303	214
TGATTCTTCAGCTAGT	2071	1692	1645	0.816997	0.0277778	0.0181341	134	4
ATTGGGTAGGCACTAG	2079	1775	1726	0.853776	0.0276056	0.0607098	36	3
GACCCTTCATTCAGGT	2052	1442	1414	0.702729	0.0194175	0.00661109	453	23
TCATTTGAGGGCAAGG	2042	535	496	0.261998	0.0728972	0.0408701	328	37
TCACGCTGTGCAATAA	2041	474	473	0.232239	0.0021097	0.0477344	367	51
CTCCCTCCAAGACTGG	2061	430	386	0.208637	0.102326	0.0490221	254	37
ATTACCTGTACGATCT	2006	1675	1621	0.834995	0.0322388	0.0638664	33	3
AATTTCCGTCCTGGTG	2003	399	399	0.199201	0	0.141866	375	43
ACAGCCGCAATCCTTT	1990	459	428	0.230653	0.0675381	0.0457167	302	36
CAATGACGTTCTTCAT	2031	316	316	0.155588	2.01377e-11	0.157769	317	266
CACCAAATCTAATTCC	1986	383	383	0.19285	9.79383e-12	0.165371	386	303
GTCGAATTCGCACTCT	1907	1551	1510	0.813319	0.0264346	0.105256	18	2
GATTCTTCAGTGACCC	1894	221	221	0.116684	2.98985e-11	0.238147	232	187
GAACACTCAATGTGGG	1970	1062	1038	0.539086	0.0225989	0.0125036	225	11
AGAACCTAGCGCCTAC	2013	576	573	0.28614	0.00520833	0.119624	479	71
ATCGGATGTACTGACT	30471	20294	18441	0.66601	0.0913078	0.000573792	3020	165
TATACCTAGTATTCCG	1906	396	396	0.207765	1.44329e-15	0.094964	417	303
TAACGACGTATAGGAT	1904	288	288	0.151261	7.32547e-12	0.0533333	270	25
ACTTATCAGGGTAGCT	1870	703	650	0.375936	0.0753912	0.0190655	331	43
TTAGGGTAGAAGCCAC	1884	1219	1191	0.647028	0.0229696	0.0073968	406	17
GCGGAAACACATGACT	1778	410	408	0.230596	0.00487805	0.0293103	290	25
CTTCTAACAGACCAAG	1835	494	493	0.26921	0.00202429	0.148853	414	61
GTTCGCTCAGTTACCA	1842	664	614	0.360478	0.0753012	0.0125603	404	44
GTCGTAATCCTACCAC	1832	511	511	0.27893	8.88178e-16	0.142023	514	390
TCACTCGTCATTCACT	1823	371	371	0.203511	5.48629e-11	0.148876	356	29
CATTGAGGTGTTTGCA	1814	426	426	0.23484	1.51322e-11	0.223037	382	45
AGGAATACAGTTTCAG	1812	749	671	0.413355	0.104139	0.0492296	470	55
GCAGCTGCACGTGTGC	1807	491	488	0.271721	0.00610998	0.208547	468	47
TTCCACGGTTGCATAC	1804	373	373	0.206763	0	0.158588	336	33
TCCATGCCATCAGTGT	1857	458	422	0.246634	0.0786026	0.0567509	286	44
TAACGACTCGCGAAGA	1765	618	617	0.350142	0.00161812	0.061332	503	86
AGATCGTAGAGAACCC	1749	765	712	0.437393	0.069281	0.0389539	494	70
GCATGATTCACATCAG	1732	1052	1041	0.60739	0.0104563	0.0117087	284	18
ATCGTCCGTAATGATG	1734	187	187	0.107843	2.31831e-11	0.236388	191	138
TGTTGAGTCTGGGAGA	1726	1186	1168	0.687138	0.0151771	0.00842708	402	28
AACAAAGTCTTGATTC	1722	231	231	0.134146	0	0.10396	202	16
TCATTTGGTGATATAG	1722	1196	1176	0.694541	0.0167224	0.00913334	389	15
ACCAACACACGGTAGA	1719	312	312	0.181501	2.22045e-16	0.236364	330	255
AGCTTCCCAAGAAATC	1716	476	476	0.277389	1.44975e-11	0.155251	438	53
TGCGGGTTCGAACTCA	1708	929	912	0.543911	0.0182992	0.0171107	164	16
TATCTTGTCCACTGAA	1707	350	350	0.205038	2.28401e-11	0.0568182	280	36
GCGGAAAAGTATCCTG	1694	493	457	0.291027	0.0730223	0.0342168	252	28
CTCAGGGGTGCATGTT	1681	235	235	0.139798	7.00495e-12	0.219712	262	208
AGTAGCTAGAGTGTGC	1647	306	306	0.185792	2.1255e-11	0.0507968	251	24
GCCATGGGTCTTTCAT	1676	936	920	0.558473	0.017094	0.0119293	209	9
GGATCTACAGGCACTC	1675	295	295	0.176119	1.27676e-14	0.121098	316	251
GCAACCGAGGTACCTT	1678	1068	1049	0.636472	0.0177903	0.00925419	314	11
CCGATGGGTAGTGCGA	1675	494	492	0.294925	0.00404858	0.0909763	416	57
CTCAGGGCATGTGGTT	1658	443	405	0.267189	0.0857788	0.0455056	356	30
TTATTGCAGAGGCGTT	1649	587	581	0.355973	0.0102215	0.17437	476	84
TTATTGCGTCCTATAG	1657	325	325	0.196138	3.33067e-16	0.176439	307	42
CTCACTGTCCGGACGT	1676	187	186	0.111575	0.00534759	0.190476	217	156
GAAGTAACAGTGGGTA	1641	493	455	0.300427	0.0770791	0.0658275	288	36
TAACACGAGGCGACAT	1646	951	927	0.577764	0.0252366	0.0112059	262	11
AATGGCTCATCAGCAT	1628	907	894	0.557125	0.014333	0.0142368	193	9
GGTAGAGTCCACGGGT	1617	283	283	0.175015	5.66214e-15	0.206569	274	30
GTATTGGAGACTGTTC	1591	518	485	0.325581	0.0637066	0.0419841	304	42
ACAAGCTCAAGACCGA	1590	397	352	0.249686	0.11335	0.056266	272	29
CTCCTCCAGGTCCTGC	1588	375	375	0.236146	-2.22045e-16	0.100267	340	37
CCACCATCATAGACTC	1586	355	355	0.223834	2.9976e-15	0.0531835	267	30
TGTACAGAGCAGTAAT	1590	1053	1030	0.662264	0.0218424	0.00894416	361	17
GAGACCCTCGGAAGGT	1584	909	894	0.573864	0.0165017	0.00970096	238	7
GTAGCTAAGCTACTGT	1565	429	393	0.274121	0.0839161	0.0465199	256	29
GTTAGTGTCAGAACCT	1583	573	572	0.361971	0.0017452	0.0530957	513	75
TATCTTGAGGTTGTTC	1550	165	165	0.106452	2.40049e-10	0.207078	166	141
GTCTACCGTATCCTTT	1549	413	392	0.266624	0.0508475	0.0525963	257	32
ATTACCTCATCCGTTC	1585	231	231	0.145741	3.00544e-10	0.108247	194	23
GCGGATCTCCGTCCTA	1540	329	304	0.213636	0.0759878	0.0568649	243	25
TGATCAGCACAGCCTG	1536	332	330	0.216146	0.0060241	0.265273	311	34
AGGAGGTGTTTCCATT	1541	1210	1180	0.785204	0.0247934	0.0797297	25	3
CCCAACTGTCAGACGA	1533	408	408	0.266145	1.11022e-16	0.170426	342	48
TCGTGGGCAGAAACCG	1508	1040	1025	0.689655	0.0144231	0.0104162	367	19
AGAGCCCAGTCGGCAA	1505	271	271	0.180066	4.12004e-13	0.0458545	197	18
TGTAGACTCCTGTTGC	1504	1039	1013	0.690824	0.0250241	0.00994395	343	17
GGTCTGGTCTACCACC	1501	388	359	0.258494	0.0747423	0.0507062	236	25
TTCCGGTTCTTTCAGT	1496	394	394	0.263369	0	0.191448	343	48
ATACTTCGTCTTACAG	1496	271	271	0.18115	8.08797e-11	0.0692386	206	22
CAATCGAAGCACTCAT	1486	370	339	0.248991	0.0837838	0.0543269	260	38
ATCCTATGTTTGGCTA	1482	291	291	0.196356	1.53776e-11	0.215556	270	29
CTTCCGAGTAAGGTCG	1472	922	908	0.626359	0.0151844	0.0105224	282	8
CCGTGAGAGATTGAGT	1472	353	353	0.23981	6.26166e-14	0.225559	313	36
TTGACCCGTTGCGGCT	1462	337	336	0.230506	0.00296736	0.121212	308	29
TCTCCGACAACCGACC	1467	263	263	0.179277	4.01942e-11	0.0632516	189	19
AGGTTACTCGACGCGT	1468	423	384	0.288147	0.0921986	0.0431849	228	24
AGGTTACAGCCTATTG	1452	771	758	0.530992	0.0168612	0.0154934	162	8
GATGTTGGTTTGACAC	1450	186	186	0.128276	8.43769e-15	0.199571	233	158
AGGTCTAAGTTCCGGC	1443	333	332	0.230769	0.003003	0.204938	324	35
GTCGTAAAGGTAGTAT	1439	179	179	0.124392	2.36478e-14	0.112579	159	21
TCCCAGTAGTTCATGC	1411	340	340	0.240964	9.41512e-11	0.215873	315	39
TCATGAGAGCGGACAT	1420	259	258	0.182394	0.003861	0.161813	249	19
GAGCCTGCACTTGAAC	1390	784	773	0.564029	0.0140306	0.0158545	181	9
CCGGACAGTTAACCTG	1409	352	352	0.249823	7.9178e-11	0.182762	321	39
CCATAAGTCGTAACAC	1373	540	491	0.393299	0.0907407	0.0519577	315	41
CACCAAATCACGAGGA	1373	319	319	0.232338	2.547e-11	0.175468	303	41
TGCTGAATCGGTAGGA	1372	477	477	0.347668	1.19325e-11	0.166364	375	70
TCGGTCTTCAATCCGA	1376	395	394	0.287064	0.00253165	0.180403	312	54
CCACGTTAGCACGTCC	1362	751	736	0.551395	0.0199734	0.0205495	144	8
CAGATTGTCTGCGGCA	1356	740	723	0.545723	0.022973	0.0191777	130	7
TCGTAGAAGGGTCACA	1339	210	210	0.156833	1.41814e-11	0.0701872	187	20
GACAGCCAGACTGGGT	1340	758	749	0.565672	0.0118734	0.0178299	166	9
GAGTCTATCGTTACCC	1335	158	158	0.118352	-2.22045e-16	0.251994	209	127
TATTCCAAGCGACCCT	1325	381	349	0.287547	0.0839895	0.0730126	239	31
AACAACCGTTTCGATG	1335	518	517	0.388015	0.0019305	0.188962	456	58
GCGAGAAAGGTTCCGC	1320	732	716	0.554545	0.0218579	0.0141126	179	6
GACCGTGTCCCTATTA	1312	805	793	0.613567	0.0149068	0.0163122	223	12
TCAGGGCCATTGGGAG	1316	706	702	0.536474	0.00566572	0.0200692	133	7
ACCTACCAGCAGATAT	1314	223	223	0.169711	3.2641e-10	0.0932274	184	24
TCAGCAAAGTTGCATC	1306	1012	977	0.774885	0.034585	0.0436433	39	3
CGAAGTTAGACATCCT	1302	414	414	0.317972	3.7883e-12	0.192201	359	47
GTGTGATCAGTTGAAA	1297	472	443	0.363917	0.0614407	0.0651088	378	35
TCTTAGTAGCGATGGT	1294	670	658	0.517774	0.0179104	0.0186086	130	7
TCCATCGTCCGTGACG	1305	287	287	0.219923	6.1825e-12	0.0614693	203	23
ATTGGGTGTACCTGTA	1291	346	322	0.268009	0.0693642	0.0278691	218	27
CACGTGGGTATCGGTT	1276	941	867	0.737461	0.0786397	0.056845	492	133
CCGGTAGTCCATAAGC	1279	378	378	0.295543	3.26406e-14	0.217867	347	44
CTACAGATCTGCTCTG	1275	187	187	0.146667	-4.44089e-16	0.148413	210	160
CAAGGGACAGCCCACA	1268	702	693	0.553628	0.0128205	0.0165857	156	5
TAGGTACTCCGCTTAC	1267	546	510	0.430939	0.0659341	0.0623777	112	13
ACAAAGACAACGGGTA	1221	457	424	0.374283	0.0722101	0.0742297	336	38
ACTCTCGCAAGAGGTC	1255	382	382	0.304382	0	0.191767	332	44
CTATAGGCAGCCATTA	1247	320	291	0.256616	0.090625	0.0569918	222	22
CATGGTACAGCTCCTT	1241	269	269	0.216761	1.34366e-11	0.177207	253	22
GCTCAAATCGAACGCC	1244	359	357	0.288585	0.00557103	0.159375	320	36
TTTCCTCAGTCCCAAT	1229	236	236	0.192026	4.98412e-12	0.264574	223	18
AGGACGAGTCTTCCGT	1224	826	807	0.674837	0.0230024	0.0154226	230	19
CCTCACAGTATAATGG	1267	274	272	0.216259	0.00729927	0.347382	261	26
GTAATCGAGCTACAAA	1205	185	185	0.153527	1.05466e-11	0.290881	212	163
GTTCTATTCGCGTGAC	1208	794	784	0.657285	0.0125945	0.0107038	257	9
GTCAAGTCAGTCGTTA	1194	499	497	0.417923	0.00400802	0.0565801	366	67
ATGGGAGCAATCTCGA	1194	452	421	0.378559	0.0685841	0.0677611	327	42
ACCAACATCATGCCGG	1154	912	879	0.790295	0.0361842	0.0398098	48	3
GGAGGATAGTTGCATC	1153	966	937	0.837814	0.0300207	0.0630063	33	3
CCCATTGTCAGAGTGG	1192	335	312	0.28104	0.0686567	0.0470588	255	23
TCAGCAATCCGGGACT	1179	224	222	0.189992	0.00892857	0.0913204	187	17
TCAATCTAGAGGTGCT	1178	400	377	0.339559	0.0575	0.0704015	255	34
AAGCCATCACCATAAC	1174	673	670	0.573254	0.00445765	0.015577	202	8
TGATCTTGTCCGAAAG	1161	205	205	0.176572	1.15414e-11	0.374088	274	183
AGTTAGCGTGGTCAAG	1154	452	416	0.391681	0.079646	0.0489757	274	37
TTCTTGATCGAGAAAT	1151	324	324	0.281494	2.22045e-16	0.273649	296	33
GGTGTCGGTATGTGTC	1144	453	419	0.395979	0.0750552	0.039603	230	27
GGGATGAAGAGGACTC	1146	480	480	0.418848	1.11022e-16	0.128205	416	58
TTCTTCCTCGTGGGTC	1220	248	248	0.203279	4.83106e-11	0.148949	333	215
AGGCTGCGTGTGAATA	1138	745	739	0.654657	0.00805369	0.0112975	272	17
GTCCCATAGGTAAACT	1133	238	238	0.210062	4.9426e-12	0.312336	254	212
AGACAGGCAGAACGCA	1130	702	689	0.621239	0.0185185	0.0249638	126	12
GTGCGTGTCCCATTTA	1129	355	330	0.314438	0.0704225	0.0547718	241	29
GATTCGAAGGAAGAAC	1109	369	368	0.332732	0.00271003	0.174656	301	49
TAATCTCCACCAGACC	1108	399	397	0.360108	0.00501253	0.124257	355	42
ACGGTTAGTCCCTCAT	1106	291	270	0.26311	0.0721649	0.064301	221	28
TGAGACTAGAAGTCTA	1100	198	198	0.18	5.91661e-11	0.122905	179	24
GTAACACAGACCATAA	1099	295	295	0.268426	2.31911e-11	0.297288	301	249
TGCAGGCCACGATTCA	1084	585	584	0.539668	0.0017094	0.0279693	232	11
GTAGCTACACTAGGTT	1083	201	201	0.185596	2.7472e-11	0.164216	204	171
CATACAGTCGAGTGGA	1082	361	361	0.333641	1.55431e-15	0.214881	336	46
GGATGTTGTCGAATGG	1080	604	595	0.559259	0.0149007	0.0225567	121	9
CTACCCATCGAGTCTA	1077	314	314	0.291551	2.17899e-11	0.209333	300	35
TTTGGAGCATCCGATA	1059	263	235	0.248347	0.106464	0.0922292	182	20
GTTAGTGGTCATCAGT	1068	910	876	0.85206	0.0373626	0.0544033	36	3
TTATTGCTCGCCTCTA	1045	252	251	0.241148	0.00396825	0.0676915	206	22
GTTCTATTCGTGGCGT	1051	299	299	0.284491	2.91825e-11	0.215108	278	27
GGTAGAGAGTCATACC	1044	795	780	0.761494	0.0188679	0.00841624	311	26
TGCATCCAGCGTGCCT	1033	193	193	0.186834	1.11022e-16	0.329915	195	166
AGGAATATCCGACAGC	1018	244	229	0.239686	0.0614754	0.152159	215	13
TCTGGCTAGCTACAAA	1014	258	258	0.254438	8.79263e-12	0.212346	243	25
TACCGAAGTCCGACGT	1009	171	171	0.169475	6.90781e-13	0.140625	152	16
AAAGGGCAGACGCATG	1007	731	678	0.725919	0.0725034	0.061614	524	83
GAGGGTATCGGCCAAC	1032	798	773	0.773256	0.0313283	0.042406	87	11
TGCGACGTCAGCCCAG	1006	190	189	0.188867	0.00526316	0.1575	240	157
AGACACTCACAATGCT	1005	243	243	0.241791	0	0.267621	227	19
TCCTTCTGTCCGGACT	997	136	136	0.136409	4.44089e-16	0.361702	188	117
GTCAAACTCGGAAACG	988	210	210	0.212551	-4.44089e-16	0.057377	183	15
GATTGGTAGACATCAA	988	293	268	0.296559	0.0853242	0.0755781	197	27
ACGTAGTGTAATTGGA	1005	210	210	0.208955	9.99201e-15	0.254854	206	19
CGAGTTACAGGATTCT	968	750	728	0.774793	0.0293333	0.0106378	302	12
GTCTTTATCCCGTGTT	958	248	248	0.258873	6.22021e-11	0.25	248	211
CAAGAGGTCGCGAAGA	957	337	310	0.352142	0.0801187	0.0985378	242	27
ACCACAACATGAATAG	958	193	192	0.201461	0.00518135	0.202532	237	170
GTCGCGATCGTCCTCA	956	177	176	0.185146	0.00564972	0.234043	188	153
GAGTGTTGTGCCGTTG	960	145	145	0.151042	-1.11022e-15	0.182161	199	116
CTGAGCGGTCGAATGG	938	190	190	0.202559	8.23949e-11	0.0620915	180	17
TTACGTTAGAATCGAT	928	187	187	0.201509	1.39999e-13	0.0844625	123	20
GTTAGACCACTCAGAT	919	174	174	0.189336	1.35201e-11	0.146218	170	9
TCTCCGAAGGATAATC	914	468	458	0.512035	0.0213675	0.0190405	114	3
TGAGGTTAGCTGACTT	900	340	339	0.377778	0.00294118	0.0994135	310	36
CGAGGCTTCGATGCTA	921	193	193	0.209555	1.11022e-16	0.277844	190	20
GTAGAGGTCACAACCA	897	298	298	0.332219	0	0.279026	267	33
AACACACGTAGGTGCA	874	427	427	0.488558	6.66134e-16	0.0555845	334	40
TGTGAGTAGCACCTGC	858	667	647	0.777389	0.029985	0.0591638	37	3
TGTCCCAGTCACTTAG	852	257	256	0.301643	0.00389105	0.18963	270	202
TCATCATAGGTCACAG	850	283	283	0.332941	2.22045e-16	0.155495	260	30
CTGTATTAGTCATAGA	873	229	229	0.262314	1.92838e-11	0.217062	211	25
GTAATCGTCACGATAC	847	225	225	0.265643	0	0.201794	223	15
GAAGCCCAGGAAAGTG	824	226	226	0.274272	1.11022e-16	0.264019	214	13
AGTGTTGCAGATCATC	844	235	235	0.278436	3.33067e-16	0.226834	259	191
CACACAAAGCGATGCA	816	159	159	0.194853	2.22045e-16	0.221757	239	141
ATCACGAAGACTTAAG	816	306	306	0.375	0	0.301181	254	43
CCTCCAAAGAGGTATT	814	227	226	0.27887	0.00440529	0.251111	225	19
TCCTTCTCATGTCAGT	786	422	416	0.536896	0.014218	0.0160922	143	12
CCTCTCCAGTGCCTCG	803	158	158	0.196762	0	0.173246	152	11
TTTAGTCGTTCCTAAG	783	609	594	0.777778	0.0246305	0.0216252	109	4
CACAGGCAGCGATTCT	778	217	217	0.27892	2.22045e-16	0.246591	220	175
GTAAGTCTCTACACTT	792	119	118	0.150253	0.00840336	0.312169	126	100
CTATCCGTCGATACGT	768	428	419	0.557292	0.021028	0.026452	96	8
CGAAGGAGTGTCTAAC	762	286	283	0.375328	0.0104895	0.0323947	224	23
GTATTGGGTAGCTGAG	734	599	586	0.816076	0.0217028	0.203472	10	2
GTCGCGATCGAGAAAT	750	443	440	0.590667	0.00677201	0.0253237	125	7
GTCTTTAGTTATGGTC	742	494	493	0.665768	0.00202429	0.0164224	190	5
CATGCTCGTACCAATC	741	158	158	0.213225	0	0.145622	155	11
CCACCATTCTCCTGAC	711	198	198	0.278481	-2.22045e-16	0.184358	179	18
GTCATGAGTAGTCTGT	753	616	602	0.818061	0.0227273	0.0855668	25	2
TGCAGATTCCGCGGAT	712	495	456	0.695225	0.0787879	0.117103	354	61
CCTCTCCAGATGGCGT	698	445	437	0.637536	0.0179775	0.0200312	170	9
TGTTCCGTCTCCACTG	740	247	247	0.333784	0	0.276906	223	29
GTAACACCAAACCATC	680	206	206	0.302941	0	0.211282	195	17
TCGGGTGGTCGGCTAC	684	588	580	0.859649	0.0136054	0.0708443	56	7
CTCAAGAGTGCGGTAA	679	192	192	0.282769	0	0.344086	186	13
ACCCTCAGTGACGTCC	670	164	164	0.244776	0	0.169772	161	13
TTTGATCTCAGGACAG	664	420	416	0.63253	0.00952381	0.0334052	93	9
GTTGTGAAGGTCGTGA	661	519	492	0.785174	0.0520231	0.0734438	77	10
GACTCTCAGAGCCTGA	637	189	188	0.296703	0.00529101	0.281437	167	21
TTTCACAGTCGGCACT	649	141	140	0.217257	0.0070922	0.259259	135	12
TTCTGTAGTTCTTAGG	655	140	140	0.21374	0	0.330969	141	131
AGAGAGCTCTGTAACG	629	449	419	0.713831	0.0668151	0.0662765	109	13
AGTCAACAGGATCATA	627	469	430	0.748006	0.0831557	0.0590659	104	12
CACAACAGTGTTATCG	619	502	493	0.810985	0.0179283	0.130827	17	3
CGCAGGTAGTCACTGT	626	515	504	0.822684	0.0213592	0.0732558	32	3
ATTGTTCTCTCGCAGG	610	213	213	0.34918	-2.22045e-16	0.244266	218	179
AAGCATCCACATACGT	608	262	262	0.430921	0	0.092645	202	31
ACCGTTCTCCACGGGT	599	174	172	0.290484	0.0114943	0.219108	157	13
TACCTGCCACCCTAGG	590	177	177	0.3	0	0.252857	175	11
GATAGCTTCGCACTCT	596	472	463	0.791946	0.0190678	0.049482	57	10
ACATCCCTCAATGTCG	599	460	442	0.767947	0.0391304	0.0792683	17	2
CACGAATAGGGAGGCA	596	199	199	0.333893	1.11022e-16	0.126269	197	14
CTTTCGGGTCAGTTTG	594	398	394	0.670034	0.0100503	0.021047	160	10
GACTCAATCTTGATTC	584	450	438	0.770548	0.0266667	0.0623662	66	10
GGGTAGAAGTCCTACA	597	217	217	0.363484	1.11022e-16	0.267241	203	25
TGCGGCAAGGTAAACT	581	185	185	0.318417	5.74758e-11	0.206704	179	15
ACAAAGATCTTACCGC	574	322	322	0.560976	0	0.0501558	214	17
GGCTTGGCATGAAGCG	572	368	345	0.643357	0.0625	0.0839416	274	45
GCTACAACATGGGTTT	568	199	199	0.350352	5.91083e-12	0.267473	186	14
CTACGGGAGCTCCATA	568	239	239	0.420775	-2.22045e-16	0.333333	239	13
ATAGACCCACATATGC	558	173	173	0.310036	-2.22045e-16	0.3258	177	150
CCCTAACGTTGTAAAG	550	345	338	0.627273	0.0202899	0.04821	57	10
TTCGGTCCAGTCGGTC	536	367	360	0.684701	0.0190736	0.047575	47	9
CGATGGCAGCCGAACA	550	217	217	0.394545	0	0.056	125	16
TGTTCTAAGAGCAGCT	534	393	389	0.735955	0.0101781	0.0573324	67	10
AGGATAATCATCGCCT	522	138	138	0.264368	-2.22045e-16	0.233108	148	123
CGTGTCTCAGGATGAC	520	259	256	0.498077	0.011583	0.0508845	43	2
CCACTTGGTGTCCAAT	515	167	166	0.324272	0.00598802	0.497006	167	150
CACGGGTCAATACGCT	510	258	258	0.505882	4.55913e-12	0.0252199	186	19
TCGCTCAAGGTGGGTT	508	98	98	0.192913	2.2355e-11	0.305296	107	84
AAGCGAGGTTGGGAAC	490	381	373	0.777551	0.0209974	0.0595674	60	11
AGGTTGTCACTGAGGA	497	228	210	0.458753	0.0789474	0.117647	105	12
AGGTTGTGTAGCGATG	509	400	379	0.785855	0.0525	0.0640961	81	10
GTTGTAGGTCTACACA	489	158	158	0.323108	2.22045e-16	0.225714	175	139
TTAATCCGTGGCTTGC	485	145	145	0.298969	0	0.328798	147	124
ACGATCATCTTTACAC	500	136	136	0.272	0	0.122855	123	12
TTGTGTTAGGATTCAA	494	147	147	0.297571	0	0.274254	134	13
TAGACCAAGAGCTTTC	485	148	148	0.305155	0	0.528571	140	14
TGTAACGAGTAGCTCT	481	252	251	0.523909	0.00396825	0.0706445	187	15
ACCACAAAGATGAAGG	479	155	155	0.323591	0	0.227941	136	16
CTGATCCCACCAGGTC	478	146	145	0.305439	0.00684932	0.326577	148	123
CCACCATGTTGAATCC	474	203	200	0.42827	0.0147783	0.070028	119	16
CACGTTCGTATGTGTC	474	154	154	0.324895	-4.44089e-16	0.216292	178	132
TGGAGGATCGCAGAGA	467	155	155	0.331906	0	0.353881	146	13
ATTGGGTGTTATTCTC	461	171	171	0.370933	6.03517e-13	0.0566225	151	11
CCGCAAGGTCCACATA	453	327	306	0.721854	0.0642202	0.0867347	84	12
AGCGTATTCGCTGATA	446	204	204	0.457399	0	0.0912752	149	16
CATGAGTAGTATGGCG	465	258	258	0.554839	2.22045e-16	0.0971386	332	206
TTCTAGTTCCTACAAG	428	296	271	0.691589	0.0844595	0.0828746	218	33
TATATCCGTTCCACGG	426	91	89	0.213615	0.021978	0.255747	87	8
GCCAGGTAGCTGAGTG	417	164	164	0.393285	-2.22045e-16	0.261146	157	13
TACGTCCAGGTAGGCT	410	238	236	0.580488	0.00840336	0.0326295	130	12
CTCTGGTTCGGCTATA	402	130	130	0.323383	0	0.352304	123	7
TGTTCATAGTCACAGG	395	152	152	0.38481	0	0.354312	143	12
AGCGCCACAGCTTTGA	392	284	272	0.72449	0.0422535	0.0721103	92	11
AGCATCAAGTTCATCG	401	152	152	0.379052	6.05546e-11	0.104683	132	13
ATTTCACAGTAGGATT	396	244	241	0.616162	0.0122951	0.0506728	58	5
CGTGTCTCAAGATGTA	402	275	273	0.68408	0.00727273	0.0221277	147	13
ATTACCTAGCCTGAAG	397	178	178	0.448363	0	0.340996	174	11
CAGATCAGTAATGTGA	398	112	110	0.281407	0.0178571	0.180921	76	15
AGTCTCCAGATTCGCT	391	206	206	0.526854	0	0.156535	188	16
CTATCCGTCATCGGGC	390	200	188	0.512821	0.06	0.0958206	109	20
ATCCATTCACCATAAC	389	267	246	0.686375	0.0786517	0.0878571	80	10
GAAGCGACAATCCTTT	370	191	191	0.516216	0	0.247409	193	165
CTGATCCGTATCACCA	370	202	202	0.545946	5.55112e-16	0.0640457	166	16
TGGATCAGTTCTCCAC	369	213	202	0.577236	0.0516432	0.0678992	175	18
TTACAGGAGCTGACCC	367	107	107	0.291553	0	0.477679	112	99
CCGATCTCACAGTACT	365	87	87	0.238356	0	0.478022	91	78
TGTTCATGTTCAACGT	357	152	151	0.42577	0.00657895	0.208276	145	13
GTTACGATCGACGCTG	352	168	168	0.477273	0	0.244186	172	146
AGCTACAGTCTGATAC	356	263	258	0.738764	0.0190114	0.0635044	50	9
TCACTCGAGTAGTCCT	354	94	94	0.265537	-2.22045e-16	0.47	100	85
AGGTCTACAGTCTTCC	354	178	178	0.502825	1.11022e-16	0.0806159	138	15
CCACCATAGGCCATAG	342	251	246	0.733918	0.0199203	0.0630123	61	7
AGAGAGCTCTATGCCC	351	231	223	0.65812	0.034632	0.10619	175	26
TCCCACACACCCTATC	350	158	158	0.451429	0	0.358277	147	15
GAATCACGTCGTTATG	344	118	118	0.343023	5.43898e-13	0.207018	114	7
TTTATGCGTGAGCCAA	343	238	216	0.693878	0.092437	0.117073	205	13
GTTGCGGCACATATGC	343	182	182	0.530612	-2.22045e-16	0.324421	187	162
CATCCGTGTGTCACAT	359	260	242	0.724234	0.0692308	0.119212	203	26
ACTATGGTCCTTCAGC	308	142	142	0.461039	0	0.510791	139	11
GAGCCTGAGACCAAGC	318	155	155	0.487421	0	0.160455	138	9
CTTCCTTGTTCGTTCC	317	191	180	0.602524	0.0575916	0.116279	172	12
TTACCGCGTGGCTACC	310	150	150	0.483871	0	0.0948767	93	11
AATGGCTGTCAGTTTG	309	142	142	0.459547	0	0.345499	137	12
GGAACCCCACATCCCT	308	233	224	0.756494	0.0386266	0.0725657	48	8
GTAGCTAAGGTTTGAA	322	215	196	0.667702	0.0883721	0.0882883	74	11
ACGGTTAGTCACGACC	301	129	129	0.428571	0	0.208065	124	6
TCGATTTCATCCAACA	298	102	102	0.342282	1.11022e-16	0.268421	95	7
CCTGCATAGGGTCTTT	296	239	235	0.807432	0.0167364	0.0371548	107	5
GCAACATAGCGGATCA	294	189	171	0.642857	0.0952381	0.109056	98	13
TCGGGACCATACCATG	292	211	210	0.722603	0.00473934	0.0635821	54	9
AGCTTCCTCTGATTCT	287	199	181	0.69338	0.0904523	0.0925358	163	11
TGAGGTTTCTCTTAAC	288	178	163	0.618056	0.0842697	0.182327	149	17
CAGCAATAGGACAGTC	284	116	116	0.408451	1.11022e-16	0.342183	113	6
ATCTTCACAAGACGAC	280	177	159	0.632143	0.101695	0.0828989	137	12
TAGTGCAAGTCGTCTA	272	205	192	0.753676	0.0634146	0.0798337	65	10
ATCGTAGTCCGGGACT	268	177	168	0.660448	0.0508475	0.0981308	107	12
GTAGGTTCAAGTATCC	265	124	124	0.467925	-2.22045e-16	0.2	124	8
AGTTAGCTCATTGGTG	253	103	102	0.407115	0.00970874	0.463636	110	94
CTACCTGCAACAGTGG	251	104	104	0.414343	0	0.468468	111	95
GCATCGGAGCTAGATA	252	200	197	0.793651	0.015	0.0591592	45	8
TTGGGATGTGTGACCC	250	185	184	0.74	0.00540541	0.105808	37	10
TAACACGCATAGATGA	248	165	163	0.665323	0.0121212	0.0527828	61	4
TTTGGTTTCTTCTCAA	247	111	111	0.449393	1.11022e-16	0.310924	119	99
AACCTGACACCCTGTT	245	92	92	0.37551	0	0.505495	91	2
GTAACACGTGCCCTTT	242	183	180	0.756198	0.0163934	0.0675169	62	9
GTTAGACAGCATGATA	227	158	146	0.696035	0.0759494	0.101389	80	13
AGGATAATCTGCCCTA	217	127	121	0.585253	0.0472441	0.120398	67	15
CTGGACGAGCAATAGT	212	153	151	0.721698	0.0130719	0.0550048	70	3
GTGTAACTCCCTTGGT	206	151	150	0.73301	0.00662252	0.0812325	51	8
GACGCTGAGGTAATCA	206	154	150	0.747573	0.025974	0.0558748	54	11
TCAGTTTCACAATCTG	204	152	151	0.745098	0.00657895	0.0437034	69	3
GTTGTAGAGGAACGCT	203	128	123	0.630542	0.0390625	0.133696	115	5
CACGTGGGTCTGTGTA	187	137	132	0.73262	0.0364964	0.209524	126	9
CATTCATAGCGTGCCT	186	132	123	0.709677	0.0681818	0.0911111	75	14
