chr1	0	219860550	248956422	0.883129
chr1	1	24483026	248956422	0.0983426
chr1	2	3244247	248956422	0.0130314
chr1	3	624449	248956422	0.00250827
chr1	4	240449	248956422	0.000965828
chr1	5	136063	248956422	0.000546533
chr1	6	90718	248956422	0.000364393
chr1	7	64724	248956422	0.000259981
chr1	8	47474	248956422	0.000190692
chr1	9	36242	248956422	0.000145576
chr1	10	27981	248956422	0.000112393
chr1	11	21880	248956422	8.78869e-05
chr1	12	17935	248956422	7.20407e-05
chr1	13	14036	248956422	5.63793e-05
chr1	14	11077	248956422	4.44937e-05
chr1	15	8223	248956422	3.30299e-05
chr1	16	6288	248956422	2.52574e-05
chr1	17	4683	248956422	1.88105e-05
chr1	18	3584	248956422	1.43961e-05
chr1	19	2936	248956422	1.17932e-05
chr1	20	2372	248956422	9.52777e-06
chr1	21	1712	248956422	6.87671e-06
chr1	22	1377	248956422	5.53109e-06
chr1	23	948	248956422	3.8079e-06
chr1	24	780	248956422	3.13308e-06
chr1	25	558	248956422	2.24136e-06
chr1	26	496	248956422	1.99232e-06
chr1	27	401	248956422	1.61072e-06
chr1	28	307	248956422	1.23315e-06
chr1	29	185	248956422	7.43102e-07
chr1	30	146	248956422	5.86448e-07
chr1	31	157	248956422	6.30632e-07
chr1	32	130	248956422	5.2218e-07
chr1	33	81	248956422	3.25358e-07
chr1	34	71	248956422	2.8519e-07
chr1	35	55	248956422	2.20922e-07
chr1	36	32	248956422	1.28537e-07
chr1	37	33	248956422	1.32553e-07
chr1	38	8	248956422	3.21341e-08
chr1	39	1	248956422	4.01677e-09
chr1	40	6	248956422	2.41006e-08
chr1	41	1	248956422	4.01677e-09
chr10	0	113771225	133797422	0.850324
chr10	1	16751271	133797422	0.125199
chr10	2	2406925	133797422	0.0179893
chr10	3	433591	133797422	0.00324065
chr10	4	147016	133797422	0.0010988
chr10	5	77577	133797422	0.000579809
chr10	6	51344	133797422	0.000383744
chr10	7	35096	133797422	0.000262307
chr10	8	25106	133797422	0.000187642
chr10	9	19525	133797422	0.00014593
chr10	10	15058	133797422	0.000112543
chr10	11	12054	133797422	9.00914e-05
chr10	12	9986	133797422	7.46352e-05
chr10	13	7774	133797422	5.81028e-05
chr10	14	6419	133797422	4.79755e-05
chr10	15	4904	133797422	3.66524e-05
chr10	16	4060	133797422	3.03444e-05
chr10	17	3305	133797422	2.47015e-05
chr10	18	2744	133797422	2.05086e-05
chr10	19	2317	133797422	1.73172e-05
chr10	20	1888	133797422	1.41109e-05
chr10	21	1623	133797422	1.21303e-05
chr10	22	1173	133797422	8.76699e-06
chr10	23	886	133797422	6.62195e-06
chr10	24	735	133797422	5.49338e-06
chr10	25	707	133797422	5.28411e-06
chr10	26	565	133797422	4.2228e-06
chr10	27	412	133797422	3.07928e-06
chr10	28	308	133797422	2.30199e-06
chr10	29	309	133797422	2.30946e-06
chr10	30	286	133797422	2.13756e-06
chr10	31	204	133797422	1.52469e-06
chr10	32	162	133797422	1.21079e-06
chr10	33	157	133797422	1.17342e-06
chr10	34	149	133797422	1.11362e-06
chr10	35	105	133797422	7.84768e-07
chr10	36	77	133797422	5.75497e-07
chr10	37	70	133797422	5.23179e-07
chr10	38	46	133797422	3.43803e-07
chr10	39	37	133797422	2.76537e-07
chr10	40	14	133797422	1.04636e-07
chr10	41	16	133797422	1.19584e-07
chr10	42	22	133797422	1.64428e-07
chr10	43	16	133797422	1.19584e-07
chr10	44	20	133797422	1.4948e-07
chr10	45	6	133797422	4.48439e-08
chr10	46	6	133797422	4.48439e-08
chr10	47	4	133797422	2.98959e-08
chr10	48	30	133797422	2.2422e-07
chr10	49	23	133797422	1.71902e-07
chr10	50	29	133797422	2.16746e-07
chr10	51	8	133797422	5.97919e-08
chr10	52	23	133797422	1.71902e-07
chr10	53	9	133797422	6.72659e-08
chr11	0	117027934	135086622	0.866318
chr11	1	15060859	135086622	0.11149
chr11	2	2100610	135086622	0.0155501
chr11	3	410263	135086622	0.00303704
chr11	4	148959	135086622	0.00110269
chr11	5	83177	135086622	0.000615731
chr11	6	55597	135086622	0.000411566
chr11	7	40397	135086622	0.000299045
chr11	8	30905	135086622	0.000228779
chr11	9	24009	135086622	0.00017773
chr11	10	18603	135086622	0.000137712
chr11	11	15376	135086622	0.000113823
chr11	12	12373	135086622	9.15931e-05
chr11	13	10069	135086622	7.45374e-05
chr11	14	8314	135086622	6.15457e-05
chr11	15	6660	135086622	4.93017e-05
chr11	16	5487	135086622	4.06184e-05
chr11	17	4731	135086622	3.5022e-05
chr11	18	3873	135086622	2.86705e-05
chr11	19	3364	135086622	2.49025e-05
chr11	20	2667	135086622	1.97429e-05
chr11	21	1962	135086622	1.4524e-05
chr11	22	1872	135086622	1.38578e-05
chr11	23	1347	135086622	9.97138e-06
chr11	24	1266	135086622	9.37176e-06
chr11	25	1002	135086622	7.41746e-06
chr11	26	734	135086622	5.43355e-06
chr11	27	689	135086622	5.10043e-06
chr11	28	596	135086622	4.41198e-06
chr11	29	471	135086622	3.48665e-06
chr11	30	402	135086622	2.97587e-06
chr11	31	350	135086622	2.59093e-06
chr11	32	336	135086622	2.48729e-06
chr11	33	294	135086622	2.17638e-06
chr11	34	196	135086622	1.45092e-06
chr11	35	149	135086622	1.103e-06
chr11	36	114	135086622	8.43903e-07
chr11	37	108	135086622	7.99487e-07
chr11	38	89	135086622	6.58836e-07
chr11	39	82	135086622	6.07018e-07
chr11	40	67	135086622	4.95978e-07
chr11	41	43	135086622	3.18314e-07
chr11	42	29	135086622	2.14677e-07
chr11	43	44	135086622	3.25717e-07
chr11	44	30	135086622	2.2208e-07
chr11	45	26	135086622	1.92469e-07
chr11	46	12	135086622	8.88319e-08
chr11	47	8	135086622	5.92213e-08
chr11	48	5	135086622	3.70133e-08
chr11	49	8	135086622	5.92213e-08
chr11	50	6	135086622	4.44159e-08
chr11	51	4	135086622	2.96106e-08
chr11	52	3	135086622	2.2208e-08
chr11	53	1	135086622	7.40266e-09
chr11	54	1	135086622	7.40266e-09
chr11	55	1	135086622	7.40266e-09
chr11	56	8	135086622	5.92213e-08
chr11	57	3	135086622	2.2208e-08
chr11	58	3	135086622	2.2208e-08
chr11	59	2	135086622	1.48053e-08
chr11	60	1	135086622	7.40266e-09
chr11	61	2	135086622	1.48053e-08
chr11	63	1	135086622	7.40266e-09
chr11	64	1	135086622	7.40266e-09
chr11	65	1	135086622	7.40266e-09
chr11	66	2	135086622	1.48053e-08
chr11	67	2	135086622	1.48053e-08
chr11	68	2	135086622	1.48053e-08
chr11	70	1	135086622	7.40266e-09
chr11	71	1	135086622	7.40266e-09
chr11	72	1	135086622	7.40266e-09
chr11	73	5	135086622	3.70133e-08
chr11	74	3	135086622	2.2208e-08
chr11	75	2	135086622	1.48053e-08
chr11	76	4	135086622	2.96106e-08
chr11	77	3	135086622	2.2208e-08
chr12	0	113779877	133275309	0.853721
chr12	1	16284980	133275309	0.122191
chr12	2	2302417	133275309	0.0172756
chr12	3	427897	133275309	0.00321062
chr12	4	149776	133275309	0.00112381
chr12	5	82153	133275309	0.000616416
chr12	6	54729	133275309	0.000410646
chr12	7	39302	133275309	0.000294893
chr12	8	29765	133275309	0.000223335
chr12	9	23527	133275309	0.000176529
chr12	10	18959	133275309	0.000142254
chr12	11	15067	133275309	0.000113052
chr12	12	12438	133275309	9.33256e-05
chr12	13	9990	133275309	7.49576e-05
chr12	14	8486	133275309	6.36727e-05
chr12	15	6968	133275309	5.22828e-05
chr12	16	5695	133275309	4.27311e-05
chr12	17	4527	133275309	3.39673e-05
chr12	18	3758	133275309	2.81973e-05
chr12	19	2931	133275309	2.19921e-05
chr12	20	2541	133275309	1.90658e-05
chr12	21	1991	133275309	1.4939e-05
chr12	22	1463	133275309	1.09773e-05
chr12	23	1137	133275309	8.53121e-06
chr12	24	917	133275309	6.88049e-06
chr12	25	818	133275309	6.13767e-06
chr12	26	640	133275309	4.80209e-06
chr12	27	475	133275309	3.56405e-06
chr12	28	391	133275309	2.93378e-06
chr12	29	340	133275309	2.55111e-06
chr12	30	221	133275309	1.65822e-06
chr12	31	169	133275309	1.26805e-06
chr12	32	174	133275309	1.30557e-06
chr12	33	113	133275309	8.47869e-07
chr12	34	89	133275309	6.67791e-07
chr12	35	102	133275309	7.65333e-07
chr12	36	75	133275309	5.62745e-07
chr12	37	29	133275309	2.17595e-07
chr12	38	46	133275309	3.4515e-07
chr12	39	34	133275309	2.55111e-07
chr12	40	28	133275309	2.10091e-07
chr12	41	33	133275309	2.47608e-07
chr12	42	18	133275309	1.35059e-07
chr12	43	26	133275309	1.95085e-07
chr12	44	3	133275309	2.25098e-08
chr12	45	3	133275309	2.25098e-08
chr12	46	1	133275309	7.50327e-09
chr12	49	5	133275309	3.75163e-08
chr12	50	5	133275309	3.75163e-08
chr12	51	2	133275309	1.50065e-08
chr12	52	5	133275309	3.75163e-08
chr12	53	1	133275309	7.50327e-09
chr12	54	8	133275309	6.00261e-08
chr12	55	6	133275309	4.50196e-08
chr12	56	2	133275309	1.50065e-08
chr12	57	2	133275309	1.50065e-08
chr12	58	6	133275309	4.50196e-08
chr12	59	4	133275309	3.00131e-08
chr12	60	3	133275309	2.25098e-08
chr12	61	6	133275309	4.50196e-08
chr12	62	3	133275309	2.25098e-08
chr12	63	4	133275309	3.00131e-08
chr12	64	6	133275309	4.50196e-08
chr12	65	5	133275309	3.75163e-08
chr12	66	1	133275309	7.50327e-09
chr12	68	6	133275309	4.50196e-08
chr12	69	1	133275309	7.50327e-09
chr12	71	1	133275309	7.50327e-09
chr12	72	2	133275309	1.50065e-08
chr12	73	2	133275309	1.50065e-08
chr12	76	1	133275309	7.50327e-09
chr12	77	2	133275309	1.50065e-08
chr12	78	1	133275309	7.50327e-09
chr12	100	100	133275309	7.50327e-07
chr13	0	105490207	114364328	0.922405
chr13	1	7935719	114364328	0.0693898
chr13	2	727972	114364328	0.00636538
chr13	3	106037	114364328	0.000927186
chr13	4	37962	114364328	0.000331939
chr13	5	20463	114364328	0.000178928
chr13	6	13593	114364328	0.000118857
chr13	7	9424	114364328	8.24033e-05
chr13	8	6750	114364328	5.90219e-05
chr13	9	4789	114364328	4.18749e-05
chr13	10	3153	114364328	2.75698e-05
chr13	11	2254	114364328	1.97089e-05
chr13	12	1546	114364328	1.35182e-05
chr13	13	1349	114364328	1.17956e-05
chr13	14	906	114364328	7.92205e-06
chr13	15	557	114364328	4.8704e-06
chr13	16	436	114364328	3.81238e-06
chr13	17	345	114364328	3.01668e-06
chr13	18	196	114364328	1.71382e-06
chr13	19	160	114364328	1.39904e-06
chr13	20	108	114364328	9.4435e-07
chr13	21	75	114364328	6.55799e-07
chr13	22	45	114364328	3.93479e-07
chr13	23	46	114364328	4.02223e-07
chr13	24	39	114364328	3.41015e-07
chr13	25	41	114364328	3.58503e-07
chr13	26	17	114364328	1.48648e-07
chr13	27	17	114364328	1.48648e-07
chr13	28	2	114364328	1.7488e-08
chr13	29	1	114364328	8.74399e-09
chr13	30	16	114364328	1.39904e-07
chr13	31	3	114364328	2.6232e-08
chr13	44	1	114364328	8.74399e-09
chr13	66	5	114364328	4.37199e-08
chr13	67	44	114364328	3.84735e-07
chr13	82	50	114364328	4.37199e-07
chr14	0	94147564	107043718	0.879524
chr14	1	10782398	107043718	0.100729
chr14	2	1521127	107043718	0.0142103
chr14	3	280905	107043718	0.00262421
chr14	4	99117	107043718	0.000925949
chr14	5	54081	107043718	0.000505223
chr14	6	36312	107043718	0.000339226
chr14	7	24350	107043718	0.000227477
chr14	8	18832	107043718	0.000175928
chr14	9	14506	107043718	0.000135515
chr14	10	11822	107043718	0.000110441
chr14	11	9315	107043718	8.70205e-05
chr14	12	7785	107043718	7.27273e-05
chr14	13	6541	107043718	6.11059e-05
chr14	14	5657	107043718	5.28476e-05
chr14	15	4558	107043718	4.25807e-05
chr14	16	3726	107043718	3.48082e-05
chr14	17	2895	107043718	2.7045e-05
chr14	18	2408	107043718	2.24955e-05
chr14	19	1854	107043718	1.732e-05
chr14	20	1550	107043718	1.44801e-05
chr14	21	1297	107043718	1.21165e-05
chr14	22	1025	107043718	9.57553e-06
chr14	23	810	107043718	7.567e-06
chr14	24	762	107043718	7.11859e-06
chr14	25	510	107043718	4.76441e-06
chr14	26	372	107043718	3.47522e-06
chr14	27	315	107043718	2.94272e-06
chr14	28	236	107043718	2.20471e-06
chr14	29	210	107043718	1.96182e-06
chr14	30	163	107043718	1.52274e-06
chr14	31	106	107043718	9.9025e-07
chr14	32	113	107043718	1.05564e-06
chr14	33	74	107043718	6.91306e-07
chr14	34	81	107043718	7.567e-07
chr14	35	97	107043718	9.06172e-07
chr14	36	71	107043718	6.6328e-07
chr14	37	73	107043718	6.81964e-07
chr14	38	47	107043718	4.39073e-07
chr14	39	27	107043718	2.52233e-07
chr14	40	14	107043718	1.30788e-07
chr14	41	5	107043718	4.67099e-08
chr14	42	4	107043718	3.73679e-08
chr14	43	3	107043718	2.80259e-08
chr15	0	87990756	101991189	0.862729
chr15	1	11306302	101991189	0.110856
chr15	2	1921253	101991189	0.0188374
chr15	3	386409	101991189	0.00378865
chr15	4	126167	101991189	0.00123704
chr15	5	67622	101991189	0.000663018
chr15	6	43608	101991189	0.000427566
chr15	7	30546	101991189	0.000299496
chr15	8	22626	101991189	0.000221843
chr15	9	17324	101991189	0.000169858
chr15	10	13492	101991189	0.000132286
chr15	11	10983	101991189	0.000107686
chr15	12	8479	101991189	8.31346e-05
chr15	13	7402	101991189	7.25749e-05
chr15	14	6119	101991189	5.99954e-05
chr15	15	4891	101991189	4.79551e-05
chr15	16	4136	101991189	4.05525e-05
chr15	17	3642	101991189	3.5709e-05
chr15	18	3248	101991189	3.18459e-05
chr15	19	2590	101991189	2.53943e-05
chr15	20	2261	101991189	2.21686e-05
chr15	21	1840	101991189	1.80408e-05
chr15	22	1667	101991189	1.63445e-05
chr15	23	1399	101991189	1.37169e-05
chr15	24	1018	101991189	9.98125e-06
chr15	25	864	101991189	8.47132e-06
chr15	26	778	101991189	7.62811e-06
chr15	27	681	101991189	6.67705e-06
chr15	28	507	101991189	4.97102e-06
chr15	29	428	101991189	4.19644e-06
chr15	30	350	101991189	3.43167e-06
chr15	31	283	101991189	2.77475e-06
chr15	32	240	101991189	2.35314e-06
chr15	33	202	101991189	1.98056e-06
chr15	34	183	101991189	1.79427e-06
chr15	35	121	101991189	1.18638e-06
chr15	36	78	101991189	7.64772e-07
chr15	37	70	101991189	6.86334e-07
chr15	38	47	101991189	4.60824e-07
chr15	39	77	101991189	7.54967e-07
chr15	40	82	101991189	8.03991e-07
chr15	41	32	101991189	3.13753e-07
chr15	42	28	101991189	2.74534e-07
chr15	43	42	101991189	4.118e-07
chr15	44	35	101991189	3.43167e-07
chr15	45	23	101991189	2.2551e-07
chr15	46	20	101991189	1.96095e-07
chr15	47	14	101991189	1.37267e-07
chr15	48	11	101991189	1.07852e-07
chr15	49	11	101991189	1.07852e-07
chr15	50	17	101991189	1.66681e-07
chr15	51	9	101991189	8.82429e-08
chr15	52	9	101991189	8.82429e-08
chr15	53	5	101991189	4.90238e-08
chr15	55	2	101991189	1.96095e-08
chr15	56	19	101991189	1.86291e-07
chr15	57	23	101991189	2.2551e-07
chr15	58	12	101991189	1.17657e-07
chr15	59	3	101991189	2.94143e-08
chr15	60	2	101991189	1.96095e-08
chr15	77	16	101991189	1.56876e-07
chr15	78	34	101991189	3.33362e-07
chr15	100	51	101991189	5.00043e-07
chr16	0	77712176	90338345	0.860235
chr16	1	10206260	90338345	0.112978
chr16	2	1658865	90338345	0.0183628
chr16	3	340603	90338345	0.0037703
chr16	4	117473	90338345	0.00130037
chr16	5	65930	90338345	0.000729812
chr16	6	45282	90338345	0.000501249
chr16	7	33453	90338345	0.000370308
chr16	8	25610	90338345	0.00028349
chr16	9	20846	90338345	0.000230755
chr16	10	17961	90338345	0.000198819
chr16	11	14695	90338345	0.000162666
chr16	12	12927	90338345	0.000143095
chr16	13	10427	90338345	0.000115422
chr16	14	8991	90338345	9.95258e-05
chr16	15	7615	90338345	8.42942e-05
chr16	16	6664	90338345	7.37671e-05
chr16	17	5496	90338345	6.0838e-05
chr16	18	4408	90338345	4.87943e-05
chr16	19	3704	90338345	4.10014e-05
chr16	20	3020	90338345	3.34299e-05
chr16	21	2585	90338345	2.86146e-05
chr16	22	2172	90338345	2.40429e-05
chr16	23	1656	90338345	1.83311e-05
chr16	24	1485	90338345	1.64382e-05
chr16	25	1155	90338345	1.27853e-05
chr16	26	975	90338345	1.07928e-05
chr16	27	949	90338345	1.0505e-05
chr16	28	761	90338345	8.42389e-06
chr16	29	561	90338345	6.20999e-06
chr16	30	550	90338345	6.08822e-06
chr16	31	453	90338345	5.01448e-06
chr16	32	389	90338345	4.30603e-06
chr16	33	362	90338345	4.00716e-06
chr16	34	290	90338345	3.21015e-06
chr16	35	240	90338345	2.65668e-06
chr16	36	205	90338345	2.26925e-06
chr16	37	173	90338345	1.91502e-06
chr16	38	140	90338345	1.54973e-06
chr16	39	129	90338345	1.42797e-06
chr16	40	124	90338345	1.37262e-06
chr16	41	99	90338345	1.09588e-06
chr16	42	71	90338345	7.85934e-07
chr16	43	49	90338345	5.42405e-07
chr16	44	84	90338345	9.29838e-07
chr16	45	51	90338345	5.64544e-07
chr16	46	25	90338345	2.76737e-07
chr16	47	31	90338345	3.43154e-07
chr16	48	32	90338345	3.54224e-07
chr16	49	37	90338345	4.09571e-07
chr16	50	21	90338345	2.32459e-07
chr16	51	10	90338345	1.10695e-07
chr16	52	6	90338345	6.6417e-08
chr16	53	5	90338345	5.53475e-08
chr16	54	7	90338345	7.74865e-08
chr16	55	16	90338345	1.77112e-07
chr16	56	14	90338345	1.54973e-07
chr16	57	2	90338345	2.2139e-08
chr16	58	7	90338345	7.74865e-08
chr16	59	3	90338345	3.32085e-08
chr16	60	4	90338345	4.4278e-08
chr16	61	7	90338345	7.74865e-08
chr16	62	4	90338345	4.4278e-08
chr17	0	66184275	83257441	0.794935
chr17	1	12864311	83257441	0.154512
chr17	2	2741825	83257441	0.0329319
chr17	3	659867	83257441	0.00792562
chr17	4	237654	83257441	0.00285445
chr17	5	128358	83257441	0.0015417
chr17	6	84334	83257441	0.00101293
chr17	7	61598	83257441	0.00073985
chr17	8	47628	83257441	0.000572057
chr17	9	37515	83257441	0.00045059
chr17	10	30204	83257441	0.000362778
chr17	11	25486	83257441	0.000306111
chr17	12	20604	83257441	0.000247473
chr17	13	17487	83257441	0.000210035
chr17	14	15327	83257441	0.000184092
chr17	15	12994	83257441	0.00015607
chr17	16	11869	83257441	0.000142558
chr17	17	9694	83257441	0.000116434
chr17	18	8946	83257441	0.00010745
chr17	19	8086	83257441	9.71204e-05
chr17	20	6987	83257441	8.39204e-05
chr17	21	6030	83257441	7.2426e-05
chr17	22	5241	83257441	6.29493e-05
chr17	23	4663	83257441	5.6007e-05
chr17	24	4085	83257441	4.90647e-05
chr17	25	3455	83257441	4.14978e-05
chr17	26	2910	83257441	3.49518e-05
chr17	27	2389	83257441	2.86941e-05
chr17	28	2079	83257441	2.49707e-05
chr17	29	1950	83257441	2.34213e-05
chr17	30	1552	83257441	1.8641e-05
chr17	31	1369	83257441	1.6443e-05
chr17	32	1162	83257441	1.39567e-05
chr17	33	1051	83257441	1.26235e-05
chr17	34	816	83257441	9.80093e-06
chr17	35	623	83257441	7.48281e-06
chr17	36	480	83257441	5.76525e-06
chr17	37	477	83257441	5.72922e-06
chr17	38	363	83257441	4.35997e-06
chr17	39	291	83257441	3.49518e-06
chr17	40	250	83257441	3.00273e-06
chr17	41	187	83257441	2.24605e-06
chr17	42	172	83257441	2.06588e-06
chr17	43	148	83257441	1.77762e-06
chr17	44	106	83257441	1.27316e-06
chr17	45	63	83257441	7.56689e-07
chr17	46	77	83257441	9.24842e-07
chr17	47	59	83257441	7.08645e-07
chr17	48	55	83257441	6.60602e-07
chr17	49	48	83257441	5.76525e-07
chr17	50	48	83257441	5.76525e-07
chr17	51	23	83257441	2.76252e-07
chr17	52	41	83257441	4.92448e-07
chr17	53	22	83257441	2.64241e-07
chr17	54	10	83257441	1.20109e-07
chr17	55	9	83257441	1.08098e-07
chr17	56	3	83257441	3.60328e-08
chr17	57	7	83257441	8.40766e-08
chr17	58	4	83257441	4.80438e-08
chr17	59	9	83257441	1.08098e-07
chr17	60	11	83257441	1.3212e-07
chr17	61	15	83257441	1.80164e-07
chr17	62	2	83257441	2.40219e-08
chr17	63	3	83257441	3.60328e-08
chr17	64	4	83257441	4.80438e-08
chr17	65	13	83257441	1.56142e-07
chr17	66	5	83257441	6.00547e-08
chr17	67	3	83257441	3.60328e-08
chr17	68	1	83257441	1.20109e-08
chr17	70	1	83257441	1.20109e-08
chr17	71	1	83257441	1.20109e-08
chr17	72	3	83257441	3.60328e-08
chr17	75	2	83257441	2.40219e-08
chr17	76	1	83257441	1.20109e-08
chr18	0	72785351	80373285	0.905591
chr18	1	6723921	80373285	0.0836587
chr18	2	663613	80373285	0.00825664
chr18	3	105070	80373285	0.00130728
chr18	4	35969	80373285	0.000447524
chr18	5	18795	80373285	0.000233846
chr18	6	12446	80373285	0.000154852
chr18	7	7835	80373285	9.74826e-05
chr18	8	5746	80373285	7.14914e-05
chr18	9	3881	80373285	4.82872e-05
chr18	10	3280	80373285	4.08096e-05
chr18	11	2512	80373285	3.12542e-05
chr18	12	1679	80373285	2.089e-05
chr18	13	1130	80373285	1.40594e-05
chr18	14	710	80373285	8.83378e-06
chr18	15	599	80373285	7.45272e-06
chr18	16	209	80373285	2.60037e-06
chr18	17	181	80373285	2.25199e-06
chr18	18	130	80373285	1.61745e-06
chr18	19	121	80373285	1.50548e-06
chr18	20	43	80373285	5.35004e-07
chr18	21	9	80373285	1.11977e-07
chr18	22	14	80373285	1.74187e-07
chr18	23	5	80373285	6.22097e-08
chr18	24	18	80373285	2.23955e-07
chr18	25	9	80373285	1.11977e-07
chr18	26	3	80373285	3.73258e-08
chr18	27	6	80373285	7.46517e-08
chr19	0	47381698	58617616	0.808318
chr19	1	8166173	58617616	0.139313
chr19	2	1860063	58617616	0.0317321
chr19	3	489912	58617616	0.00835776
chr19	4	186130	58617616	0.00317533
chr19	5	102399	58617616	0.0017469
chr19	6	71251	58617616	0.00121552
chr19	7	54718	58617616	0.000933474
chr19	8	43110	58617616	0.000735444
chr19	9	35098	58617616	0.000598762
chr19	10	30027	58617616	0.000512252
chr19	11	25375	58617616	0.00043289
chr19	12	21480	58617616	0.000366443
chr19	13	19155	58617616	0.000326779
chr19	14	15885	58617616	0.000270994
chr19	15	13878	58617616	0.000236755
chr19	16	12121	58617616	0.000206781
chr19	17	10362	58617616	0.000176773
chr19	18	9245	58617616	0.000157717
chr19	19	7995	58617616	0.000136392
chr19	20	7032	58617616	0.000119964
chr19	21	6401	58617616	0.000109199
chr19	22	5477	58617616	9.34361e-05
chr19	23	4730	58617616	8.06925e-05
chr19	24	4200	58617616	7.16508e-05
chr19	25	3632	58617616	6.19609e-05
chr19	26	3132	58617616	5.3431e-05
chr19	27	2781	58617616	4.74431e-05
chr19	28	2729	58617616	4.6556e-05
chr19	29	2482	58617616	4.23422e-05
chr19	30	2260	58617616	3.8555e-05
chr19	31	2016	58617616	3.43924e-05
chr19	32	1763	58617616	3.00763e-05
chr19	33	1502	58617616	2.56237e-05
chr19	34	1393	58617616	2.37642e-05
chr19	35	1213	58617616	2.06934e-05
chr19	36	1068	58617616	1.82198e-05
chr19	37	874	58617616	1.49102e-05
chr19	38	775	58617616	1.32213e-05
chr19	39	689	58617616	1.17541e-05
chr19	40	702	58617616	1.19759e-05
chr19	41	596	58617616	1.01676e-05
chr19	42	538	58617616	9.17813e-06
chr19	43	422	58617616	7.1992e-06
chr19	44	356	58617616	6.07326e-06
chr19	45	361	58617616	6.15856e-06
chr19	46	280	58617616	4.77672e-06
chr19	47	255	58617616	4.35023e-06
chr19	48	232	58617616	3.95785e-06
chr19	49	240	58617616	4.09433e-06
chr19	50	194	58617616	3.30959e-06
chr19	51	150	58617616	2.55896e-06
chr19	52	137	58617616	2.33718e-06
chr19	53	123	58617616	2.09835e-06
chr19	54	97	58617616	1.65479e-06
chr19	55	86	58617616	1.46714e-06
chr19	56	85	58617616	1.45008e-06
chr19	57	52	58617616	8.87105e-07
chr19	58	45	58617616	7.67687e-07
chr19	59	44	58617616	7.50628e-07
chr19	60	70	58617616	1.19418e-06
chr19	61	44	58617616	7.50628e-07
chr19	62	44	58617616	7.50628e-07
chr19	63	34	58617616	5.8003e-07
chr19	64	32	58617616	5.45911e-07
chr19	65	24	58617616	4.09433e-07
chr19	66	26	58617616	4.43553e-07
chr19	67	20	58617616	3.41194e-07
chr19	68	31	58617616	5.28851e-07
chr19	69	28	58617616	4.77672e-07
chr19	70	9	58617616	1.53537e-07
chr19	71	7	58617616	1.19418e-07
chr19	72	5	58617616	8.52986e-08
chr19	73	13	58617616	2.21776e-07
chr19	75	1	58617616	1.70597e-08
chr19	79	1	58617616	1.70597e-08
chr19	80	4	58617616	6.82389e-08
chr19	81	2	58617616	3.41194e-08
chr19	82	1	58617616	1.70597e-08
chr19	84	1	58617616	1.70597e-08
chr2	0	205471335	242193529	0.848377
chr2	1	30757332	242193529	0.126995
chr2	2	4422252	242193529	0.0182592
chr2	3	784134	242193529	0.00323763
chr2	4	247457	242193529	0.00102173
chr2	5	131058	242193529	0.000541129
chr2	6	84869	242193529	0.000350418
chr2	7	61168	242193529	0.000252558
chr2	8	45485	242193529	0.000187804
chr2	9	35464	242193529	0.000146428
chr2	10	26885	242193529	0.000111006
chr2	11	21560	242193529	8.90197e-05
chr2	12	18232	242193529	7.52786e-05
chr2	13	14789	242193529	6.10627e-05
chr2	14	12353	242193529	5.10047e-05
chr2	15	10495	242193529	4.33331e-05
chr2	16	8914	242193529	3.68053e-05
chr2	17	6820	242193529	2.81593e-05
chr2	18	5777	242193529	2.38528e-05
chr2	19	4886	242193529	2.01739e-05
chr2	20	3991	242193529	1.64786e-05
chr2	21	3405	242193529	1.4059e-05
chr2	22	2926	242193529	1.20812e-05
chr2	23	2403	242193529	9.92182e-06
chr2	24	1838	242193529	7.58897e-06
chr2	25	1409	242193529	5.81766e-06
chr2	26	1223	242193529	5.04968e-06
chr2	27	1006	242193529	4.1537e-06
chr2	28	904	242193529	3.73255e-06
chr2	29	588	242193529	2.42781e-06
chr2	30	502	242193529	2.07272e-06
chr2	31	356	242193529	1.4699e-06
chr2	32	311	242193529	1.2841e-06
chr2	33	295	242193529	1.21803e-06
chr2	34	211	242193529	8.71204e-07
chr2	35	140	242193529	5.7805e-07
chr2	36	82	242193529	3.38572e-07
chr2	37	91	242193529	3.75733e-07
chr2	38	85	242193529	3.50959e-07
chr2	39	89	242193529	3.67475e-07
chr2	40	54	242193529	2.22962e-07
chr2	41	52	242193529	2.14704e-07
chr2	42	42	242193529	1.73415e-07
chr2	43	28	242193529	1.1561e-07
chr2	44	26	242193529	1.07352e-07
chr2	45	31	242193529	1.27997e-07
chr2	46	21	242193529	8.67075e-08
chr2	47	21	242193529	8.67075e-08
chr2	48	16	242193529	6.60629e-08
chr2	49	13	242193529	5.36761e-08
chr2	50	8	242193529	3.30314e-08
chr2	51	11	242193529	4.54182e-08
chr2	52	14	242193529	5.7805e-08
chr2	53	9	242193529	3.71604e-08
chr2	54	8	242193529	3.30314e-08
chr2	55	10	242193529	4.12893e-08
chr2	56	4	242193529	1.65157e-08
chr2	57	2	242193529	8.25786e-09
chr2	58	1	242193529	4.12893e-09
chr2	59	8	242193529	3.30314e-08
chr2	60	2	242193529	8.25786e-09
chr2	61	2	242193529	8.25786e-09
chr2	62	4	242193529	1.65157e-08
chr2	64	4	242193529	1.65157e-08
chr2	65	2	242193529	8.25786e-09
chr2	66	2	242193529	8.25786e-09
chr2	67	2	242193529	8.25786e-09
chr2	68	1	242193529	4.12893e-09
chr2	69	11	242193529	4.54182e-08
chr20	0	52700087	64444167	0.817764
chr20	1	9425221	64444167	0.146254
chr20	2	1647105	64444167	0.0255586
chr20	3	335224	64444167	0.00520177
chr20	4	107773	64444167	0.00167235
chr20	5	57004	64444167	0.000884549
chr20	6	37451	64444167	0.000581139
chr20	7	26911	64444167	0.000417586
chr20	8	20353	64444167	0.000315824
chr20	9	15650	64444167	0.000242846
chr20	10	12083	64444167	0.000187496
chr20	11	10027	64444167	0.000155592
chr20	12	8231	64444167	0.000127723
chr20	13	6789	64444167	0.000105347
chr20	14	5346	64444167	8.29555e-05
chr20	15	4436	64444167	6.88348e-05
chr20	16	3744	64444167	5.80968e-05
chr20	17	3328	64444167	5.16416e-05
chr20	18	2839	64444167	4.40536e-05
chr20	19	2522	64444167	3.91347e-05
chr20	20	2092	64444167	3.24622e-05
chr20	21	1672	64444167	2.59449e-05
chr20	22	1465	64444167	2.27329e-05
chr20	23	1324	64444167	2.05449e-05
chr20	24	979	64444167	1.51914e-05
chr20	25	784	64444167	1.21656e-05
chr20	26	660	64444167	1.02414e-05
chr20	27	458	64444167	7.10693e-06
chr20	28	432	64444167	6.70348e-06
chr20	29	340	64444167	5.27588e-06
chr20	30	333	64444167	5.16726e-06
chr20	31	249	64444167	3.86381e-06
chr20	32	196	64444167	3.04139e-06
chr20	33	187	64444167	2.90174e-06
chr20	34	116	64444167	1.80001e-06
chr20	35	125	64444167	1.93966e-06
chr20	36	99	64444167	1.53621e-06
chr20	37	112	64444167	1.73794e-06
chr20	38	90	64444167	1.39656e-06
chr20	39	59	64444167	9.15521e-07
chr20	40	50	64444167	7.75865e-07
chr20	41	47	64444167	7.29313e-07
chr20	42	21	64444167	3.25863e-07
chr20	43	12	64444167	1.86208e-07
chr20	44	18	64444167	2.79312e-07
chr20	45	22	64444167	3.41381e-07
chr20	46	28	64444167	4.34485e-07
chr20	47	7	64444167	1.08621e-07
chr20	48	9	64444167	1.39656e-07
chr20	49	10	64444167	1.55173e-07
chr20	50	4	64444167	6.20692e-08
chr20	51	12	64444167	1.86208e-07
chr20	52	6	64444167	9.31038e-08
chr20	53	10	64444167	1.55173e-07
chr20	54	5	64444167	7.75865e-08
chr20	55	4	64444167	6.20692e-08
chr20	56	6	64444167	9.31038e-08
chr21	0	43220055	46709983	0.925285
chr21	1	3041716	46709983	0.0651192
chr21	2	333023	46709983	0.00712959
chr21	3	55489	46709983	0.00118795
chr21	4	19132	46709983	0.000409591
chr21	5	11346	46709983	0.000242903
chr21	6	7126	46709983	0.000152558
chr21	7	4870	46709983	0.00010426
chr21	8	3885	46709983	8.31728e-05
chr21	9	2982	46709983	6.38407e-05
chr21	10	2329	46709983	4.98609e-05
chr21	11	1869	46709983	4.00129e-05
chr21	12	1556	46709983	3.33119e-05
chr21	13	1236	46709983	2.64612e-05
chr21	14	869	46709983	1.86042e-05
chr21	15	659	46709983	1.41083e-05
chr21	16	390	46709983	8.34939e-06
chr21	17	400	46709983	8.56348e-06
chr21	18	298	46709983	6.37979e-06
chr21	19	222	46709983	4.75273e-06
chr21	20	163	46709983	3.48962e-06
chr21	21	94	46709983	2.01242e-06
chr21	22	58	46709983	1.2417e-06
chr21	23	37	46709983	7.92122e-07
chr21	24	39	46709983	8.34939e-07
chr21	25	30	46709983	6.42261e-07
chr21	26	28	46709983	5.99444e-07
chr21	27	19	46709983	4.06765e-07
chr21	28	2	46709983	4.28174e-08
chr21	29	10	46709983	2.14087e-07
chr21	30	1	46709983	2.14087e-08
chr21	31	5	46709983	1.07043e-07
chr21	32	1	46709983	2.14087e-08
chr21	33	18	46709983	3.85357e-07
chr21	34	18	46709983	3.85357e-07
chr21	35	8	46709983	1.7127e-07
chr22	0	45831411	50818468	0.901865
chr22	1	4072680	50818468	0.0801417
chr22	2	613841	50818468	0.0120791
chr22	3	133104	50818468	0.00261921
chr22	4	52580	50818468	0.00103466
chr22	5	31763	50818468	0.000625029
chr22	6	21458	50818468	0.000422248
chr22	7	14886	50818468	0.000292925
chr22	8	11006	50818468	0.000216575
chr22	9	7984	50818468	0.000157108
chr22	10	5967	50818468	0.000117418
chr22	11	4892	50818468	9.62642e-05
chr22	12	4018	50818468	7.90657e-05
chr22	13	3119	50818468	6.13753e-05
chr22	14	2085	50818468	4.10284e-05
chr22	15	1847	50818468	3.63451e-05
chr22	16	1437	50818468	2.82771e-05
chr22	17	1022	50818468	2.01108e-05
chr22	18	766	50818468	1.50733e-05
chr22	19	550	50818468	1.08228e-05
chr22	20	398	50818468	7.8318e-06
chr22	21	392	50818468	7.71373e-06
chr22	22	262	50818468	5.15561e-06
chr22	23	233	50818468	4.58495e-06
chr22	24	162	50818468	3.18782e-06
chr22	25	128	50818468	2.51877e-06
chr22	26	81	50818468	1.59391e-06
chr22	27	97	50818468	1.90875e-06
chr22	28	52	50818468	1.02325e-06
chr22	29	51	50818468	1.00357e-06
chr22	30	49	50818468	9.64216e-07
chr22	31	37	50818468	7.28082e-07
chr22	32	38	50818468	7.4776e-07
chr22	33	28	50818468	5.50981e-07
chr22	34	25	50818468	4.91947e-07
chr22	35	13	50818468	2.55813e-07
chr22	36	4	50818468	7.87115e-08
chr22	37	2	50818468	3.93558e-08
chr3	0	174594938	198295559	0.880478
chr3	1	20518918	198295559	0.103476
chr3	2	2386687	198295559	0.012036
chr3	3	389368	198295559	0.00196357
chr3	4	136513	198295559	0.000688432
chr3	5	76823	198295559	0.000387417
chr3	6	48488	198295559	0.000244524
chr3	7	34367	198295559	0.000173312
chr3	8	24718	198295559	0.000124652
chr3	9	18397	198295559	9.27757e-05
chr3	10	14554	198295559	7.33955e-05
chr3	11	11354	198295559	5.7258e-05
chr3	12	9215	198295559	4.6471e-05
chr3	13	7176	198295559	3.61884e-05
chr3	14	5765	198295559	2.90728e-05
chr3	15	4149	198295559	2.09233e-05
chr3	16	3255	198295559	1.64149e-05
chr3	17	2321	198295559	1.17048e-05
chr3	18	1807	198295559	9.11266e-06
chr3	19	1420	198295559	7.16103e-06
chr3	20	986	198295559	4.97238e-06
chr3	21	890	198295559	4.48825e-06
chr3	22	656	198295559	3.30819e-06
chr3	23	473	198295559	2.38533e-06
chr3	24	391	198295559	1.9718e-06
chr3	25	445	198295559	2.24412e-06
chr3	26	272	198295559	1.37169e-06
chr3	27	223	198295559	1.12458e-06
chr3	28	161	198295559	8.11919e-07
chr3	29	128	198295559	6.45501e-07
chr3	30	62	198295559	3.12665e-07
chr3	31	78	198295559	3.93352e-07
chr3	32	49	198295559	2.47106e-07
chr3	33	28	198295559	1.41203e-07
chr3	34	52	198295559	2.62235e-07
chr3	35	18	198295559	9.07736e-08
chr3	36	21	198295559	1.05903e-07
chr3	37	7	198295559	3.53008e-08
chr3	38	2	198295559	1.0086e-08
chr3	39	6	198295559	3.02579e-08
chr3	40	6	198295559	3.02579e-08
chr3	41	14	198295559	7.06017e-08
chr3	42	9	198295559	4.53868e-08
chr3	44	4	198295559	2.01719e-08
chr3	45	7	198295559	3.53008e-08
chr3	46	9	198295559	4.53868e-08
chr3	47	3	198295559	1.51289e-08
chr3	48	9	198295559	4.53868e-08
chr3	49	3	198295559	1.51289e-08
chr3	50	2	198295559	1.0086e-08
chr3	51	7	198295559	3.53008e-08
chr3	52	6	198295559	3.02579e-08
chr3	53	8	198295559	4.03438e-08
chr3	54	17	198295559	8.57306e-08
chr3	55	2	198295559	1.0086e-08
chr3	56	8	198295559	4.03438e-08
chr3	57	12	198295559	6.05157e-08
chr3	58	5	198295559	2.52149e-08
chr3	59	1	198295559	5.04298e-09
chr3	60	7	198295559	3.53008e-08
chr3	61	4	198295559	2.01719e-08
chr3	62	3	198295559	1.51289e-08
chr3	63	9	198295559	4.53868e-08
chr3	64	13	198295559	6.55587e-08
chr3	65	8	198295559	4.03438e-08
chr3	66	13	198295559	6.55587e-08
chr3	67	4	198295559	2.01719e-08
chr3	68	21	198295559	1.05903e-07
chr3	69	14	198295559	7.06017e-08
chr3	70	8	198295559	4.03438e-08
chr3	71	2	198295559	1.0086e-08
chr3	72	4	198295559	2.01719e-08
chr3	73	4	198295559	2.01719e-08
chr3	74	3	198295559	1.51289e-08
chr3	75	4	198295559	2.01719e-08
chr3	76	3	198295559	1.51289e-08
chr3	77	1	198295559	5.04298e-09
chr3	78	2	198295559	1.0086e-08
chr3	79	4	198295559	2.01719e-08
chr3	80	2	198295559	1.0086e-08
chr3	81	2	198295559	1.0086e-08
chr3	82	2	198295559	1.0086e-08
chr3	83	2	198295559	1.0086e-08
chr3	84	6	198295559	3.02579e-08
chr3	85	5	198295559	2.52149e-08
chr3	86	1	198295559	5.04298e-09
chr3	87	1	198295559	5.04298e-09
chr3	88	6	198295559	3.02579e-08
chr3	89	4	198295559	2.01719e-08
chr3	90	10	198295559	5.04298e-08
chr3	91	4	198295559	2.01719e-08
chr3	93	2	198295559	1.0086e-08
chr3	94	2	198295559	1.0086e-08
chr3	95	6	198295559	3.02579e-08
chr3	96	4	198295559	2.01719e-08
chr3	97	3	198295559	1.51289e-08
chr3	98	1	198295559	5.04298e-09
chr3	99	5	198295559	2.52149e-08
chr3	100	47	198295559	2.3702e-07
chr4	0	173586148	190214555	0.912581
chr4	1	14881711	190214555	0.0782364
chr4	2	1349299	190214555	0.00709356
chr4	3	205515	190214555	0.00108044
chr4	4	69845	190214555	0.000367191
chr4	5	37901	190214555	0.000199254
chr4	6	23155	190214555	0.000121731
chr4	7	16433	190214555	8.63919e-05
chr4	8	11173	190214555	5.87389e-05
chr4	9	8585	190214555	4.51332e-05
chr4	10	5970	190214555	3.13856e-05
chr4	11	4406	190214555	2.31633e-05
chr4	12	3550	190214555	1.86631e-05
chr4	13	2720	190214555	1.42996e-05
chr4	14	2117	190214555	1.11295e-05
chr4	15	1479	190214555	7.77543e-06
chr4	16	1075	190214555	5.65151e-06
chr4	17	755	190214555	3.9692e-06
chr4	18	549	190214555	2.88621e-06
chr4	19	451	190214555	2.37101e-06
chr4	20	350	190214555	1.84003e-06
chr4	21	305	190214555	1.60345e-06
chr4	22	186	190214555	9.77843e-07
chr4	23	148	190214555	7.78069e-07
chr4	24	125	190214555	6.57153e-07
chr4	25	112	190214555	5.88809e-07
chr4	26	85	190214555	4.46864e-07
chr4	27	61	190214555	3.2069e-07
chr4	28	43	190214555	2.26061e-07
chr4	29	52	190214555	2.73375e-07
chr4	30	24	190214555	1.26173e-07
chr4	31	19	190214555	9.98872e-08
chr4	32	18	190214555	9.463e-08
chr4	33	17	190214555	8.93728e-08
chr4	34	18	190214555	9.463e-08
chr4	35	37	190214555	1.94517e-07
chr4	36	18	190214555	9.463e-08
chr4	37	17	190214555	8.93728e-08
chr4	38	16	190214555	8.41155e-08
chr4	39	23	190214555	1.20916e-07
chr4	40	17	190214555	8.93728e-08
chr4	41	8	190214555	4.20578e-08
chr4	42	6	190214555	3.15433e-08
chr4	44	2	190214555	1.05144e-08
chr4	45	1	190214555	5.25722e-09
chr4	46	5	190214555	2.62861e-08
chr4	47	4	190214555	2.10289e-08
chr4	50	1	190214555	5.25722e-09
chr5	0	157490690	181538259	0.867534
chr5	1	20565172	181538259	0.113283
chr5	2	2620323	181538259	0.014434
chr5	3	438421	181538259	0.00241503
chr5	4	145055	181538259	0.000799033
chr5	5	75735	181538259	0.000417185
chr5	6	48542	181538259	0.000267393
chr5	7	33938	181538259	0.000186947
chr5	8	25544	181538259	0.000140709
chr5	9	19394	181538259	0.000106831
chr5	10	15205	181538259	8.37565e-05
chr5	11	12106	181538259	6.66857e-05
chr5	12	9752	181538259	5.37187e-05
chr5	13	7807	181538259	4.30047e-05
chr5	14	5991	181538259	3.30013e-05
chr5	15	4919	181538259	2.70962e-05
chr5	16	3863	181538259	2.12793e-05
chr5	17	3095	181538259	1.70487e-05
chr5	18	2461	181538259	1.35564e-05
chr5	19	2036	181538259	1.12153e-05
chr5	20	1562	181538259	8.60425e-06
chr5	21	1187	181538259	6.53857e-06
chr5	22	1040	181538259	5.72882e-06
chr5	23	844	181538259	4.64916e-06
chr5	24	819	181538259	4.51145e-06
chr5	25	655	181538259	3.60805e-06
chr5	26	378	181538259	2.08221e-06
chr5	27	291	181538259	1.60297e-06
chr5	28	226	181538259	1.24492e-06
chr5	29	196	181538259	1.07966e-06
chr5	30	171	181538259	9.4195e-07
chr5	31	120	181538259	6.61018e-07
chr5	32	85	181538259	4.68221e-07
chr5	33	82	181538259	4.51695e-07
chr5	34	65	181538259	3.58051e-07
chr5	35	70	181538259	3.85594e-07
chr5	36	59	181538259	3.25e-07
chr5	37	38	181538259	2.09322e-07
chr5	38	39	181538259	2.14831e-07
chr5	39	54	181538259	2.97458e-07
chr5	40	33	181538259	1.8178e-07
chr5	41	20	181538259	1.1017e-07
chr5	42	37	181538259	2.03814e-07
chr5	43	19	181538259	1.04661e-07
chr5	44	10	181538259	5.50848e-08
chr5	45	11	181538259	6.05933e-08
chr5	46	1	181538259	5.50848e-09
chr5	47	6	181538259	3.30509e-08
chr5	48	9	181538259	4.95763e-08
chr5	49	4	181538259	2.20339e-08
chr5	50	7	181538259	3.85594e-08
chr5	51	7	181538259	3.85594e-08
chr5	52	46	181538259	2.5339e-07
chr5	53	5	181538259	2.75424e-08
chr5	54	14	181538259	7.71187e-08
chr6	0	153762507	170805979	0.900217
chr6	1	14890458	170805979	0.0871776
chr6	2	1568958	170805979	0.00918561
chr6	3	281635	170805979	0.00164886
chr6	4	110875	170805979	0.000649128
chr6	5	61117	170805979	0.000357815
chr6	6	38968	170805979	0.000228142
chr6	7	25537	170805979	0.000149509
chr6	8	18547	170805979	0.000108585
chr6	9	13509	170805979	7.90897e-05
chr6	10	9166	170805979	5.36632e-05
chr6	11	7040	170805979	4.12164e-05
chr6	12	5217	170805979	3.05434e-05
chr6	13	3725	170805979	2.18084e-05
chr6	14	2688	170805979	1.57372e-05
chr6	15	1693	170805979	9.91183e-06
chr6	16	1309	170805979	7.66367e-06
chr6	17	877	170805979	5.13448e-06
chr6	18	679	170805979	3.97527e-06
chr6	19	464	170805979	2.71653e-06
chr6	20	280	170805979	1.63929e-06
chr6	21	185	170805979	1.0831e-06
chr6	22	168	170805979	9.83572e-07
chr6	23	107	170805979	6.26442e-07
chr6	24	76	170805979	4.44949e-07
chr6	25	54	170805979	3.16148e-07
chr6	26	38	170805979	2.22475e-07
chr6	27	21	170805979	1.22947e-07
chr6	28	41	170805979	2.40038e-07
chr6	29	19	170805979	1.11237e-07
chr6	30	6	170805979	3.51276e-08
chr6	31	15	170805979	8.78189e-08
chr7	0	137673699	159345973	0.863992
chr7	1	18237374	159345973	0.114451
chr7	2	2521669	159345973	0.0158251
chr7	3	447425	159345973	0.00280788
chr7	4	149223	159345973	0.000936472
chr7	5	79178	159345973	0.000496894
chr7	6	51377	159345973	0.000322424
chr7	7	37192	159345973	0.000233404
chr7	8	28733	159345973	0.000180318
chr7	9	21336	159345973	0.000133897
chr7	10	17951	159345973	0.000112654
chr7	11	14412	159345973	9.04447e-05
chr7	12	11905	159345973	7.47117e-05
chr7	13	10003	159345973	6.27754e-05
chr7	14	8081	159345973	5.07136e-05
chr7	15	6751	159345973	4.23669e-05
chr7	16	5331	159345973	3.34555e-05
chr7	17	4272	159345973	2.68096e-05
chr7	18	3567	159345973	2.23853e-05
chr7	19	2972	159345973	1.86512e-05
chr7	20	2587	159345973	1.62351e-05
chr7	21	2105	159345973	1.32102e-05
chr7	22	1623	159345973	1.01854e-05
chr7	23	1142	159345973	7.1668e-06
chr7	24	964	159345973	6.04973e-06
chr7	25	856	159345973	5.37196e-06
chr7	26	753	159345973	4.72557e-06
chr7	27	539	159345973	3.38258e-06
chr7	28	483	159345973	3.03114e-06
chr7	29	461	159345973	2.89308e-06
chr7	30	333	159345973	2.08979e-06
chr7	31	267	159345973	1.6756e-06
chr7	32	243	159345973	1.52498e-06
chr7	33	245	159345973	1.53754e-06
chr7	34	183	159345973	1.14844e-06
chr7	35	166	159345973	1.04176e-06
chr7	36	111	159345973	6.96597e-07
chr7	37	82	159345973	5.14604e-07
chr7	38	72	159345973	4.51847e-07
chr7	39	64	159345973	4.01642e-07
chr7	40	74	159345973	4.64398e-07
chr7	41	36	159345973	2.25924e-07
chr7	42	23	159345973	1.4434e-07
chr7	43	8	159345973	5.02052e-08
chr7	44	14	159345973	8.78591e-08
chr7	45	18	159345973	1.12962e-07
chr7	46	23	159345973	1.4434e-07
chr7	47	8	159345973	5.02052e-08
chr7	48	11	159345973	6.90322e-08
chr7	49	2	159345973	1.25513e-08
chr7	50	10	159345973	6.27565e-08
chr7	51	10	159345973	6.27565e-08
chr7	52	6	159345973	3.76539e-08
chr8	0	124148986	145138636	0.855382
chr8	1	17676587	145138636	0.121791
chr8	2	2461783	145138636	0.0169616
chr8	3	440288	145138636	0.00303357
chr8	4	141842	145138636	0.000977286
chr8	5	72511	145138636	0.000499598
chr8	6	45963	145138636	0.000316683
chr8	7	32146	145138636	0.000221485
chr8	8	23397	145138636	0.000161204
chr8	9	17903	145138636	0.000123351
chr8	10	13728	145138636	9.45854e-05
chr8	11	10595	145138636	7.29992e-05
chr8	12	8753	145138636	6.03079e-05
chr8	13	7310	145138636	5.03656e-05
chr8	14	5976	145138636	4.11744e-05
chr8	15	4929	145138636	3.39606e-05
chr8	16	3859	145138636	2.65884e-05
chr8	17	3256	145138636	2.24337e-05
chr8	18	2635	145138636	1.81551e-05
chr8	19	2189	145138636	1.50821e-05
chr8	20	1984	145138636	1.36697e-05
chr8	21	1684	145138636	1.16027e-05
chr8	22	1500	145138636	1.03349e-05
chr8	23	1168	145138636	8.04748e-06
chr8	24	1131	145138636	7.79255e-06
chr8	25	884	145138636	6.09073e-06
chr8	26	687	145138636	4.73341e-06
chr8	27	609	145138636	4.19599e-06
chr8	28	562	145138636	3.87216e-06
chr8	29	484	145138636	3.33474e-06
chr8	30	369	145138636	2.5424e-06
chr8	31	306	145138636	2.10833e-06
chr8	32	311	145138636	2.14278e-06
chr8	33	287	145138636	1.97742e-06
chr8	34	286	145138636	1.97053e-06
chr8	35	293	145138636	2.01876e-06
chr8	36	182	145138636	1.25397e-06
chr8	37	192	145138636	1.32287e-06
chr8	38	154	145138636	1.06105e-06
chr8	39	109	145138636	7.51006e-07
chr8	40	94	145138636	6.47657e-07
chr8	41	82	145138636	5.64977e-07
chr8	42	59	145138636	4.06508e-07
chr8	43	94	145138636	6.47657e-07
chr8	44	94	145138636	6.47657e-07
chr8	45	47	145138636	3.23828e-07
chr8	46	38	145138636	2.61819e-07
chr8	47	33	145138636	2.27369e-07
chr8	48	24	145138636	1.65359e-07
chr8	49	31	145138636	2.13589e-07
chr8	50	26	145138636	1.79139e-07
chr8	51	29	145138636	1.99809e-07
chr8	52	38	145138636	2.61819e-07
chr8	53	33	145138636	2.27369e-07
chr8	54	10	145138636	6.88996e-08
chr8	55	21	145138636	1.44689e-07
chr8	56	7	145138636	4.82297e-08
chr8	57	5	145138636	3.44498e-08
chr8	58	2	145138636	1.37799e-08
chr8	59	5	145138636	3.44498e-08
chr8	60	1	145138636	6.88996e-09
chr8	61	1	145138636	6.88996e-09
chr8	62	6	145138636	4.13398e-08
chr8	63	2	145138636	1.37799e-08
chr8	64	5	145138636	3.44498e-08
chr8	65	9	145138636	6.20097e-08
chr8	66	7	145138636	4.82297e-08
chr8	67	7	145138636	4.82297e-08
chr8	68	4	145138636	2.75599e-08
chr8	69	3	145138636	2.06699e-08
chr8	70	1	145138636	6.88996e-09
chr9	0	121637799	138394717	0.878919
chr9	1	13943554	138394717	0.100752
chr9	2	2016293	138394717	0.0145691
chr9	3	380519	138394717	0.00274952
chr9	4	131783	138394717	0.000952226
chr9	5	71052	138394717	0.000513401
chr9	6	47131	138394717	0.000340555
chr9	7	33903	138394717	0.000244973
chr9	8	26016	138394717	0.000187984
chr9	9	19218	138394717	0.000138864
chr9	10	15833	138394717	0.000114405
chr9	11	12672	138394717	9.15642e-05
chr9	12	10293	138394717	7.43742e-05
chr9	13	8762	138394717	6.33117e-05
chr9	14	7239	138394717	5.23069e-05
chr9	15	6076	138394717	4.39034e-05
chr9	16	4919	138394717	3.55433e-05
chr9	17	3906	138394717	2.82236e-05
chr9	18	3366	138394717	2.43217e-05
chr9	19	2790	138394717	2.01597e-05
chr9	20	2132	138394717	1.54052e-05
chr9	21	1835	138394717	1.32592e-05
chr9	22	1421	138394717	1.02677e-05
chr9	23	1049	138394717	7.57977e-06
chr9	24	881	138394717	6.36585e-06
chr9	25	794	138394717	5.73721e-06
chr9	26	689	138394717	4.97851e-06
chr9	27	466	138394717	3.36718e-06
chr9	28	398	138394717	2.87583e-06
chr9	29	313	138394717	2.26165e-06
chr9	30	292	138394717	2.10991e-06
chr9	31	291	138394717	2.10268e-06
chr9	32	203	138394717	1.46682e-06
chr9	33	158	138394717	1.14166e-06
chr9	34	114	138394717	8.23731e-07
chr9	35	81	138394717	5.85282e-07
chr9	36	73	138394717	5.27477e-07
chr9	37	57	138394717	4.11865e-07
chr9	38	54	138394717	3.90188e-07
chr9	39	57	138394717	4.11865e-07
chr9	40	51	138394717	3.68511e-07
chr9	41	8	138394717	5.78057e-08
chr9	42	11	138394717	7.94828e-08
chr9	43	21	138394717	1.5174e-07
chr9	44	20	138394717	1.44514e-07
chr9	45	18	138394717	1.30063e-07
chr9	46	12	138394717	8.67085e-08
chr9	47	16	138394717	1.15611e-07
chr9	48	19	138394717	1.37288e-07
chr9	49	2	138394717	1.44514e-08
chr9	50	3	138394717	2.16771e-08
chr9	51	4	138394717	2.89028e-08
chr9	100	50	138394717	3.61285e-07
chrX	0	144096670	156040895	0.923455
chrX	1	10647970	156040895	0.0682383
chrX	2	962028	156040895	0.00616523
chrX	3	155446	156040895	0.000996188
chrX	4	60568	156040895	0.000388155
chrX	5	34737	156040895	0.000222615
chrX	6	22514	156040895	0.000144283
chrX	7	15669	156040895	0.000100416
chrX	8	11783	156040895	7.55123e-05
chrX	9	8478	156040895	5.43319e-05
chrX	10	6234	156040895	3.99511e-05
chrX	11	4890	156040895	3.13379e-05
chrX	12	3476	156040895	2.22762e-05
chrX	13	2507	156040895	1.60663e-05
chrX	14	1927	156040895	1.23493e-05
chrX	15	1474	156040895	9.44624e-06
chrX	16	1098	156040895	7.03662e-06
chrX	17	702	156040895	4.49882e-06
chrX	18	544	156040895	3.48627e-06
chrX	19	502	156040895	3.21711e-06
chrX	20	353	156040895	2.26223e-06
chrX	21	310	156040895	1.98666e-06
chrX	22	190	156040895	1.21763e-06
chrX	23	214	156040895	1.37144e-06
chrX	24	102	156040895	6.53675e-07
chrX	25	103	156040895	6.60083e-07
chrX	26	75	156040895	4.80643e-07
chrX	27	72	156040895	4.61417e-07
chrX	28	67	156040895	4.29375e-07
chrX	29	31	156040895	1.98666e-07
chrX	30	10	156040895	6.40858e-08
chrX	31	12	156040895	7.69029e-08
chrX	32	9	156040895	5.76772e-08
chrX	33	7	156040895	4.486e-08
chrX	34	7	156040895	4.486e-08
chrX	35	10	156040895	6.40858e-08
chrX	36	6	156040895	3.84515e-08
chrX	37	7	156040895	4.486e-08
chrX	38	7	156040895	4.486e-08
chrX	39	2	156040895	1.28172e-08
chrX	40	6	156040895	3.84515e-08
chrX	41	9	156040895	5.76772e-08
chrX	42	14	156040895	8.97201e-08
chrX	43	11	156040895	7.04943e-08
chrX	44	1	156040895	6.40858e-09
chrX	45	1	156040895	6.40858e-09
chrX	46	1	156040895	6.40858e-09
chrX	47	1	156040895	6.40858e-09
chrX	49	2	156040895	1.28172e-08
chrX	50	3	156040895	1.92257e-08
chrX	51	1	156040895	6.40858e-09
chrX	52	2	156040895	1.28172e-08
chrX	53	1	156040895	6.40858e-09
chrX	54	1	156040895	6.40858e-09
chrX	56	3	156040895	1.92257e-08
chrX	57	4	156040895	2.56343e-08
chrX	58	3	156040895	1.92257e-08
chrX	61	1	156040895	6.40858e-09
chrX	62	9	156040895	5.76772e-08
chrX	63	10	156040895	6.40858e-08
chrY	0	56700849	57227415	0.990799
chrY	1	496796	57227415	0.00868108
chrY	2	25588	57227415	0.000447128
chrY	3	2711	57227415	4.73724e-05
chrY	4	748	57227415	1.30707e-05
chrY	5	361	57227415	6.30817e-06
chrY	6	141	57227415	2.46385e-06
chrY	7	79	57227415	1.38046e-06
chrY	8	48	57227415	8.38759e-07
chrY	9	30	57227415	5.24224e-07
chrY	10	9	57227415	1.57267e-07
chrY	11	5	57227415	8.73707e-08
chrY	13	50	57227415	8.73707e-07
chr15_KI270905v1_alt	0	5161414	5161414	1
chr6_GL000256v2_alt	0	4929269	4929269	1
chr6_GL000254v2_alt	0	4827813	4827813	1
chr6_GL000251v2_alt	0	4795265	4795265	1
chr6_GL000253v2_alt	0	4677643	4677643	1
chr6_GL000250v2_alt	0	4672374	4672374	1
chr6_GL000255v2_alt	0	4606388	4606388	1
chr6_GL000252v2_alt	0	4604811	4604811	1
chr17_KI270857v1_alt	0	2877074	2877074	1
chr16_KI270853v1_alt	0	2659700	2659700	1
chr16_KI270728v1_random	0	1872759	1872759	1
chr17_GL000258v2_alt	0	1821992	1821992	1
chr5_GL339449v2_alt	0	1612928	1612928	1
chr14_KI270847v1_alt	0	1511111	1511111	1
chr17_KI270908v1_alt	0	1423190	1423190	1
chr14_KI270846v1_alt	0	1351393	1351393	1
chr5_KI270897v1_alt	0	1144418	1144418	1
chr7_KI270803v1_alt	0	1111570	1111570	1
chr19_GL949749v2_alt	0	1091841	1091841	1
chr19_KI270938v1_alt	0	1066800	1066800	1
chr19_GL949750v2_alt	0	1066390	1066390	1
chr19_GL949748v2_alt	0	1064304	1064304	1
chr19_GL949751v2_alt	0	1002683	1002683	1
chr19_GL949746v1_alt	0	987716	987716	1
chr19_GL949752v1_alt	0	987100	987100	1
chr8_KI270821v1_alt	0	985506	985506	1
chr1_KI270763v1_alt	0	911658	911658	1
chr6_KI270801v1_alt	0	870480	870480	1
chr19_GL949753v2_alt	0	796479	796479	1
chr19_GL949747v2_alt	0	729520	729520	1
chr8_KI270822v1_alt	0	624492	624492	1
chr4_GL000257v2_alt	0	586476	586476	1
chr12_KI270904v1_alt	0	572349	572349	1
chr4_KI270925v1_alt	0	555799	555799	1
chr15_KI270852v1_alt	0	478999	478999	1
chr15_KI270727v1_random	0	448248	448248	1
chr9_KI270823v1_alt	0	439082	439082	1
chr15_KI270850v1_alt	0	430880	430880	1
chr1_KI270759v1_alt	0	425601	425601	1
chr12_GL877876v1_alt	0	408271	408271	1
chrUn_KI270442v1	0	392061	392061	1
chr17_KI270862v1_alt	0	391357	391357	1
chr15_GL383555v2_alt	0	388773	388773	1
chr19_GL383573v1_alt	0	385657	385657	1
chr4_KI270896v1_alt	0	378547	378547	1
chr4_GL383528v1_alt	0	376187	376187	1
chr17_GL383563v3_alt	0	375691	375691	1
chr8_KI270810v1_alt	0	374415	374415	1
chr1_GL383520v2_alt	0	366580	366580	1
chr1_KI270762v1_alt	0	354444	354444	1
chr15_KI270848v1_alt	0	327382	327382	1
chr17_KI270909v1_alt	0	325800	325800	1
chr14_KI270844v1_alt	0	322166	322166	1
chr8_KI270900v1_alt	0	318687	318687	1
chr10_GL383546v1_alt	0	309802	309802	1
chr13_KI270838v1_alt	0	306913	306913	1
chr8_KI270816v1_alt	0	305841	305841	1
chr22_KI270879v1_alt	0	304135	304135	1
chr8_KI270813v1_alt	0	300230	300230	1
chr11_KI270831v1_alt	0	296895	296895	1
chr15_GL383554v1_alt	0	296527	296527	1
chr8_KI270811v1_alt	0	292436	292436	1
chr18_GL383567v1_alt	0	289831	289831	1
chrX_KI270880v1_alt	0	284869	284869	1
chr8_KI270812v1_alt	0	282736	282736	1
chr19_KI270921v1_alt	0	282224	282224	1
chr17_KI270729v1_random	0	280839	280839	1
chr17_JH159146v1_alt	0	278131	278131	1
chrX_KI270913v1_alt	0	274009	274009	1
chr6_KI270798v1_alt	0	271782	271782	1
chr7_KI270808v1_alt	0	271455	271455	1
chr22_KI270876v1_alt	0	263666	263666	1
chr15_KI270851v1_alt	0	263054	263054	1
chr22_KI270875v1_alt	0	259914	259914	1
chr1_KI270766v1_alt	0	256271	256271	1
chr19_KI270882v1_alt	0	248807	248807	1
chr3_KI270778v1_alt	0	248252	248252	1
chr15_KI270849v1_alt	0	244917	244917	1
chr4_KI270786v1_alt	0	244096	244096	1
chr12_KI270835v1_alt	0	238139	238139	1
chr17_KI270858v1_alt	0	235827	235827	1
chr19_KI270867v1_alt	0	233762	233762	1
chr16_KI270855v1_alt	0	232857	232857	1
chr8_KI270926v1_alt	0	229282	229282	1
chr5_GL949742v1_alt	0	226852	226852	1
chr3_KI270780v1_alt	0	224108	224108	1
chr17_GL383565v1_alt	0	223995	223995	1
chr2_KI270774v1_alt	0	223625	223625	1
chr4_KI270790v1_alt	0	220246	220246	1
chr11_KI270927v1_alt	0	218612	218612	1
chr19_KI270932v1_alt	0	215732	215732	1
chr11_KI270903v1_alt	0	214625	214625	1
chr2_KI270894v1_alt	0	214158	214158	1
chr14_GL000225v1_random	0	211173	211173	1
chrUn_KI270743v1	0	210658	210658	1
chr11_KI270832v1_alt	0	210133	210133	1
chr7_KI270805v1_alt	0	209988	209988	1
chr4_GL000008v2_random	0	209709	209709	1
chr7_KI270809v1_alt	0	209586	209586	1
chr19_KI270887v1_alt	0	209512	209512	1
chr4_KI270789v1_alt	0	205944	205944	1
chr3_KI270779v1_alt	0	205312	205312	1
chr19_KI270914v1_alt	0	205194	205194	1
chr19_KI270886v1_alt	0	204239	204239	1
chr11_KI270829v1_alt	0	204059	204059	1
chr14_GL000009v2_random	0	201709	201709	1
chr21_GL383579v2_alt	0	201197	201197	1
chr11_JH159136v1_alt	0	200998	200998	1
chr19_KI270930v1_alt	0	200773	200773	1
chrUn_KI270747v1	0	198735	198735	1
chr18_GL383571v1_alt	0	198278	198278	1
chr19_KI270920v1_alt	0	198005	198005	1
chr6_KI270797v1_alt	0	197536	197536	1
chr3_KI270935v1_alt	0	197351	197351	1
chr17_KI270861v1_alt	0	196688	196688	1
chr15_KI270906v1_alt	0	196384	196384	1
chr5_KI270791v1_alt	0	195710	195710	1
chr14_KI270722v1_random	0	194050	194050	1
chr16_GL383556v1_alt	0	192462	192462	1
chr13_KI270840v1_alt	0	191684	191684	1
chr14_GL000194v1_random	0	191469	191469	1
chr11_JH159137v1_alt	0	191409	191409	1
chr19_KI270917v1_alt	0	190932	190932	1
chr7_KI270899v1_alt	0	190869	190869	1
chr19_KI270923v1_alt	0	189352	189352	1
chr10_KI270825v1_alt	0	188315	188315	1
chr19_GL383576v1_alt	0	188024	188024	1
chr19_KI270922v1_alt	0	187935	187935	1
chrUn_KI270742v1	0	186739	186739	1
chr22_KI270878v1_alt	0	186262	186262	1
chr19_KI270929v1_alt	0	186203	186203	1
chr11_KI270826v1_alt	0	186169	186169	1
chr6_KB021644v2_alt	0	185823	185823	1
chr17_GL000205v2_random	0	185591	185591	1
chr1_KI270765v1_alt	0	185285	185285	1
chr19_KI270916v1_alt	0	184516	184516	1
chr19_KI270890v1_alt	0	184499	184499	1
chr3_KI270784v1_alt	0	184404	184404	1
chr12_GL383551v1_alt	0	184319	184319	1
chr20_KI270870v1_alt	0	183433	183433	1
chrUn_GL000195v1	0	182896	182896	1
chr1_GL383518v1_alt	0	182439	182439	1
chr22_KI270736v1_random	0	181920	181920	1
chr10_KI270824v1_alt	0	181496	181496	1
chr14_KI270845v1_alt	0	180703	180703	1
chr3_GL383526v1_alt	0	180671	180671	1
chr13_KI270839v1_alt	0	180306	180306	1
chr22_KI270733v1_random	0	179772	179772	1
chrUn_GL000224v1	0	179693	179693	1
chr10_GL383545v1_alt	0	179254	179254	1
chrUn_GL000219v1	0	179198	179198	1
chr5_KI270792v1_alt	0	179043	179043	1
chr17_KI270860v1_alt	0	178921	178921	1
chr19_GL000209v2_alt	0	177381	177381	1
chr11_KI270830v1_alt	0	177092	177092	1
chr9_KI270719v1_random	0	176845	176845	1
chrUn_GL000216v2	0	176608	176608	1
chr22_KI270928v1_alt	0	176103	176103	1
chr1_KI270712v1_random	0	176043	176043	1
chr6_KI270800v1_alt	0	175808	175808	1
chr1_KI270706v1_random	0	175055	175055	1
chr2_KI270776v1_alt	0	174166	174166	1
chr18_KI270912v1_alt	0	174061	174061	1
chr3_KI270777v1_alt	0	173649	173649	1
chr5_GL383531v1_alt	0	173459	173459	1
chr3_JH636055v2_alt	0	173151	173151	1
chr14_KI270725v1_random	0	172810	172810	1
chr5_KI270796v1_alt	0	172708	172708	1
chr9_GL383541v1_alt	0	171286	171286	1
chr19_KI270885v1_alt	0	171027	171027	1
chr19_KI270919v1_alt	0	170701	170701	1
chr19_KI270889v1_alt	0	170698	170698	1
chr19_KI270891v1_alt	0	170680	170680	1
chr19_KI270915v1_alt	0	170665	170665	1
chr19_KI270933v1_alt	0	170537	170537	1
chr19_KI270883v1_alt	0	170399	170399	1
chr19_GL383575v2_alt	0	170222	170222	1
chr19_KI270931v1_alt	0	170148	170148	1
chr12_GL383550v2_alt	0	169178	169178	1
chr13_KI270841v1_alt	0	169134	169134	1
chrUn_KI270744v1	0	168472	168472	1
chr18_KI270863v1_alt	0	167999	167999	1
chr18_GL383569v1_alt	0	167950	167950	1
chr12_GL877875v1_alt	0	167313	167313	1
chr21_KI270874v1_alt	0	166743	166743	1
chr3_KI270924v1_alt	0	166540	166540	1
chr1_KI270761v1_alt	0	165834	165834	1
chr3_KI270937v1_alt	0	165607	165607	1
chr22_KI270734v1_random	0	165050	165050	1
chr18_GL383570v1_alt	0	164789	164789	1
chr5_KI270794v1_alt	0	164558	164558	1
chr4_GL383527v1_alt	0	164536	164536	1
chrUn_GL000213v1	0	164239	164239	1
chr3_KI270936v1_alt	0	164170	164170	1
chr3_KI270934v1_alt	0	163458	163458	1
chr9_GL383539v1_alt	0	162988	162988	1
chr3_KI270895v1_alt	0	162896	162896	1
chr22_GL383582v2_alt	0	162811	162811	1
chr3_KI270782v1_alt	0	162429	162429	1
chr1_KI270892v1_alt	0	162212	162212	1
chrUn_GL000220v1	0	161802	161802	1
chr2_KI270767v1_alt	0	161578	161578	1
chr2_KI270715v1_random	0	161471	161471	1
chr2_KI270893v1_alt	0	161218	161218	1
chrUn_GL000218v1	0	161147	161147	1
chr18_GL383572v1_alt	0	159547	159547	1
chr8_KI270817v1_alt	0	158983	158983	1
chr4_KI270788v1_alt	0	158965	158965	1
chrUn_KI270749v1	0	158759	158759	1
chr7_KI270806v1_alt	0	158166	158166	1
chr7_KI270804v1_alt	0	157952	157952	1
chr18_KI270911v1_alt	0	157710	157710	1
chrUn_KI270741v1	0	157432	157432	1
chr17_KI270910v1_alt	0	157099	157099	1
chr19_KI270884v1_alt	0	157053	157053	1
chr19_GL383574v1_alt	0	155864	155864	1
chr19_KI270888v1_alt	0	155532	155532	1
chr3_GL000221v1_random	0	155397	155397	1
chr11_GL383547v1_alt	0	154407	154407	1
chr2_KI270716v1_random	0	153799	153799	1
chr12_GL383553v2_alt	0	152874	152874	1
chr6_KI270799v1_alt	0	152148	152148	1
chr22_KI270731v1_random	0	150754	150754	1
chrUn_KI270751v1	0	150742	150742	1
chrUn_KI270750v1	0	148850	148850	1
chr8_KI270818v1_alt	0	145606	145606	1
chrX_KI270881v1_alt	0	144206	144206	1
chr21_KI270873v1_alt	0	143900	143900	1
chr2_GL383521v1_alt	0	143390	143390	1
chr8_KI270814v1_alt	0	141812	141812	1
chr12_GL383552v1_alt	0	138655	138655	1
chrUn_KI270519v1	0	138126	138126	1
chr2_KI270775v1_alt	0	138019	138019	1
chr17_KI270907v1_alt	0	137721	137721	1
chrUn_GL000214v1	0	137718	137718	1
chr8_KI270901v1_alt	0	136959	136959	1
chr2_KI270770v1_alt	0	136240	136240	1
chr16_KI270854v1_alt	0	134193	134193	1
chr8_KI270819v1_alt	0	133535	133535	1
chr17_GL383564v2_alt	0	133151	133151	1
chr2_KI270772v1_alt	0	133041	133041	1
chr8_KI270815v1_alt	0	132244	132244	1
chr5_KI270795v1_alt	0	131892	131892	1
chr5_KI270898v1_alt	0	130957	130957	1
chr20_GL383577v2_alt	0	128386	128386	1
chr1_KI270708v1_random	0	127682	127682	1
chr7_KI270807v1_alt	0	126434	126434	1
chr5_KI270793v1_alt	0	126136	126136	1
chr6_GL383533v1_alt	0	124736	124736	1
chr2_GL383522v1_alt	0	123821	123821	1
chr19_KI270918v1_alt	0	123111	123111	1
chr12_GL383549v1_alt	0	120804	120804	1
chr2_KI270769v1_alt	0	120616	120616	1
chr4_KI270785v1_alt	0	119912	119912	1
chr12_KI270834v1_alt	0	119498	119498	1
chr7_GL383534v2_alt	0	119183	119183	1
chr20_KI270869v1_alt	0	118774	118774	1
chr21_GL383581v2_alt	0	116689	116689	1
chr3_KI270781v1_alt	0	113034	113034	1
chr17_KI270730v1_random	0	112551	112551	1
chrUn_KI270438v1	0	112505	112505	1
chr4_KI270787v1_alt	0	111943	111943	1
chr18_KI270864v1_alt	0	111737	111737	1
chr2_KI270771v1_alt	0	110395	110395	1
chr1_GL383519v1_alt	0	110268	110268	1
chr2_KI270768v1_alt	0	110099	110099	1
chr1_KI270760v1_alt	0	109528	109528	1
chr3_KI270783v1_alt	0	109187	109187	1
chr17_KI270859v1_alt	0	108763	108763	1
chr11_KI270902v1_alt	0	106711	106711	1
chr18_GL383568v1_alt	0	104552	104552	1
chr22_KI270737v1_random	0	103838	103838	1
chr13_KI270843v1_alt	0	103832	103832	1
chr22_KI270877v1_alt	0	101331	101331	1
chr5_GL383530v1_alt	0	101241	101241	1
chr11_KI270721v1_random	0	100316	100316	1
chr22_KI270738v1_random	0	99375	99375	1
chr22_GL383583v2_alt	0	96924	96924	1
chr2_GL582966v2_alt	0	96131	96131	1
chrUn_KI270748v1	0	93321	93321	1
chrUn_KI270435v1	0	92983	92983	1
chr5_GL000208v1_random	0	92689	92689	1
chrUn_KI270538v1	0	91309	91309	1
chr17_GL383566v1_alt	0	90219	90219	1
chr16_GL383557v1_alt	0	89672	89672	1
chr17_JH159148v1_alt	0	88070	88070	1
chr5_GL383532v1_alt	0	82728	82728	1
chr21_KI270872v1_alt	0	82692	82692	1
chrUn_KI270756v1	0	79590	79590	1
chr6_KI270758v1_alt	0	76752	76752	1
chr12_KI270833v1_alt	0	76061	76061	1
chr6_KI270802v1_alt	0	75005	75005	1
chr21_GL383580v2_alt	0	74653	74653	1
chr22_KB663609v1_alt	0	74013	74013	1
chr22_KI270739v1_random	0	73985	73985	1
chr9_GL383540v1_alt	0	71551	71551	1
chrUn_KI270757v1	0	71251	71251	1
chr2_KI270773v1_alt	0	70887	70887	1
chr17_JH159147v1_alt	0	70345	70345	1
chr11_KI270827v1_alt	0	67707	67707	1
chr1_KI270709v1_random	0	66860	66860	1
chrUn_KI270746v1	0	66486	66486	1
chr16_KI270856v1_alt	0	63982	63982	1
chr21_GL383578v2_alt	0	63917	63917	1
chrUn_KI270753v1	0	62944	62944	1
chr19_KI270868v1_alt	0	61734	61734	1
chr9_GL383542v1_alt	0	60032	60032	1
chr20_KI270871v1_alt	0	58661	58661	1
chr12_KI270836v1_alt	0	56134	56134	1
chr19_KI270865v1_alt	0	52969	52969	1
chr1_KI270764v1_alt	0	50258	50258	1
chrUn_KI270589v1	0	44474	44474	1
chr14_KI270726v1_random	0	43739	43739	1
chr19_KI270866v1_alt	0	43156	43156	1
chr22_KI270735v1_random	0	42811	42811	1
chr1_KI270711v1_random	0	42210	42210	1
chrUn_KI270745v1	0	41891	41891	1
chr1_KI270714v1_random	0	41717	41717	1
chr22_KI270732v1_random	0	41543	41543	1
chr1_KI270713v1_random	0	40745	40745	1
chrUn_KI270754v1	0	40191	40191	1
chr1_KI270710v1_random	0	40176	40176	1
chr12_KI270837v1_alt	0	40090	40090	1
chr9_KI270717v1_random	0	40062	40062	1
chr14_KI270724v1_random	0	39555	39555	1
chr9_KI270720v1_random	0	39050	39050	1
chr14_KI270723v1_random	0	38115	38115	1
chr9_KI270718v1_random	0	38054	38054	1
chrUn_KI270317v1	0	37690	37690	1
chr13_KI270842v1_alt	0	37287	37287	1
chrY_KI270740v1_random	0	37240	37240	1
chrUn_KI270755v1	0	36723	36723	1
chr8_KI270820v1_alt	0	36640	36640	1
chr1_KI270707v1_random	0	32032	32032	1
chrUn_KI270579v1	0	31033	31033	1
chrUn_KI270752v1	0	27745	27745	1
chrUn_KI270512v1	0	22689	22689	1
chrUn_KI270322v1	0	21476	21476	1
chrM	0	16569	16569	1
chrUn_GL000226v1	0	15008	15008	1
chrUn_KI270311v1	0	12399	12399	1
chrUn_KI270366v1	0	8320	8320	1
chrUn_KI270511v1	0	8127	8127	1
chrUn_KI270448v1	0	7992	7992	1
chrUn_KI270521v1	0	7642	7642	1
chrUn_KI270581v1	0	7046	7046	1
chrUn_KI270582v1	0	6504	6504	1
chrUn_KI270515v1	0	6361	6361	1
chrUn_KI270588v1	0	6158	6158	1
chrUn_KI270591v1	0	5796	5796	1
chrUn_KI270522v1	0	5674	5674	1
chrUn_KI270507v1	0	5353	5353	1
chrUn_KI270590v1	0	4685	4685	1
chrUn_KI270584v1	0	4513	4513	1
chrUn_KI270320v1	0	4416	4416	1
chrUn_KI270382v1	0	4215	4215	1
chrUn_KI270468v1	0	4055	4055	1
chrUn_KI270467v1	0	3920	3920	1
chrUn_KI270362v1	0	3530	3530	1
chrUn_KI270517v1	0	3253	3253	1
chrUn_KI270593v1	0	3041	3041	1
chrUn_KI270528v1	0	2983	2983	1
chrUn_KI270587v1	0	2969	2969	1
chrUn_KI270364v1	0	2855	2855	1
chrUn_KI270371v1	0	2805	2805	1
chrUn_KI270333v1	0	2699	2699	1
chrUn_KI270374v1	0	2656	2656	1
chrUn_KI270411v1	0	2646	2646	1
chrUn_KI270414v1	0	2489	2489	1
chrUn_KI270510v1	0	2415	2415	1
chrUn_KI270390v1	0	2387	2387	1
chrUn_KI270375v1	0	2378	2378	1
chrUn_KI270420v1	0	2321	2321	1
chrUn_KI270509v1	0	2318	2318	1
chrUn_KI270315v1	0	2276	2276	1
chrUn_KI270302v1	0	2274	2274	1
chrUn_KI270518v1	0	2186	2186	1
chrUn_KI270530v1	0	2168	2168	1
chrUn_KI270304v1	0	2165	2165	1
chrUn_KI270418v1	0	2145	2145	1
chrUn_KI270424v1	0	2140	2140	1
chrUn_KI270417v1	0	2043	2043	1
chrUn_KI270508v1	0	1951	1951	1
chrUn_KI270303v1	0	1942	1942	1
chrUn_KI270381v1	0	1930	1930	1
chrUn_KI270529v1	0	1899	1899	1
chrUn_KI270425v1	0	1884	1884	1
chrUn_KI270396v1	0	1880	1880	1
chrUn_KI270363v1	0	1803	1803	1
chrUn_KI270386v1	0	1788	1788	1
chrUn_KI270465v1	0	1774	1774	1
chrUn_KI270383v1	0	1750	1750	1
chrUn_KI270384v1	0	1658	1658	1
chrUn_KI270330v1	0	1652	1652	1
chrUn_KI270372v1	0	1650	1650	1
chrUn_KI270548v1	0	1599	1599	1
chrUn_KI270580v1	0	1553	1553	1
chrUn_KI270387v1	0	1537	1537	1
chrUn_KI270391v1	0	1484	1484	1
chrUn_KI270305v1	0	1472	1472	1
chrUn_KI270373v1	0	1451	1451	1
chrUn_KI270422v1	0	1445	1445	1
chrUn_KI270316v1	0	1444	1444	1
chrUn_KI270338v1	0	1428	1428	1
chrUn_KI270340v1	0	1428	1428	1
chrUn_KI270583v1	0	1400	1400	1
chrUn_KI270334v1	0	1368	1368	1
chrUn_KI270429v1	0	1361	1361	1
chrUn_KI270393v1	0	1308	1308	1
chrUn_KI270516v1	0	1300	1300	1
chrUn_KI270389v1	0	1298	1298	1
chrUn_KI270466v1	0	1233	1233	1
chrUn_KI270388v1	0	1216	1216	1
chrUn_KI270544v1	0	1202	1202	1
chrUn_KI270310v1	0	1201	1201	1
chrUn_KI270412v1	0	1179	1179	1
chrUn_KI270395v1	0	1143	1143	1
chrUn_KI270376v1	0	1136	1136	1
chrUn_KI270337v1	0	1121	1121	1
chrUn_KI270335v1	0	1048	1048	1
chrUn_KI270378v1	0	1048	1048	1
chrUn_KI270379v1	0	1045	1045	1
chrUn_KI270329v1	0	1040	1040	1
chrUn_KI270419v1	0	1029	1029	1
chrUn_KI270336v1	0	1026	1026	1
chrUn_KI270312v1	0	998	998	1
chrUn_KI270539v1	0	993	993	1
chrUn_KI270385v1	0	990	990	1
chrUn_KI270423v1	0	981	981	1
chrUn_KI270392v1	0	971	971	1
chrUn_KI270394v1	0	970	970	1
genome	0	2828063060	3209286105	0.881212
genome	1	319720709	3209286105	0.0996236
genome	2	44077766	3209286105	0.0137344
genome	3	8314282	3209286105	0.0025907
genome	4	2900066	3209286105	0.000903648
genome	5	1577204	3209286105	0.00049145
genome	6	1036397	3209286105	0.000322937
genome	7	738542	3209286105	0.000230127
genome	8	554240	3209286105	0.000172699
genome	9	426192	3209286105	0.0001328
genome	10	336454	3209286105	0.000104838
genome	11	270825	3209286105	8.43879e-05
genome	12	221430	3209286105	6.89967e-05
genome	13	181353	3209286105	5.65088e-05
genome	14	148328	3209286105	4.62184e-05
genome	15	120754	3209286105	3.76264e-05
genome	16	99885	3209286105	3.11237e-05
genome	17	80615	3209286105	2.51193e-05
genome	18	67828	3209286105	2.11349e-05
genome	19	57062	3209286105	1.77803e-05
genome	20	47347	3209286105	1.47531e-05
genome	21	39589	3209286105	1.23358e-05
genome	22	33021	3209286105	1.02892e-05
genome	23	26769	3209286105	8.34111e-06
genome	24	22812	3209286105	7.10812e-06
genome	25	19005	3209286105	5.92188e-06
genome	26	15591	3209286105	4.85809e-06
genome	27	12977	3209286105	4.04358e-06
genome	28	11287	3209286105	3.51698e-06
genome	29	9610	3209286105	2.99444e-06
genome	30	8098	3209286105	2.5233e-06
genome	31	6865	3209286105	2.1391e-06
genome	32	5933	3209286105	1.8487e-06
genome	33	5188	3209286105	1.61656e-06
genome	34	4363	3209286105	1.35949e-06
genome	35	3666	3209286105	1.14231e-06
genome	36	2855	3209286105	8.89606e-07
genome	37	2512	3209286105	7.82729e-07
genome	38	2080	3209286105	6.48119e-07
genome	39	1830	3209286105	5.7022e-07
genome	40	1672	3209286105	5.20988e-07
genome	41	1288	3209286105	4.01335e-07
genome	42	1104	3209286105	3.44002e-07
genome	43	943	3209286105	2.93835e-07
genome	44	824	3209286105	2.56755e-07
genome	45	689	3209286105	2.14689e-07
genome	46	559	3209286105	1.74182e-07
genome	47	470	3209286105	1.4645e-07
genome	48	462	3209286105	1.43957e-07
genome	49	439	3209286105	1.36791e-07
genome	50	384	3209286105	1.19653e-07
genome	51	287	3209286105	8.9428e-08
genome	52	342	3209286105	1.06566e-07
genome	53	232	3209286105	7.22902e-08
genome	54	178	3209286105	5.5464e-08
genome	55	157	3209286105	4.89205e-08
genome	56	159	3209286105	4.95437e-08
genome	57	112	3209286105	3.48987e-08
genome	58	88	3209286105	2.74204e-08
genome	59	79	3209286105	2.46161e-08
genome	60	101	3209286105	3.14712e-08
genome	61	82	3209286105	2.55509e-08
genome	62	75	3209286105	2.33697e-08
genome	63	63	3209286105	1.96305e-08
genome	64	65	3209286105	2.02537e-08
genome	65	62	3209286105	1.93189e-08
genome	66	61	3209286105	1.90073e-08
genome	67	82	3209286105	2.55509e-08
genome	68	66	3209286105	2.05653e-08
genome	69	57	3209286105	1.7761e-08
genome	70	20	3209286105	6.23192e-09
genome	71	12	3209286105	3.73915e-09
genome	72	15	3209286105	4.67394e-09
genome	73	24	3209286105	7.4783e-09
genome	74	6	3209286105	1.86957e-09
genome	75	9	3209286105	2.80436e-09
genome	76	9	3209286105	2.80436e-09
genome	77	22	3209286105	6.85511e-09
genome	78	37	3209286105	1.1529e-08
genome	79	5	3209286105	1.55798e-09
genome	80	6	3209286105	1.86957e-09
genome	81	4	3209286105	1.24638e-09
genome	82	53	3209286105	1.65146e-08
genome	83	2	3209286105	6.23192e-10
genome	84	7	3209286105	2.18117e-09
genome	85	5	3209286105	1.55798e-09
genome	86	1	3209286105	3.11596e-10
genome	87	1	3209286105	3.11596e-10
genome	88	6	3209286105	1.86957e-09
genome	89	4	3209286105	1.24638e-09
genome	90	10	3209286105	3.11596e-09
genome	91	4	3209286105	1.24638e-09
genome	93	2	3209286105	6.23192e-10
genome	94	2	3209286105	6.23192e-10
genome	95	6	3209286105	1.86957e-09
genome	96	4	3209286105	1.24638e-09
genome	97	3	3209286105	9.34787e-10
genome	98	1	3209286105	3.11596e-10
genome	99	5	3209286105	1.55798e-09
genome	100	248	3209286105	7.72758e-08
