0
0.34388536
0.19753915
0.0037833217
0.0013837302
0.0013687373
0.0013605822
0.0013561269
0.0013458643
0.0013374644
0.0013334142
0.0013274018
0.0013187672
0.001315646
0.0013047261
0.0012973581
0.0012930483
0.001284275
0.0012828527
0.0012783291
0.0012749407
0.0012745436
0.0012627679
0.0012598238
0.0012588637
0.0012510214
0.0012459635
0.0012407671
0.0012401474
0.0012319551
0.0012311473
0.0012273282
0.00122143
0.0012161479
0.0012136569
0.0012098214
0.0012044103
0.0012025035
0.0011985393
0.0011938673
0.0011865583
0.0011830876
0.0011806727
0.0011762662
0.0011707649
0.0011694867
0.0011662784
0.0011659657
0.0011604425
0.0011556996
0.0011526219
