#bedGraph section chr1:0-20480
chr1	0	20	0
chr1	20	40	0
chr1	40	60	0
chr1	60	80	0
chr1	80	100	0
chr1	100	120	0
chr1	120	140	0
chr1	140	160	0
chr1	160	180	0
chr1	180	200	0
chr1	200	220	0
chr1	220	240	0
chr1	240	260	0
chr1	260	280	0
chr1	280	300	0
chr1	300	320	0
chr1	320	340	0
chr1	340	360	0
chr1	360	380	0
chr1	380	400	0
chr1	400	420	0
chr1	420	440	0
chr1	440	460	0
chr1	460	480	0
chr1	480	500	0
chr1	500	520	0
chr1	520	540	0
chr1	540	560	0
chr1	560	580	0
chr1	580	600	0
chr1	600	620	0
chr1	620	640	0
chr1	640	660	0
chr1	660	680	0
chr1	680	700	0
chr1	700	720	0
chr1	720	740	0
chr1	740	760	0
chr1	760	780	0
chr1	780	800	0
chr1	800	820	0
chr1	820	840	0
chr1	840	860	0
chr1	860	880	0
chr1	880	900	0
chr1	900	920	0
chr1	920	940	0
chr1	940	960	0
chr1	960	980	0
chr1	980	1000	0
chr1	1000	1020	0
chr1	1020	1040	0
chr1	1040	1060	0
chr1	1060	1080	0
chr1	1080	1100	0
chr1	1100	1120	0
chr1	1120	1140	0
chr1	1140	1160	0
chr1	1160	1180	0
chr1	1180	1200	0
chr1	1200	1220	0
chr1	1220	1240	0
chr1	1240	1260	0
chr1	1260	1280	0
chr1	1280	1300	0
chr1	1300	1320	0
chr1	1320	1340	0
chr1	1340	1360	0
chr1	1360	1380	0
chr1	1380	1400	0
chr1	1400	1420	0
chr1	1420	1440	0
chr1	1440	1460	0
chr1	1460	1480	0
chr1	1480	1500	0
chr1	1500	1520	0
chr1	1520	1540	0
chr1	1540	1560	0
chr1	1560	1580	0
chr1	1580	1600	0
chr1	1600	1620	0
chr1	1620	1640	0
chr1	1640	1660	0
chr1	1660	1680	0
chr1	1680	1700	0
chr1	1700	1720	0
chr1	1720	1740	0
chr1	1740	1760	0
chr1	1760	1780	0
chr1	1780	1800	0
chr1	1800	1820	0
chr1	1820	1840	0
chr1	1840	1860	0
chr1	1860	1880	0
chr1	1880	1900	0
chr1	1900	1920	0
chr1	1920	1940	0
chr1	1940	1960	0
chr1	1960	1980	0
chr1	1980	2000	0
chr1	2000	2020	0
chr1	2020	2040	0
chr1	2040	2060	0
chr1	2060	2080	0
chr1	2080	2100	0
chr1	2100	2120	0
chr1	2120	2140	0
chr1	2140	2160	0
chr1	2160	2180	0
chr1	2180	2200	0
chr1	2200	2220	0
chr1	2220	2240	0
chr1	2240	2260	0
chr1	2260	2280	0
chr1	2280	2300	0
chr1	2300	2320	0
chr1	2320	2340	0
chr1	2340	2360	0
chr1	2360	2380	0
chr1	2380	2400	0
chr1	2400	2420	0
chr1	2420	2440	0
chr1	2440	2460	0
chr1	2460	2480	0
chr1	2480	2500	0
chr1	2500	2520	0
chr1	2520	2540	0
chr1	2540	2560	0
chr1	2560	2580	0
chr1	2580	2600	0
chr1	2600	2620	0
chr1	2620	2640	0
chr1	2640	2660	0
chr1	2660	2680	0
chr1	2680	2700	0
chr1	2700	2720	0
chr1	2720	2740	0
chr1	2740	2760	0
chr1	2760	2780	0
chr1	2780	2800	0
chr1	2800	2820	0
chr1	2820	2840	0
chr1	2840	2860	0
chr1	2860	2880	0
chr1	2880	2900	0
chr1	2900	2920	0
chr1	2920	2940	0
chr1	2940	2960	0
chr1	2960	2980	0
chr1	2980	3000	0
chr1	3000	3020	0
chr1	3020	3040	0
chr1	3040	3060	0
chr1	3060	3080	0
chr1	3080	3100	0
chr1	3100	3120	0
chr1	3120	3140	0
chr1	3140	3160	0
chr1	3160	3180	0
chr1	3180	3200	0
chr1	3200	3220	0
chr1	3220	3240	0
chr1	3240	3260	0
chr1	3260	3280	0
chr1	3280	3300	0
chr1	3300	3320	0
chr1	3320	3340	0
chr1	3340	3360	0
chr1	3360	3380	0
chr1	3380	3400	0
chr1	3400	3420	0
chr1	3420	3440	0
chr1	3440	3460	0
chr1	3460	3480	0
chr1	3480	3500	0
chr1	3500	3520	0
chr1	3520	3540	0
chr1	3540	3560	0
chr1	3560	3580	0
chr1	3580	3600	0
chr1	3600	3620	0
chr1	3620	3640	0
chr1	3640	3660	0
chr1	3660	3680	0
chr1	3680	3700	0
chr1	3700	3720	0
chr1	3720	3740	0
chr1	3740	3760	0
chr1	3760	3780	0
chr1	3780	3800	0
chr1	3800	3820	0
chr1	3820	3840	0
chr1	3840	3860	0
chr1	3860	3880	0
chr1	3880	3900	0
chr1	3900	3920	0
chr1	3920	3940	0
chr1	3940	3960	0
chr1	3960	3980	0
chr1	3980	4000	0
chr1	4000	4020	0
chr1	4020	4040	0
chr1	4040	4060	0
chr1	4060	4080	0
chr1	4080	4100	0
chr1	4100	4120	0
chr1	4120	4140	0
chr1	4140	4160	0
chr1	4160	4180	0
chr1	4180	4200	0
chr1	4200	4220	0
chr1	4220	4240	0
chr1	4240	4260	0
chr1	4260	4280	0
chr1	4280	4300	0
chr1	4300	4320	0
chr1	4320	4340	0
chr1	4340	4360	0
chr1	4360	4380	0
chr1	4380	4400	0
chr1	4400	4420	0
chr1	4420	4440	0
chr1	4440	4460	0
chr1	4460	4480	0
chr1	4480	4500	0
chr1	4500	4520	0
chr1	4520	4540	0
chr1	4540	4560	0
chr1	4560	4580	0
chr1	4580	4600	0
chr1	4600	4620	0
chr1	4620	4640	0
chr1	4640	4660	0
chr1	4660	4680	0
chr1	4680	4700	0
chr1	4700	4720	0
chr1	4720	4740	0
chr1	4740	4760	0
chr1	4760	4780	0
chr1	4780	4800	0
chr1	4800	4820	0
chr1	4820	4840	0
chr1	4840	4860	0
chr1	4860	4880	0
chr1	4880	4900	0
chr1	4900	4920	0
chr1	4920	4940	0
chr1	4940	4960	0
chr1	4960	4980	0
chr1	4980	5000	0
chr1	5000	5020	0
chr1	5020	5040	0
chr1	5040	5060	0
chr1	5060	5080	0
chr1	5080	5100	0
chr1	5100	5120	0
chr1	5120	5140	0
chr1	5140	5160	0
chr1	5160	5180	0
chr1	5180	5200	0
chr1	5200	5220	0
chr1	5220	5240	0
chr1	5240	5260	0
chr1	5260	5280	0
chr1	5280	5300	0
chr1	5300	5320	0
chr1	5320	5340	0
chr1	5340	5360	0
chr1	5360	5380	0
chr1	5380	5400	0
chr1	5400	5420	0
chr1	5420	5440	0
chr1	5440	5460	0
chr1	5460	5480	0
chr1	5480	5500	0
chr1	5500	5520	0
chr1	5520	5540	0
chr1	5540	5560	0
chr1	5560	5580	0
chr1	5580	5600	0
chr1	5600	5620	0
chr1	5620	5640	0
chr1	5640	5660	0
chr1	5660	5680	0
chr1	5680	5700	0
chr1	5700	5720	0
chr1	5720	5740	0
chr1	5740	5760	0
chr1	5760	5780	0
chr1	5780	5800	0
chr1	5800	5820	0
chr1	5820	5840	0
chr1	5840	5860	0
chr1	5860	5880	0
chr1	5880	5900	0
chr1	5900	5920	0
chr1	5920	5940	0
chr1	5940	5960	0
chr1	5960	5980	0
chr1	5980	6000	0
chr1	6000	6020	0
chr1	6020	6040	0
chr1	6040	6060	0
chr1	6060	6080	0
chr1	6080	6100	0
chr1	6100	6120	0
chr1	6120	6140	0
chr1	6140	6160	0
chr1	6160	6180	0
chr1	6180	6200	0
chr1	6200	6220	0
chr1	6220	6240	0
chr1	6240	6260	0
chr1	6260	6280	0
chr1	6280	6300	0
chr1	6300	6320	0
chr1	6320	6340	0
chr1	6340	6360	0
chr1	6360	6380	0
chr1	6380	6400	0
chr1	6400	6420	0
chr1	6420	6440	0
chr1	6440	6460	0
chr1	6460	6480	0
chr1	6480	6500	0
chr1	6500	6520	0
chr1	6520	6540	0
chr1	6540	6560	0
chr1	6560	6580	0
chr1	6580	6600	0
chr1	6600	6620	0
chr1	6620	6640	0
chr1	6640	6660	0
chr1	6660	6680	0
chr1	6680	6700	0
chr1	6700	6720	0
chr1	6720	6740	0
chr1	6740	6760	0
chr1	6760	6780	0
chr1	6780	6800	0
chr1	6800	6820	0
chr1	6820	6840	0
chr1	6840	6860	0
chr1	6860	6880	0
chr1	6880	6900	0
chr1	6900	6920	0
chr1	6920	6940	0
chr1	6940	6960	0
chr1	6960	6980	0
chr1	6980	7000	0
chr1	7000	7020	0
chr1	7020	7040	0
chr1	7040	7060	0
chr1	7060	7080	0
chr1	7080	7100	0
chr1	7100	7120	0
chr1	7120	7140	0
chr1	7140	7160	0
chr1	7160	7180	0
chr1	7180	7200	0
chr1	7200	7220	0
chr1	7220	7240	0
chr1	7240	7260	0
chr1	7260	7280	0
chr1	7280	7300	0
chr1	7300	7320	0
chr1	7320	7340	0
chr1	7340	7360	0
chr1	7360	7380	0
chr1	7380	7400	0
chr1	7400	7420	0
chr1	7420	7440	0
chr1	7440	7460	0
chr1	7460	7480	0
chr1	7480	7500	0
chr1	7500	7520	0
chr1	7520	7540	0
chr1	7540	7560	0
chr1	7560	7580	0
chr1	7580	7600	0
chr1	7600	7620	0
chr1	7620	7640	0
chr1	7640	7660	0
chr1	7660	7680	0
chr1	7680	7700	0
chr1	7700	7720	0
chr1	7720	7740	0
chr1	7740	7760	0
chr1	7760	7780	0
chr1	7780	7800	0
chr1	7800	7820	0
chr1	7820	7840	0
chr1	7840	7860	0
chr1	7860	7880	0
chr1	7880	7900	0
chr1	7900	7920	0
chr1	7920	7940	0
chr1	7940	7960	0
chr1	7960	7980	0
chr1	7980	8000	0
chr1	8000	8020	0
chr1	8020	8040	0
chr1	8040	8060	0
chr1	8060	8080	0
chr1	8080	8100	0
chr1	8100	8120	0
chr1	8120	8140	0
chr1	8140	8160	0
chr1	8160	8180	0
chr1	8180	8200	0
chr1	8200	8220	0
chr1	8220	8240	0
chr1	8240	8260	0
chr1	8260	8280	0
chr1	8280	8300	0
chr1	8300	8320	0
chr1	8320	8340	0
chr1	8340	8360	0
chr1	8360	8380	0
chr1	8380	8400	0
chr1	8400	8420	0
chr1	8420	8440	0
chr1	8440	8460	0
chr1	8460	8480	0
chr1	8480	8500	0
chr1	8500	8520	0
chr1	8520	8540	0
chr1	8540	8560	0
chr1	8560	8580	0
chr1	8580	8600	0
chr1	8600	8620	0
chr1	8620	8640	0
chr1	8640	8660	0
chr1	8660	8680	0
chr1	8680	8700	0
chr1	8700	8720	0
chr1	8720	8740	0
chr1	8740	8760	0
chr1	8760	8780	0
chr1	8780	8800	0
chr1	8800	8820	0
chr1	8820	8840	0
chr1	8840	8860	0
chr1	8860	8880	0
chr1	8880	8900	0
chr1	8900	8920	0
chr1	8920	8940	0
chr1	8940	8960	0
chr1	8960	8980	0
chr1	8980	9000	0
chr1	9000	9020	0
chr1	9020	9040	0
chr1	9040	9060	0
chr1	9060	9080	0
chr1	9080	9100	0
chr1	9100	9120	0
chr1	9120	9140	0
chr1	9140	9160	0
chr1	9160	9180	0
chr1	9180	9200	0
chr1	9200	9220	0
chr1	9220	9240	0
chr1	9240	9260	0
chr1	9260	9280	0
chr1	9280	9300	0
chr1	9300	9320	0
chr1	9320	9340	0
chr1	9340	9360	0
chr1	9360	9380	0
chr1	9380	9400	0
chr1	9400	9420	0
chr1	9420	9440	0
chr1	9440	9460	0
chr1	9460	9480	0
chr1	9480	9500	0
chr1	9500	9520	0
chr1	9520	9540	0
chr1	9540	9560	0
chr1	9560	9580	0
chr1	9580	9600	0
chr1	9600	9620	0
chr1	9620	9640	0
chr1	9640	9660	0
chr1	9660	9680	0
chr1	9680	9700	0
chr1	9700	9720	0
chr1	9720	9740	0
chr1	9740	9760	0
chr1	9760	9780	0
chr1	9780	9800	0
chr1	9800	9820	0
chr1	9820	9840	0
chr1	9840	9860	0
chr1	9860	9880	0
chr1	9880	9900	0
chr1	9900	9920	0
chr1	9920	9940	0
chr1	9940	9960	0
chr1	9960	9980	0
chr1	9980	10000	0
chr1	10000	10020	0
chr1	10020	10040	0
chr1	10040	10060	0
chr1	10060	10080	0
chr1	10080	10100	0
chr1	10100	10120	0
chr1	10120	10140	0
chr1	10140	10160	0
chr1	10160	10180	0
chr1	10180	10200	0
chr1	10200	10220	0
chr1	10220	10240	0
chr1	10240	10260	0
chr1	10260	10280	0
chr1	10280	10300	0
chr1	10300	10320	0
chr1	10320	10340	0
chr1	10340	10360	0
chr1	10360	10380	0
chr1	10380	10400	0
chr1	10400	10420	0
chr1	10420	10440	0
chr1	10440	10460	0
chr1	10460	10480	0
chr1	10480	10500	0
chr1	10500	10520	0
chr1	10520	10540	0
chr1	10540	10560	0
chr1	10560	10580	0
chr1	10580	10600	0
chr1	10600	10620	0
chr1	10620	10640	0
chr1	10640	10660	0
chr1	10660	10680	0
chr1	10680	10700	0
chr1	10700	10720	0
chr1	10720	10740	0
chr1	10740	10760	0
chr1	10760	10780	0
chr1	10780	10800	0
chr1	10800	10820	0
chr1	10820	10840	0
chr1	10840	10860	0
chr1	10860	10880	0
chr1	10880	10900	0
chr1	10900	10920	0
chr1	10920	10940	0
chr1	10940	10960	0
chr1	10960	10980	0
chr1	10980	11000	0
chr1	11000	11020	0
chr1	11020	11040	0
chr1	11040	11060	0
chr1	11060	11080	0
chr1	11080	11100	0
chr1	11100	11120	0
chr1	11120	11140	0
chr1	11140	11160	0
chr1	11160	11180	0
chr1	11180	11200	0
chr1	11200	11220	0
chr1	11220	11240	0
chr1	11240	11260	0
chr1	11260	11280	0
chr1	11280	11300	0
chr1	11300	11320	0
chr1	11320	11340	0
chr1	11340	11360	0
chr1	11360	11380	0
chr1	11380	11400	0
chr1	11400	11420	0
chr1	11420	11440	0
chr1	11440	11460	0
chr1	11460	11480	0
chr1	11480	11500	0
chr1	11500	11520	0
chr1	11520	11540	0
chr1	11540	11560	0
chr1	11560	11580	0
chr1	11580	11600	0
chr1	11600	11620	0
chr1	11620	11640	0
chr1	11640	11660	0
chr1	11660	11680	0
chr1	11680	11700	0
chr1	11700	11720	0
chr1	11720	11740	0
chr1	11740	11760	0
chr1	11760	11780	0
chr1	11780	11800	0
chr1	11800	11820	0
chr1	11820	11840	0
chr1	11840	11860	0
chr1	11860	11880	0
chr1	11880	11900	0
chr1	11900	11920	0
chr1	11920	11940	0
chr1	11940	11960	0
chr1	11960	11980	0
chr1	11980	12000	0
chr1	12000	12020	0
chr1	12020	12040	0
chr1	12040	12060	0
chr1	12060	12080	0
chr1	12080	12100	0
chr1	12100	12120	0
chr1	12120	12140	0
chr1	12140	12160	0
chr1	12160	12180	0
chr1	12180	12200	0
chr1	12200	12220	0
chr1	12220	12240	0
chr1	12240	12260	0
chr1	12260	12280	0
chr1	12280	12300	0
chr1	12300	12320	0
chr1	12320	12340	0
chr1	12340	12360	0
chr1	12360	12380	0
chr1	12380	12400	0
chr1	12400	12420	0
chr1	12420	12440	0
chr1	12440	12460	0
chr1	12460	12480	0
chr1	12480	12500	0
chr1	12500	12520	0
chr1	12520	12540	0
chr1	12540	12560	0
chr1	12560	12580	0
chr1	12580	12600	0
chr1	12600	12620	0
chr1	12620	12640	0
chr1	12640	12660	0
chr1	12660	12680	0
chr1	12680	12700	0
chr1	12700	12720	0
chr1	12720	12740	0
chr1	12740	12760	0
chr1	12760	12780	0
chr1	12780	12800	0
chr1	12800	12820	0
chr1	12820	12840	0
chr1	12840	12860	0
chr1	12860	12880	0
chr1	12880	12900	0
chr1	12900	12920	0
chr1	12920	12940	0
chr1	12940	12960	0
chr1	12960	12980	0
chr1	12980	13000	0
chr1	13000	13020	0
chr1	13020	13040	0
chr1	13040	13060	0
chr1	13060	13080	0
chr1	13080	13100	0
chr1	13100	13120	0
chr1	13120	13140	0
chr1	13140	13160	0
chr1	13160	13180	0
chr1	13180	13200	0
chr1	13200	13220	0
chr1	13220	13240	0
chr1	13240	13260	0
chr1	13260	13280	0
chr1	13280	13300	0
chr1	13300	13320	0
chr1	13320	13340	0
chr1	13340	13360	0
chr1	13360	13380	0
chr1	13380	13400	0
chr1	13400	13420	0
chr1	13420	13440	0
chr1	13440	13460	0
chr1	13460	13480	0
chr1	13480	13500	0
chr1	13500	13520	0
chr1	13520	13540	0
chr1	13540	13560	0
chr1	13560	13580	0
chr1	13580	13600	0
chr1	13600	13620	0
chr1	13620	13640	0
chr1	13640	13660	0
chr1	13660	13680	0
chr1	13680	13700	0
chr1	13700	13720	0
chr1	13720	13740	0
chr1	13740	13760	0
chr1	13760	13780	0
chr1	13780	13800	0
chr1	13800	13820	0
chr1	13820	13840	0
chr1	13840	13860	0
chr1	13860	13880	0
chr1	13880	13900	0
chr1	13900	13920	0
chr1	13920	13940	0
chr1	13940	13960	0
chr1	13960	13980	0
chr1	13980	14000	0
chr1	14000	14020	0
chr1	14020	14040	0
chr1	14040	14060	0
chr1	14060	14080	0
chr1	14080	14100	0
chr1	14100	14120	0
chr1	14120	14140	0
chr1	14140	14160	0
chr1	14160	14180	0
chr1	14180	14200	0
chr1	14200	14220	0
chr1	14220	14240	0
chr1	14240	14260	0
chr1	14260	14280	0
chr1	14280	14300	0
chr1	14300	14320	0
chr1	14320	14340	0
chr1	14340	14360	0
chr1	14360	14380	0
chr1	14380	14400	0
chr1	14400	14420	0
chr1	14420	14440	0
chr1	14440	14460	0
chr1	14460	14480	0
chr1	14480	14500	0
chr1	14500	14520	0
chr1	14520	14540	0
chr1	14540	14560	0
chr1	14560	14580	0
chr1	14580	14600	0
chr1	14600	14620	0
chr1	14620	14640	0
chr1	14640	14660	0
chr1	14660	14680	0
chr1	14680	14700	0
chr1	14700	14720	0
chr1	14720	14740	0
chr1	14740	14760	0
chr1	14760	14780	0
chr1	14780	14800	0
chr1	14800	14820	0
chr1	14820	14840	0
chr1	14840	14860	0
chr1	14860	14880	0
chr1	14880	14900	0
chr1	14900	14920	0
chr1	14920	14940	0
chr1	14940	14960	0
chr1	14960	14980	0
chr1	14980	15000	0
chr1	15000	15020	0
chr1	15020	15040	0
chr1	15040	15060	0
chr1	15060	15080	0
chr1	15080	15100	0
chr1	15100	15120	0
chr1	15120	15140	0
chr1	15140	15160	0
chr1	15160	15180	0
chr1	15180	15200	0
chr1	15200	15220	0
chr1	15220	15240	0
chr1	15240	15260	0
chr1	15260	15280	0
chr1	15280	15300	0
chr1	15300	15320	0
chr1	15320	15340	0
chr1	15340	15360	0
chr1	15360	15380	0
chr1	15380	15400	0
chr1	15400	15420	0
chr1	15420	15440	0
chr1	15440	15460	0
chr1	15460	15480	0
chr1	15480	15500	0
chr1	15500	15520	0
chr1	15520	15540	0
chr1	15540	15560	0
chr1	15560	15580	0
chr1	15580	15600	0
chr1	15600	15620	0
chr1	15620	15640	0
chr1	15640	15660	0
chr1	15660	15680	0
chr1	15680	15700	0
chr1	15700	15720	0
chr1	15720	15740	0
chr1	15740	15760	0
chr1	15760	15780	0
chr1	15780	15800	0
chr1	15800	15820	0
chr1	15820	15840	0
chr1	15840	15860	0
chr1	15860	15880	0
chr1	15880	15900	0
chr1	15900	15920	0
chr1	15920	15940	0
chr1	15940	15960	0
chr1	15960	15980	0
chr1	15980	16000	0
chr1	16000	16020	0
chr1	16020	16040	0
chr1	16040	16060	0
chr1	16060	16080	0
chr1	16080	16100	0
chr1	16100	16120	0
chr1	16120	16140	0
chr1	16140	16160	0
chr1	16160	16180	0
chr1	16180	16200	0
chr1	16200	16220	0
chr1	16220	16240	0
chr1	16240	16260	0
chr1	16260	16280	0
chr1	16280	16300	0
chr1	16300	16320	0
chr1	16320	16340	0
chr1	16340	16360	0
chr1	16360	16380	0
chr1	16380	16400	0
chr1	16400	16420	0
chr1	16420	16440	0
chr1	16440	16460	0
chr1	16460	16480	0
chr1	16480	16500	0
chr1	16500	16520	0
chr1	16520	16540	0
chr1	16540	16560	0
chr1	16560	16580	0
chr1	16580	16600	0
chr1	16600	16620	0
chr1	16620	16640	0
chr1	16640	16660	0
chr1	16660	16680	0
chr1	16680	16700	0
chr1	16700	16720	0
chr1	16720	16740	0
chr1	16740	16760	0
chr1	16760	16780	0
chr1	16780	16800	0
chr1	16800	16820	0
chr1	16820	16840	0
chr1	16840	16860	0
chr1	16860	16880	0
chr1	16880	16900	0
chr1	16900	16920	0
chr1	16920	16940	0
chr1	16940	16960	0
chr1	16960	16980	0
chr1	16980	17000	0
chr1	17000	17020	0
chr1	17020	17040	0
chr1	17040	17060	0
chr1	17060	17080	0
chr1	17080	17100	0
chr1	17100	17120	0
chr1	17120	17140	0
chr1	17140	17160	0
chr1	17160	17180	0
chr1	17180	17200	0
chr1	17200	17220	0
chr1	17220	17240	0
chr1	17240	17260	0
chr1	17260	17280	0
chr1	17280	17300	0
chr1	17300	17320	0
chr1	17320	17340	0
chr1	17340	17360	0
chr1	17360	17380	0
chr1	17380	17400	0
chr1	17400	17420	0
chr1	17420	17440	0
chr1	17440	17460	0
chr1	17460	17480	0
chr1	17480	17500	0
chr1	17500	17520	0
chr1	17520	17540	0
chr1	17540	17560	0
chr1	17560	17580	0
chr1	17580	17600	0
chr1	17600	17620	0
chr1	17620	17640	0
chr1	17640	17660	0
chr1	17660	17680	0
chr1	17680	17700	0
chr1	17700	17720	0
chr1	17720	17740	0
chr1	17740	17760	0
chr1	17760	17780	0
chr1	17780	17800	0
chr1	17800	17820	0
chr1	17820	17840	0
chr1	17840	17860	0
chr1	17860	17880	0
chr1	17880	17900	0
chr1	17900	17920	0
chr1	17920	17940	0
chr1	17940	17960	0
chr1	17960	17980	0
chr1	17980	18000	0
chr1	18000	18020	0
chr1	18020	18040	0
chr1	18040	18060	0
chr1	18060	18080	0
chr1	18080	18100	0
chr1	18100	18120	0
chr1	18120	18140	0
chr1	18140	18160	0
chr1	18160	18180	0
chr1	18180	18200	0
chr1	18200	18220	0
chr1	18220	18240	0
chr1	18240	18260	0
chr1	18260	18280	0
chr1	18280	18300	0
chr1	18300	18320	0
chr1	18320	18340	0
chr1	18340	18360	0
chr1	18360	18380	0
chr1	18380	18400	0
chr1	18400	18420	0
chr1	18420	18440	0
chr1	18440	18460	0
chr1	18460	18480	0
chr1	18480	18500	0
chr1	18500	18520	0
chr1	18520	18540	0
chr1	18540	18560	0
chr1	18560	18580	0
chr1	18580	18600	0
chr1	18600	18620	0
chr1	18620	18640	0
chr1	18640	18660	0
chr1	18660	18680	0
chr1	18680	18700	0
chr1	18700	18720	0
chr1	18720	18740	0
chr1	18740	18760	0
chr1	18760	18780	0
chr1	18780	18800	0
chr1	18800	18820	0
chr1	18820	18840	0
chr1	18840	18860	0
chr1	18860	18880	0
chr1	18880	18900	0
chr1	18900	18920	0
chr1	18920	18940	0
chr1	18940	18960	0
chr1	18960	18980	0
chr1	18980	19000	0
chr1	19000	19020	0
chr1	19020	19040	0
chr1	19040	19060	0
chr1	19060	19080	0
chr1	19080	19100	0
chr1	19100	19120	0
chr1	19120	19140	0
chr1	19140	19160	0
chr1	19160	19180	0
chr1	19180	19200	0
chr1	19200	19220	0
chr1	19220	19240	0
chr1	19240	19260	0
chr1	19260	19280	0
chr1	19280	19300	0
chr1	19300	19320	0
chr1	19320	19340	0
chr1	19340	19360	0
chr1	19360	19380	0
chr1	19380	19400	0
chr1	19400	19420	0
chr1	19420	19440	0
chr1	19440	19460	0
chr1	19460	19480	0
chr1	19480	19500	0
chr1	19500	19520	0
chr1	19520	19540	0
chr1	19540	19560	0
chr1	19560	19580	0
chr1	19580	19600	0
chr1	19600	19620	0
chr1	19620	19640	0
chr1	19640	19660	0
chr1	19660	19680	0
chr1	19680	19700	0
chr1	19700	19720	0
chr1	19720	19740	0
chr1	19740	19760	0
chr1	19760	19780	0
chr1	19780	19800	0
chr1	19800	19820	0
chr1	19820	19840	0
chr1	19840	19860	0
chr1	19860	19880	0
chr1	19880	19900	0
chr1	19900	19920	0
chr1	19920	19940	0
chr1	19940	19960	0
chr1	19960	19980	0
chr1	19980	20000	0
chr1	20000	20020	0
chr1	20020	20040	0
chr1	20040	20060	0
chr1	20060	20080	0
chr1	20080	20100	0
chr1	20100	20120	0
chr1	20120	20140	0
chr1	20140	20160	0
chr1	20160	20180	0
chr1	20180	20200	0
chr1	20200	20220	0
chr1	20220	20240	0
chr1	20240	20260	0
chr1	20260	20280	0
chr1	20280	20300	0
chr1	20300	20320	0
chr1	20320	20340	0
chr1	20340	20360	0
chr1	20360	20380	0
chr1	20380	20400	0
chr1	20400	20420	0
chr1	20420	20440	0
chr1	20440	20460	0
chr1	20460	20480	0
#bedGraph section chr1:20480-40960
chr1	20480	20500	0
chr1	20500	20520	0
chr1	20520	20540	0
chr1	20540	20560	0
chr1	20560	20580	0
chr1	20580	20600	0
chr1	20600	20620	0
chr1	20620	20640	0
chr1	20640	20660	0
chr1	20660	20680	0
chr1	20680	20700	0
chr1	20700	20720	0
chr1	20720	20740	0
chr1	20740	20760	0
chr1	20760	20780	0
chr1	20780	20800	0
chr1	20800	20820	0
chr1	20820	20840	0
chr1	20840	20860	0
chr1	20860	20880	0
chr1	20880	20900	0
chr1	20900	20920	0
chr1	20920	20940	0
chr1	20940	20960	0
chr1	20960	20980	0
chr1	20980	21000	0
chr1	21000	21020	0
chr1	21020	21040	0
chr1	21040	21060	0
chr1	21060	21080	0
chr1	21080	21100	0
chr1	21100	21120	0
chr1	21120	21140	0
chr1	21140	21160	0
chr1	21160	21180	0
chr1	21180	21200	0
chr1	21200	21220	0
chr1	21220	21240	0
chr1	21240	21260	0
chr1	21260	21280	0
chr1	21280	21300	0
chr1	21300	21320	0
chr1	21320	21340	0
chr1	21340	21360	0
chr1	21360	21380	0
chr1	21380	21400	0
chr1	21400	21420	0
chr1	21420	21440	0
chr1	21440	21460	0
chr1	21460	21480	0
chr1	21480	21500	0
chr1	21500	21520	0
chr1	21520	21540	0
chr1	21540	21560	0
chr1	21560	21580	0
chr1	21580	21600	0
chr1	21600	21620	0
chr1	21620	21640	0
chr1	21640	21660	0
chr1	21660	21680	0
chr1	21680	21700	0
chr1	21700	21720	0
chr1	21720	21740	0
chr1	21740	21760	0
chr1	21760	21780	0
chr1	21780	21800	0
chr1	21800	21820	0
chr1	21820	21840	0
chr1	21840	21860	0
chr1	21860	21880	0
chr1	21880	21900	0
chr1	21900	21920	0
chr1	21920	21940	0
chr1	21940	21960	0
chr1	21960	21980	0
chr1	21980	22000	0
chr1	22000	22020	0
chr1	22020	22040	0
chr1	22040	22060	0
chr1	22060	22080	0
chr1	22080	22100	0
chr1	22100	22120	0
chr1	22120	22140	0
chr1	22140	22160	0
chr1	22160	22180	0
chr1	22180	22200	0
chr1	22200	22220	0
chr1	22220	22240	0
chr1	22240	22260	0
chr1	22260	22280	0
chr1	22280	22300	0
chr1	22300	22320	0
chr1	22320	22340	0
chr1	22340	22360	0
chr1	22360	22380	0
chr1	22380	22400	0
chr1	22400	22420	0
chr1	22420	22440	0
chr1	22440	22460	0
chr1	22460	22480	0
chr1	22480	22500	0
chr1	22500	22520	0
chr1	22520	22540	0
chr1	22540	22560	0
chr1	22560	22580	0
chr1	22580	22600	0
chr1	22600	22620	0
chr1	22620	22640	0
chr1	22640	22660	0
chr1	22660	22680	0
chr1	22680	22700	0
chr1	22700	22720	0
chr1	22720	22740	0
chr1	22740	22760	0
chr1	22760	22780	0
chr1	22780	22800	0
chr1	22800	22820	0
chr1	22820	22840	0
chr1	22840	22860	0
chr1	22860	22880	0
chr1	22880	22900	0
chr1	22900	22920	0
chr1	22920	22940	0
chr1	22940	22960	0
chr1	22960	22980	0
chr1	22980	23000	0
chr1	23000	23020	0
chr1	23020	23040	0
chr1	23040	23060	0
chr1	23060	23080	0
chr1	23080	23100	0
chr1	23100	23120	0
chr1	23120	23140	0
chr1	23140	23160	0
chr1	23160	23180	0
chr1	23180	23200	0
chr1	23200	23220	0
chr1	23220	23240	0
chr1	23240	23260	0
chr1	23260	23280	0
chr1	23280	23300	0
chr1	23300	23320	0
chr1	23320	23340	0
chr1	23340	23360	0
chr1	23360	23380	0
chr1	23380	23400	0
chr1	23400	23420	0
chr1	23420	23440	0
chr1	23440	23460	0
chr1	23460	23480	0
chr1	23480	23500	0
chr1	23500	23520	0
chr1	23520	23540	0
chr1	23540	23560	0
chr1	23560	23580	0
chr1	23580	23600	0
chr1	23600	23620	0
chr1	23620	23640	0
chr1	23640	23660	0
chr1	23660	23680	0
chr1	23680	23700	0
chr1	23700	23720	0
chr1	23720	23740	0
chr1	23740	23760	0
chr1	23760	23780	0
chr1	23780	23800	0
chr1	23800	23820	0
chr1	23820	23840	0
chr1	23840	23860	0
chr1	23860	23880	0
chr1	23880	23900	0
chr1	23900	23920	0
chr1	23920	23940	0
chr1	23940	23960	0
chr1	23960	23980	0
chr1	23980	24000	0
chr1	24000	24020	0
chr1	24020	24040	0
chr1	24040	24060	0
chr1	24060	24080	0
chr1	24080	24100	0
chr1	24100	24120	0
chr1	24120	24140	0
chr1	24140	24160	0
chr1	24160	24180	0
chr1	24180	24200	0
chr1	24200	24220	0
chr1	24220	24240	0
chr1	24240	24260	0
chr1	24260	24280	0
chr1	24280	24300	0
chr1	24300	24320	0
chr1	24320	24340	0
chr1	24340	24360	0
chr1	24360	24380	0
chr1	24380	24400	0
chr1	24400	24420	0
chr1	24420	24440	0
chr1	24440	24460	0
chr1	24460	24480	0
chr1	24480	24500	0
chr1	24500	24520	0
chr1	24520	24540	0
chr1	24540	24560	0
chr1	24560	24580	0
chr1	24580	24600	0
chr1	24600	24620	0
chr1	24620	24640	0
chr1	24640	24660	0
chr1	24660	24680	0
chr1	24680	24700	0
chr1	24700	24720	0
chr1	24720	24740	0
chr1	24740	24760	0
chr1	24760	24780	0
chr1	24780	24800	0
chr1	24800	24820	0
chr1	24820	24840	0
chr1	24840	24860	0
chr1	24860	24880	0
chr1	24880	24900	0
chr1	24900	24920	0
chr1	24920	24940	0
chr1	24940	24960	0
chr1	24960	24980	0
chr1	24980	25000	0
chr1	25000	25020	0
chr1	25020	25040	0
chr1	25040	25060	0
chr1	25060	25080	0
chr1	25080	25100	0
chr1	25100	25120	0
chr1	25120	25140	0
chr1	25140	25160	0
chr1	25160	25180	0
chr1	25180	25200	0
chr1	25200	25220	0
chr1	25220	25240	0
chr1	25240	25260	0
chr1	25260	25280	0
chr1	25280	25300	0
chr1	25300	25320	0
chr1	25320	25340	0
chr1	25340	25360	0
chr1	25360	25380	0
chr1	25380	25400	0
chr1	25400	25420	0
chr1	25420	25440	0
chr1	25440	25460	0
chr1	25460	25480	0
chr1	25480	25500	0
chr1	25500	25520	0
chr1	25520	25540	0
chr1	25540	25560	0
chr1	25560	25580	0
chr1	25580	25600	0
chr1	25600	25620	0
chr1	25620	25640	0
chr1	25640	25660	0
chr1	25660	25680	0
chr1	25680	25700	0
chr1	25700	25720	0
chr1	25720	25740	0
chr1	25740	25760	0
chr1	25760	25780	0
chr1	25780	25800	0
chr1	25800	25820	0
chr1	25820	25840	0
chr1	25840	25860	0
chr1	25860	25880	0
chr1	25880	25900	0
chr1	25900	25920	0
chr1	25920	25940	0
chr1	25940	25960	0
chr1	25960	25980	0
chr1	25980	26000	0
chr1	26000	26020	0
chr1	26020	26040	0
chr1	26040	26060	0
chr1	26060	26080	0
chr1	26080	26100	0
chr1	26100	26120	0
chr1	26120	26140	0
chr1	26140	26160	0
chr1	26160	26180	0
chr1	26180	26200	0
chr1	26200	26220	0
chr1	26220	26240	0
chr1	26240	26260	0
chr1	26260	26280	0
chr1	26280	26300	0
chr1	26300	26320	0
chr1	26320	26340	0
chr1	26340	26360	0
chr1	26360	26380	0
chr1	26380	26400	0
chr1	26400	26420	0
chr1	26420	26440	0
chr1	26440	26460	0
chr1	26460	26480	0
chr1	26480	26500	0
chr1	26500	26520	0
chr1	26520	26540	0
chr1	26540	26560	0
chr1	26560	26580	0
chr1	26580	26600	0
chr1	26600	26620	0
chr1	26620	26640	0
chr1	26640	26660	0
chr1	26660	26680	0
chr1	26680	26700	0
chr1	26700	26720	0
chr1	26720	26740	0
chr1	26740	26760	0
chr1	26760	26780	0
chr1	26780	26800	0
chr1	26800	26820	0
chr1	26820	26840	0
chr1	26840	26860	0
chr1	26860	26880	0
chr1	26880	26900	0
chr1	26900	26920	0
chr1	26920	26940	0
chr1	26940	26960	0
chr1	26960	26980	0
chr1	26980	27000	0
chr1	27000	27020	0
chr1	27020	27040	0
chr1	27040	27060	0
chr1	27060	27080	0
chr1	27080	27100	0
chr1	27100	27120	0
chr1	27120	27140	0
chr1	27140	27160	0
chr1	27160	27180	0
chr1	27180	27200	0
chr1	27200	27220	0
chr1	27220	27240	0
chr1	27240	27260	0
chr1	27260	27280	0
chr1	27280	27300	0
chr1	27300	27320	0
chr1	27320	27340	0
chr1	27340	27360	0
chr1	27360	27380	0
chr1	27380	27400	0
chr1	27400	27420	0
chr1	27420	27440	0
chr1	27440	27460	0
chr1	27460	27480	0
chr1	27480	27500	0
chr1	27500	27520	0
chr1	27520	27540	0
chr1	27540	27560	0
chr1	27560	27580	0
chr1	27580	27600	0
chr1	27600	27620	0
chr1	27620	27640	0
chr1	27640	27660	0
chr1	27660	27680	0
chr1	27680	27700	0
chr1	27700	27720	0
chr1	27720	27740	0
chr1	27740	27760	0
chr1	27760	27780	0
chr1	27780	27800	0
chr1	27800	27820	0
chr1	27820	27840	0
chr1	27840	27860	0
chr1	27860	27880	0
chr1	27880	27900	0
chr1	27900	27920	0
chr1	27920	27940	0
chr1	27940	27960	0
chr1	27960	27980	0
chr1	27980	28000	0
chr1	28000	28020	0
chr1	28020	28040	0
chr1	28040	28060	0
chr1	28060	28080	0
chr1	28080	28100	0
chr1	28100	28120	0
chr1	28120	28140	0
chr1	28140	28160	0
chr1	28160	28180	0
chr1	28180	28200	0
chr1	28200	28220	0
chr1	28220	28240	0
chr1	28240	28260	0
chr1	28260	28280	0
chr1	28280	28300	0
chr1	28300	28320	0
chr1	28320	28340	0
chr1	28340	28360	0
chr1	28360	28380	0
chr1	28380	28400	0
chr1	28400	28420	0
chr1	28420	28440	0
chr1	28440	28460	0
chr1	28460	28480	0
chr1	28480	28500	0
chr1	28500	28520	0
chr1	28520	28540	0
chr1	28540	28560	0
chr1	28560	28580	0
chr1	28580	28600	0
chr1	28600	28620	0
chr1	28620	28640	0
chr1	28640	28660	0
chr1	28660	28680	0
chr1	28680	28700	0
chr1	28700	28720	0
chr1	28720	28740	0
chr1	28740	28760	0
chr1	28760	28780	0
chr1	28780	28800	0
chr1	28800	28820	0
chr1	28820	28840	0
chr1	28840	28860	0
chr1	28860	28880	0
chr1	28880	28900	0
chr1	28900	28920	0
chr1	28920	28940	0
chr1	28940	28960	0
chr1	28960	28980	0
chr1	28980	29000	0
chr1	29000	29020	0
chr1	29020	29040	0
chr1	29040	29060	0
chr1	29060	29080	0
chr1	29080	29100	0
chr1	29100	29120	0
chr1	29120	29140	0
chr1	29140	29160	0
chr1	29160	29180	0
chr1	29180	29200	0
chr1	29200	29220	0
chr1	29220	29240	0
chr1	29240	29260	0
chr1	29260	29280	0
chr1	29280	29300	0
chr1	29300	29320	0
chr1	29320	29340	0
chr1	29340	29360	0
chr1	29360	29380	0
chr1	29380	29400	0
chr1	29400	29420	0
chr1	29420	29440	0
chr1	29440	29460	0
chr1	29460	29480	0
chr1	29480	29500	0
chr1	29500	29520	0
chr1	29520	29540	0
chr1	29540	29560	0
chr1	29560	29580	0
chr1	29580	29600	0
chr1	29600	29620	0
chr1	29620	29640	0
chr1	29640	29660	0
chr1	29660	29680	0
chr1	29680	29700	0
chr1	29700	29720	0
chr1	29720	29740	0
chr1	29740	29760	0
chr1	29760	29780	0
chr1	29780	29800	0
chr1	29800	29820	0
chr1	29820	29840	0
chr1	29840	29860	0
chr1	29860	29880	0
chr1	29880	29900	0
chr1	29900	29920	0
chr1	29920	29940	0
chr1	29940	29960	0
chr1	29960	29980	0
chr1	29980	30000	0
chr1	30000	30020	0
chr1	30020	30040	0
chr1	30040	30060	0
chr1	30060	30080	0
chr1	30080	30100	0
chr1	30100	30120	0
chr1	30120	30140	0
chr1	30140	30160	0
chr1	30160	30180	0
chr1	30180	30200	0
chr1	30200	30220	0
chr1	30220	30240	0
chr1	30240	30260	0
chr1	30260	30280	0
chr1	30280	30300	0
chr1	30300	30320	0
chr1	30320	30340	0
chr1	30340	30360	0
chr1	30360	30380	0
chr1	30380	30400	0
chr1	30400	30420	0
chr1	30420	30440	0
chr1	30440	30460	0
chr1	30460	30480	0
chr1	30480	30500	0
chr1	30500	30520	0
chr1	30520	30540	0
chr1	30540	30560	0
chr1	30560	30580	0
chr1	30580	30600	0
chr1	30600	30620	0
chr1	30620	30640	0
chr1	30640	30660	0
chr1	30660	30680	0
chr1	30680	30700	0
chr1	30700	30720	0
chr1	30720	30740	0
chr1	30740	30760	0
chr1	30760	30780	0
chr1	30780	30800	0
chr1	30800	30820	0
chr1	30820	30840	0
chr1	30840	30860	0
chr1	30860	30880	0
chr1	30880	30900	0
chr1	30900	30920	0
chr1	30920	30940	0
chr1	30940	30960	0
chr1	30960	30980	0
chr1	30980	31000	0
chr1	31000	31020	0
chr1	31020	31040	0
chr1	31040	31060	0
chr1	31060	31080	0
chr1	31080	31100	0
chr1	31100	31120	0
chr1	31120	31140	0
chr1	31140	31160	0
chr1	31160	31180	0
chr1	31180	31200	0
chr1	31200	31220	0
chr1	31220	31240	0
chr1	31240	31260	0
chr1	31260	31280	0
chr1	31280	31300	0
chr1	31300	31320	0
chr1	31320	31340	0
chr1	31340	31360	0
chr1	31360	31380	0
chr1	31380	31400	0
chr1	31400	31420	0
chr1	31420	31440	0
chr1	31440	31460	0
chr1	31460	31480	0
chr1	31480	31500	0
chr1	31500	31520	0
chr1	31520	31540	0
chr1	31540	31560	0
chr1	31560	31580	0
chr1	31580	31600	0
chr1	31600	31620	0
chr1	31620	31640	0
chr1	31640	31660	0
chr1	31660	31680	0
chr1	31680	31700	0
chr1	31700	31720	0
chr1	31720	31740	0
chr1	31740	31760	0
chr1	31760	31780	0
chr1	31780	31800	0
chr1	31800	31820	0
chr1	31820	31840	0
chr1	31840	31860	0
chr1	31860	31880	0
chr1	31880	31900	0
chr1	31900	31920	0
chr1	31920	31940	0
chr1	31940	31960	0
chr1	31960	31980	0
chr1	31980	32000	0
chr1	32000	32020	0
chr1	32020	32040	0
chr1	32040	32060	0
chr1	32060	32080	0
chr1	32080	32100	0
chr1	32100	32120	0
chr1	32120	32140	0
chr1	32140	32160	0
chr1	32160	32180	0
chr1	32180	32200	0
chr1	32200	32220	0
chr1	32220	32240	0
chr1	32240	32260	0
chr1	32260	32280	0
chr1	32280	32300	0
chr1	32300	32320	0
chr1	32320	32340	0
chr1	32340	32360	0
chr1	32360	32380	0
chr1	32380	32400	0
chr1	32400	32420	0
chr1	32420	32440	0
chr1	32440	32460	0
chr1	32460	32480	0
chr1	32480	32500	0
chr1	32500	32520	0
chr1	32520	32540	0
chr1	32540	32560	0
chr1	32560	32580	0
chr1	32580	32600	0
chr1	32600	32620	0
chr1	32620	32640	0
chr1	32640	32660	0
chr1	32660	32680	0
chr1	32680	32700	0
chr1	32700	32720	0
chr1	32720	32740	0
chr1	32740	32760	0
chr1	32760	32780	0
chr1	32780	32800	0
chr1	32800	32820	0
chr1	32820	32840	0
chr1	32840	32860	0
chr1	32860	32880	0
chr1	32880	32900	0
chr1	32900	32920	0
chr1	32920	32940	0
chr1	32940	32960	0
chr1	32960	32980	0
chr1	32980	33000	0
chr1	33000	33020	0
chr1	33020	33040	0
chr1	33040	33060	0
chr1	33060	33080	0
chr1	33080	33100	0
chr1	33100	33120	0
chr1	33120	33140	0
chr1	33140	33160	0
chr1	33160	33180	0
chr1	33180	33200	0
chr1	33200	33220	0
chr1	33220	33240	0
chr1	33240	33260	0
chr1	33260	33280	0
chr1	33280	33300	0
chr1	33300	33320	0
chr1	33320	33340	0
chr1	33340	33360	0
chr1	33360	33380	0
chr1	33380	33400	0
chr1	33400	33420	0
chr1	33420	33440	0
chr1	33440	33460	0
chr1	33460	33480	0
chr1	33480	33500	0
chr1	33500	33520	0
chr1	33520	33540	0
chr1	33540	33560	0
chr1	33560	33580	0
chr1	33580	33600	0
chr1	33600	33620	0
chr1	33620	33640	0
chr1	33640	33660	0
chr1	33660	33680	0
chr1	33680	33700	0
chr1	33700	33720	0
chr1	33720	33740	0
chr1	33740	33760	0
chr1	33760	33780	0
chr1	33780	33800	0
chr1	33800	33820	0
chr1	33820	33840	0
chr1	33840	33860	0
chr1	33860	33880	0
chr1	33880	33900	0
chr1	33900	33920	0
chr1	33920	33940	0
chr1	33940	33960	0
chr1	33960	33980	0
chr1	33980	34000	0
chr1	34000	34020	0
chr1	34020	34040	0
chr1	34040	34060	0
chr1	34060	34080	0
chr1	34080	34100	0
chr1	34100	34120	0
chr1	34120	34140	0
chr1	34140	34160	0
chr1	34160	34180	0
chr1	34180	34200	0
chr1	34200	34220	0
chr1	34220	34240	0
chr1	34240	34260	0
chr1	34260	34280	0
chr1	34280	34300	0
chr1	34300	34320	0
chr1	34320	34340	0
chr1	34340	34360	0
chr1	34360	34380	0
chr1	34380	34400	0
chr1	34400	34420	0
chr1	34420	34440	0
chr1	34440	34460	0
chr1	34460	34480	0
chr1	34480	34500	0
chr1	34500	34520	0
chr1	34520	34540	0
chr1	34540	34560	0
chr1	34560	34580	0
chr1	34580	34600	0
chr1	34600	34620	0
chr1	34620	34640	0
chr1	34640	34660	0
chr1	34660	34680	0
chr1	34680	34700	0
chr1	34700	34720	0
chr1	34720	34740	0
chr1	34740	34760	0
chr1	34760	34780	0
chr1	34780	34800	0
chr1	34800	34820	0
chr1	34820	34840	0
chr1	34840	34860	0
chr1	34860	34880	0
chr1	34880	34900	0
chr1	34900	34920	0
chr1	34920	34940	0
chr1	34940	34960	0
chr1	34960	34980	0
chr1	34980	35000	0
chr1	35000	35020	0
chr1	35020	35040	0
chr1	35040	35060	0
chr1	35060	35080	0
chr1	35080	35100	0
chr1	35100	35120	0
chr1	35120	35140	0
chr1	35140	35160	0
chr1	35160	35180	0
chr1	35180	35200	0
chr1	35200	35220	0
chr1	35220	35240	0
chr1	35240	35260	0
chr1	35260	35280	0
chr1	35280	35300	0
chr1	35300	35320	0
chr1	35320	35340	0
chr1	35340	35360	0
chr1	35360	35380	0
chr1	35380	35400	0
chr1	35400	35420	0
chr1	35420	35440	0
chr1	35440	35460	0
chr1	35460	35480	0
chr1	35480	35500	0
chr1	35500	35520	0
chr1	35520	35540	0
chr1	35540	35560	0
chr1	35560	35580	0
chr1	35580	35600	0
chr1	35600	35620	0
chr1	35620	35640	0
chr1	35640	35660	0
chr1	35660	35680	0
chr1	35680	35700	0
chr1	35700	35720	0
chr1	35720	35740	0
chr1	35740	35760	0
chr1	35760	35780	0
chr1	35780	35800	0
chr1	35800	35820	0
chr1	35820	35840	0
chr1	35840	35860	0
chr1	35860	35880	0
chr1	35880	35900	0
chr1	35900	35920	0
chr1	35920	35940	0
chr1	35940	35960	0
chr1	35960	35980	0
chr1	35980	36000	0
chr1	36000	36020	0
chr1	36020	36040	0
chr1	36040	36060	0
chr1	36060	36080	0
chr1	36080	36100	0
chr1	36100	36120	0
chr1	36120	36140	0
chr1	36140	36160	0
chr1	36160	36180	0
chr1	36180	36200	0
chr1	36200	36220	0
chr1	36220	36240	0
chr1	36240	36260	0
chr1	36260	36280	0
chr1	36280	36300	0
chr1	36300	36320	0
chr1	36320	36340	0
chr1	36340	36360	0
chr1	36360	36380	0
chr1	36380	36400	0
chr1	36400	36420	0
chr1	36420	36440	0
chr1	36440	36460	0
chr1	36460	36480	0
chr1	36480	36500	0
chr1	36500	36520	0
chr1	36520	36540	0
chr1	36540	36560	0
chr1	36560	36580	0
chr1	36580	36600	0
chr1	36600	36620	0
chr1	36620	36640	0
chr1	36640	36660	0
chr1	36660	36680	0
chr1	36680	36700	0
chr1	36700	36720	0
chr1	36720	36740	0
chr1	36740	36760	0
chr1	36760	36780	0
chr1	36780	36800	0
chr1	36800	36820	0
chr1	36820	36840	0
chr1	36840	36860	0
chr1	36860	36880	0
chr1	36880	36900	0
chr1	36900	36920	0
chr1	36920	36940	0
chr1	36940	36960	0
chr1	36960	36980	0
chr1	36980	37000	0
chr1	37000	37020	0
chr1	37020	37040	0
chr1	37040	37060	0
chr1	37060	37080	0
chr1	37080	37100	0
chr1	37100	37120	0
chr1	37120	37140	0
chr1	37140	37160	0
chr1	37160	37180	0
chr1	37180	37200	0
chr1	37200	37220	0
chr1	37220	37240	0
chr1	37240	37260	0
chr1	37260	37280	0
chr1	37280	37300	0
chr1	37300	37320	0
chr1	37320	37340	0
chr1	37340	37360	0
chr1	37360	37380	0
chr1	37380	37400	0
chr1	37400	37420	0
chr1	37420	37440	0
chr1	37440	37460	0
chr1	37460	37480	0
chr1	37480	37500	0
chr1	37500	37520	0
chr1	37520	37540	0
chr1	37540	37560	0
chr1	37560	37580	0
chr1	37580	37600	0
chr1	37600	37620	0
chr1	37620	37640	0
chr1	37640	37660	0
chr1	37660	37680	0
chr1	37680	37700	0
chr1	37700	37720	0
chr1	37720	37740	0
chr1	37740	37760	0
chr1	37760	37780	0
chr1	37780	37800	0
chr1	37800	37820	0
chr1	37820	37840	0
chr1	37840	37860	0
chr1	37860	37880	0
chr1	37880	37900	0
chr1	37900	37920	0
chr1	37920	37940	0
chr1	37940	37960	0
chr1	37960	37980	0
chr1	37980	38000	0
chr1	38000	38020	0
chr1	38020	38040	0
chr1	38040	38060	0
chr1	38060	38080	0
chr1	38080	38100	0
chr1	38100	38120	0
chr1	38120	38140	0
chr1	38140	38160	0
chr1	38160	38180	0
chr1	38180	38200	0
chr1	38200	38220	0
chr1	38220	38240	0
chr1	38240	38260	0
chr1	38260	38280	0
chr1	38280	38300	0
chr1	38300	38320	0
chr1	38320	38340	0
chr1	38340	38360	0
chr1	38360	38380	0
chr1	38380	38400	0
chr1	38400	38420	0
chr1	38420	38440	0
chr1	38440	38460	0
chr1	38460	38480	0
chr1	38480	38500	0
chr1	38500	38520	0
chr1	38520	38540	0
chr1	38540	38560	0
chr1	38560	38580	0
chr1	38580	38600	0
chr1	38600	38620	0
chr1	38620	38640	0
chr1	38640	38660	0
chr1	38660	38680	0
chr1	38680	38700	0
chr1	38700	38720	0
chr1	38720	38740	0
chr1	38740	38760	0
chr1	38760	38780	0
chr1	38780	38800	0
chr1	38800	38820	0
chr1	38820	38840	0
chr1	38840	38860	0
chr1	38860	38880	0
chr1	38880	38900	0
chr1	38900	38920	0
chr1	38920	38940	0
chr1	38940	38960	0
chr1	38960	38980	0
chr1	38980	39000	0
chr1	39000	39020	0
chr1	39020	39040	0
chr1	39040	39060	0
chr1	39060	39080	0
chr1	39080	39100	0
chr1	39100	39120	0
chr1	39120	39140	0
chr1	39140	39160	0
chr1	39160	39180	0
chr1	39180	39200	0
chr1	39200	39220	0
chr1	39220	39240	0
chr1	39240	39260	0
chr1	39260	39280	0
chr1	39280	39300	0
chr1	39300	39320	0
chr1	39320	39340	0
chr1	39340	39360	0
chr1	39360	39380	0
chr1	39380	39400	0
chr1	39400	39420	0
chr1	39420	39440	0
chr1	39440	39460	0
chr1	39460	39480	0
chr1	39480	39500	0
chr1	39500	39520	0
chr1	39520	39540	0
chr1	39540	39560	0
chr1	39560	39580	0
chr1	39580	39600	0
chr1	39600	39620	0
chr1	39620	39640	0
chr1	39640	39660	0
chr1	39660	39680	0
chr1	39680	39700	0
chr1	39700	39720	0
chr1	39720	39740	0
chr1	39740	39760	0
chr1	39760	39780	0
chr1	39780	39800	0
chr1	39800	39820	0
chr1	39820	39840	0
chr1	39840	39860	0
chr1	39860	39880	0
chr1	39880	39900	0
chr1	39900	39920	0
chr1	39920	39940	0
chr1	39940	39960	0
chr1	39960	39980	0
chr1	39980	40000	0
chr1	40000	40020	0
chr1	40020	40040	0
chr1	40040	40060	0
chr1	40060	40080	0
chr1	40080	40100	0
chr1	40100	40120	0
chr1	40120	40140	0
chr1	40140	40160	0
chr1	40160	40180	0
chr1	40180	40200	0
chr1	40200	40220	0
chr1	40220	40240	0
chr1	40240	40260	0
chr1	40260	40280	0
chr1	40280	40300	0
chr1	40300	40320	0
chr1	40320	40340	0
chr1	40340	40360	0
chr1	40360	40380	0
chr1	40380	40400	0
chr1	40400	40420	0
chr1	40420	40440	0
chr1	40440	40460	0
chr1	40460	40480	0
chr1	40480	40500	0
chr1	40500	40520	0
chr1	40520	40540	0
chr1	40540	40560	0
chr1	40560	40580	0
chr1	40580	40600	0
chr1	40600	40620	0
chr1	40620	40640	0
chr1	40640	40660	0
chr1	40660	40680	0
chr1	40680	40700	0
chr1	40700	40720	0
chr1	40720	40740	0
chr1	40740	40760	0
chr1	40760	40780	0
chr1	40780	40800	0
chr1	40800	40820	0
chr1	40820	40840	0
chr1	40840	40860	0
chr1	40860	40880	0
chr1	40880	40900	0
chr1	40900	40920	0
chr1	40920	40940	0
chr1	40940	40960	0
#bedGraph section chr1:40960-61440
chr1	40960	40980	0
chr1	40980	41000	0
chr1	41000	41020	0
chr1	41020	41040	0
chr1	41040	41060	0
chr1	41060	41080	0
chr1	41080	41100	0
chr1	41100	41120	0
chr1	41120	41140	0
chr1	41140	41160	0
chr1	41160	41180	0
chr1	41180	41200	0
chr1	41200	41220	0
chr1	41220	41240	0
chr1	41240	41260	0
chr1	41260	41280	0
chr1	41280	41300	0
chr1	41300	41320	0
chr1	41320	41340	0
chr1	41340	41360	0
chr1	41360	41380	0
chr1	41380	41400	0
chr1	41400	41420	0
chr1	41420	41440	0
chr1	41440	41460	0
chr1	41460	41480	0
chr1	41480	41500	0
chr1	41500	41520	0
chr1	41520	41540	0
chr1	41540	41560	0
chr1	41560	41580	0
chr1	41580	41600	0
chr1	41600	41620	0
chr1	41620	41640	0
chr1	41640	41660	0
chr1	41660	41680	0
chr1	41680	41700	0
chr1	41700	41720	0
chr1	41720	41740	0
chr1	41740	41760	0
chr1	41760	41780	0
chr1	41780	41800	0
chr1	41800	41820	0
chr1	41820	41840	0
chr1	41840	41860	0
chr1	41860	41880	0
chr1	41880	41900	0
chr1	41900	41920	0
chr1	41920	41940	0
chr1	41940	41960	0
chr1	41960	41980	0
chr1	41980	42000	0
chr1	42000	42020	0
chr1	42020	42040	0
chr1	42040	42060	0
chr1	42060	42080	0
chr1	42080	42100	0
chr1	42100	42120	0
chr1	42120	42140	0
chr1	42140	42160	0
chr1	42160	42180	0
chr1	42180	42200	0
chr1	42200	42220	0
chr1	42220	42240	0
chr1	42240	42260	0
chr1	42260	42280	0
chr1	42280	42300	0
chr1	42300	42320	0
chr1	42320	42340	0
chr1	42340	42360	0
chr1	42360	42380	0
chr1	42380	42400	0
chr1	42400	42420	0
chr1	42420	42440	0
chr1	42440	42460	0
chr1	42460	42480	0
chr1	42480	42500	0
chr1	42500	42520	0
chr1	42520	42540	0
chr1	42540	42560	0
chr1	42560	42580	0
chr1	42580	42600	0
chr1	42600	42620	0
chr1	42620	42640	0
chr1	42640	42660	0
chr1	42660	42680	0
chr1	42680	42700	0
chr1	42700	42720	0
chr1	42720	42740	0
chr1	42740	42760	0
chr1	42760	42780	0
chr1	42780	42800	0
chr1	42800	42820	0
chr1	42820	42840	0
chr1	42840	42860	0
chr1	42860	42880	0
chr1	42880	42900	0
chr1	42900	42920	0
chr1	42920	42940	0
chr1	42940	42960	0
chr1	42960	42980	0
chr1	42980	43000	0
chr1	43000	43020	0
chr1	43020	43040	0
chr1	43040	43060	0
chr1	43060	43080	0
chr1	43080	43100	0
chr1	43100	43120	0
chr1	43120	43140	0
chr1	43140	43160	0
chr1	43160	43180	0
chr1	43180	43200	0
chr1	43200	43220	0
chr1	43220	43240	0
chr1	43240	43260	0
chr1	43260	43280	0
chr1	43280	43300	0
chr1	43300	43320	0
chr1	43320	43340	0
chr1	43340	43360	0
chr1	43360	43380	0
chr1	43380	43400	0
chr1	43400	43420	0
chr1	43420	43440	0
chr1	43440	43460	0
chr1	43460	43480	0
chr1	43480	43500	0
chr1	43500	43520	0
chr1	43520	43540	0
chr1	43540	43560	0
chr1	43560	43580	0
chr1	43580	43600	0
chr1	43600	43620	0
chr1	43620	43640	0
chr1	43640	43660	0
chr1	43660	43680	0
chr1	43680	43700	0
chr1	43700	43720	0
chr1	43720	43740	0
chr1	43740	43760	0
chr1	43760	43780	0
chr1	43780	43800	0
chr1	43800	43820	0
chr1	43820	43840	0
chr1	43840	43860	0
chr1	43860	43880	0
chr1	43880	43900	0
chr1	43900	43920	0
chr1	43920	43940	0
chr1	43940	43960	0
chr1	43960	43980	0
chr1	43980	44000	0
chr1	44000	44020	0
chr1	44020	44040	0
chr1	44040	44060	0
chr1	44060	44080	0
chr1	44080	44100	0
chr1	44100	44120	0
chr1	44120	44140	0
chr1	44140	44160	0
chr1	44160	44180	0
chr1	44180	44200	0
chr1	44200	44220	0
chr1	44220	44240	0
chr1	44240	44260	0
chr1	44260	44280	0
chr1	44280	44300	0
chr1	44300	44320	0
chr1	44320	44340	0
chr1	44340	44360	0
chr1	44360	44380	0
chr1	44380	44400	0
chr1	44400	44420	0
chr1	44420	44440	0
chr1	44440	44460	0
chr1	44460	44480	0
chr1	44480	44500	0
chr1	44500	44520	0
chr1	44520	44540	0
chr1	44540	44560	0
chr1	44560	44580	0
chr1	44580	44600	0
chr1	44600	44620	0
chr1	44620	44640	0
chr1	44640	44660	0
chr1	44660	44680	0
chr1	44680	44700	0
chr1	44700	44720	0
chr1	44720	44740	0
chr1	44740	44760	0
chr1	44760	44780	0
chr1	44780	44800	0
chr1	44800	44820	0
chr1	44820	44840	0
chr1	44840	44860	0
chr1	44860	44880	0
chr1	44880	44900	0
chr1	44900	44920	0
chr1	44920	44940	0
chr1	44940	44960	0
chr1	44960	44980	0
chr1	44980	45000	0
chr1	45000	45020	0
chr1	45020	45040	0
chr1	45040	45060	0
chr1	45060	45080	0
chr1	45080	45100	0
chr1	45100	45120	0
chr1	45120	45140	0
chr1	45140	45160	0
chr1	45160	45180	0
chr1	45180	45200	0
chr1	45200	45220	0
chr1	45220	45240	0
chr1	45240	45260	0
chr1	45260	45280	0
chr1	45280	45300	0
chr1	45300	45320	0
chr1	45320	45340	0
chr1	45340	45360	0
chr1	45360	45380	0
chr1	45380	45400	0
chr1	45400	45420	0
chr1	45420	45440	0
chr1	45440	45460	0
chr1	45460	45480	0
chr1	45480	45500	0
chr1	45500	45520	0
chr1	45520	45540	0
chr1	45540	45560	0
chr1	45560	45580	0
chr1	45580	45600	0
chr1	45600	45620	0
chr1	45620	45640	0
chr1	45640	45660	0
chr1	45660	45680	0
chr1	45680	45700	0
chr1	45700	45720	0
chr1	45720	45740	0
chr1	45740	45760	0
chr1	45760	45780	0
chr1	45780	45800	0
chr1	45800	45820	0
chr1	45820	45840	0
chr1	45840	45860	0
chr1	45860	45880	0
chr1	45880	45900	0
chr1	45900	45920	0
chr1	45920	45940	0
chr1	45940	45960	0
chr1	45960	45980	0
chr1	45980	46000	0
chr1	46000	46020	0
chr1	46020	46040	0
chr1	46040	46060	0
chr1	46060	46080	0
chr1	46080	46100	0
chr1	46100	46120	0
chr1	46120	46140	0
chr1	46140	46160	0
chr1	46160	46180	0
chr1	46180	46200	0
chr1	46200	46220	0
chr1	46220	46240	0
chr1	46240	46260	0
chr1	46260	46280	0
chr1	46280	46300	0
chr1	46300	46320	0
chr1	46320	46340	0
chr1	46340	46360	0
chr1	46360	46380	0
chr1	46380	46400	0
chr1	46400	46420	0
chr1	46420	46440	0
chr1	46440	46460	0
chr1	46460	46480	0
chr1	46480	46500	0
chr1	46500	46520	0
chr1	46520	46540	0
chr1	46540	46560	0
chr1	46560	46580	0
chr1	46580	46600	0
chr1	46600	46620	0
chr1	46620	46640	0
chr1	46640	46660	0
chr1	46660	46680	0
chr1	46680	46700	0
chr1	46700	46720	0
chr1	46720	46740	0
chr1	46740	46760	0
chr1	46760	46780	0
chr1	46780	46800	0
chr1	46800	46820	0
chr1	46820	46840	0
chr1	46840	46860	0
chr1	46860	46880	0
chr1	46880	46900	0
chr1	46900	46920	0
chr1	46920	46940	0
chr1	46940	46960	0
chr1	46960	46980	0
chr1	46980	47000	0
chr1	47000	47020	0
chr1	47020	47040	0
chr1	47040	47060	0
chr1	47060	47080	0
chr1	47080	47100	0
chr1	47100	47120	0
chr1	47120	47140	0
chr1	47140	47160	0
chr1	47160	47180	0
chr1	47180	47200	0
chr1	47200	47220	0
chr1	47220	47240	0
chr1	47240	47260	0
chr1	47260	47280	0
chr1	47280	47300	0
chr1	47300	47320	0
chr1	47320	47340	0
chr1	47340	47360	0
chr1	47360	47380	0
chr1	47380	47400	0
chr1	47400	47420	0
chr1	47420	47440	0
chr1	47440	47460	0
chr1	47460	47480	0
chr1	47480	47500	0
chr1	47500	47520	0
chr1	47520	47540	0
chr1	47540	47560	0
chr1	47560	47580	0
chr1	47580	47600	0
chr1	47600	47620	0
chr1	47620	47640	0
chr1	47640	47660	0
chr1	47660	47680	0
chr1	47680	47700	0
chr1	47700	47720	0
chr1	47720	47740	0
chr1	47740	47760	0
chr1	47760	47780	0
chr1	47780	47800	0
chr1	47800	47820	0
chr1	47820	47840	0
chr1	47840	47860	0
chr1	47860	47880	0
chr1	47880	47900	0
chr1	47900	47920	0
chr1	47920	47940	0
chr1	47940	47960	0
chr1	47960	47980	0
chr1	47980	48000	0
chr1	48000	48020	0
chr1	48020	48040	0
chr1	48040	48060	0
chr1	48060	48080	0
chr1	48080	48100	0
chr1	48100	48120	0
chr1	48120	48140	0
chr1	48140	48160	0
chr1	48160	48180	0
chr1	48180	48200	0
chr1	48200	48220	0
chr1	48220	48240	0
chr1	48240	48260	0
chr1	48260	48280	0
chr1	48280	48300	0
chr1	48300	48320	0
chr1	48320	48340	0
chr1	48340	48360	0
chr1	48360	48380	0
chr1	48380	48400	0
chr1	48400	48420	0
chr1	48420	48440	0
chr1	48440	48460	0
chr1	48460	48480	0
chr1	48480	48500	0
chr1	48500	48520	0
chr1	48520	48540	0
chr1	48540	48560	0
chr1	48560	48580	0
chr1	48580	48600	0
chr1	48600	48620	0
chr1	48620	48640	0
chr1	48640	48660	0
chr1	48660	48680	0
chr1	48680	48700	0
chr1	48700	48720	0
chr1	48720	48740	0
chr1	48740	48760	0
chr1	48760	48780	0
chr1	48780	48800	0
chr1	48800	48820	0
chr1	48820	48840	0
chr1	48840	48860	0
chr1	48860	48880	0
chr1	48880	48900	0
chr1	48900	48920	0
chr1	48920	48940	0
chr1	48940	48960	0
chr1	48960	48980	0
chr1	48980	49000	0
chr1	49000	49020	0
chr1	49020	49040	0
chr1	49040	49060	0
chr1	49060	49080	0
chr1	49080	49100	0
chr1	49100	49120	0
chr1	49120	49140	0
chr1	49140	49160	0
chr1	49160	49180	0
chr1	49180	49200	0
chr1	49200	49220	0
chr1	49220	49240	0
chr1	49240	49260	0
chr1	49260	49280	0
chr1	49280	49300	0
chr1	49300	49320	0
chr1	49320	49340	0
chr1	49340	49360	0
chr1	49360	49380	0
chr1	49380	49400	0
chr1	49400	49420	0
chr1	49420	49440	0
chr1	49440	49460	0
chr1	49460	49480	0
chr1	49480	49500	0
chr1	49500	49520	0
chr1	49520	49540	0
chr1	49540	49560	0
chr1	49560	49580	0
chr1	49580	49600	0
chr1	49600	49620	0
chr1	49620	49640	0
chr1	49640	49660	0
chr1	49660	49680	0
chr1	49680	49700	0
chr1	49700	49720	0
chr1	49720	49740	0
chr1	49740	49760	0
chr1	49760	49780	0
chr1	49780	49800	0
chr1	49800	49820	0
chr1	49820	49840	0
chr1	49840	49860	0
chr1	49860	49880	0
chr1	49880	49900	0
chr1	49900	49920	0
chr1	49920	49940	0
chr1	49940	49960	0
chr1	49960	49980	0
chr1	49980	50000	0
chr1	50000	50020	0
chr1	50020	50040	0
chr1	50040	50060	0
chr1	50060	50080	0
chr1	50080	50100	0
chr1	50100	50120	0
chr1	50120	50140	0
chr1	50140	50160	0
chr1	50160	50180	0
chr1	50180	50200	0
chr1	50200	50220	0
chr1	50220	50240	0
chr1	50240	50260	0
chr1	50260	50280	0
chr1	50280	50300	0
chr1	50300	50320	0
chr1	50320	50340	0
chr1	50340	50360	0
chr1	50360	50380	0
chr1	50380	50400	0
chr1	50400	50420	0
chr1	50420	50440	0
chr1	50440	50460	0
chr1	50460	50480	0
chr1	50480	50500	0
chr1	50500	50520	0
chr1	50520	50540	0
chr1	50540	50560	0
chr1	50560	50580	0
chr1	50580	50600	0
chr1	50600	50620	0
chr1	50620	50640	0
chr1	50640	50660	0
chr1	50660	50680	0
chr1	50680	50700	0
chr1	50700	50720	0
chr1	50720	50740	0
chr1	50740	50760	0
chr1	50760	50780	0
chr1	50780	50800	0
chr1	50800	50820	0
chr1	50820	50840	0
chr1	50840	50860	0
chr1	50860	50880	0
chr1	50880	50900	0
chr1	50900	50920	0
chr1	50920	50940	0
chr1	50940	50960	0
chr1	50960	50980	0
chr1	50980	51000	0
chr1	51000	51020	0
chr1	51020	51040	0
chr1	51040	51060	0
chr1	51060	51080	0
chr1	51080	51100	0
chr1	51100	51120	0
chr1	51120	51140	0
chr1	51140	51160	0
chr1	51160	51180	0
chr1	51180	51200	0
chr1	51200	51220	0
chr1	51220	51240	0
chr1	51240	51260	0
chr1	51260	51280	0
chr1	51280	51300	0
chr1	51300	51320	0
chr1	51320	51340	0
chr1	51340	51360	0
chr1	51360	51380	0
chr1	51380	51400	0
chr1	51400	51420	0
chr1	51420	51440	0
chr1	51440	51460	0
chr1	51460	51480	0
chr1	51480	51500	0
chr1	51500	51520	0
chr1	51520	51540	0
chr1	51540	51560	0
chr1	51560	51580	0
chr1	51580	51600	0
chr1	51600	51620	0
chr1	51620	51640	0
chr1	51640	51660	0
chr1	51660	51680	0
chr1	51680	51700	0
chr1	51700	51720	0
chr1	51720	51740	0
chr1	51740	51760	0
chr1	51760	51780	0
chr1	51780	51800	0
chr1	51800	51820	0
chr1	51820	51840	0
chr1	51840	51860	0
chr1	51860	51880	0
chr1	51880	51900	0
chr1	51900	51920	0
chr1	51920	51940	0
chr1	51940	51960	0
chr1	51960	51980	0
chr1	51980	52000	0
chr1	52000	52020	0
chr1	52020	52040	0
chr1	52040	52060	0
chr1	52060	52080	0
chr1	52080	52100	0
chr1	52100	52120	0
chr1	52120	52140	0
chr1	52140	52160	0
chr1	52160	52180	0
chr1	52180	52200	0
chr1	52200	52220	0
chr1	52220	52240	0
chr1	52240	52260	0
chr1	52260	52280	0
chr1	52280	52300	0
chr1	52300	52320	0
chr1	52320	52340	0
chr1	52340	52360	0
chr1	52360	52380	0
chr1	52380	52400	0
chr1	52400	52420	0
chr1	52420	52440	0
chr1	52440	52460	0
chr1	52460	52480	0
chr1	52480	52500	0
chr1	52500	52520	0
chr1	52520	52540	0
chr1	52540	52560	0
chr1	52560	52580	0
chr1	52580	52600	0
chr1	52600	52620	0
chr1	52620	52640	0
chr1	52640	52660	0
chr1	52660	52680	0
chr1	52680	52700	0
chr1	52700	52720	0
chr1	52720	52740	0
chr1	52740	52760	0
chr1	52760	52780	0
chr1	52780	52800	0
chr1	52800	52820	0
chr1	52820	52840	0
chr1	52840	52860	0
chr1	52860	52880	0
chr1	52880	52900	0
chr1	52900	52920	0
chr1	52920	52940	0
chr1	52940	52960	0
chr1	52960	52980	0
chr1	52980	53000	0
chr1	53000	53020	0
chr1	53020	53040	0
chr1	53040	53060	0
chr1	53060	53080	0
chr1	53080	53100	0
chr1	53100	53120	0
chr1	53120	53140	0
chr1	53140	53160	0
chr1	53160	53180	0
chr1	53180	53200	0
chr1	53200	53220	0
chr1	53220	53240	0
chr1	53240	53260	0
chr1	53260	53280	0
chr1	53280	53300	0
chr1	53300	53320	0
chr1	53320	53340	0
chr1	53340	53360	0
chr1	53360	53380	0
chr1	53380	53400	0
chr1	53400	53420	0
chr1	53420	53440	0
chr1	53440	53460	0
chr1	53460	53480	0
chr1	53480	53500	0
chr1	53500	53520	0
chr1	53520	53540	0
chr1	53540	53560	0
chr1	53560	53580	0
chr1	53580	53600	0
chr1	53600	53620	0
chr1	53620	53640	0
chr1	53640	53660	0
chr1	53660	53680	0
chr1	53680	53700	0
chr1	53700	53720	0
chr1	53720	53740	0
chr1	53740	53760	0
chr1	53760	53780	0
chr1	53780	53800	0
chr1	53800	53820	0
chr1	53820	53840	0
chr1	53840	53860	0
chr1	53860	53880	0
chr1	53880	53900	0
chr1	53900	53920	0
chr1	53920	53940	0
chr1	53940	53960	0
chr1	53960	53980	0
chr1	53980	54000	0
chr1	54000	54020	0
chr1	54020	54040	0
chr1	54040	54060	0
chr1	54060	54080	0
chr1	54080	54100	0
chr1	54100	54120	0
chr1	54120	54140	0
chr1	54140	54160	0
chr1	54160	54180	0
chr1	54180	54200	0
chr1	54200	54220	0
chr1	54220	54240	0
chr1	54240	54260	0
chr1	54260	54280	0
chr1	54280	54300	0
chr1	54300	54320	0
chr1	54320	54340	0
chr1	54340	54360	0
chr1	54360	54380	0
chr1	54380	54400	0
chr1	54400	54420	0
chr1	54420	54440	0
chr1	54440	54460	0
chr1	54460	54480	0
chr1	54480	54500	0
chr1	54500	54520	0
chr1	54520	54540	0
chr1	54540	54560	0
chr1	54560	54580	0
chr1	54580	54600	0
chr1	54600	54620	0
chr1	54620	54640	0
chr1	54640	54660	0
chr1	54660	54680	0
chr1	54680	54700	0
chr1	54700	54720	0
chr1	54720	54740	0
chr1	54740	54760	0
chr1	54760	54780	0
chr1	54780	54800	0
chr1	54800	54820	0
chr1	54820	54840	0
chr1	54840	54860	0
chr1	54860	54880	0
chr1	54880	54900	0
chr1	54900	54920	0
chr1	54920	54940	0
chr1	54940	54960	0
chr1	54960	54980	0
chr1	54980	55000	0
chr1	55000	55020	0
chr1	55020	55040	0
chr1	55040	55060	0
chr1	55060	55080	0
chr1	55080	55100	0
chr1	55100	55120	0
chr1	55120	55140	0
chr1	55140	55160	0
chr1	55160	55180	0
chr1	55180	55200	0
chr1	55200	55220	0
chr1	55220	55240	0
chr1	55240	55260	0
chr1	55260	55280	0
chr1	55280	55300	0
chr1	55300	55320	0
chr1	55320	55340	0
chr1	55340	55360	0
chr1	55360	55380	0
chr1	55380	55400	0
chr1	55400	55420	0
chr1	55420	55440	0
chr1	55440	55460	0
chr1	55460	55480	0
chr1	55480	55500	0
chr1	55500	55520	0
chr1	55520	55540	0
chr1	55540	55560	0
chr1	55560	55580	0
chr1	55580	55600	0
chr1	55600	55620	0
chr1	55620	55640	0
chr1	55640	55660	0
chr1	55660	55680	0
chr1	55680	55700	0
chr1	55700	55720	0
chr1	55720	55740	0
chr1	55740	55760	0
chr1	55760	55780	0
chr1	55780	55800	0
chr1	55800	55820	0
chr1	55820	55840	0
chr1	55840	55860	0
chr1	55860	55880	0
chr1	55880	55900	0
chr1	55900	55920	0
chr1	55920	55940	0
chr1	55940	55960	0
chr1	55960	55980	0
chr1	55980	56000	0
chr1	56000	56020	0
chr1	56020	56040	0
chr1	56040	56060	0
chr1	56060	56080	0
chr1	56080	56100	0
chr1	56100	56120	0
chr1	56120	56140	0
chr1	56140	56160	0
chr1	56160	56180	0
chr1	56180	56200	0
chr1	56200	56220	0
chr1	56220	56240	0
chr1	56240	56260	0
chr1	56260	56280	0
chr1	56280	56300	0
chr1	56300	56320	0
chr1	56320	56340	0
chr1	56340	56360	0
chr1	56360	56380	0
chr1	56380	56400	0
chr1	56400	56420	0
chr1	56420	56440	0
chr1	56440	56460	0
chr1	56460	56480	0
chr1	56480	56500	0
chr1	56500	56520	0
chr1	56520	56540	0
chr1	56540	56560	0
chr1	56560	56580	0
chr1	56580	56600	0
chr1	56600	56620	0
chr1	56620	56640	0
chr1	56640	56660	0
chr1	56660	56680	0
chr1	56680	56700	0
chr1	56700	56720	0
chr1	56720	56740	0
chr1	56740	56760	0
chr1	56760	56780	0
chr1	56780	56800	0
chr1	56800	56820	0
chr1	56820	56840	0
chr1	56840	56860	0
chr1	56860	56880	0
chr1	56880	56900	0
chr1	56900	56920	0
chr1	56920	56940	0
chr1	56940	56960	0
chr1	56960	56980	0
chr1	56980	57000	0
chr1	57000	57020	0
chr1	57020	57040	0
chr1	57040	57060	0
chr1	57060	57080	0
chr1	57080	57100	0
chr1	57100	57120	0
chr1	57120	57140	0
chr1	57140	57160	0
chr1	57160	57180	0
chr1	57180	57200	0
chr1	57200	57220	0
chr1	57220	57240	0
chr1	57240	57260	0
chr1	57260	57280	0
chr1	57280	57300	0
chr1	57300	57320	0
chr1	57320	57340	0
chr1	57340	57360	0
chr1	57360	57380	0
chr1	57380	57400	0
chr1	57400	57420	0
chr1	57420	57440	0
chr1	57440	57460	0
chr1	57460	57480	0
chr1	57480	57500	0
chr1	57500	57520	0
chr1	57520	57540	0
chr1	57540	57560	0
chr1	57560	57580	0
chr1	57580	57600	0
chr1	57600	57620	0
chr1	57620	57640	0
chr1	57640	57660	0
chr1	57660	57680	0
chr1	57680	57700	0
chr1	57700	57720	0
chr1	57720	57740	0
chr1	57740	57760	0
chr1	57760	57780	0
chr1	57780	57800	0
chr1	57800	57820	0
chr1	57820	57840	0
chr1	57840	57860	0
chr1	57860	57880	0
chr1	57880	57900	0
chr1	57900	57920	0
chr1	57920	57940	0
chr1	57940	57960	0
chr1	57960	57980	0
chr1	57980	58000	0
chr1	58000	58020	0
chr1	58020	58040	0
chr1	58040	58060	0
chr1	58060	58080	0
chr1	58080	58100	0
chr1	58100	58120	0
chr1	58120	58140	0
chr1	58140	58160	0
chr1	58160	58180	0
chr1	58180	58200	0
chr1	58200	58220	0
chr1	58220	58240	0
chr1	58240	58260	0
chr1	58260	58280	0
chr1	58280	58300	0
chr1	58300	58320	0
chr1	58320	58340	0
chr1	58340	58360	0
chr1	58360	58380	0
chr1	58380	58400	0
chr1	58400	58420	0
chr1	58420	58440	0
chr1	58440	58460	0
chr1	58460	58480	0
chr1	58480	58500	0
chr1	58500	58520	0
chr1	58520	58540	0
chr1	58540	58560	0
chr1	58560	58580	0
chr1	58580	58600	0
chr1	58600	58620	0
chr1	58620	58640	0
chr1	58640	58660	0
chr1	58660	58680	0
chr1	58680	58700	0
chr1	58700	58720	0
chr1	58720	58740	0
chr1	58740	58760	0
chr1	58760	58780	0
chr1	58780	58800	0
chr1	58800	58820	0
chr1	58820	58840	0
chr1	58840	58860	0
chr1	58860	58880	0
chr1	58880	58900	0
chr1	58900	58920	0
chr1	58920	58940	0
chr1	58940	58960	0
chr1	58960	58980	0
chr1	58980	59000	0
chr1	59000	59020	0
chr1	59020	59040	0
chr1	59040	59060	0
chr1	59060	59080	0
chr1	59080	59100	0
chr1	59100	59120	0
chr1	59120	59140	0
chr1	59140	59160	0
chr1	59160	59180	0
chr1	59180	59200	0
chr1	59200	59220	0
chr1	59220	59240	0
chr1	59240	59260	0
chr1	59260	59280	0
chr1	59280	59300	0
chr1	59300	59320	0
chr1	59320	59340	0
chr1	59340	59360	0
chr1	59360	59380	0
chr1	59380	59400	0
chr1	59400	59420	0
chr1	59420	59440	0
chr1	59440	59460	0
chr1	59460	59480	0
chr1	59480	59500	0
chr1	59500	59520	0
chr1	59520	59540	0
chr1	59540	59560	0
chr1	59560	59580	0
chr1	59580	59600	0
chr1	59600	59620	0
chr1	59620	59640	0
chr1	59640	59660	0
chr1	59660	59680	0
chr1	59680	59700	0
chr1	59700	59720	0
chr1	59720	59740	0
chr1	59740	59760	0
chr1	59760	59780	0
chr1	59780	59800	0
chr1	59800	59820	0
chr1	59820	59840	0
chr1	59840	59860	0
chr1	59860	59880	0
chr1	59880	59900	0
chr1	59900	59920	0
chr1	59920	59940	0
chr1	59940	59960	0
chr1	59960	59980	0
chr1	59980	60000	0
chr1	60000	60020	0
chr1	60020	60040	0
chr1	60040	60060	0
chr1	60060	60080	0
chr1	60080	60100	0
chr1	60100	60120	0
chr1	60120	60140	0
chr1	60140	60160	0
chr1	60160	60180	0
chr1	60180	60200	0
chr1	60200	60220	0
chr1	60220	60240	0
chr1	60240	60260	0
chr1	60260	60280	0
chr1	60280	60300	0
chr1	60300	60320	0
chr1	60320	60340	0
chr1	60340	60360	0
chr1	60360	60380	0
chr1	60380	60400	0
chr1	60400	60420	0
chr1	60420	60440	0
chr1	60440	60460	0
chr1	60460	60480	0
chr1	60480	60500	0
chr1	60500	60520	0
chr1	60520	60540	0
chr1	60540	60560	0
chr1	60560	60580	0
chr1	60580	60600	0
chr1	60600	60620	0
chr1	60620	60640	0
chr1	60640	60660	0
chr1	60660	60680	0
chr1	60680	60700	0
chr1	60700	60720	0
chr1	60720	60740	0
chr1	60740	60760	0
chr1	60760	60780	0
chr1	60780	60800	0
chr1	60800	60820	0
chr1	60820	60840	0
chr1	60840	60860	0
chr1	60860	60880	0
chr1	60880	60900	0
chr1	60900	60920	0
chr1	60920	60940	0
chr1	60940	60960	0
chr1	60960	60980	0
chr1	60980	61000	0
chr1	61000	61020	0
chr1	61020	61040	0
chr1	61040	61060	0
chr1	61060	61080	0
chr1	61080	61100	0
chr1	61100	61120	0
chr1	61120	61140	0
chr1	61140	61160	0
chr1	61160	61180	0
chr1	61180	61200	0
chr1	61200	61220	0
chr1	61220	61240	0
chr1	61240	61260	0
chr1	61260	61280	0
chr1	61280	61300	0
chr1	61300	61320	0
chr1	61320	61340	0
chr1	61340	61360	0
chr1	61360	61380	0
chr1	61380	61400	0
chr1	61400	61420	0
chr1	61420	61440	0
#bedGraph section chr1:61440-81920
chr1	61440	61460	0
chr1	61460	61480	0
chr1	61480	61500	0
chr1	61500	61520	0
chr1	61520	61540	0
chr1	61540	61560	0
chr1	61560	61580	0
chr1	61580	61600	0
chr1	61600	61620	0
chr1	61620	61640	0
chr1	61640	61660	0
chr1	61660	61680	0
chr1	61680	61700	0
chr1	61700	61720	0
chr1	61720	61740	0
chr1	61740	61760	0
chr1	61760	61780	0
chr1	61780	61800	0
chr1	61800	61820	0
chr1	61820	61840	0
chr1	61840	61860	0
chr1	61860	61880	0
chr1	61880	61900	0
chr1	61900	61920	0
chr1	61920	61940	0
chr1	61940	61960	0
chr1	61960	61980	0
chr1	61980	62000	0
chr1	62000	62020	0
chr1	62020	62040	0
chr1	62040	62060	0
chr1	62060	62080	0
chr1	62080	62100	0
chr1	62100	62120	0
chr1	62120	62140	0
chr1	62140	62160	0
chr1	62160	62180	0
chr1	62180	62200	0
chr1	62200	62220	0
chr1	62220	62240	0
chr1	62240	62260	0
chr1	62260	62280	0
chr1	62280	62300	0
chr1	62300	62320	0
chr1	62320	62340	0
chr1	62340	62360	0
chr1	62360	62380	0
chr1	62380	62400	0
chr1	62400	62420	0
chr1	62420	62440	0
chr1	62440	62460	0
chr1	62460	62480	0
chr1	62480	62500	0
chr1	62500	62520	0
chr1	62520	62540	0
chr1	62540	62560	0
chr1	62560	62580	0
chr1	62580	62600	0
chr1	62600	62620	0
chr1	62620	62640	0
chr1	62640	62660	0
chr1	62660	62680	0
chr1	62680	62700	0
chr1	62700	62720	0
chr1	62720	62740	0
chr1	62740	62760	0
chr1	62760	62780	0
chr1	62780	62800	0
chr1	62800	62820	0
chr1	62820	62840	0
chr1	62840	62860	0
chr1	62860	62880	0
chr1	62880	62900	0
chr1	62900	62920	0
chr1	62920	62940	0
chr1	62940	62960	0
chr1	62960	62980	0
chr1	62980	63000	0
chr1	63000	63020	0
chr1	63020	63040	0
chr1	63040	63060	0
chr1	63060	63080	0
chr1	63080	63100	0
chr1	63100	63120	0
chr1	63120	63140	0
chr1	63140	63160	0
chr1	63160	63180	0
chr1	63180	63200	0
chr1	63200	63220	0
chr1	63220	63240	0
chr1	63240	63260	0
chr1	63260	63280	0
chr1	63280	63300	0
chr1	63300	63320	0
chr1	63320	63340	0
chr1	63340	63360	0
chr1	63360	63380	0
chr1	63380	63400	0
chr1	63400	63420	0
chr1	63420	63440	0
chr1	63440	63460	0
chr1	63460	63480	0
chr1	63480	63500	0
chr1	63500	63520	0
chr1	63520	63540	0
chr1	63540	63560	0
chr1	63560	63580	0
chr1	63580	63600	0
chr1	63600	63620	0
chr1	63620	63640	0
chr1	63640	63660	0
chr1	63660	63680	0
chr1	63680	63700	0
chr1	63700	63720	0
chr1	63720	63740	0
chr1	63740	63760	0
chr1	63760	63780	0
chr1	63780	63800	0
chr1	63800	63820	0
chr1	63820	63840	0
chr1	63840	63860	0
chr1	63860	63880	0
chr1	63880	63900	0
chr1	63900	63920	0
chr1	63920	63940	0
chr1	63940	63960	0
chr1	63960	63980	0
chr1	63980	64000	0
chr1	64000	64020	0
chr1	64020	64040	0
chr1	64040	64060	0
chr1	64060	64080	0
chr1	64080	64100	0
chr1	64100	64120	0
chr1	64120	64140	0
chr1	64140	64160	0
chr1	64160	64180	0
chr1	64180	64200	0
chr1	64200	64220	0
chr1	64220	64240	0
chr1	64240	64260	0
chr1	64260	64280	0
chr1	64280	64300	0
chr1	64300	64320	0
chr1	64320	64340	0
chr1	64340	64360	0
chr1	64360	64380	0
chr1	64380	64400	0
chr1	64400	64420	0
chr1	64420	64440	0
chr1	64440	64460	0
chr1	64460	64480	0
chr1	64480	64500	0
chr1	64500	64520	0
chr1	64520	64540	0
chr1	64540	64560	0
chr1	64560	64580	0
chr1	64580	64600	0
chr1	64600	64620	0
chr1	64620	64640	0
chr1	64640	64660	0
chr1	64660	64680	0
chr1	64680	64700	0
chr1	64700	64720	0
chr1	64720	64740	0
chr1	64740	64760	0
chr1	64760	64780	0
chr1	64780	64800	0
chr1	64800	64820	0
chr1	64820	64840	0
chr1	64840	64860	0
chr1	64860	64880	0
chr1	64880	64900	0
chr1	64900	64920	0
chr1	64920	64940	0
chr1	64940	64960	0
chr1	64960	64980	0
chr1	64980	65000	0
chr1	65000	65020	0
chr1	65020	65040	0
chr1	65040	65060	0
chr1	65060	65080	0
chr1	65080	65100	0
chr1	65100	65120	0
chr1	65120	65140	0
chr1	65140	65160	0
chr1	65160	65180	0
chr1	65180	65200	0
chr1	65200	65220	0
chr1	65220	65240	0
chr1	65240	65260	0
chr1	65260	65280	0
chr1	65280	65300	0
chr1	65300	65320	0
chr1	65320	65340	0
chr1	65340	65360	0
chr1	65360	65380	0
chr1	65380	65400	0
chr1	65400	65420	0
chr1	65420	65440	0
chr1	65440	65460	0
chr1	65460	65480	0
chr1	65480	65500	0
chr1	65500	65520	0
chr1	65520	65540	0
chr1	65540	65560	0
chr1	65560	65580	0
chr1	65580	65600	0
chr1	65600	65620	0
chr1	65620	65640	0
chr1	65640	65660	0
chr1	65660	65680	0
chr1	65680	65700	0
chr1	65700	65720	0
chr1	65720	65740	0
chr1	65740	65760	0
chr1	65760	65780	0
chr1	65780	65800	0
chr1	65800	65820	0
chr1	65820	65840	0
chr1	65840	65860	0
chr1	65860	65880	0
chr1	65880	65900	0
chr1	65900	65920	0
chr1	65920	65940	0
chr1	65940	65960	0
chr1	65960	65980	0
chr1	65980	66000	0
chr1	66000	66020	0
chr1	66020	66040	0
chr1	66040	66060	0
chr1	66060	66080	0
chr1	66080	66100	0
chr1	66100	66120	0
chr1	66120	66140	0
chr1	66140	66160	0
chr1	66160	66180	0
chr1	66180	66200	0
chr1	66200	66220	0
chr1	66220	66240	0
chr1	66240	66260	0
chr1	66260	66280	0
chr1	66280	66300	0
chr1	66300	66320	0
chr1	66320	66340	0
chr1	66340	66360	0
chr1	66360	66380	0
chr1	66380	66400	0
chr1	66400	66420	0
chr1	66420	66440	0
chr1	66440	66460	0
chr1	66460	66480	0
chr1	66480	66500	0
chr1	66500	66520	0
chr1	66520	66540	0
chr1	66540	66560	0
chr1	66560	66580	0
chr1	66580	66600	0
chr1	66600	66620	0
chr1	66620	66640	0
chr1	66640	66660	0
chr1	66660	66680	0
chr1	66680	66700	0
chr1	66700	66720	0
chr1	66720	66740	0
chr1	66740	66760	0
chr1	66760	66780	0
chr1	66780	66800	0
chr1	66800	66820	0
chr1	66820	66840	0
chr1	66840	66860	0
chr1	66860	66880	0
chr1	66880	66900	0
chr1	66900	66920	0
chr1	66920	66940	0
chr1	66940	66960	0
chr1	66960	66980	0
chr1	66980	67000	0
chr1	67000	67020	0
chr1	67020	67040	0
chr1	67040	67060	0
chr1	67060	67080	0
chr1	67080	67100	0
chr1	67100	67120	0
chr1	67120	67140	0
chr1	67140	67160	0
chr1	67160	67180	0
chr1	67180	67200	0
chr1	67200	67220	0
chr1	67220	67240	0
chr1	67240	67260	0
chr1	67260	67280	0
chr1	67280	67300	0
chr1	67300	67320	0
chr1	67320	67340	0
chr1	67340	67360	0
chr1	67360	67380	0
chr1	67380	67400	0
chr1	67400	67420	0
chr1	67420	67440	0
chr1	67440	67460	0
chr1	67460	67480	0
chr1	67480	67500	0
chr1	67500	67520	0
chr1	67520	67540	0
chr1	67540	67560	0
chr1	67560	67580	0
chr1	67580	67600	0
chr1	67600	67620	0
chr1	67620	67640	0
chr1	67640	67660	0
chr1	67660	67680	0
chr1	67680	67700	0
chr1	67700	67720	0
chr1	67720	67740	0
chr1	67740	67760	0
chr1	67760	67780	0
chr1	67780	67800	0
chr1	67800	67820	0
chr1	67820	67840	0
chr1	67840	67860	0
chr1	67860	67880	0
chr1	67880	67900	0
chr1	67900	67920	0
chr1	67920	67940	0
chr1	67940	67960	0
chr1	67960	67980	0
chr1	67980	68000	0
chr1	68000	68020	0
chr1	68020	68040	0
chr1	68040	68060	0
chr1	68060	68080	0
chr1	68080	68100	0
chr1	68100	68120	0
chr1	68120	68140	0
chr1	68140	68160	0
chr1	68160	68180	0
chr1	68180	68200	0
chr1	68200	68220	0
chr1	68220	68240	0
chr1	68240	68260	0
chr1	68260	68280	0
chr1	68280	68300	0
chr1	68300	68320	0
chr1	68320	68340	0
chr1	68340	68360	0
chr1	68360	68380	0
chr1	68380	68400	0
chr1	68400	68420	0
chr1	68420	68440	0
chr1	68440	68460	0
chr1	68460	68480	0
chr1	68480	68500	0
chr1	68500	68520	0
chr1	68520	68540	0
chr1	68540	68560	0
chr1	68560	68580	0
chr1	68580	68600	0
chr1	68600	68620	0
chr1	68620	68640	0
chr1	68640	68660	0
chr1	68660	68680	0
chr1	68680	68700	0
chr1	68700	68720	0
chr1	68720	68740	0
chr1	68740	68760	0
chr1	68760	68780	0
chr1	68780	68800	0
chr1	68800	68820	0
chr1	68820	68840	0
chr1	68840	68860	0
chr1	68860	68880	0
chr1	68880	68900	0
chr1	68900	68920	0
chr1	68920	68940	0
chr1	68940	68960	0
chr1	68960	68980	0
chr1	68980	69000	0
chr1	69000	69020	0
chr1	69020	69040	0
chr1	69040	69060	0
chr1	69060	69080	0
chr1	69080	69100	0
chr1	69100	69120	0
chr1	69120	69140	0
chr1	69140	69160	0
chr1	69160	69180	0
chr1	69180	69200	0
chr1	69200	69220	0
chr1	69220	69240	0
chr1	69240	69260	0
chr1	69260	69280	0
chr1	69280	69300	0
chr1	69300	69320	0
chr1	69320	69340	0
chr1	69340	69360	0
chr1	69360	69380	0
chr1	69380	69400	0
chr1	69400	69420	0
chr1	69420	69440	0
chr1	69440	69460	0
chr1	69460	69480	0
chr1	69480	69500	0
chr1	69500	69520	0
chr1	69520	69540	0
chr1	69540	69560	0
chr1	69560	69580	0
chr1	69580	69600	0
chr1	69600	69620	0
chr1	69620	69640	0
chr1	69640	69660	0
chr1	69660	69680	0
chr1	69680	69700	0
chr1	69700	69720	0
chr1	69720	69740	0
chr1	69740	69760	0
chr1	69760	69780	0
chr1	69780	69800	0
chr1	69800	69820	0
chr1	69820	69840	0
chr1	69840	69860	0
chr1	69860	69880	0
chr1	69880	69900	0
chr1	69900	69920	0
chr1	69920	69940	0
chr1	69940	69960	0
chr1	69960	69980	0
chr1	69980	70000	0
chr1	70000	70020	0
chr1	70020	70040	0
chr1	70040	70060	0
chr1	70060	70080	0
chr1	70080	70100	0
chr1	70100	70120	0
chr1	70120	70140	0
chr1	70140	70160	0
chr1	70160	70180	0
chr1	70180	70200	0
chr1	70200	70220	0
chr1	70220	70240	0
chr1	70240	70260	0
chr1	70260	70280	0
chr1	70280	70300	0
chr1	70300	70320	0
chr1	70320	70340	0
chr1	70340	70360	0
chr1	70360	70380	0
chr1	70380	70400	0
chr1	70400	70420	0
chr1	70420	70440	0
chr1	70440	70460	0
chr1	70460	70480	0
chr1	70480	70500	0
chr1	70500	70520	0
chr1	70520	70540	0
chr1	70540	70560	0
chr1	70560	70580	0
chr1	70580	70600	0
chr1	70600	70620	0
chr1	70620	70640	0
chr1	70640	70660	0
chr1	70660	70680	0
chr1	70680	70700	0
chr1	70700	70720	0
chr1	70720	70740	0
chr1	70740	70760	0
chr1	70760	70780	0
chr1	70780	70800	0
chr1	70800	70820	0
chr1	70820	70840	0
chr1	70840	70860	0
chr1	70860	70880	0
chr1	70880	70900	0
chr1	70900	70920	0
chr1	70920	70940	0
chr1	70940	70960	0
chr1	70960	70980	0
chr1	70980	71000	0
chr1	71000	71020	0
chr1	71020	71040	0
chr1	71040	71060	0
chr1	71060	71080	0
chr1	71080	71100	0
chr1	71100	71120	0
chr1	71120	71140	0
chr1	71140	71160	0
chr1	71160	71180	0
chr1	71180	71200	0
chr1	71200	71220	0
chr1	71220	71240	0
chr1	71240	71260	0
chr1	71260	71280	0
chr1	71280	71300	0
chr1	71300	71320	0
chr1	71320	71340	0
chr1	71340	71360	0
chr1	71360	71380	0
chr1	71380	71400	0
chr1	71400	71420	0
chr1	71420	71440	0
chr1	71440	71460	0
chr1	71460	71480	0
chr1	71480	71500	0
chr1	71500	71520	0
chr1	71520	71540	0
chr1	71540	71560	0
chr1	71560	71580	0
chr1	71580	71600	0
chr1	71600	71620	0
chr1	71620	71640	0
chr1	71640	71660	0
chr1	71660	71680	0
chr1	71680	71700	0
chr1	71700	71720	0
chr1	71720	71740	0
chr1	71740	71760	0
chr1	71760	71780	0
chr1	71780	71800	0
chr1	71800	71820	0
chr1	71820	71840	0
chr1	71840	71860	0
chr1	71860	71880	0
chr1	71880	71900	0
chr1	71900	71920	0
chr1	71920	71940	0
chr1	71940	71960	0
chr1	71960	71980	0
chr1	71980	72000	0
chr1	72000	72020	0
chr1	72020	72040	0
chr1	72040	72060	0
chr1	72060	72080	0
chr1	72080	72100	0
chr1	72100	72120	0
chr1	72120	72140	0
chr1	72140	72160	0
chr1	72160	72180	0
chr1	72180	72200	0
chr1	72200	72220	0
chr1	72220	72240	0
chr1	72240	72260	0
chr1	72260	72280	0
chr1	72280	72300	0
chr1	72300	72320	0
chr1	72320	72340	0
chr1	72340	72360	0
chr1	72360	72380	0
chr1	72380	72400	0
chr1	72400	72420	0
chr1	72420	72440	0
chr1	72440	72460	0
chr1	72460	72480	0
chr1	72480	72500	0
chr1	72500	72520	0
chr1	72520	72540	0
chr1	72540	72560	0
chr1	72560	72580	0
chr1	72580	72600	0
chr1	72600	72620	0
chr1	72620	72640	0
chr1	72640	72660	0
chr1	72660	72680	0
chr1	72680	72700	0
chr1	72700	72720	0
chr1	72720	72740	0
chr1	72740	72760	0
chr1	72760	72780	0
chr1	72780	72800	0
chr1	72800	72820	0
chr1	72820	72840	0
chr1	72840	72860	0
chr1	72860	72880	0
chr1	72880	72900	0
chr1	72900	72920	0
chr1	72920	72940	0
chr1	72940	72960	0
chr1	72960	72980	0
chr1	72980	73000	0
chr1	73000	73020	0
chr1	73020	73040	0
chr1	73040	73060	0
chr1	73060	73080	0
chr1	73080	73100	0
chr1	73100	73120	0
chr1	73120	73140	0
chr1	73140	73160	0
chr1	73160	73180	0
chr1	73180	73200	0
chr1	73200	73220	0
chr1	73220	73240	0
chr1	73240	73260	0
chr1	73260	73280	0
chr1	73280	73300	0
chr1	73300	73320	0
chr1	73320	73340	0
chr1	73340	73360	0
chr1	73360	73380	0
chr1	73380	73400	0
chr1	73400	73420	0
chr1	73420	73440	0
chr1	73440	73460	0
chr1	73460	73480	0
chr1	73480	73500	0
chr1	73500	73520	0
chr1	73520	73540	0
chr1	73540	73560	0
chr1	73560	73580	0
chr1	73580	73600	0
chr1	73600	73620	0
chr1	73620	73640	0
chr1	73640	73660	0
chr1	73660	73680	0
chr1	73680	73700	0
chr1	73700	73720	0
chr1	73720	73740	0
chr1	73740	73760	0
chr1	73760	73780	0
chr1	73780	73800	0
chr1	73800	73820	0
chr1	73820	73840	0
chr1	73840	73860	0
chr1	73860	73880	0
chr1	73880	73900	0
chr1	73900	73920	0
chr1	73920	73940	0
chr1	73940	73960	0
chr1	73960	73980	0
chr1	73980	74000	0
chr1	74000	74020	0
chr1	74020	74040	0
chr1	74040	74060	0
chr1	74060	74080	0
chr1	74080	74100	0
chr1	74100	74120	0
chr1	74120	74140	0
chr1	74140	74160	0
chr1	74160	74180	0
chr1	74180	74200	0
chr1	74200	74220	0
chr1	74220	74240	0
chr1	74240	74260	0
chr1	74260	74280	0
chr1	74280	74300	0
chr1	74300	74320	0
chr1	74320	74340	0
chr1	74340	74360	0
chr1	74360	74380	0
chr1	74380	74400	0
chr1	74400	74420	0
chr1	74420	74440	0
chr1	74440	74460	0
chr1	74460	74480	0
chr1	74480	74500	0
chr1	74500	74520	0
chr1	74520	74540	0
chr1	74540	74560	0
chr1	74560	74580	0
chr1	74580	74600	0
chr1	74600	74620	0
chr1	74620	74640	0
chr1	74640	74660	0
chr1	74660	74680	0
chr1	74680	74700	0
chr1	74700	74720	0
chr1	74720	74740	0
chr1	74740	74760	0
chr1	74760	74780	0
chr1	74780	74800	0
chr1	74800	74820	0
chr1	74820	74840	0
chr1	74840	74860	0
chr1	74860	74880	0
chr1	74880	74900	0
chr1	74900	74920	0
chr1	74920	74940	0
chr1	74940	74960	0
chr1	74960	74980	0
chr1	74980	75000	0
chr1	75000	75020	0
chr1	75020	75040	0
chr1	75040	75060	0
chr1	75060	75080	0
chr1	75080	75100	0
chr1	75100	75120	0
chr1	75120	75140	0
chr1	75140	75160	0
chr1	75160	75180	0
chr1	75180	75200	0
chr1	75200	75220	0
chr1	75220	75240	0
chr1	75240	75260	0
chr1	75260	75280	0
chr1	75280	75300	0
chr1	75300	75320	0
chr1	75320	75340	0
chr1	75340	75360	0
chr1	75360	75380	0
chr1	75380	75400	0
chr1	75400	75420	0
chr1	75420	75440	0
chr1	75440	75460	0
chr1	75460	75480	0
chr1	75480	75500	0
chr1	75500	75520	0
chr1	75520	75540	0
chr1	75540	75560	0
chr1	75560	75580	0
chr1	75580	75600	0
chr1	75600	75620	0
chr1	75620	75640	0
chr1	75640	75660	0
chr1	75660	75680	0
chr1	75680	75700	0
chr1	75700	75720	0
chr1	75720	75740	0
chr1	75740	75760	0
chr1	75760	75780	0
chr1	75780	75800	0
chr1	75800	75820	0
chr1	75820	75840	0
chr1	75840	75860	0
chr1	75860	75880	0
chr1	75880	75900	0
chr1	75900	75920	0
chr1	75920	75940	0
chr1	75940	75960	0
chr1	75960	75980	0
chr1	75980	76000	0
chr1	76000	76020	0
chr1	76020	76040	0
chr1	76040	76060	0
chr1	76060	76080	0
chr1	76080	76100	0
chr1	76100	76120	0
chr1	76120	76140	0
chr1	76140	76160	0
chr1	76160	76180	0
chr1	76180	76200	0
chr1	76200	76220	0
chr1	76220	76240	0
chr1	76240	76260	0
chr1	76260	76280	0
chr1	76280	76300	0
chr1	76300	76320	0
chr1	76320	76340	0
chr1	76340	76360	0
chr1	76360	76380	0
chr1	76380	76400	0
chr1	76400	76420	0
chr1	76420	76440	0
chr1	76440	76460	0
chr1	76460	76480	0
chr1	76480	76500	0
chr1	76500	76520	0
chr1	76520	76540	0
chr1	76540	76560	0
chr1	76560	76580	0
chr1	76580	76600	0
chr1	76600	76620	0
chr1	76620	76640	0
chr1	76640	76660	0
chr1	76660	76680	0
chr1	76680	76700	0
chr1	76700	76720	0
chr1	76720	76740	0
chr1	76740	76760	0
chr1	76760	76780	0
chr1	76780	76800	0
chr1	76800	76820	0
chr1	76820	76840	0
chr1	76840	76860	0
chr1	76860	76880	0
chr1	76880	76900	0
chr1	76900	76920	0
chr1	76920	76940	0
chr1	76940	76960	0
chr1	76960	76980	0
chr1	76980	77000	0
chr1	77000	77020	0
chr1	77020	77040	0
chr1	77040	77060	0
chr1	77060	77080	0
chr1	77080	77100	0
chr1	77100	77120	0
chr1	77120	77140	0
chr1	77140	77160	0
chr1	77160	77180	0
chr1	77180	77200	0
chr1	77200	77220	0
chr1	77220	77240	0
chr1	77240	77260	0
chr1	77260	77280	0
chr1	77280	77300	0
chr1	77300	77320	0
chr1	77320	77340	0
chr1	77340	77360	0
chr1	77360	77380	0
chr1	77380	77400	0
chr1	77400	77420	0
chr1	77420	77440	0
chr1	77440	77460	0
chr1	77460	77480	0
chr1	77480	77500	0
chr1	77500	77520	0
chr1	77520	77540	0
chr1	77540	77560	0
chr1	77560	77580	0
chr1	77580	77600	0
chr1	77600	77620	0
chr1	77620	77640	0
chr1	77640	77660	0
chr1	77660	77680	0
chr1	77680	77700	0
chr1	77700	77720	0
chr1	77720	77740	0
chr1	77740	77760	0
chr1	77760	77780	0
chr1	77780	77800	0
chr1	77800	77820	0
chr1	77820	77840	0
chr1	77840	77860	0
chr1	77860	77880	0
chr1	77880	77900	0
chr1	77900	77920	0
chr1	77920	77940	0
chr1	77940	77960	0
chr1	77960	77980	0
chr1	77980	78000	0
chr1	78000	78020	0
chr1	78020	78040	0
chr1	78040	78060	0
chr1	78060	78080	0
chr1	78080	78100	0
chr1	78100	78120	0
chr1	78120	78140	0
chr1	78140	78160	0
chr1	78160	78180	0
chr1	78180	78200	0
chr1	78200	78220	0
chr1	78220	78240	0
chr1	78240	78260	0
chr1	78260	78280	0
chr1	78280	78300	0
chr1	78300	78320	0
chr1	78320	78340	0
chr1	78340	78360	0
chr1	78360	78380	0
chr1	78380	78400	0
chr1	78400	78420	0
chr1	78420	78440	0
chr1	78440	78460	0
chr1	78460	78480	0
chr1	78480	78500	0
chr1	78500	78520	0
chr1	78520	78540	0
chr1	78540	78560	0
chr1	78560	78580	0
chr1	78580	78600	0
chr1	78600	78620	0
chr1	78620	78640	0
chr1	78640	78660	0
chr1	78660	78680	0
chr1	78680	78700	0
chr1	78700	78720	0
chr1	78720	78740	0
chr1	78740	78760	0
chr1	78760	78780	0
chr1	78780	78800	0
chr1	78800	78820	0
chr1	78820	78840	0
chr1	78840	78860	0
chr1	78860	78880	0
chr1	78880	78900	0
chr1	78900	78920	0
chr1	78920	78940	0
chr1	78940	78960	0
chr1	78960	78980	0
chr1	78980	79000	0
chr1	79000	79020	0
chr1	79020	79040	0
chr1	79040	79060	0
chr1	79060	79080	0
chr1	79080	79100	0
chr1	79100	79120	0
chr1	79120	79140	0
chr1	79140	79160	0
chr1	79160	79180	0
chr1	79180	79200	0
chr1	79200	79220	0
chr1	79220	79240	0
chr1	79240	79260	0
chr1	79260	79280	0
chr1	79280	79300	0
chr1	79300	79320	0
chr1	79320	79340	0
chr1	79340	79360	0
chr1	79360	79380	0
chr1	79380	79400	0
chr1	79400	79420	0
chr1	79420	79440	0
chr1	79440	79460	0
chr1	79460	79480	0
chr1	79480	79500	0
chr1	79500	79520	0
chr1	79520	79540	0
chr1	79540	79560	0
chr1	79560	79580	0
chr1	79580	79600	0
chr1	79600	79620	0
chr1	79620	79640	0
chr1	79640	79660	0
chr1	79660	79680	0
chr1	79680	79700	0
chr1	79700	79720	0
chr1	79720	79740	0
chr1	79740	79760	0
chr1	79760	79780	0
chr1	79780	79800	0
chr1	79800	79820	0
chr1	79820	79840	0
chr1	79840	79860	0
chr1	79860	79880	0
chr1	79880	79900	0
chr1	79900	79920	0
chr1	79920	79940	0
chr1	79940	79960	0
chr1	79960	79980	0
chr1	79980	80000	0
chr1	80000	80020	0
chr1	80020	80040	0
chr1	80040	80060	0
chr1	80060	80080	0
chr1	80080	80100	0
chr1	80100	80120	0
chr1	80120	80140	0
chr1	80140	80160	0
chr1	80160	80180	0
chr1	80180	80200	0
chr1	80200	80220	0
chr1	80220	80240	0
chr1	80240	80260	0
chr1	80260	80280	0
chr1	80280	80300	0
chr1	80300	80320	0
chr1	80320	80340	0
chr1	80340	80360	0
chr1	80360	80380	0
chr1	80380	80400	0
chr1	80400	80420	0
chr1	80420	80440	0
chr1	80440	80460	0
chr1	80460	80480	0
chr1	80480	80500	0
chr1	80500	80520	0
chr1	80520	80540	0
chr1	80540	80560	0
chr1	80560	80580	0
chr1	80580	80600	0
chr1	80600	80620	0
chr1	80620	80640	0
chr1	80640	80660	0
chr1	80660	80680	0
chr1	80680	80700	0
chr1	80700	80720	0
chr1	80720	80740	0
chr1	80740	80760	0
chr1	80760	80780	0
chr1	80780	80800	0
chr1	80800	80820	0
chr1	80820	80840	0
chr1	80840	80860	0
chr1	80860	80880	0
chr1	80880	80900	0
chr1	80900	80920	0
chr1	80920	80940	0
chr1	80940	80960	0
chr1	80960	80980	0
chr1	80980	81000	0
chr1	81000	81020	0
chr1	81020	81040	0
chr1	81040	81060	0
chr1	81060	81080	0
chr1	81080	81100	0
chr1	81100	81120	0
chr1	81120	81140	0
chr1	81140	81160	0
chr1	81160	81180	0
chr1	81180	81200	0
chr1	81200	81220	0
chr1	81220	81240	0
chr1	81240	81260	0
chr1	81260	81280	0
chr1	81280	81300	0
chr1	81300	81320	0
chr1	81320	81340	0
chr1	81340	81360	0
chr1	81360	81380	0
chr1	81380	81400	0
chr1	81400	81420	0
chr1	81420	81440	0
chr1	81440	81460	0
chr1	81460	81480	0
chr1	81480	81500	0
chr1	81500	81520	0
chr1	81520	81540	0
chr1	81540	81560	0
chr1	81560	81580	0
chr1	81580	81600	0
chr1	81600	81620	0
chr1	81620	81640	0
chr1	81640	81660	0
chr1	81660	81680	0
chr1	81680	81700	0
chr1	81700	81720	0
chr1	81720	81740	0
chr1	81740	81760	0
chr1	81760	81780	0
chr1	81780	81800	0
chr1	81800	81820	0
chr1	81820	81840	0
chr1	81840	81860	0
chr1	81860	81880	0
chr1	81880	81900	0
chr1	81900	81920	0
#bedGraph section chr1:81920-102400
chr1	81920	81940	0
chr1	81940	81960	0
chr1	81960	81980	0
chr1	81980	82000	0
chr1	82000	82020	0
chr1	82020	82040	0
chr1	82040	82060	0
chr1	82060	82080	0
chr1	82080	82100	0
chr1	82100	82120	0
chr1	82120	82140	0
chr1	82140	82160	0
chr1	82160	82180	0
chr1	82180	82200	0
chr1	82200	82220	0
chr1	82220	82240	0
chr1	82240	82260	0
chr1	82260	82280	0
chr1	82280	82300	0
chr1	82300	82320	0
chr1	82320	82340	0
chr1	82340	82360	0
chr1	82360	82380	0
chr1	82380	82400	0
chr1	82400	82420	0
chr1	82420	82440	0
chr1	82440	82460	0
chr1	82460	82480	0
chr1	82480	82500	0
chr1	82500	82520	0
chr1	82520	82540	0
chr1	82540	82560	0
chr1	82560	82580	0
chr1	82580	82600	0
chr1	82600	82620	0
chr1	82620	82640	0
chr1	82640	82660	0
chr1	82660	82680	0
chr1	82680	82700	0
chr1	82700	82720	0
chr1	82720	82740	0
chr1	82740	82760	0
chr1	82760	82780	0
chr1	82780	82800	0
chr1	82800	82820	0
chr1	82820	82840	0
chr1	82840	82860	0
chr1	82860	82880	0
chr1	82880	82900	0
chr1	82900	82920	0
chr1	82920	82940	0
chr1	82940	82960	0
chr1	82960	82980	0
chr1	82980	83000	0
chr1	83000	83020	0
chr1	83020	83040	0
chr1	83040	83060	0
chr1	83060	83080	0
chr1	83080	83100	0
chr1	83100	83120	0
chr1	83120	83140	0
chr1	83140	83160	0
chr1	83160	83180	0
chr1	83180	83200	0
chr1	83200	83220	0
chr1	83220	83240	0
chr1	83240	83260	0
chr1	83260	83280	0
chr1	83280	83300	0
chr1	83300	83320	0
chr1	83320	83340	0
chr1	83340	83360	0
chr1	83360	83380	0
chr1	83380	83400	0
chr1	83400	83420	0
chr1	83420	83440	0
chr1	83440	83460	0
chr1	83460	83480	0
chr1	83480	83500	0
chr1	83500	83520	0
chr1	83520	83540	0
chr1	83540	83560	0
chr1	83560	83580	0
chr1	83580	83600	0
chr1	83600	83620	0
chr1	83620	83640	0
chr1	83640	83660	0
chr1	83660	83680	0
chr1	83680	83700	0
chr1	83700	83720	0
chr1	83720	83740	0
chr1	83740	83760	0
chr1	83760	83780	0
chr1	83780	83800	0
chr1	83800	83820	0
chr1	83820	83840	0
chr1	83840	83860	0
chr1	83860	83880	0
chr1	83880	83900	0
chr1	83900	83920	0
chr1	83920	83940	0
chr1	83940	83960	0
chr1	83960	83980	0
chr1	83980	84000	0
chr1	84000	84020	0
chr1	84020	84040	0
chr1	84040	84060	0
chr1	84060	84080	0
chr1	84080	84100	0
chr1	84100	84120	0
chr1	84120	84140	0
chr1	84140	84160	0
chr1	84160	84180	0
chr1	84180	84200	0
chr1	84200	84220	0
chr1	84220	84240	0
chr1	84240	84260	0
chr1	84260	84280	0
chr1	84280	84300	0
chr1	84300	84320	0
chr1	84320	84340	0
chr1	84340	84360	0
chr1	84360	84380	0
chr1	84380	84400	0
chr1	84400	84420	0
chr1	84420	84440	0
chr1	84440	84460	0
chr1	84460	84480	0
chr1	84480	84500	0
chr1	84500	84520	0
chr1	84520	84540	0
chr1	84540	84560	0
chr1	84560	84580	0
chr1	84580	84600	0
chr1	84600	84620	0
chr1	84620	84640	0
chr1	84640	84660	0
chr1	84660	84680	0
chr1	84680	84700	0
chr1	84700	84720	0
chr1	84720	84740	0
chr1	84740	84760	0
chr1	84760	84780	0
chr1	84780	84800	0
chr1	84800	84820	0
chr1	84820	84840	0
chr1	84840	84860	0
chr1	84860	84880	0
chr1	84880	84900	0
chr1	84900	84920	0
chr1	84920	84940	0
chr1	84940	84960	0
chr1	84960	84980	0
chr1	84980	85000	0
chr1	85000	85020	0
chr1	85020	85040	0
chr1	85040	85060	0
chr1	85060	85080	0
chr1	85080	85100	0
chr1	85100	85120	0
chr1	85120	85140	0
chr1	85140	85160	0
chr1	85160	85180	0
chr1	85180	85200	0
chr1	85200	85220	0
chr1	85220	85240	0
chr1	85240	85260	0
chr1	85260	85280	0
chr1	85280	85300	0
chr1	85300	85320	0
chr1	85320	85340	0
chr1	85340	85360	0
chr1	85360	85380	0
chr1	85380	85400	0
chr1	85400	85420	0
chr1	85420	85440	0
chr1	85440	85460	0
chr1	85460	85480	0
chr1	85480	85500	0
chr1	85500	85520	0
chr1	85520	85540	0
chr1	85540	85560	0
chr1	85560	85580	0
chr1	85580	85600	0
chr1	85600	85620	0
chr1	85620	85640	0
chr1	85640	85660	0
chr1	85660	85680	0
chr1	85680	85700	0
chr1	85700	85720	0
chr1	85720	85740	0
chr1	85740	85760	0
chr1	85760	85780	0
chr1	85780	85800	0
chr1	85800	85820	0
chr1	85820	85840	0
chr1	85840	85860	0
chr1	85860	85880	0
chr1	85880	85900	0
chr1	85900	85920	0
chr1	85920	85940	0
chr1	85940	85960	0
chr1	85960	85980	0
chr1	85980	86000	0
chr1	86000	86020	0
chr1	86020	86040	0
chr1	86040	86060	0
chr1	86060	86080	0
chr1	86080	86100	0
chr1	86100	86120	0
chr1	86120	86140	0
chr1	86140	86160	0
chr1	86160	86180	0
chr1	86180	86200	0
chr1	86200	86220	0
chr1	86220	86240	0
chr1	86240	86260	0
chr1	86260	86280	0
chr1	86280	86300	0
chr1	86300	86320	0
chr1	86320	86340	0
chr1	86340	86360	0
chr1	86360	86380	0
chr1	86380	86400	0
chr1	86400	86420	0
chr1	86420	86440	0
chr1	86440	86460	0
chr1	86460	86480	0
chr1	86480	86500	0
chr1	86500	86520	0
chr1	86520	86540	0
chr1	86540	86560	0
chr1	86560	86580	0
chr1	86580	86600	0
chr1	86600	86620	0
chr1	86620	86640	0
chr1	86640	86660	0
chr1	86660	86680	0
chr1	86680	86700	0
chr1	86700	86720	0
chr1	86720	86740	0
chr1	86740	86760	0
chr1	86760	86780	0
chr1	86780	86800	0
chr1	86800	86820	0
chr1	86820	86840	0
chr1	86840	86860	0
chr1	86860	86880	0
chr1	86880	86900	0
chr1	86900	86920	0
chr1	86920	86940	0
chr1	86940	86960	0
chr1	86960	86980	0
chr1	86980	87000	0
chr1	87000	87020	0
chr1	87020	87040	0
chr1	87040	87060	0
chr1	87060	87080	0
chr1	87080	87100	0
chr1	87100	87120	0
chr1	87120	87140	0
chr1	87140	87160	0
chr1	87160	87180	0
chr1	87180	87200	0
chr1	87200	87220	0
chr1	87220	87240	0
chr1	87240	87260	0
chr1	87260	87280	0
chr1	87280	87300	0
chr1	87300	87320	0
chr1	87320	87340	0
chr1	87340	87360	0
chr1	87360	87380	0
chr1	87380	87400	0
chr1	87400	87420	0
chr1	87420	87440	0
chr1	87440	87460	0
chr1	87460	87480	0
chr1	87480	87500	0
chr1	87500	87520	0
chr1	87520	87540	0
chr1	87540	87560	0
chr1	87560	87580	0
chr1	87580	87600	0
chr1	87600	87620	0
chr1	87620	87640	0
chr1	87640	87660	0
chr1	87660	87680	0
chr1	87680	87700	0
chr1	87700	87720	0
chr1	87720	87740	0
chr1	87740	87760	0
chr1	87760	87780	0
chr1	87780	87800	0
chr1	87800	87820	0
chr1	87820	87840	0
chr1	87840	87860	0
chr1	87860	87880	0
chr1	87880	87900	0
chr1	87900	87920	0
chr1	87920	87940	0
chr1	87940	87960	0
chr1	87960	87980	0
chr1	87980	88000	0
chr1	88000	88020	0
chr1	88020	88040	0
chr1	88040	88060	0
chr1	88060	88080	0
chr1	88080	88100	0
chr1	88100	88120	0
chr1	88120	88140	0
chr1	88140	88160	0
chr1	88160	88180	0
chr1	88180	88200	0
chr1	88200	88220	0
chr1	88220	88240	0
chr1	88240	88260	0
chr1	88260	88280	0
chr1	88280	88300	0
chr1	88300	88320	0
chr1	88320	88340	0
chr1	88340	88360	0
chr1	88360	88380	0
chr1	88380	88400	0
chr1	88400	88420	0
chr1	88420	88440	0
chr1	88440	88460	0
chr1	88460	88480	0
chr1	88480	88500	0
chr1	88500	88520	0
chr1	88520	88540	0
chr1	88540	88560	0
chr1	88560	88580	0
chr1	88580	88600	0
chr1	88600	88620	0
chr1	88620	88640	0
chr1	88640	88660	0
chr1	88660	88680	0
chr1	88680	88700	0
chr1	88700	88720	0
chr1	88720	88740	0
chr1	88740	88760	0
chr1	88760	88780	0
chr1	88780	88800	0
chr1	88800	88820	0
chr1	88820	88840	0
chr1	88840	88860	0
chr1	88860	88880	0
chr1	88880	88900	0
chr1	88900	88920	0
chr1	88920	88940	0
chr1	88940	88960	0
chr1	88960	88980	0
chr1	88980	89000	0
chr1	89000	89020	0
chr1	89020	89040	0
chr1	89040	89060	0
chr1	89060	89080	0
chr1	89080	89100	0
chr1	89100	89120	0
chr1	89120	89140	0
chr1	89140	89160	0
chr1	89160	89180	0
chr1	89180	89200	0
chr1	89200	89220	0
chr1	89220	89240	0
chr1	89240	89260	0
chr1	89260	89280	0
chr1	89280	89300	0
chr1	89300	89320	0
chr1	89320	89340	0
chr1	89340	89360	0
chr1	89360	89380	0
chr1	89380	89400	0
chr1	89400	89420	0
chr1	89420	89440	0
chr1	89440	89460	0
chr1	89460	89480	0
chr1	89480	89500	0
chr1	89500	89520	0
chr1	89520	89540	0
chr1	89540	89560	0
chr1	89560	89580	0
chr1	89580	89600	0
chr1	89600	89620	0
chr1	89620	89640	0
chr1	89640	89660	0
chr1	89660	89680	0
chr1	89680	89700	0
chr1	89700	89720	0
chr1	89720	89740	0
chr1	89740	89760	0
chr1	89760	89780	0
chr1	89780	89800	0
chr1	89800	89820	0
chr1	89820	89840	0
chr1	89840	89860	0
chr1	89860	89880	0
chr1	89880	89900	0
chr1	89900	89920	0
chr1	89920	89940	0
chr1	89940	89960	0
chr1	89960	89980	0
chr1	89980	90000	0
chr1	90000	90020	0
chr1	90020	90040	0
chr1	90040	90060	0
chr1	90060	90080	0
chr1	90080	90100	0
chr1	90100	90120	0
chr1	90120	90140	0
chr1	90140	90160	0
chr1	90160	90180	0
chr1	90180	90200	0
chr1	90200	90220	0
chr1	90220	90240	0
chr1	90240	90260	0
chr1	90260	90280	0
chr1	90280	90300	0
chr1	90300	90320	0
chr1	90320	90340	0
chr1	90340	90360	0
chr1	90360	90380	0
chr1	90380	90400	0
chr1	90400	90420	0
chr1	90420	90440	0
chr1	90440	90460	0
chr1	90460	90480	0
chr1	90480	90500	0
chr1	90500	90520	0
chr1	90520	90540	0
chr1	90540	90560	0
chr1	90560	90580	0
chr1	90580	90600	0
chr1	90600	90620	0
chr1	90620	90640	0
chr1	90640	90660	0
chr1	90660	90680	0
chr1	90680	90700	0
chr1	90700	90720	0
chr1	90720	90740	0
chr1	90740	90760	0
chr1	90760	90780	0
chr1	90780	90800	0
chr1	90800	90820	0
chr1	90820	90840	0
chr1	90840	90860	0
chr1	90860	90880	0
chr1	90880	90900	0
chr1	90900	90920	0
chr1	90920	90940	0
chr1	90940	90960	0
chr1	90960	90980	0
chr1	90980	91000	0
chr1	91000	91020	0
chr1	91020	91040	0
chr1	91040	91060	0
chr1	91060	91080	0
chr1	91080	91100	0
chr1	91100	91120	0
chr1	91120	91140	0
chr1	91140	91160	0
chr1	91160	91180	0
chr1	91180	91200	0
chr1	91200	91220	0
chr1	91220	91240	0
chr1	91240	91260	0
chr1	91260	91280	0
chr1	91280	91300	0
chr1	91300	91320	0
chr1	91320	91340	0
chr1	91340	91360	0
chr1	91360	91380	0
chr1	91380	91400	0
chr1	91400	91420	0
chr1	91420	91440	0
chr1	91440	91460	0
chr1	91460	91480	0
chr1	91480	91500	0
chr1	91500	91520	0
chr1	91520	91540	0
chr1	91540	91560	0
chr1	91560	91580	0
chr1	91580	91600	0
chr1	91600	91620	0
chr1	91620	91640	0
chr1	91640	91660	0
chr1	91660	91680	0
chr1	91680	91700	0
chr1	91700	91720	0
chr1	91720	91740	0
chr1	91740	91760	0
chr1	91760	91780	0
chr1	91780	91800	0
chr1	91800	91820	0
chr1	91820	91840	0
chr1	91840	91860	0
chr1	91860	91880	0
chr1	91880	91900	0
chr1	91900	91920	0
chr1	91920	91940	0
chr1	91940	91960	0
chr1	91960	91980	0
chr1	91980	92000	0
chr1	92000	92020	0
chr1	92020	92040	0
chr1	92040	92060	0
chr1	92060	92080	0
chr1	92080	92100	0
chr1	92100	92120	0
chr1	92120	92140	0
chr1	92140	92160	0
chr1	92160	92180	0
chr1	92180	92200	0
chr1	92200	92220	0
chr1	92220	92240	0
chr1	92240	92260	0
chr1	92260	92280	0
chr1	92280	92300	0
chr1	92300	92320	0
chr1	92320	92340	0
chr1	92340	92360	0
chr1	92360	92380	0
chr1	92380	92400	0
chr1	92400	92420	0
chr1	92420	92440	0
chr1	92440	92460	0
chr1	92460	92480	0
chr1	92480	92500	0
chr1	92500	92520	0
chr1	92520	92540	0
chr1	92540	92560	0
chr1	92560	92580	0
chr1	92580	92600	0
chr1	92600	92620	0
chr1	92620	92640	0
chr1	92640	92660	0
chr1	92660	92680	0
chr1	92680	92700	0
chr1	92700	92720	0
chr1	92720	92740	0
chr1	92740	92760	0
chr1	92760	92780	0
chr1	92780	92800	0
chr1	92800	92820	0
chr1	92820	92840	0
chr1	92840	92860	0
chr1	92860	92880	0
chr1	92880	92900	0
chr1	92900	92920	0
chr1	92920	92940	0
chr1	92940	92960	0
chr1	92960	92980	0
chr1	92980	93000	0
chr1	93000	93020	0
chr1	93020	93040	0
chr1	93040	93060	0
chr1	93060	93080	0
chr1	93080	93100	0
chr1	93100	93120	0
chr1	93120	93140	0
chr1	93140	93160	0
chr1	93160	93180	0
chr1	93180	93200	0
chr1	93200	93220	0
chr1	93220	93240	0
chr1	93240	93260	0
chr1	93260	93280	0
chr1	93280	93300	0
chr1	93300	93320	0
chr1	93320	93340	0
chr1	93340	93360	0
chr1	93360	93380	0
chr1	93380	93400	0
chr1	93400	93420	0
chr1	93420	93440	0
chr1	93440	93460	0
chr1	93460	93480	0
chr1	93480	93500	0
chr1	93500	93520	0
chr1	93520	93540	0
chr1	93540	93560	0
chr1	93560	93580	0
chr1	93580	93600	0
chr1	93600	93620	0
chr1	93620	93640	0
chr1	93640	93660	0
chr1	93660	93680	0
chr1	93680	93700	0
chr1	93700	93720	0
chr1	93720	93740	0
chr1	93740	93760	0
chr1	93760	93780	0
chr1	93780	93800	0
chr1	93800	93820	0
chr1	93820	93840	0
chr1	93840	93860	0
chr1	93860	93880	0
chr1	93880	93900	0
chr1	93900	93920	0
chr1	93920	93940	0
chr1	93940	93960	0
chr1	93960	93980	0
chr1	93980	94000	0
chr1	94000	94020	0
chr1	94020	94040	0
chr1	94040	94060	0
chr1	94060	94080	0
chr1	94080	94100	0
chr1	94100	94120	0
chr1	94120	94140	0
chr1	94140	94160	0
chr1	94160	94180	0
chr1	94180	94200	0
chr1	94200	94220	0
chr1	94220	94240	0
chr1	94240	94260	0
chr1	94260	94280	0
chr1	94280	94300	0
chr1	94300	94320	0
chr1	94320	94340	0
chr1	94340	94360	0
chr1	94360	94380	0
chr1	94380	94400	0
chr1	94400	94420	0
chr1	94420	94440	0
chr1	94440	94460	0
chr1	94460	94480	0
chr1	94480	94500	0
chr1	94500	94520	0
chr1	94520	94540	0
chr1	94540	94560	0
chr1	94560	94580	0
chr1	94580	94600	0
chr1	94600	94620	0
chr1	94620	94640	0
chr1	94640	94660	0
chr1	94660	94680	0
chr1	94680	94700	0
chr1	94700	94720	0
chr1	94720	94740	0
chr1	94740	94760	0
chr1	94760	94780	0
chr1	94780	94800	0
chr1	94800	94820	0
chr1	94820	94840	0
chr1	94840	94860	0
chr1	94860	94880	0
chr1	94880	94900	0
chr1	94900	94920	0
chr1	94920	94940	0
chr1	94940	94960	0
chr1	94960	94980	0
chr1	94980	95000	0
chr1	95000	95020	0
chr1	95020	95040	0
chr1	95040	95060	0
chr1	95060	95080	0
chr1	95080	95100	0
chr1	95100	95120	0
chr1	95120	95140	0
chr1	95140	95160	0
chr1	95160	95180	0
chr1	95180	95200	0
chr1	95200	95220	0
chr1	95220	95240	0
chr1	95240	95260	0
chr1	95260	95280	0
chr1	95280	95300	0
chr1	95300	95320	0
chr1	95320	95340	0
chr1	95340	95360	0
chr1	95360	95380	0
chr1	95380	95400	0
chr1	95400	95420	0
chr1	95420	95440	0
chr1	95440	95460	0
chr1	95460	95480	0
chr1	95480	95500	0
chr1	95500	95520	0
chr1	95520	95540	0
chr1	95540	95560	0
chr1	95560	95580	0
chr1	95580	95600	0
chr1	95600	95620	0
chr1	95620	95640	0
chr1	95640	95660	0
chr1	95660	95680	0
chr1	95680	95700	0
chr1	95700	95720	0
chr1	95720	95740	0
chr1	95740	95760	0
chr1	95760	95780	0
chr1	95780	95800	0
chr1	95800	95820	0
chr1	95820	95840	0
chr1	95840	95860	0
chr1	95860	95880	0
chr1	95880	95900	0
chr1	95900	95920	0
chr1	95920	95940	0
chr1	95940	95960	0
chr1	95960	95980	0
chr1	95980	96000	0
chr1	96000	96020	0
chr1	96020	96040	0
chr1	96040	96060	0
chr1	96060	96080	0
chr1	96080	96100	0
chr1	96100	96120	0
chr1	96120	96140	0
chr1	96140	96160	0
chr1	96160	96180	0
chr1	96180	96200	0
chr1	96200	96220	0
chr1	96220	96240	0
chr1	96240	96260	0
chr1	96260	96280	0
chr1	96280	96300	0
chr1	96300	96320	0
chr1	96320	96340	0
chr1	96340	96360	0
chr1	96360	96380	0
chr1	96380	96400	0
chr1	96400	96420	0
chr1	96420	96440	0
chr1	96440	96460	0
chr1	96460	96480	0
chr1	96480	96500	0
chr1	96500	96520	0
chr1	96520	96540	0
chr1	96540	96560	0
chr1	96560	96580	0
chr1	96580	96600	0
chr1	96600	96620	0
chr1	96620	96640	0
chr1	96640	96660	0
chr1	96660	96680	0
chr1	96680	96700	0
chr1	96700	96720	0
chr1	96720	96740	0
chr1	96740	96760	0
chr1	96760	96780	0
chr1	96780	96800	0
chr1	96800	96820	0
chr1	96820	96840	0
chr1	96840	96860	0
chr1	96860	96880	0
chr1	96880	96900	0
chr1	96900	96920	0
chr1	96920	96940	0
chr1	96940	96960	0
chr1	96960	96980	0
chr1	96980	97000	0
chr1	97000	97020	0
chr1	97020	97040	0
chr1	97040	97060	0
chr1	97060	97080	0
chr1	97080	97100	0
chr1	97100	97120	0
chr1	97120	97140	0
chr1	97140	97160	0
chr1	97160	97180	0
chr1	97180	97200	0
chr1	97200	97220	0
chr1	97220	97240	0
chr1	97240	97260	0
chr1	97260	97280	0
chr1	97280	97300	0
chr1	97300	97320	0
chr1	97320	97340	0
chr1	97340	97360	0
chr1	97360	97380	0
chr1	97380	97400	0
chr1	97400	97420	0
chr1	97420	97440	0
chr1	97440	97460	0
chr1	97460	97480	0
chr1	97480	97500	0
chr1	97500	97520	0
chr1	97520	97540	0
chr1	97540	97560	0
chr1	97560	97580	0
chr1	97580	97600	0
chr1	97600	97620	0
chr1	97620	97640	0
chr1	97640	97660	0
chr1	97660	97680	0
chr1	97680	97700	0
chr1	97700	97720	0
chr1	97720	97740	0
chr1	97740	97760	0
chr1	97760	97780	0
chr1	97780	97800	0
chr1	97800	97820	0
chr1	97820	97840	0
chr1	97840	97860	0
chr1	97860	97880	0
chr1	97880	97900	0
chr1	97900	97920	0
chr1	97920	97940	0
chr1	97940	97960	0
chr1	97960	97980	0
chr1	97980	98000	0
chr1	98000	98020	0
chr1	98020	98040	0
chr1	98040	98060	0
chr1	98060	98080	0
chr1	98080	98100	0
chr1	98100	98120	0
chr1	98120	98140	0
chr1	98140	98160	0
chr1	98160	98180	0
chr1	98180	98200	0
chr1	98200	98220	0
chr1	98220	98240	0
chr1	98240	98260	0
chr1	98260	98280	0
chr1	98280	98300	0
chr1	98300	98320	0
chr1	98320	98340	0
chr1	98340	98360	0
chr1	98360	98380	0
chr1	98380	98400	0
chr1	98400	98420	0
chr1	98420	98440	0
chr1	98440	98460	0
chr1	98460	98480	0
chr1	98480	98500	0
chr1	98500	98520	0
chr1	98520	98540	0
chr1	98540	98560	0
chr1	98560	98580	0
chr1	98580	98600	0
chr1	98600	98620	0
chr1	98620	98640	0
chr1	98640	98660	0
chr1	98660	98680	0
chr1	98680	98700	0
chr1	98700	98720	0
chr1	98720	98740	0
chr1	98740	98760	0
chr1	98760	98780	0
chr1	98780	98800	0
chr1	98800	98820	0
chr1	98820	98840	0
chr1	98840	98860	0
chr1	98860	98880	0
chr1	98880	98900	0
chr1	98900	98920	0
chr1	98920	98940	0
chr1	98940	98960	0
chr1	98960	98980	0
chr1	98980	99000	0
chr1	99000	99020	0
chr1	99020	99040	0
chr1	99040	99060	0
chr1	99060	99080	0
chr1	99080	99100	0
chr1	99100	99120	0
chr1	99120	99140	0
chr1	99140	99160	0
chr1	99160	99180	0
chr1	99180	99200	0
chr1	99200	99220	0
chr1	99220	99240	0
chr1	99240	99260	0
chr1	99260	99280	0
chr1	99280	99300	0
chr1	99300	99320	0
chr1	99320	99340	0
chr1	99340	99360	0
chr1	99360	99380	0
chr1	99380	99400	0
chr1	99400	99420	0
chr1	99420	99440	0
chr1	99440	99460	0
chr1	99460	99480	0
chr1	99480	99500	0
chr1	99500	99520	0
chr1	99520	99540	0
chr1	99540	99560	0
chr1	99560	99580	0
chr1	99580	99600	0
chr1	99600	99620	0
chr1	99620	99640	0
chr1	99640	99660	0
chr1	99660	99680	0
chr1	99680	99700	0
chr1	99700	99720	0
chr1	99720	99740	0
chr1	99740	99760	0
chr1	99760	99780	0
chr1	99780	99800	0
chr1	99800	99820	0
chr1	99820	99840	0
chr1	99840	99860	0
chr1	99860	99880	0
chr1	99880	99900	0
chr1	99900	99920	0
chr1	99920	99940	0
chr1	99940	99960	0
chr1	99960	99980	0
chr1	99980	100000	0
