##FastQC	0.12.1
>>Basic Statistics	pass
#Measure	Value
Filename	cryptic_exon_q1_fq_gz.gz
File type	Conventional base calls
Encoding	Sanger / Illumina 1.9
Total Sequences	200414
Total Bases	21.4 Mbp
Sequences flagged as poor quality	0
Sequence length	107
%GC	48
>>END_MODULE
>>Per base sequence quality	pass
#Base	Mean	Median	Lower Quartile	Upper Quartile	10th Percentile	90th Percentile
1	31.467058189547636	31.0	31.0	34.0	30.0	34.0
2	31.037033340984163	31.0	31.0	34.0	27.0	34.0
3	29.33194786791342	31.0	28.0	34.0	16.0	34.0
4	33.66758809264822	35.0	33.0	37.0	28.0	37.0
5	34.76092488548704	35.0	35.0	37.0	32.0	37.0
6	35.17759737343699	37.0	35.0	37.0	32.0	37.0
7	35.362200245491834	37.0	35.0	37.0	33.0	37.0
8	35.427026056063944	37.0	35.0	37.0	33.0	37.0
9	37.1221321863742	39.0	37.0	39.0	33.0	39.0
10-11	37.14960282215813	39.0	37.0	39.0	33.0	39.0
12-13	37.07783388386041	39.0	37.0	39.0	33.0	39.0
14-15	37.81570648757072	40.0	38.0	40.0	33.0	40.0
16-17	37.71664654165877	40.0	37.0	40.0	33.0	40.0
18-19	37.809940922290856	40.0	37.0	40.0	33.0	40.0
20-21	37.82206332890916	40.0	37.0	40.0	33.0	40.0
22-23	37.765171095831626	40.0	37.0	40.0	33.0	40.0
24-25	37.63180965401619	40.0	37.0	40.0	32.5	40.0
26-27	37.47120460646462	40.0	37.0	40.0	32.0	40.0
28-29	37.36241230652549	40.0	37.0	40.0	32.0	40.0
30-31	37.24753011266678	40.0	37.0	40.0	32.0	40.0
32-33	37.130849142275494	40.0	36.5	40.0	31.0	40.0
34-35	36.858213498059015	39.0	36.0	40.0	30.5	40.0
36-37	36.777188719350946	39.0	36.0	40.0	30.5	40.0
38-39	36.62951939485265	39.0	35.5	40.0	30.0	40.0
40-41	36.48788008821739	39.0	35.0	40.0	30.0	40.0
42-43	36.42541938187951	39.0	35.0	40.0	30.0	40.0
44-45	36.33126428293433	39.0	35.0	40.0	30.0	40.0
46-47	36.38089404931792	39.0	35.0	40.0	30.0	40.0
48-49	36.4055954174858	39.0	35.0	40.0	30.0	40.0
50-51	36.30596664903649	39.0	35.0	40.0	30.0	40.0
52-53	36.090999131797176	39.0	35.0	40.0	30.0	40.0
54-55	35.9110266747832	38.5	35.0	40.0	29.0	40.0
56-57	35.71569101958945	38.0	34.5	40.0	29.0	40.0
58-59	35.43817298192741	38.0	34.0	40.0	28.5	40.0
60-61	35.16678226072031	37.0	34.0	40.0	28.0	40.0
62-63	34.955384853353564	37.0	34.0	40.0	28.0	40.0
64-65	34.714054407376736	36.5	34.0	40.0	28.0	40.0
66-67	34.37740876385881	36.0	33.0	39.0	27.5	40.0
68-69	34.061497699761496	35.5	33.0	39.0	26.5	40.0
70-71	33.76619896813596	35.0	33.0	38.5	26.0	40.0
72-73	33.38168241739599	35.0	32.5	37.5	26.0	40.0
74-75	33.01006915684533	35.0	32.0	37.0	26.0	39.0
76-77	31.979609707904636	34.0	30.5	36.0	24.5	39.0
78-79	32.42367299689643	35.0	32.0	36.0	25.5	39.0
80-81	32.32650912610896	35.0	32.0	36.0	25.5	37.5
82-83	32.07879439560111	35.0	32.0	35.0	25.0	37.0
84-85	31.747702256329397	35.0	32.0	35.0	24.0	37.0
86-87	31.53847286117736	34.0	31.0	35.0	24.0	36.0
88-89	31.34324947358967	34.0	31.0	35.0	24.0	36.0
90-91	31.096058658576744	34.0	31.0	35.0	23.0	36.0
92-93	30.88681179957488	34.0	31.0	35.0	21.0	35.0
94-95	30.73376360932869	34.0	31.0	35.0	20.0	35.0
96-97	30.54355733631383	34.0	31.0	35.0	20.0	35.0
98-99	30.32084584909238	34.0	31.0	35.0	18.5	35.0
100-101	30.101756863292984	34.0	30.5	35.0	17.5	35.0
102-103	29.822464997455267	34.0	30.0	35.0	7.0	35.0
104-105	29.489464308880617	34.0	30.0	35.0	4.0	35.0
106-107	28.610583591964634	33.5	28.5	35.0	4.0	35.0
>>END_MODULE
>>Per sequence quality scores	pass
#Quality	Count
4	9.0
5	2.0
6	12.0
7	16.0
8	47.0
9	104.0
10	183.0
11	276.0
12	377.0
13	380.0
14	448.0
15	547.0
16	588.0
17	626.0
18	697.0
19	755.0
20	815.0
21	904.0
22	1028.0
23	1222.0
24	1455.0
25	1831.0
26	2391.0
27	2999.0
28	3726.0
29	4680.0
30	5724.0
31	7117.0
32	8868.0
33	11338.0
34	14875.0
35	21784.0
36	35209.0
37	48753.0
38	20559.0
39	69.0
>>END_MODULE
>>Per base sequence content	fail
#Base	G	A	T	C
1	25.001122737683566	12.79771260909268	12.0093012579652	50.19186339525855
2	20.501582420654334	20.394257360502383	39.64487884747861	19.459281371364675
3	25.460923193605208	23.497976678159603	25.674981163896554	25.36611896433864
4	26.66530282315607	31.324657958026886	19.918768149929644	22.0912710688874
5	27.952154733627417	31.50761492245354	21.571787860037126	18.968442483881915
6	21.72563656050256	33.76228088996223	22.526482812991173	21.98559973654404
7	19.51909547237219	16.43098785513986	40.57650663127326	23.473410041214684
8	20.52551218976718	20.933168341533026	29.135689123514325	29.405630345185468
9	21.162194257886174	20.431706367818617	31.40598960152484	27.000109772770365
10-11	25.30960910914407	29.973454948257107	21.050425618968735	23.666510323630085
12-13	23.126378396718792	23.745596615006935	27.875298132864966	25.252726855409303
14-15	23.86934046523696	25.192351831708365	26.549791930703442	24.388515772351234
16-17	25.03018751185047	25.215553803626495	25.36175117506761	24.392507509455427
18-19	24.518746195375574	25.537387607652164	25.404662348937702	24.539203848034568
20-21	24.422695021305895	25.814064885686626	25.557845260311158	24.20539483269632
22-23	24.282855902561213	26.045216627663876	25.54375215180652	24.128175317968395
24-25	24.25130801224554	25.858597451590448	25.714136013313404	24.175958522850603
26-27	24.222759130209063	25.914019288752222	25.776991274135902	24.086230306902817
28-29	24.38865511612932	25.622326380049614	25.70643465760194	24.282583846219122
30-31	24.168473474235217	25.863088480759682	25.557199494010714	24.411238550994387
32-33	24.17943216406367	25.737987126390898	25.8874307669278	24.195149942617633
34-35	24.633009669983135	25.962258125679842	25.35252028301416	24.05221192132286
36-37	24.30668516171525	25.765665073298273	25.55510094105202	24.372548823934455
38-39	24.265580911465545	25.750760303073395	25.711341800826794	24.27231698463427
40-41	24.41444453315237	25.76069817572153	25.63495469242745	24.189902598698655
42-43	24.278396942184433	25.664593359929544	25.831006788769713	24.22600290911631
44-45	24.27430561619468	25.744780114913567	25.831850966636143	24.14906330225561
46-47	24.238576147374935	25.857475026694743	25.656391270070955	24.24755755585937
48-49	24.28603861516315	25.788182931788526	25.703108822509463	24.222669630538864
50-51	24.115640912413586	25.91566935361141	25.829846791758037	24.138842942216968
52-53	24.495279629555704	25.886691150053892	25.539150133727194	24.078879086663207
54-55	24.119374387198338	25.685651771480178	25.713344793088222	24.481629048233263
56-57	24.00905126388376	25.878930613629787	26.050076341972115	24.061941780514335
58-59	24.39500234514555	25.74420948636323	25.821798876326007	24.03898929216522
60-61	24.115830231420958	25.743960002794214	25.881175965750895	24.25903380003393
62-63	24.153502250341795	25.840260660432907	26.018142445138565	23.98809464408674
64-65	24.16921971518956	25.93706028520962	25.892652209925455	24.001067789675375
66-67	24.132795114113783	25.9141077968605	25.710279720977574	24.24281736804814
68-69	23.99408224974303	26.137894558264392	25.92583352460407	23.942189667388504
70-71	24.357579809793727	25.808576247168364	25.793108265889607	24.0407356771483
72-73	24.26707781661415	25.960576508069565	25.760490186539332	24.011855488776952
74-75	24.203101765451443	26.164409536830966	25.940858873663935	23.691629824053653
76-77	24.283857252995936	25.89890542000484	25.8532459399241	23.963991387075122
78-79	24.20719369896438	25.774469029970838	26.053894112862785	23.964443158202002
80-81	24.05121398704681	25.99444150608241	26.028870238606082	23.925474268264693
82-83	24.206143283403357	25.950033430798246	26.011655872344246	23.83216741345415
84-85	24.132296146975758	25.809823665013422	26.046334088436936	24.011546099573884
86-87	24.03799135788917	25.980470426217728	26.155358408095243	23.82617980779786
88-89	24.202401029868174	25.93755925234764	25.794854650872693	24.065185066911493
90-91	24.134042531958848	25.95402516790244	25.840260660432907	24.07167163970581
92-93	24.041983094993363	26.158851178061415	26.132904886884152	23.666260840061074
94-95	24.330635584340417	25.881175965750895	25.807827796461325	23.980360653447363
96-97	24.17770215653597	25.961509674972806	25.97223746844033	23.888550700050896
98-99	24.08938497310567	26.02487850150189	25.9490354965222	23.93670102887024
100-101	24.191890462361407	25.946328952226978	25.782162210712258	24.07961837469936
102-103	24.149812621945436	25.930527902114303	25.936765520441924	23.982893955498337
104-105	24.354783979880036	26.061138334713917	25.845816824519208	23.738260860886832
106-107	24.447582737833844	25.89399776438181	25.71534791808056	23.94307157970378
>>END_MODULE
>>Per sequence GC content	pass
#GC Content	Count
0	1.0
1	0.5
2	0.5
3	0.5
4	0.5
5	0.5
6	1.0
7	1.5
8	0.5
9	0.5
10	1.5
11	2.0
12	2.0
13	1.5
14	2.5
15	2.5
16	3.0
17	8.0
18	17.5
19	38.5
20	74.0
21	118.0
22	179.5
23	269.0
24	380.0
25	547.5
26	738.0
27	949.0
28	1216.5
29	1516.5
30	1856.5
31	2189.5
32	2489.5
33	2766.0
34	3096.0
35	3546.0
36	3962.5
37	4371.5
38	4792.0
39	5228.5
40	5568.0
41	5919.5
42	6273.0
43	6510.0
44	6714.0
45	6741.5
46	6732.5
47	6698.0
48	6684.5
49	6615.0
50	6661.0
51	6730.0
52	6540.0
53	6348.5
54	6186.0
55	6133.0
56	5972.5
57	5562.5
58	5307.5
59	5108.5
60	4790.5
61	4465.0
62	4009.5
63	3499.5
64	3033.5
65	2646.5
66	2278.5
67	1951.0
68	1676.0
69	1342.5
70	1025.5
71	781.5
72	644.0
73	533.0
74	453.0
75	388.0
76	316.5
77	267.5
78	212.5
79	177.0
80	145.5
81	99.0
82	76.5
83	63.5
84	42.0
85	34.5
86	25.0
87	15.0
88	12.5
89	11.0
90	8.0
91	5.0
92	2.5
93	2.0
94	2.0
95	1.5
96	0.5
97	0.0
98	0.0
99	0.0
100	0.0
>>END_MODULE
>>Per base N content	pass
#Base	N-Count
1	0.005488638518267187
2	0.04390910814613749
3	4.989671380242897E-4
4	0.0
5	0.008981408484437214
6	4.989671380242897E-4
7	0.0
8	0.0
9	0.0
10-11	0.0
12-13	0.0
14-15	0.0
16-17	0.0
18-19	0.0
20-21	0.0
22-23	4.989671380242897E-4
24-25	0.007235023501352201
26-27	0.04490704242218607
28-29	0.03842046962787031
30-31	0.007235023501352201
32-33	0.001995868552097159
34-35	0.0
36-37	0.0
38-39	2.4948356901214485E-4
40-41	0.0029938028281457385
42-43	0.004740187811230753
44-45	0.0012474178450607243
46-47	0.0
48-49	2.4948356901214485E-4
50-51	2.4948356901214485E-4
52-53	0.0029938028281457385
54-55	0.0012474178450607243
56-57	0.0
58-59	0.0
60-61	0.0
62-63	0.0
64-65	0.0
66-67	0.0
68-69	0.0
70-71	0.0
72-73	2.4948356901214485E-4
74-75	0.005987605656291477
76-77	0.008731924915425071
78-79	0.0012474178450607243
80-81	0.0
82-83	0.0
84-85	0.0
86-87	0.0
88-89	0.0
90-91	0.0
92-93	0.0
94-95	0.0
96-97	0.0
98-99	0.0
100-101	0.003991737104194318
102-103	0.008482441346412925
104-105	0.007983474208388635
106-107	0.010977277036534373
>>END_MODULE
>>Sequence Length Distribution	pass
#Length	Count
107	200414.0
>>END_MODULE
>>Sequence Duplication Levels	pass
#Total Deduplicated Percentage	92.47427224269751
#Duplication Level	Percentage of total
1	88.06920768493414
2	6.116814031714735
3	2.14784726628623
4	1.066517263279356
5	0.6829486384732569
6	0.5060591678566635
7	0.3057264196325846
8	0.236277206950953
9	0.1979658311156094
>10	0.6706364897564565
>50	0.0
>100	0.0
>500	0.0
>1k	0.0
>5k	0.0
>10k+	0.0
>>END_MODULE
>>Overrepresented sequences	pass
>>END_MODULE
>>Adapter Content	pass
#Position	Illumina Universal Adapter	Illumina Small RNA 3' Adapter	Illumina Small RNA 5' Adapter	Nextera Transposase Sequence	PolyA	PolyG
1	0.028940094005408805	0.0	0.0	0.0	0.009480375622461505	0.0
2	0.028940094005408805	0.0	0.0	0.0	0.010977277036534373	0.0
3	0.028940094005408805	0.0	0.0	0.0	0.011476244174558664	0.0
4	0.029439061143433094	0.0	0.0	4.989671380242897E-4	0.012474178450607243	0.0
5	0.029439061143433094	0.0	0.0	4.989671380242897E-4	0.014969014140728692	0.0
6	0.029439061143433094	0.0	0.0	4.989671380242897E-4	0.015467981278752981	0.0
7	0.029439061143433094	0.0	0.0	4.989671380242897E-4	0.01696488269282585	0.0
8	0.029439061143433094	0.0	0.0	4.989671380242897E-4	0.021954554073068747	0.0
9	0.029938028281457384	0.0	0.0	4.989671380242897E-4	0.03243286397157883	0.0
10-11	0.03018751185046953	0.0	0.0	4.989671380242897E-4	0.039667887472931034	0.0
12-13	0.03143492969553025	0.0	0.0	4.989671380242897E-4	0.04540600956021036	0.0
14-15	0.03343079824762741	0.0	0.0	4.989671380242897E-4	0.05688225373476903	2.4948356901214485E-4
16-17	0.033680281816639554	0.0	0.0	4.989671380242897E-4	0.06536469508118195	9.979342760485794E-4
18-19	0.0339297653856517	0.0	0.0	4.989671380242897E-4	0.07459558713463132	9.979342760485794E-4
20-21	0.03467821609268813	0.0	0.0	4.989671380242897E-4	0.08482441346412925	0.0014969014140728692
22-23	0.03592563393774886	0.0	0.0	4.989671380242897E-4	0.09779755905276079	0.0014969014140728692
24-25	0.03692356821379744	0.0	0.0	4.989671380242897E-4	0.11151915534842875	0.001995868552097159
26-27	0.038170986058858165	0.0	0.0	4.989671380242897E-4	0.125739718782121	0.0024948356901214486
28-29	0.03991737104194318	0.0	0.0	4.989671380242897E-4	0.13546957797359466	0.002993802828145738
30-31	0.04091530531799176	0.0	0.0	4.989671380242897E-4	0.14619737144111689	0.003492769966170028
32-33	0.041414272456016046	0.0	0.0	4.989671380242897E-4	0.158422066322712	0.004490704242218608
34-35	0.041913239594040336	0.0	0.0	4.989671380242897E-4	0.1706467612043071	0.004989671380242897
36-37	0.042911173870088914	0.0	0.0	4.989671380242897E-4	0.17713333399862285	0.005738122087279331
38-39	0.04316065743910106	0.0	0.0	4.989671380242897E-4	0.18561577534503576	0.006736056363327911
40-41	0.04465755885317393	0.0	0.0	4.989671380242897E-4	0.19285079884638798	0.007484507070364346
42-43	0.04490704242218607	0.0	0.0	4.989671380242897E-4	0.2008342730547766	0.009979342760485795
44-45	0.04490704242218607	0.0	0.0	4.989671380242897E-4	0.2068218787110681	0.010977277036534373
46-47	0.04565549312922251	0.0	0.0	4.989671380242897E-4	0.21380741864340813	0.012224694881595098
48-49	0.04665342740527109	0.0	0.0	4.989671380242897E-4	0.2207929585757482	0.013472112726655822
50-51	0.047401878112307526	0.0	0.0	4.989671380242897E-4	0.22678056423203968	0.013721596295667967
52-53	0.047900845250331815	0.0	0.0	4.989671380242897E-4	0.2357619727164769	0.014220563433692258
54-55	0.048399812388356105	0.0	0.0	4.989671380242897E-4	0.24624028261498698	0.015218497709740837
56-57	0.048898779526380394	0.0	0.0	4.989671380242897E-4	0.25522169109942416	0.017214366261837998
58-59	0.05089464807847755	0.0	0.0	4.989671380242897E-4	0.26794535311904355	0.020208169089983734
60-61	0.05239154949255042	0.0	0.0	4.989671380242897E-4	0.2794215972936023	0.020707136228008023
62-63	0.053140000199586854	0.0	0.0	4.989671380242897E-4	0.2908978414681609	0.021954554073068747
64-65	0.05388845090662329	0.0	0.0	4.989671380242897E-4	0.2991307992455617	0.02519784047022663
66-67	0.05513586875168401	0.0	0.0	4.989671380242897E-4	0.316844132645424	0.027443192591335933
68-69	0.05788018801081761	0.0	0.0	4.989671380242897E-4	0.3298172782340555	0.027692676160348078
70-71	0.06037502370093906	0.0	0.0	4.989671380242897E-4	0.3380502360114563	0.030686478988493818
72-73	0.062370892253036214	0.0	0.0	9.979342760485794E-4	0.3445368088057721	0.03243286397157883
74-75	0.06336882652908479	0.0	0.0	9.979342760485794E-4	0.3505244144620635	0.03492769966170028
76-77	0.06511521151216981	0.0	0.0	9.979342760485794E-4	0.3587573722394643	0.037672018920833876
78-79	0.06586366221920624	0.0	0.0	9.979342760485794E-4	0.36649136287884077	0.04041633817996747
80-81	0.06586366221920624	0.0	0.0	9.979342760485794E-4	0.37297793567315657	0.04216272316305248
82-83	0.0701048828924127	0.0	0.0	9.979342760485794E-4	0.3764707056393266	0.044657558853173934
84-85	0.07409661999660702	2.4948356901214485E-4	0.0	9.979342760485794E-4	0.3837057291406788	0.04864929595736825
86-87	0.0778388735317892	4.989671380242897E-4	0.0	9.979342760485794E-4	0.3976768090053589	0.05139361521650184
88-89	0.08332751205005638	4.989671380242897E-4	0.0	9.979342760485794E-4	0.40965202031794185	0.053389483768599
90-91	0.08981408484437214	4.989671380242897E-4	0.0	9.979342760485794E-4	0.4203798137854641	0.05663277016575688
92-93	0.09704910834572436	4.989671380242897E-4	0.0	9.979342760485794E-4	0.4321055415290349	0.061372957976987635
94-95	0.10453361541608869	4.989671380242897E-4	0.0	9.979342760485794E-4	0.4433323021345814	0.06436676080513337
96	0.11326554033151377	4.989671380242897E-4	0.0	9.979342760485794E-4	0.4515652599119822	0.06736056363327911
>>END_MODULE
