scog_id	pis_count	total_sites	pis_percentage
1001705at2759	20	596	3.36
1003258at2759	21	1071	1.96
100698at2759	34	954	3.56
1010730at2759	23	650	3.54
1014314at2759	17	455	3.74
1018517at2759	24	345	6.96
1019762at2759	25	918	2.72
1025450at2759	27	594	4.55
1030907at2759	9	421	2.14
1032689at2759	21	688	3.05
1038775at2759	0	384	0.00
1041560at2759	27	666	4.05
1049599at2759	0	551	0.00
1051021at2759	17	891	1.91
1053181at2759	0	374	0.00
1057950at2759	16	395	4.05
1065019at2759	25	430	5.81
1076134at2759	14	345	4.06
1079130at2759	33	563	5.86
1079827at2759	21	264	7.95
1085752at2759	0	621	0.00
1087488at2759	25	567	4.41
1090038at2759	0	556	0.00
1094121at2759	10	251	3.98
1096688at2759	14	481	2.91
1106766at2759	0	745	0.00
1107630at2759	17	520	3.27
1108845at2759	0	501	0.00
1111142at2759	0	800	0.00
1112002at2759	51	1213	4.20
1115196at2759	26	566	4.59
1128607at2759	25	366	6.83
1129824at2759	16	326	4.91
1138059at2759	14	317	4.42
1157302at2759	15	247	6.07
1161199at2759	16	358	4.47
1173229at2759	0	597	0.00
1178688at2759	12	229	5.24
1182451at2759	19	477	3.98
1193442at2759	29	567	5.11
1194691at2759	27	512	5.27
1194797at2759	47	826	5.69
1197019at2759	15	254	5.91
1200489at2759	7	318	2.20
1217666at2759	20	324	6.17
1220881at2759	16	514	3.11
1222562at2759	12	505	2.38
1223488at2759	13	291	4.47
1228942at2759	24	278	8.63
1233814at2759	9	334	2.69
1236198at2759	5	159	3.14
1247641at2759	28	874	3.20
1248958at2759	52	1013	5.13
1249159at2759	15	248	6.05
1251252at2759	6	448	1.34
1257440at2759	12	230	5.22
1258856at2759	59	1054	5.60
1259741at2759	20	524	3.82
1260807at2759	15	1625	0.92
1264469at2759	20	419	4.77
1266231at2759	0	396	0.00
1269244at2759	9	320	2.81
1269649at2759	11	320	3.44
1275837at2759	28	364	7.69
1284731at2759	12	309	3.88
1287094at2759	14	244	5.74
1287401at2759	0	374	0.00
1291729at2759	11	233	4.72
1304061at2759	9	282	3.19
1309031at2759	34	1053	3.23
1312453at2759	73	2093	3.49
1314980at2759	0	1110	0.00
1322299at2759	23	722	3.19
1322642at2759	0	908	0.00
1323575at2759	10	236	4.24
1324510at2759	23	660	3.48
1338131at2759	13	203	6.40
1339553at2759	20	559	3.58
1342242at2759	15	549	2.73
1346165at2759	20	614	3.26
1346432at2759	15	365	4.11
1348942at2759	16	482	3.32
1355894at2759	11	214	5.14
1358374at2759	11	401	2.74
1364586at2759	0	364	0.00
1370285at2759	34	955	3.56
1370304at2759	29	1125	2.58
1377237at2759	0	626	0.00
1379600at2759	33	1086	3.04
1380409at2759	0	220	0.00
1382842at2759	0	322	0.00
1395649at2759	0	295	0.00
1398309at2759	14	186	7.53
1404162at2759	25	926	2.70
1405073at2759	10	184	5.43
1405146at2759	7	266	2.63
1407446at2759	3	209	1.44
1421503at2759	10	300	3.33
1423847at2759	20	459	4.36
142542at2759	0	2034	0.00
1426075at2759	6	320	1.88
1428265at2759	18	461	3.90
1428854at2759	58	974	5.95
1430056at2759	10	253	3.95
1432328at2759	13	450	2.89
1434266at2759	12	393	3.05
1440961at2759	17	581	2.93
1441854at2759	18	390	4.62
1442062at2759	22	784	2.81
1445102at2759	50	303	16.50
1450538at2759	11	573	1.92
1454155at2759	18	455	3.96
1455730at2759	0	645	0.00
1459797at2759	5	140	3.57
1474000at2759	20	480	4.17
1479417at2759	0	660	0.00
1488235at2759	12	234	5.13
1488436at2759	5	163	3.07
1490022at2759	18	236	7.63
1504863at2759	3	230	1.30
1513531at2759	5	370	1.35
1525971at2759	11	190	5.79
1526152at2759	0	184	0.00
1530008at2759	14	237	5.91
1538526at2759	10	256	3.91
1545004at2759	0	96	0.00
1552706at2759	4	468	0.85
1558822at2759	0	109	0.00
156083at2759	0	2440	0.00
1563319at2759	0	377	0.00
1567796at2759	9	570	1.58
1575179at2759	3	205	1.46
1576404at2759	12	308	3.90
1588798at2759	15	454	3.30
1593937at2759	23	542	4.24
160593at2759	162	2968	5.46
1617752at2759	2	120	1.67
1620056at2759	10	160	6.25
1623701at2759	12	213	5.63
1626636at2759	0	261	0.00
1633672at2759	4	118	3.39
1645187at2759	8	171	4.68
166920at2759	79	1486	5.32
176625at2759	68	1510	4.50
179362at2759	57	1384	4.12
245208at2759	52	1272	4.09
257318at2759	28	833	3.36
261328at2759	0	1549	0.00
261419at2759	0	1563	0.00
270107at2759	53	1180	4.49
271586at2759	45	1450	3.10
290630at2759	48	960	5.00
293315at2759	66	1752	3.77
296129at2759	68	1198	5.68
299766at2759	43	1733	2.48
306227at2759	0	1145	0.00
320059at2759	18	589	3.06
324863at2759	60	1222	4.91
325552at2759	48	658	7.29
330169at2759	36	700	5.14
331411at2759	40	1234	3.24
341721at2759	40	1136	3.52
345441at2759	0	585	0.00
355408at2759	46	799	5.76
369837at2759	50	880	5.68
375960at2759	30	904	3.32
383503at2759	28	606	4.62
388820at2759	52	1258	4.13
390348at2759	60	1158	5.18
392369at2759	25	560	4.46
39650at2759	115	2451	4.69
396755at2759	59	1563	3.77
418107at2759	32	531	6.03
426305at2759	54	925	5.84
450058at2759	28	1235	2.27
453044at2759	30	565	5.31
457861at2759	14	557	2.51
464990at2759	26	762	3.41
491869at2759	0	1208	0.00
513979at2759	35	846	4.14
543764at2759	34	751	4.53
549762at2759	0	772	0.00
551907at2759	48	1315	3.65
570797at2759	21	1233	1.70
582756at2759	34	719	4.73
598949at2759	49	1186	4.13
604979at2759	0	668	0.00
621827at2759	36	611	5.89
625387at2759	0	1557	0.00
655400at2759	28	953	2.94
664730at2759	27	539	5.01
671536at2759	26	608	4.28
671846at2759	23	1041	2.21
673132at2759	26	502	5.18
674160at2759	126	3238	3.89
674169at2759	16	1131	1.41
679187at2759	0	1160	0.00
679771at2759	0	481	0.00
687505at2759	18	477	3.77
692986at2759	32	1047	3.06
708105at2759	21	553	3.80
719531at2759	23	553	4.16
720340at2759	20	508	3.94
721605at2759	0	394	0.00
722805at2759	49	1701	2.88
734341at2759	12	452	2.65
734666at2759	31	582	5.33
736068at2759	22	613	3.59
751335at2759	24	641	3.74
759498at2759	45	1001	4.50
761109at2759	27	889	3.04
768809at2759	24	581	4.13
774318at2759	18	1250	1.44
777920at2759	34	736	4.62
779909at2759	26	408	6.37
801857at2759	25	804	3.11
814241at2759	20	668	2.99
817008at2759	20	494	4.05
834694at2759	31	974	3.18
836599at2759	25	645	3.88
83779at2759	27	720	3.75
844748at2759	0	695	0.00
855834at2759	30	868	3.46
858842at2759	0	993	0.00
865202at2759	15	374	4.01
866359at2759	19	365	5.21
869548at2759	17	306	5.56
878143at2759	26	527	4.93
87842at2759	44	1367	3.22
887370at2759	23	842	2.73
891751at2759	23	873	2.63
898782at2759	23	753	3.05
901894at2759	16	859	1.86
905026at2759	32	1172	2.73
911863at2759	24	525	4.57
917326at2759	36	808	4.46
918816at2759	24	829	2.90
919955at2759	23	407	5.65
923657at2759	22	456	4.82
924753at2759	30	647	4.64
931188at2759	26	685	3.80
937275at2759	0	613	0.00
937686at2759	0	596	0.00
939345at2759	11	724	1.52
944899at2759	21	369	5.69
946128at2759	26	840	3.10
956854at2759	0	362	0.00
97116at2759	76	1483	5.12
973442at2759	16	748	2.14
974865at2759	20	429	4.66
975158at2759	25	605	4.13
975557at2759	21	872	2.41
976469at2759	0	415	0.00
981902at2759	20	773	2.59
996662at2759	13	341	3.81
