CATCCACAGGCCTGCT	1530	2590.9998	32.22837232815104	39.52287982315586	48.317168006173716	64.64903250670068	1.666666	0.06432521	2566.1665	99.04156	23.166664	0.89412063	False	0	1	0
GCATGATGTCTCAGAT	2443	5021.0	21.020528532272426	30.16200517261248	40.73828370208903	57.793359042419986	2.333333	0.04647148	5013.833	99.85726	4.833333	0.09626236	False	0	1	0
AGTAGCTTCAAACCTG	2423	4267.0	19.896645288095762	27.589525030458944	37.42314316601122	54.48368674326822	2.666666	0.062495105	4259.722	99.829445	4.611111	0.10806448	False	0	1	0
CCGTGAGTCCATTCAT	2810	6160.0	23.184786023181136	31.357100274111072	41.279925337411214	57.46350437142197	4.660256	0.0756535	6145.757	99.76878	9.583333	0.15557358	False	0	1	0
AGGAGGTCAAGCAATA	2306	4787.0	24.911092875495854	33.768420209776444	43.69809777259157	60.24987836311949	3.333333	0.06963303	4775.8335	99.76673	7.833333	0.16363762	False	0	1	0
CCTCAACCATGGAAGC	1998	3744.9998	21.900722180872933	31.518886947424456	42.909391689134246	61.311141054123695	3.160256	0.084386006	3739.2563	99.846634	2.583333	0.06898086	False	0	1	0
AGTAACCGTCTGTTAG	2013	3947.0	21.884995146567597	30.947938161834156	42.546849864745326	61.09140590820422	1.333333	0.033780925	3940.1667	99.82687	5.499999	0.13934632	False	0	1	0
ATCCACCCAACCGTAT	2293	4045.0	19.76010971296795	27.60308767501167	37.32543496855808	54.888243373318865	0.0	0.0	4039.0	99.85167	6.0	0.14833127	False	0	1	0
CGAATTGCAGTTTGGT	1748	3308.0	27.968534944759504	38.83678309815122	49.69471358170676	66.5234050583594	4.5	0.13603385	3298.5	99.71282	5.0	0.15114874	False	0	1	0
TGGATGTCACTGATTG	3022	12525.0	33.4942614770459	46.47621163922156	58.76330152195609	72.10550773453093	2.6666648	0.021290736	12516.666	99.933464	5.666665	0.045242835	False	0	1	0
CTCATTATCGTTATCT	1638	2878.0	22.257034337746106	30.700402798338448	42.38675681382213	63.5739341469719	1.833333	0.06370163	2870.8333	99.750984	5.333333	0.18531387	False	0	1	0
CTTCTCTCACGTATAC	1694	3333.0	26.12929530657308	36.41603974226421	48.416114456783326	67.70442203741366	3.166666	0.09500948	3322.6665	99.689964	7.166666	0.21502148	False	0	1	0
ACATCGAAGAAACACT	1832	3191.9998	21.38389124051096	30.79283321555889	41.84390260468011	61.776038062700565	1.166666	0.03654969	3187.1665	99.84858	3.666666	0.1148705	False	0	1	0
CCTTGTGAGGTCATTC	1587	2524.9998	21.108812696787087	30.039506802872374	42.3207011218677	62.059130205418555	1.666666	0.06600658	2516.1665	99.65017	7.166666	0.28382838	False	0	1	0
TTCACGCAGCTGTTCA	1712	2902.9998	21.73609426202107	31.312476951496066	43.0888043876362	62.57082329571425	1.166666	0.04018829	2893.1665	99.66127	8.666666	0.29854172	False	0	1	0
CCAATTTGTCATCCCT	1699	8110.0005	70.66564169755452	75.01271126667073	79.77878151378135	87.08124692453575	1.833333	0.02260583	8096.8335	99.83765	11.333333	0.13974516	False	0	1	0
TCTCTGGGTATAGGAT	1543	2708.0	25.959412702957675	35.615985819648955	47.18612603281942	64.75187721421483	2.833333	0.10462825	2702.3335	99.79075	2.833333	0.10462825	False	0	1	0
CGCCATTGTTCTATCT	1527	2456.0	25.2031904292094	33.312365336202845	43.328652976830995	61.65520103580846	1.333333	0.0542888	2451.5835	99.820175	3.083333	0.12554288	False	0	1	0
AGAGAATCACGTGTGC	1489	2935.0	29.301212967152896	39.02863640598382	50.55163303875639	68.96049330547275	2.333334	0.07950031	2930.1665	99.83531	2.5	0.085178874	False	0	1	0
GTAATGCAGCCTGTCG	1490	2294.0	24.01915089055483	33.33693939297511	44.09529905692938	62.83112114966218	1.999999	0.087183915	2287.5	99.71665	4.499999	0.19616386	False	0	1	0
AGTTAGCGTCCTTGTC	1736	3055.0	22.320750220625623	32.08456991968292	43.95730327758216	62.91281445894398	5.0	0.16366613	3043.0833	99.60993	6.916666	0.22640477	False	0	1	0
TTACAGGCAGCATACT	1135	1628.0	25.920796825331603	36.01830575078727	48.34010593725195	67.99696833684573	1.833333	0.11261259	1616.8334	99.31409	9.333333	0.5733006	False	0	1	0
GCAACATTCACGGACC	1387	2378.0	26.299001631163264	36.29900111783142	47.5256429789345	66.56205134796835	1.0	0.042052146	2372.0	99.74769	5.0	0.21026072	False	0	1	0
ACTATGGGTAAGCAAT	1493	2273.0	22.216905626598248	30.558304927236858	41.294423819532284	60.7686638150297	2.5	0.1099868	2267.5	99.758026	3.0	0.13198416	False	0	1	0
AAGGTAATCATCGCCT	1557	2286.0	19.97874316758976	28.955845381942147	39.46702661195754	59.358997635489445	3.833333	0.16768736	2280.6667	99.7667	1.5	0.0656168	False	0	1	0
AGAAATGTCATTTACC	1464	2343.9998	24.01508943212724	33.41295157683181	45.31391651557167	64.4861735581538	1.874999	0.07999144	2337.125	99.70671	4.999999	0.21331057	False	0	1	0
CCACGAGAGCCTATCA	1451	2288.0	23.732520014891726	32.681376603280086	43.45872715863071	63.11734746304465	1.333333	0.058275044	2285.3335	99.88345	1.333333	0.058275044	False	0	1	0
CTAACTTTCTGCGTCT	1529	2450.0	24.08162785362965	32.57135232554362	43.24072400336336	62.816234292045145	2.0	0.08163265	2445.5	99.81633	2.5	0.10204081	False	0	1	0
CTTACCGTCGGAATGG	1252	2044.9998	38.0435637762993	44.433132127162814	54.21308673012256	70.0720435962488	2.166666	0.105949454	2037.5	99.63326	5.333333	0.2607987	False	0	1	0
TCTCACGGTCCCTGTT	1390	1986.0	22.620094873142698	31.0793135342483	42.06804421381517	62.18457163256645	0.666666	0.033568278	1981.3333	99.76502	4.0	0.20140988	False	0	1	0
ACTGTCCGTGGCAACA	1550	2419.0	24.307183483604263	32.7300931600697	43.99907551461086	63.058608437543995	2.333333	0.096458584	2414.8335	99.82776	1.833333	0.07578888	False	0	1	0
TTTCGATGTAGACTGG	1381	2224.0	25.808910760554117	35.1951527981274	46.39119719264597	65.15244025936433	1.666666	0.07494002	2216.6665	99.67026	5.666666	0.25479615	False	0	1	0
GGAATCTCACTACACA	1405	2125.9998	23.689044353448644	33.077571280236526	44.549823417156496	63.640194972631214	1.333333	0.062715575	2122.0833	99.81578	2.583333	0.12151145	False	0	1	0
CGTTAGATCTTCCGTG	1351	1948.0	20.37937107097956	30.081629189892457	42.09737024343313	63.26437677062257	1.666666	0.0855578	1943.6666	99.77755	2.666666	0.13689251	False	0	1	0
GGGTTATCAGGACGAT	1396	2379.0	23.017650474365542	33.925587292126416	46.7769229948245	66.85538562519704	0.0	0.0	2374.0	99.789825	5.0	0.21017234	False	0	1	0
CGGCAGTAGGGTGAAA	1332	2080.0	24.941256548226676	35.036136363449636	46.943198406793314	66.58404612477497	0.5	0.024038462	2077.5	99.87981	2.0	0.09615385	False	0	1	0
CCGATGGAGACGATAT	1450	2208.0	24.365510381401425	33.32572604794226	44.230960391032156	63.704590974619315	2.499999	0.113224596	2201.75	99.716934	3.749998	0.16983686	False	0	1	0
AGCGCCAAGAATTTGG	833	1359.0	45.500341599078915	53.03529150536597	61.81012121332975	83.88516450380466	1.666666	0.12263915	1342.6666	98.798134	14.666666	1.079225	False	0	1	0
CCACACTTCATAGAGA	1232	1772.0	23.823745255480386	32.965960426893446	45.249635201225225	65.04835762362961	1.0	0.05643341	1768.0	99.77426	3.0	0.16930023	False	0	1	0
GCTGAATCAAGGCAAC	1278	1993.0	25.238334184191437	35.102230064884694	47.37765941645732	66.6948373687078	0.833333	0.041812997	1989.3333	99.81602	2.833333	0.14216423	False	0	1	0
TGTTTGTGTTCATCTT	1347	2172.0	25.73598259002296	35.657704123910186	47.372721971362246	67.0440975268049	1.833333	0.0844076	2168.3335	99.83119	1.833333	0.0844076	False	0	1	0
GATGATCCAGCATGCC	1254	1733.0	22.272948290286223	31.85171546157838	43.79632271734631	63.126967310014216	1.5	0.08655511	1729.5	99.798035	2.0	0.115406804	False	0	1	0
AACCAACGTCCGGATC	1322	1994.0001	23.515193067876776	32.83063616558241	44.816588776965276	64.38027503281175	2.333332	0.11701766	1988.8334	99.74089	2.833332	0.14209287	False	0	1	0
AGCGATTGTAAGGTCG	1318	2363.0	29.32671415579915	39.481181434232965	51.32205843547878	70.16463532945974	1.166666	0.049372237	2357.9165	99.78487	3.916666	0.16574973	False	0	1	0
TCCGATCGTAGGCAAC	1305	2012.0001	28.230133966707566	37.02735066650876	48.57473202775534	67.9004464424391	1.5	0.07455268	2005.75	99.68936	4.75	0.23608348	False	0	1	0
TAGAGTCCAATGCAGG	1204	1940.0	26.752045842064405	36.88601613920749	49.87570220326874	69.17468125486786	1.499999	0.07731954	1936.3333	99.811	2.1666648	0.11168375	False	0	1	0
TGCAGTACAATCCTAG	768	1739.0	59.516437304575184	65.76523695820156	72.28239475138369	89.53368859842222	1.5	0.086256474	1736.6667	99.86583	0.833333	0.047920242	False	0	1	0
AGATCCACACCTGTCT	1241	1737.0	24.06392367069487	33.46710939005455	45.55406085188364	65.19395408215972	2.75	0.15831894	1730.5834	99.63059	3.666666	0.21109188	False	0	1	0
CTTACCGCAGATCCAT	1264	1954.0	25.241741699718528	34.675384177888304	46.65081293580476	66.3881018803576	3.166666	0.1620607	1947.1667	99.65029	3.666666	0.18764924	False	0	1	0
CAGCGTGCAAATGGAT	1197	1684.0	25.593802696754548	34.46158165343428	46.338070518537336	66.38067118834405	3.333333	0.1979414	1679.1667	99.71299	1.5	0.089073636	False	0	1	0
AACAAAGCACTGCGAC	1213	1747.9999	25.151416441811907	35.01125798502669	47.44831459842423	67.60524410783698	0.333334	0.019069452	1745.1666	99.83791	2.5	0.1430206	False	0	1	0
GACATCACATGTTCGA	619	1151.0001	54.73415397955582	61.68463182490769	70.37272913159752	96.35014007860013	0.333333	0.028960291	1148.3333	99.768295	2.333333	0.20272222	False	0	1	0
AAAGGGCAGAGTGGCT	1289	1998.0	22.92241925963697	32.93242590751898	45.79528641276413	66.31580317210462	0.5	0.025025025	1997.5	99.974976	0.0	0.0	False	0	1	0
TCAGTGAGTGTGCCTG	1121	1749.0001	25.470466177315306	36.56660717862674	49.830748732709324	70.55262458114674	0.833333	0.047646254	1745.3333	99.790344	2.833333	0.1619973	False	0	1	0
CGGGTCATCGTAGGAG	1279	1833.0	22.340412992041585	31.805773481511068	44.46261107619634	65.08451590514102	3.166667	0.1727587	1826.9167	99.66813	2.916667	0.15911986	False	0	1	0
AGGAAATCACTTGGCG	1102	1764.0	29.902273850371262	40.27642422813531	52.615806431901824	72.17363437461486	0.833333	0.047241103	1760.5834	99.80631	2.583333	0.14644745	False	0	1	0
CGCATGGAGCCACAAG	1136	1512.0	21.216933835457912	30.806882473881224	44.03439783722373	65.9391640862624	1.583333	0.10471779	1503.8333	99.45987	6.583333	0.43540564	False	0	1	0
AATAGAGCAAAGTGTA	1182	1816.0	24.168898795819874	35.31058815684523	48.278644600629256	68.50099867725847	3.166666	0.17437588	1809.0833	99.61912	3.749999	0.20649776	False	0	1	0
CATGCGGTCGCCAGTG	883	1297.0	35.65570399235842	43.75131235010032	54.66387225702947	77.79417512790326	1.5	0.11565151	1283.3333	98.94628	12.166666	0.9380622	False	0	1	0
GTAGGAGTCCCAGTGG	735	1507.0	55.8055804997284	62.57399347089988	70.33776129077306	90.24485826480684	0.333333	0.022118976	1498.3333	99.4249	8.333333	0.55297494	False	0	1	0
AGGCATTAGTTACGAA	815	1067.0	30.08341682051303	39.64293056646695	51.26429735828144	79.38051425814591	0.833333	0.07810056	1060.5833	99.39862	5.583333	0.52327394	False	0	1	0
CGGTCAGAGATTAGAC	1190	1789.0001	24.364115383662735	34.53298965322822	47.333432545307765	68.13777418140057	1.999999	0.11179424	1782.8333	99.65529	4.166666	0.23290473	False	0	1	0
GCTGGGTGTTGGCTAT	1096	1479.0	26.571359948893896	36.84857258642932	50.24726456074091	70.85803282774718	2.0	0.1352265	1473.5	99.62813	3.5	0.23664638	False	0	1	0
TCACACCGTGGGAGAG	1057	1617.0	29.10326954497507	39.86393799823213	52.47987368097788	72.23250798836006	1.0	0.061842922	1613.5	99.783554	2.5	0.1546073	False	0	1	0
AGGCTGCGTAATTGGA	1045	1608.0	28.046667753760495	38.556618002516714	51.491941385601294	72.1387113504742	1.333333	0.08291872	1604.3334	99.77197	2.333333	0.14510778	False	0	1	0
ATCCTATAGGCCATAG	1103	1498.0	26.43524915017298	35.04673182788085	48.06408936395087	68.6248387029743	2.0	0.13351135	1492.5	99.63284	3.5	0.23364486	False	0	1	0
CGTGAATTCATCGGGC	1103	1601.0	24.046854787587776	34.03643458976528	46.778465061743475	68.33165667764156	0.333333	0.020820297	1598.3334	99.83344	2.333333	0.14574222	False	0	1	0
TCGGATAGTGTTCCTC	1116	1370.0	21.0948935742521	30.364969870897678	42.457433086733396	64.35525111030562	573.3334	41.84915	792.8334	57.871048	3.833333	0.27980533	False	0	1	0
AGAACCTCAACTGAAA	967	1252.0	25.079869766966606	34.39826843456719	48.330629976412744	72.29229131826578	0.333333	0.02662404	1248.8333	99.74707	2.833333	0.22630456	False	0	1	0
TACCGGGGTCCAGGTC	500	737.0	42.42909404283625	52.101791568171215	65.6703125993788	99.99997515529596	1.5	0.20352781	735.5	99.79647	0.0	0.0	False	0	1	0
AACGGGAGTCCAGCCA	1177	1415.0	18.998825622901673	27.42540617720801	41.27699986809502	62.5878636887484	2.833333	0.20023555	1407.8333	99.493515	4.333333	0.30624261	False	0	1	0
CCCGAAGCAGCTACCG	760	1019.0	31.794943917136898	42.19729916738223	53.58100868651865	83.02163675325073	0.0	0.0	1010.8333	99.198555	8.166666	0.8014392	False	0	1	0
TGGGAGAAGCCTCTGG	1036	1326.0	26.149359973023007	34.444988206770965	47.69913968023645	70.32358031773089	1.916667	0.14454502	1322.9166	99.76747	1.166667	0.087983936	False	0	1	0
GAGCCTGGTGACACAG	951	1268.0	29.337382575927872	38.40678233373192	50.63075592033739	74.29005963634795	1.999999	0.15772863	1263.75	99.664825	2.249999	0.17744471	False	0	1	0
ATCGGATGTACTGACT	3418	17767.998	63.53619063238688	68.15203684291986	73.03607499261312	79.78954220719834	3.666666	0.020636348	17750.666	99.90245	13.666666	0.076917306	False	0	1	0
CCACACTGTCGACTTA	531	935.99994	56.06889277603979	62.49893302598396	73.18269301307268	99.69367004827059	0.5	0.053418808	902.5	96.420944	33.0	3.5256412	False	0	1	0
