cell	n_genes_by_counts	total_counts	pct_counts_in_top_50_genes	pct_counts_in_top_100_genes	pct_counts_in_top_200_genes	pct_counts_in_top_500_genes	total_counts_human	pct_counts_human	total_counts_mouse	pct_counts_mouse	total_counts_pig	pct_counts_pig	human_gt_mouse
CACGTGGTCTGACAGT	1541	2180.0	18.696849700149297	26.32823743736475	36.71673529670991	55.37166670940995	20.916666	0.9594801	3.666666	0.1681957	2155.4165	98.872314	True
CGGAATTGTCTACAGT	1274	1934.0	24.155586294042983	33.085471930459065	44.39913200065895	63.42190057267001	12.920634	0.6680783	0.333333	0.017235419	1920.746	99.31468	True
TCATGCCGTATCCCAA	967	1332.0	24.096787535193727	32.54619379886592	45.93130191996771	68.45382031436583	15.333332	1.1511511	2.5	0.1876877	1314.1667	98.66116	True
GTCAAGTCAGACAATA	750	1025.0	29.85893435594512	39.615031916920735	51.572646722560975	80.8409394054878	8.166666	0.79674786	6.666666	0.6504064	1010.1666	98.55284	True
CTGCCATGTGTCTTGA	1412	2354.0	26.14110332479291	35.27381138570651	45.940093864499254	64.17921871681182	17.119047	0.7272323	1.583333	0.06726138	2335.2976	99.205505	True
CCAATGAAGCTAGTTC	1287	1901.0001	24.366905537484385	32.54336417818747	43.48865330438749	61.595112872336934	23.5	1.2361914	2.166666	0.113975056	1875.3335	98.64983	True
CATCCACAGGCCTGCT	1530	2590.9998	32.22837232815104	39.52287982315586	48.317168006173716	64.64903250670068	1.666666	0.06432521	2566.1665	99.04156	23.166664	0.89412063	False
TTCGGTCAGAGCAAGA	1180	1718.0	24.977770838196072	33.21012259967152	44.85156696583843	63.751942875637134	20.0	1.1641444	3.833333	0.22312766	1694.1666	98.612724	True
GAGACCCTCAGCTGTA	1977	3473.0	22.26774971937536	30.0281369785668	39.79797626894076	58.225096250314934	23.255554	0.66960996	10.333333	0.29753333	3439.4111	99.03285	True
ATTCCCGCAATCCTTT	1671	2486.0	17.84334295361504	25.32148789500262	35.88724020279978	55.87576185933452	21.583332	0.8681952	2.999999	0.12067575	2461.4165	99.01112	True
GCATGATGTCTCAGAT	2443	5021.0	21.020528532272426	30.16200517261248	40.73828370208903	57.793359042419986	2.333333	0.04647148	5013.833	99.85726	4.833333	0.09626236	False
AGTAGCTTCAAACCTG	2423	4267.0	19.896645288095762	27.589525030458944	37.42314316601122	54.48368674326822	2.666666	0.062495105	4259.722	99.829445	4.611111	0.10806448	False
CCGTGAGTCCATTCAT	2810	6160.0	23.184786023181136	31.357100274111072	41.279925337411214	57.46350437142197	4.660256	0.0756535	6145.757	99.76878	9.583333	0.15557358	False
CAGCAGCCACAGAAGC	2003	4050.0	27.23288932688191	36.708590941911524	46.43156785681518	63.17883308965484	26.222221	0.64746225	15.944444	0.39369	4007.8333	98.95885	True
AACAACCTCGCGTGCA	1766	3260.9998	23.427250853238103	32.74362383869441	43.39140725385839	62.32971829048869	24.433329	0.7492588	5.833333	0.17888173	3230.7334	99.07187	True
AGCCAATGTCTACGAT	1605	2631.9998	22.360960210925608	30.996928484891434	42.25936080242857	60.95875461578326	23.777775	0.90341103	5.666666	0.21529889	2602.5557	98.8813	True
GACACGCTCCATGAGT	2852	7117.0	16.398360165698623	24.317886602277405	34.947088696541805	53.96533073483878	44.19968	0.6210437	8.568626	0.12039661	7064.2314	99.25855	True
AGGAGGTCAAGCAATA	2306	4787.0	24.911092875495854	33.768420209776444	43.69809777259157	60.24987836311949	3.333333	0.06963303	4775.8335	99.76673	7.833333	0.16363762	False
GATCAGTTCCGGCAAC	865	1200.0	29.652445001989236	37.99293640208574	50.06672159152002	75.06671904838876	8.666666	0.72222215	3.499999	0.2916666	1187.8333	98.98611	True
GTTCTATTCATGAGAA	1306	1843.0	16.89197347676561	25.34905781661596	36.497219439818515	59.559578554757806	19.916666	1.0806656	3.083333	0.16729967	1820.0	98.75204	True
CCTCAACCATGGAAGC	1998	3744.9998	21.900722180872933	31.518886947424456	42.909391689134246	61.311141054123695	3.160256	0.084386006	3739.2563	99.846634	2.583333	0.06898086	False
CCCTAACAGCGTTGTT	1356	2437.0	27.848222687484103	37.88453522071282	49.4223525195921	66.87064645565852	20.0	0.82068115	11.285714	0.46309865	2405.7144	98.716225	True
AATGGCTAGCACACCC	961	1486.0	32.4522317794671	40.75702727761949	52.596117425059234	72.78454106946893	7.833333	0.52714217	4.833333	0.32525793	1473.3334	99.1476	True
AGTAACCGTCTGTTAG	2013	3947.0	21.884995146567597	30.947938161834156	42.546849864745326	61.09140590820422	1.333333	0.033780925	3940.1667	99.82687	5.499999	0.13934632	False
TGCTTGCTCGTAGGGA	1503	3359.0	31.60634716477675	44.03002502169938	56.9703886874532	73.32512844099244	3354.0	99.85114	1.0	0.029770765	4.0	0.11908306	True
ATCCACCCAACCGTAT	2293	4045.0	19.76010971296795	27.60308767501167	37.32543496855808	54.888243373318865	0.0	0.0	4039.0	99.85167	6.0	0.14833127	False
CACACAAAGGTTCATC	1340	1974.0	22.717609811336438	31.561659607119115	42.63734208776596	60.924118026532426	19.833332	1.0047281	6.083333	0.30817288	1948.0833	98.687096	True
CGAATTGCAGTTTGGT	1748	3308.0	27.968534944759504	38.83678309815122	49.69471358170676	66.5234050583594	4.5	0.13603385	3298.5	99.71282	5.0	0.15114874	False
TGGATGTCACTGATTG	3022	12525.0	33.4942614770459	46.47621163922156	58.76330152195609	72.10550773453093	2.6666648	0.021290736	12516.666	99.933464	5.666665	0.045242835	False
CTCATTATCGTTATCT	1638	2878.0	22.257034337746106	30.700402798338448	42.38675681382213	63.5739341469719	1.833333	0.06370163	2870.8333	99.750984	5.333333	0.18531387	False
TGACCCTTCAGACAAA	1210	1872.0	24.19145540472468	33.69407434094588	45.299898763809935	64.884794519878	17.5	0.9348291	1.333333	0.071225055	1853.1665	98.99394	True
ACTCCCAGTCCTGGGT	1402	2567.0	28.28789339983242	38.168127040647946	49.178115218799306	67.40644999300962	22.166664	0.86352414	2.166666	0.0844046	2542.6665	99.05206	True
CCGTGAGCAGAATTCC	857	1278.0	30.449035878455017	41.08041788549937	54.04863232045848	77.52281296639006	9.277777	0.7259606	5.833333	0.4564423	1262.8889	98.8176	True
GGGATCCTCGGTCATA	1264	1997.0	24.631000195239125	33.976448806944695	45.66440167277263	65.19755032969982	11.166666	0.5591721	2.6666658	0.1335336	1983.1666	99.30729	True
CTTCTCTCACGTATAC	1694	3333.0	26.12929530657308	36.41603974226421	48.416114456783326	67.70442203741366	3.166666	0.09500948	3322.6665	99.689964	7.166666	0.21502148	False
TTCATGTGTCACTCAA	1137	1668.0	20.430280255999282	30.027600476191278	42.843668704416196	64.11432396214445	9.0	0.53956836	3.0	0.17985612	1656.0	99.28058	True
GCCCGAATCTACGGTA	982	1490.0	25.97629206294797	36.891902486965314	50.43408691126988	70.84121430949048	15.499999	1.0402684	4.833333	0.32438478	1469.6666	98.635345	True
GTTTGGAGTCGAGATG	1239	2128.0	28.389352395268215	38.87826860720199	50.53078781577802	69.07611714113655	19.511904	0.9169128	1.333333	0.062656626	2107.1548	99.02043	True
ACATCGAAGAAACACT	1832	3191.9998	21.38389124051096	30.79283321555889	41.84390260468011	61.776038062700565	1.166666	0.03654969	3187.1665	99.84858	3.666666	0.1148705	False
TTACAGGTCCTTATCA	1121	1597.0	21.87997582747741	31.79494280313665	44.62991481142581	65.74940667479297	8.833333	0.5531204	5.333333	0.3339595	1582.8333	99.112915	True
GCCAGCATCACATACG	747	1021.0	32.239272546933414	41.92623150248965	52.449040420821014	81.83200181826203	14.38095	1.4085162	2.166666	0.21221018	1004.4524	98.37927	True
TCTCCGACAGGCTCTG	932	1311.0	25.46839016431634	34.717703297602704	48.33824206256575	71.22153938779172	8.944444	0.68226117	3.5	0.2669718	1298.5554	99.05075	True
CACGAATGTGGCACTC	1076	1685.0	25.747229583869974	36.06678063757931	49.39343741401651	70.22781577049683	9.791666	0.58110774	0.5	0.029673591	1674.7083	99.38921	True
TGCGACGGTAGGACTG	990	1537.0	28.592996802107518	39.3060616999064	52.27196898127686	72.09414900439636	10.277777	0.66869074	5.333333	0.34699628	1521.3889	98.984314	True
CCTTGTGAGGTCATTC	1587	2524.9998	21.108812696787087	30.039506802872374	42.3207011218677	62.059130205418555	1.666666	0.06600658	2516.1665	99.65017	7.166666	0.28382838	False
TTCACGCAGCTGTTCA	1712	2902.9998	21.73609426202107	31.312476951496066	43.0888043876362	62.57082329571425	1.166666	0.04018829	2893.1665	99.66127	8.666666	0.29854172	False
ATCCCTGCACCTAAAC	1218	1840.0	22.918552453466674	32.32072387145363	44.56705983911668	63.63999377972311	12.416666	0.6748188	5.666666	0.30797097	1821.9167	99.01721	True
CCAATTTGTCATCCCT	1699	8110.0005	70.66564169755452	75.01271126667073	79.77878151378135	87.08124692453575	1.833333	0.02260583	8096.8335	99.83765	11.333333	0.13974516	False
CTTCGGTTCACCGGGT	996	1394.0	24.186137491078973	33.473228163735314	46.960068828729426	68.48086850297513	11.799999	0.84648484	3.666666	0.263032	1378.5332	98.89047	True
GACCCAGGTCACTGAT	1157	1638.0	21.566254519135377	31.03045229510073	43.24046450511294	62.904799464858066	18.666666	1.1396011	4.5	0.2747253	1614.8333	98.58567	True
CACTAAGCAGACCAGA	1246	1922.0	24.193549923680646	32.84702092845466	44.10599463716249	63.932469326973994	18.333332	0.9538675	4.833333	0.25147414	1898.8334	98.79466	True
TCATCCGGTCGAACAG	1014	1554.0	25.54697554697555	35.97168597168597	49.270700579904684	69.6465491021155	16.666666	1.0725011	3.166666	0.20377517	1534.1666	98.723724	True
CATGCAAAGTCCGCCA	1195	1889.9999	27.920968191964285	37.973878244874335	49.61630200582837	68.45309787326389	15.0	0.79365087	2.833333	0.1499118	1872.1666	99.05644	True
GTTTGGACACCGAATT	1110	1499.0	23.36916030208613	32.757952505613076	46.10017957119691	66.84507877931978	21.416664	1.4287301	1.416666	0.09450741	1476.1666	98.47676	True
CAGATCAAGACGACGT	141	4889.0	98.30231131110656	99.32501534056044	100.0	100.0	4885.0	99.91818	0.0	0.0	4.0	0.08181632	True
TCTCTGGGTATAGGAT	1543	2708.0	25.959412702957675	35.615985819648955	47.18612603281942	64.75187721421483	2.833333	0.10462825	2702.3335	99.79075	2.833333	0.10462825	False
AGAAGCGGTGGAAATT	100	4873.0	99.17915042068542	100.0	100.0	100.0	4870.5	99.9487	1.0	0.020521238	1.5	0.030781858	True
GCCCGAACACAATGCT	1145	1741.0	24.260295131015557	34.550852893325015	47.15836729004543	66.94577359181663	10.0	0.57438254	4.5	0.25847214	1726.5	99.167145	True
CGCCATTGTTCTATCT	1527	2456.0	25.2031904292094	33.312365336202845	43.328652976830995	61.65520103580846	1.333333	0.0542888	2451.5835	99.820175	3.083333	0.12554288	False
GGTTGTAAGTGCAGCA	976	1415.0	25.987115327545276	35.70408905352805	49.51119682392889	70.81397174525176	11.666666	0.8244994	4.916666	0.34746757	1398.4166	98.82803	True
TCAGCCTAGCTTACGT	529	636.0	30.484207394753955	40.26614588456584	55.98941481589888	99.52037503988637	5.75	0.9040881	1.0	0.1572327	629.25	98.93868	True
TCAAGCAGTTTGTTCT	178	4540.0	97.51101321585904	98.61233480176212	100.0	100.0	4534.0	99.867836	0.5	0.011013216	5.5	0.12114537	True
AGAGAATCACGTGTGC	1489	2935.0	29.301212967152896	39.02863640598382	50.55163303875639	68.96049330547275	2.333334	0.07950031	2930.1665	99.83531	2.5	0.085178874	False
GTAATGCAGCCTGTCG	1490	2294.0	24.01915089055483	33.33693939297511	44.09529905692938	62.83112114966218	1.999999	0.087183915	2287.5	99.71665	4.499999	0.19616386	False
ATCTCTAAGTGCTCGC	115	4647.0	98.90251775338929	99.88164407144394	100.0	100.0	4646.0	99.978485	0.5	0.01075963	0.5	0.01075963	True
AGTTAGCGTCCTTGTC	1736	3055.0	22.320750220625623	32.08456991968292	43.95730327758216	62.91281445894398	5.0	0.16366613	3043.0833	99.60993	6.916666	0.22640477	False
GAAGTAATCGTGACTA	839	1077.0	24.738526410711177	34.09933587856169	45.13247179121692	72.98762499455954	5.5	0.5106778	0.0	0.0	1071.5	99.48932	True
CGTTCTGTCGAGTGAG	1126	1654.0001	25.037060246757846	35.65145920985325	48.02928641441393	67.97666256149	12.833332	0.77589667	2.833333	0.17130186	1638.3334	99.052795	True
TTCCTTCTCATGTCAG	891	1319.0	36.763155437353724	44.3446595899196	52.865783632711036	75.61028914933642	350.8333	26.598433	117.333336	8.895628	850.8333	64.505936	True
GTATTGGTCCAATCCC	915	1255.0	23.795063885084662	32.96721317853586	46.17397110775647	70.078353577876	17.5	1.3944223	4.0	0.3187251	1233.5	98.28686	True
TCAGTTTTCTGCGGGT	473	688.0	45.136762219806045	52.414809825808504	66.94969354673873	100.0	4.0	0.5813953	0.0	0.0	684.0	99.4186	True
TTTGTTGTCCGTGACG	949	1481.0	26.857757930386626	38.04389387615082	51.61089114370478	72.85061685890611	5.833333	0.39387798	1.833333	0.12379021	1473.3334	99.48233	True
TTACAGGCAGCATACT	1135	1628.0	25.920796825331603	36.01830575078727	48.34010593725195	67.99696833684573	1.833333	0.11261259	1616.8334	99.31409	9.333333	0.5733006	False
GCAACATTCACGGACC	1387	2378.0	26.299001631163264	36.29900111783142	47.5256429789345	66.56205134796835	1.0	0.042052146	2372.0	99.74769	5.0	0.21026072	False
ACTATGGGTAAGCAAT	1493	2273.0	22.216905626598248	30.558304927236858	41.294423819532284	60.7686638150297	2.5	0.1099868	2267.5	99.758026	3.0	0.13198416	False
AAGGTAATCATCGCCT	1557	2286.0	19.97874316758976	28.955845381942147	39.46702661195754	59.358997635489445	3.833333	0.16768736	2280.6667	99.7667	1.5	0.0656168	False
TCGAAGTAGGTCGCCT	966	1341.0	24.296607309782168	33.04193557108293	46.942466099086694	69.31383278878074	17.5	1.3049963	4.5	0.33557048	1319.0	98.359436	True
GTTCTATCAACGTTAC	1151	1907.0	26.589617058299876	35.86834405497377	48.237408913745064	68.16936703242314	11.25	0.58993185	0.0	0.0	1895.75	99.41007	True
ATGGTTGAGTAGGAAG	930	1257.0	23.37836777474884	32.137655730736704	45.74293499651997	69.60929039836594	15.0	1.1933174	5.5	0.43754974	1236.5	98.36913	True
AGAAATGTCATTTACC	1464	2343.9998	24.01508943212724	33.41295157683181	45.31391651557167	64.4861735581538	1.874999	0.07999144	2337.125	99.70671	4.999999	0.21331057	False
GAGGGTATCGGTGAAG	838	1199.0	27.44275039204529	37.654337767469165	50.659403736858735	75.68025699315845	5.999999	0.50041693	3.999999	0.33361128	1189.0	99.16597	True
AAGTGAAAGTGGACTG	1099	1711.0	27.373934381668473	37.426434968476464	49.95971536423831	68.83802030605337	15.0	0.8766803	4.833333	0.28248584	1691.1667	98.840836	True
GTTGCTCGTTTACCTT	920	1226.0	23.16963712753989	32.94857533675628	46.01702751590573	70.48685050696523	11.333333	0.9244154	3.833333	0.3126699	1210.8334	98.76292	True
CCACGAGAGCCTATCA	1451	2288.0	23.732520014891726	32.681376603280086	43.45872715863071	63.11734746304465	1.333333	0.058275044	2285.3335	99.88345	1.333333	0.058275044	False
CTGGTCTAGGAAAGTG	88	3974.0	99.39607448414695	100.0	100.0	100.0	3974.0	100.0	0.0	0.0	0.0	0.0	True
CTAACTTTCTGCGTCT	1529	2450.0	24.08162785362965	32.57135232554362	43.24072400336336	62.816234292045145	2.0	0.08163265	2445.5	99.81633	2.5	0.10204081	False
CTTACCGTCGGAATGG	1252	2044.9998	38.0435637762993	44.433132127162814	54.21308673012256	70.0720435962488	2.166666	0.105949454	2037.5	99.63326	5.333333	0.2607987	False
TCTCACGGTCCCTGTT	1390	1986.0	22.620094873142698	31.0793135342483	42.06804421381517	62.18457163256645	0.666666	0.033568278	1981.3333	99.76502	4.0	0.20140988	False
ACTGTCCGTGGCAACA	1550	2419.0	24.307183483604263	32.7300931600697	43.99907551461086	63.058608437543995	2.333333	0.096458584	2414.8335	99.82776	1.833333	0.07578888	False
AACAAGACAAGTTCCA	1038	3216.0002	68.28356393239694	72.76114369402399	78.66911151752345	87.99748176515419	1944.0	60.447758	1270.0	39.490047	2.0	0.062189046	True
TGCATCCTCTCTCCGA	943	1233.0	20.6271870314388	31.432276958062953	45.65859811191958	69.98950076405332	8.333333	0.6758583	1.833333	0.14868881	1222.8333	99.175446	True
GTGGAAGTCGAAGCAG	1040	1661.0	30.543880933454997	41.99483321417821	55.10712496707556	74.71238147200482	7.916666	0.4766205	4.916666	0.29600638	1648.1667	99.22738	True
TTGTGGAGTATGACAA	898	1481.0	27.616446506003122	40.24779778892007	54.69353345501351	76.72219698208559	15.333331	1.0353363	2.999999	0.20256577	1462.6666	98.76209	True
TTTCGATGTAGACTGG	1381	2224.0	25.808910760554117	35.1951527981274	46.39119719264597	65.15244025936433	1.666666	0.07494002	2216.6665	99.67026	5.666666	0.25479615	False
GGAATCTCACTACACA	1405	2125.9998	23.689044353448644	33.077571280236526	44.549823417156496	63.640194972631214	1.333333	0.062715575	2122.0833	99.81578	2.583333	0.12151145	False
ACCCTTGCACTGAATC	126	3668.0	98.1188723977107	99.48201316455858	100.00000665596079	100.00000665596079	3666.0	99.94547	0.0	0.0	2.0	0.054525625	True
GACATCAAGTCAACAA	433	623.0	41.432407924107146	50.85152370397773	66.90288806994884	100.0	8.083333	1.2974852	1.833333	0.29427496	613.0834	98.40825	True
TGTGCGGAGTTGGCTT	928	1375.0	27.41625955111332	38.01808522566715	51.26847911323872	73.08665899443724	12.833333	0.9333333	2.666667	0.19393942	1359.5	98.87273	True
ACTTCGCCACTGTGAT	933	1257.0	23.41181407325732	32.59617089685051	45.150556269547515	69.01690008279803	7.333333	0.5833996	1.333333	0.106072634	1248.3334	99.31053	True
ACCTGTCGTAGTGGCA	807	2706.0	73.79859986344005	77.49409587490761	81.87325330284553	92.95972780395417	1789.8333	66.143135	911.33325	33.67824	4.833333	0.1786154	True
CAATACGTCACCTCTG	772	950.0	23.81984555413026	34.21296738295357	45.1268522074737	76.70578740268269	10.166665	1.0701752	1.666666	0.17543852	938.1667	98.75439	True
TTGGGATAGTGTAGTA	116	3626.0	98.51075565361279	99.82073910645339	100.0	100.0	3623.0	99.91726	0.0	0.0	3.0	0.0827358	True
CGTTAGATCTTCCGTG	1351	1948.0	20.37937107097956	30.081629189892457	42.09737024343313	63.26437677062257	1.666666	0.0855578	1943.6666	99.77755	2.666666	0.13689251	False
GGGTTATCAGGACGAT	1396	2379.0	23.017650474365542	33.925587292126416	46.7769229948245	66.85538562519704	0.0	0.0	2374.0	99.789825	5.0	0.21017234	False
CTCATCGGTTTCACAG	973	1445.0	26.806998001340997	37.33641834799205	51.176779230166126	72.17523523039658	6.333333	0.43829292	1.833333	0.12687427	1436.8334	99.43484	True
CGGCAGTAGGGTGAAA	1332	2080.0	24.941256548226676	35.036136363449636	46.943198406793314	66.58404612477497	0.5	0.024038462	2077.5	99.87981	2.0	0.09615385	False
CCGATGGAGACGATAT	1450	2208.0	24.365510381401425	33.32572604794226	44.230960391032156	63.704590974619315	2.499999	0.113224596	2201.75	99.716934	3.749998	0.16983686	False
CACCGTTAGAGGACTC	103	3418.0	98.59566998244588	99.97074312463428	100.0	100.0	3416.0	99.94148	0.0	0.0	2.0	0.058513753	True
AGCGCCAAGAATTTGG	833	1359.0	45.500341599078915	53.03529150536597	61.81012121332975	83.88516450380466	1.666666	0.12263915	1342.6666	98.798134	14.666666	1.079225	False
ATTCCCGTCTCAATCT	758	994.0	25.149645133351694	35.619984286823495	50.0065916744726	80.1876800468141	6.75	0.67907447	1.0	0.10060362	986.25	99.22032	True
ATCACAGGTGAATATG	613	771.0	27.086848033160056	37.52167598884268	50.49184357426913	89.40234237236746	4.5	0.58365756	2.0	0.25940338	764.5	99.15694	True
GTGGGAACATCGTGGC	613	721.0	23.818427644243	35.920785828259554	49.824809586771565	91.43370094679011	5.833333	0.8090614	1.0	0.13869625	714.1666	99.05224	True
AGTAGTCAGTCTGCGC	114	3397.0	98.32204886664704	99.79393582572858	100.0	100.0	3392.0	99.85281	0.0	0.0	5.0	0.1471887	True
ACGGGTCCATAGATCC	744	955.0	22.85764990091533	33.32885316084477	47.05045191902533	78.46406649215083	10.5	1.0994765	0.5	0.05235602	944.0	98.84817	True
CCACACTTCATAGAGA	1232	1772.0	23.823745255480386	32.965960426893446	45.249635201225225	65.04835762362961	1.0	0.05643341	1768.0	99.77426	3.0	0.16930023	False
TCAAGACAGGCTAACG	937	2820.0	68.99999039020861	72.8652129793825	78.01414786386891	88.65244665721676	1708.8333	60.596924	1108.8333	39.320328	2.333333	0.0827423	True
GCTGAATCAAGGCAAC	1278	1993.0	25.238334184191437	35.102230064884694	47.37765941645732	66.6948373687078	0.833333	0.041812997	1989.3333	99.81602	2.833333	0.14216423	False
TGTTTGTGTTCATCTT	1347	2172.0	25.73598259002296	35.657704123910186	47.372721971362246	67.0440975268049	1.833333	0.0844076	2168.3335	99.83119	1.833333	0.0844076	False
TCAAGTGAGCCAGTAG	929	2785.0	68.76122685364771	72.67505125419477	77.80970161454549	88.58169537751903	1697.0001	60.93358	1086.4166	39.009575	1.583333	0.056852173	True
TGAGGTTTCGTAATGC	701	941.0	26.43450282782152	37.54713279102206	51.296121349039026	83.17709696449032	11.880952	1.2625879	1.666666	0.17711647	927.4524	98.560295	True
GATGATCCAGCATGCC	1254	1733.0	22.272948290286223	31.85171546157838	43.79632271734631	63.126967310014216	1.5	0.08655511	1729.5	99.798035	2.0	0.115406804	False
AACCAACGTCCGGATC	1322	1994.0001	23.515193067876776	32.83063616558241	44.816588776965276	64.38027503281175	2.333332	0.11701766	1988.8334	99.74089	2.833332	0.14209287	False
AGCGATTGTAAGGTCG	1318	2363.0	29.32671415579915	39.481181434232965	51.32205843547878	70.16463532945974	1.166666	0.049372237	2357.9165	99.78487	3.916666	0.16574973	False
TCCGATCGTAGGCAAC	1305	2012.0001	28.230133966707566	37.02735066650876	48.57473202775534	67.9004464424391	1.5	0.07455268	2005.75	99.68936	4.75	0.23608348	False
GTAGAGGTCCTGTTGC	960	2825.0	66.79646740121463	71.42478678525768	77.27434963951009	87.89382050155913	1639.0833	58.020645	1177.3333	41.675514	8.583333	0.3038348	True
AGACACTCACTCAGAT	332	390.0	38.42282326901349	51.24333709273409	76.88436474017527	100.00000782502066	5.0	1.2820513	0.0	0.0	385.0	98.71795	True
TAGAGTCCAATGCAGG	1204	1940.0	26.752045842064405	36.88601613920749	49.87570220326874	69.17468125486786	1.499999	0.07731954	1936.3333	99.811	2.1666648	0.11168375	False
TGCAGTACAATCCTAG	768	1739.0	59.516437304575184	65.76523695820156	72.28239475138369	89.53368859842222	1.5	0.086256474	1736.6667	99.86583	0.833333	0.047920242	False
TCCGAAACAGCGCTTG	564	718.0	32.244386996586364	42.64398368848062	56.57156147409606	97.30972649702122	7.0	0.97493035	1.5	0.20891365	709.5	98.816154	True
CTTCTCTTCGGTCACG	517	620.0	28.239802379996775	40.31546903396419	56.44449970422563	99.85310217549949	6.5	1.0483872	1.0	0.16129032	612.5	98.79032	True
AACGAAAAGTCTACCA	84	3107.0	99.09880914065015	100.0	100.0	100.0	3106.0	99.96781	0.0	0.0	1.0	0.032185387	True
AGATCCACACCTGTCT	1241	1737.0	24.06392367069487	33.46710939005455	45.55406085188364	65.19395408215972	2.75	0.15831894	1730.5834	99.63059	3.666666	0.21109188	False
CTTACCGCAGATCCAT	1264	1954.0	25.241741699718528	34.675384177888304	46.65081293580476	66.3881018803576	3.166666	0.1620607	1947.1667	99.65029	3.666666	0.18764924	False
GAGCCTGCACGCCACA	114	3075.0	98.30895089470202	99.82114613671448	100.00000793953315	100.00000793953315	3074.0	99.96748	0.0	0.0	1.0	0.032520328	True
AGGTCATCACGCACCA	110	3077.0	98.34254143646409	99.87000324991875	100.0	100.0	3075.0	99.935	0.0	0.0	2.0	0.06499837	True
ACTGTGAGTCCGGATC	701	883.0	24.61351886639666	35.93854623371932	48.13018474852304	82.10527203467792	10.5	1.1891279	1.0	0.11325028	871.5	98.697624	True
CAGCGTGCAAATGGAT	1197	1684.0	25.593802696754548	34.46158165343428	46.338070518537336	66.38067118834405	3.333333	0.1979414	1679.1667	99.71299	1.5	0.089073636	False
TACCGAACAGATTCGT	395	436.0	27.09788051220255	38.56577042045943	61.50155023697319	100.0	2.833333	0.64984703	0.833333	0.19113141	432.33334	99.15903	True
AACAAAGCACTGCGAC	1213	1747.9999	25.151416441811907	35.01125798502669	47.44831459842423	67.60524410783698	0.333334	0.019069452	1745.1666	99.83791	2.5	0.1430206	False
TTTGGTTGTCCAAAGG	745	1009.0	25.585430996295365	36.08569373787047	49.849441546366194	79.5818552670476	5.5	0.54509413	3.0	0.2973241	1000.5	99.157585	True
ATCCCTGTCGTTGTAG	88	3065.0	98.89070146818923	100.0	100.0	100.0	3063.0	99.934746	0.0	0.0	2.0	0.065252855	True
CCTCACACACTCAGAT	729	1356.0	47.07119074527153	56.731955967553795	66.59289035981388	88.71678018183432	681.0	50.22124	666.0	49.115044	9.0	0.6637168	True
ACAGAAAGTGTTGATC	844	1162.0	26.481712615148716	36.20632637339884	48.45057354668817	74.26813219690973	7.833332	0.67412496	1.666666	0.14343081	1152.5	99.18244	True
AGTTCCCCATGAAGCG	63	2978.0002	99.66419599325752	99.99999180186015	99.99999180186015	99.99999180186015	2976.0002	99.932846	0.0	0.0	2.0	0.06715916	True
GGGCTCAAGAATCTAG	778	2299.0	70.81344976906446	75.20666747586759	80.0566058353582	93.10576734071405	1487.5001	64.70205	808.3333	35.160213	3.166666	0.13774101	True
GACATCACATGTTCGA	619	1151.0001	54.73415397955582	61.68463182490769	70.37272913159752	96.35014007860013	0.333333	0.028960291	1148.3333	99.768295	2.333333	0.20272222	False
AAAGGGCAGAGTGGCT	1289	1998.0	22.92241925963697	32.93242590751898	45.79528641276413	66.31580317210462	0.5	0.025025025	1997.5	99.974976	0.0	0.0	False
TTCGATTCAGGAATAT	474	505.0	25.55084369606359	35.451832000098136	55.253811629709084	99.99995769841424	5.333333	1.0561055	2.333333	0.46204612	497.33334	98.48185	True
AGAAGTAAGCGCATCC	439	546.0	39.751481835222066	49.46338807270204	67.77840638772035	99.99995528559981	5.833333	1.0683761	2.333333	0.42735034	537.8333	98.50427	True
CAGCAGCGTCCACACG	334	420.0	40.761430396878254	52.66619403166185	76.47572493427457	100.00002179827325	1.999999	0.47619027	0.0	0.0	418.0	99.5238	True
CTAACTTGTGTGATGG	100	2846.0	98.41883345045677	100.0	100.0	100.0	2843.0	99.89459	0.0	0.0	3.0	0.105411105	True
GGTGAAGCAGGACTTT	795	2413.0	67.88231467237037	73.06258976318959	79.07170886853989	91.50436908650605	1440.5	59.69747	970.0	40.19892	2.5	0.10360547	True
TCAGTGAGTGTGCCTG	1121	1749.0001	25.470466177315306	36.56660717862674	49.830748732709324	70.55262458114674	0.833333	0.047646254	1745.3333	99.790344	2.833333	0.1619973	False
CGGGTCATCGTAGGAG	1279	1833.0	22.340412992041585	31.805773481511068	44.46261107619634	65.08451590514102	3.166667	0.1727587	1826.9167	99.66813	2.916667	0.15911986	False
CAATTTCTCACAATGC	272	281.0	32.11553793427686	49.909136887860484	85.49632936485311	100.00001086034926	1.5	0.5338078	0.0	0.0	279.5	99.466194	True
AGGAAATCACTTGGCG	1102	1764.0	29.902273850371262	40.27642422813531	52.615806431901824	72.17363437461486	0.833333	0.047241103	1760.5834	99.80631	2.583333	0.14644745	False
CGCATGGAGCCACAAG	1136	1512.0	21.216933835457912	30.806882473881224	44.03439783722373	65.9391640862624	1.583333	0.10471779	1503.8333	99.45987	6.583333	0.43540564	False
ATGGGAGCAAGTGGAC	447	513.0	37.31196884231867	47.47351275849228	66.96669478488374	99.99997620461178	5.666666	1.1046133	0.666666	0.12995438	506.66666	98.765434	True
AGATAGATCCGGCAAC	552	1975.0	78.48046702904122	81.92350330127408	86.98679193691063	99.61968472127931	1418.0	71.79747	552.5	27.974684	4.5	0.2278481	True
ACTTCCGCACTCTCGT	735	983.0	26.14445574771109	38.11461719346071	52.10240966548512	82.62122960444748	12.433333	1.2648355	4.033333	0.41030854	966.5333	98.32485	True
AATAGAGCAAAGTGTA	1182	1816.0	24.168898795819874	35.31058815684523	48.278644600629256	68.50099867725847	3.166666	0.17437588	1809.0833	99.61912	3.749999	0.20649776	False
CATGCGGTCGCCAGTG	883	1297.0	35.65570399235842	43.75131235010032	54.66387225702947	77.79417512790326	1.5	0.11565151	1283.3333	98.94628	12.166666	0.9380622	False
ACACTGAAGTATGACA	367	408.0	34.486523796530335	46.741425757314644	71.25122967888328	100.00000747979855	3.5	0.85784316	0.0	0.0	404.5	99.14216	True
TGGCGTGTCCGGTAAT	745	995.0	28.523217373291175	39.36000870072968	51.45412110269848	81.60486995494625	10.083333	1.0134003	0.333333	0.0335008	984.5833	98.953094	True
GTAGGAGTCCCAGTGG	735	1507.0	55.8055804997284	62.57399347089988	70.33776129077306	90.24485826480684	0.333333	0.022118976	1498.3333	99.4249	8.333333	0.55297494	False
TTCTAACAGAGCCGAT	617	827.0	31.254221997139247	42.70224865421938	54.84079163834781	91.11647889073389	7.333332	0.886739	1.333333	0.16122527	818.3333	98.952034	True
CAGGTATAGCAGTACG	732	1177.0	34.758970792839854	44.847570287653426	57.33683987270256	82.82536739063585	5.333333	0.4531294	1.833333	0.15576321	1169.8333	99.391106	True
GACGTTAAGCCGCTTG	111	2649.0	97.99925384565333	99.81125870966541	100.00000921633334	100.00000921633334	2645.6667	99.87417	0.0	0.0	3.333333	0.12583363	True
AGGCATTAGTTACGAA	815	1067.0	30.08341682051303	39.64293056646695	51.26429735828144	79.38051425814591	0.833333	0.07810056	1060.5833	99.39862	5.583333	0.52327394	False
ATCGGATGTTAGGGAC	59	2704.0002	99.90754437869822	100.0	100.0	100.0	2704.0002	100.0	0.0	0.0	0.0	0.0	True
CAATTTCAGTCTTGGT	292	339.0	35.10036412241888	49.849626659292035	79.34815173303835	100.0	2.5	0.7374631	0.5	0.14749262	335.99997	99.115036	True
AGGTAGGAGTGCCTCG	270	301.0	34.54502143733129	51.15631711839441	84.37890848052066	99.99998986126973	2.0	0.66445184	0.0	0.0	299.0	99.33555	True
GTTACGAAGTATGAGT	625	732.0	25.00357705979026	35.950234676801394	49.61143458441486	90.59503430725526	2.833333	0.38706735	2.666666	0.36429864	726.5	99.248634	True
CGGTCAGAGATTAGAC	1190	1789.0001	24.364115383662735	34.53298965322822	47.333432545307765	68.13777418140057	1.999999	0.11179424	1782.8333	99.65529	4.166666	0.23290473	False
CCTAACCCATGTCGTA	767	2196.0	68.57015259794728	73.42746869779283	79.32607381609823	92.98728055825063	1349.5	61.45264	844.25	38.4449	2.25	0.10245901	True
ATCATTCCACTCATAG	269	407.0	51.34257483649288	63.62758804265712	88.19761445498563	100.0	2.5	0.6142506	0.0	0.0	404.49997	99.38574	True
GCTGGGTGTTGGCTAT	1096	1479.0	26.571359948893896	36.84857258642932	50.24726456074091	70.85803282774718	2.0	0.1352265	1473.5	99.62813	3.5	0.23664638	False
CACGTTCTCCCGTGTT	783	1598.0	41.92701967547325	51.897815231686096	64.72635472074468	84.54279702655664	5.833333	0.36503962	1.0	0.06257822	1591.1666	99.57238	True
CTCCACATCTACACAG	362	351.00003	26.36507063472922	40.61008735679994	69.10012080094137	100.00003477787286	4.666665	1.3295342	1.499999	0.42735013	344.83334	98.24311	True
TTTGGTTCAGCGTATT	673	866.0	25.041471843971003	36.58881934451052	49.93742486014419	84.5794585518371	8.666666	1.0007697	4.999999	0.57736707	852.3333	98.42186	True
TCACACCGTGGGAGAG	1057	1617.0	29.10326954497507	39.86393799823213	52.47987368097788	72.23250798836006	1.0	0.061842922	1613.5	99.783554	2.5	0.1546073	False
GGGCTCAGTTGACGGA	47	2545.0	100.0	100.0	100.0	100.0	2544.0	99.96071	0.0	0.0	1.0	0.03929273	True
CTGAGCGCACCCTATC	802	2107.0002	67.29949352685374	72.04557910702678	77.36119495682058	91.59945169733972	1290.5	61.248215	814.5	38.656853	2.0	0.09492168	True
ATCGTGACAGCAGACA	825	2182.0	66.68193198768017	71.2648849467338	76.35196273128332	90.10082160844418	1322.5001	60.60954	857.5	39.29881	2.0	0.091659024	True
CACTAAGAGGTTCTTG	774	2130.0	67.4178635578958	72.30047715181094	77.69954004119674	91.78405192655102	1287.5	60.44601	841.5	39.507042	1.0	0.04694836	True
TCACACCCAGTATTCG	716	805.99994	25.035163322976807	37.44209713497862	50.19729248092521	87.41808823748795	10.5	1.3027296	2.25	0.27915636	793.25	98.41812	True
CTCAGGGAGCCAACCC	313	1617.0	86.88930117501546	90.01236858379715	96.19666048237477	100.0	1226.0	75.81942	374.0	23.129251	17.0	1.0513296	True
AGGCTGCGTAATTGGA	1045	1608.0	28.046667753760495	38.556618002516714	51.491941385601294	72.1387113504742	1.333333	0.08291872	1604.3334	99.77197	2.333333	0.14510778	False
ATCCTATAGGCCATAG	1103	1498.0	26.43524915017298	35.04673182788085	48.06408936395087	68.6248387029743	2.0	0.13351135	1492.5	99.63284	3.5	0.23364486	False
TCCGTGTTCCCTCAAC	756	2146.0	67.75390636554307	73.11271588707729	79.26369725092526	93.24320035057973	1281.8333	59.73128	861.3333	40.13669	2.833333	0.13202856	True
CGTGAATTCATCGGGC	1103	1601.0	24.046854787587776	34.03643458976528	46.778465061743475	68.33165667764156	0.333333	0.020820297	1598.3334	99.83344	2.333333	0.14574222	False
TCGGATAGTGTTCCTC	1116	1370.0	21.0948935742521	30.364969870897678	42.457433086733396	64.35525111030562	573.3334	41.84915	792.8334	57.871048	3.833333	0.27980533	False
TGGGAGAAGTCTACCA	762	2134.0	66.77601705644133	71.97751777799489	78.16308620362614	92.22119626187897	1250.3334	58.59107	881.3333	41.299595	2.333333	0.109340824	True
GGGTGTCCAATTGCAC	692	2105.0	70.07124498134499	74.86934418732554	80.52253858436264	94.77431840410685	1279.5	60.783844	825.0	39.192398	0.5	0.023752969	True
CCGGGTAAGGGTTTCT	62	2493.0	99.75932611311673	100.0	100.0	100.0	2492.0	99.959885	0.0	0.0	1.0	0.040112313	True
GAGGGTAAGTCCGCGT	334	418.0	36.59810798330294	48.55982959803315	72.48327282749356	99.99999269914453	3.833333	0.9170653	0.333333	0.079744734	413.8333	99.00318	True
AGAACCTCAACTGAAA	967	1252.0	25.079869766966606	34.39826843456719	48.330629976412744	72.29229131826578	0.333333	0.02662404	1248.8333	99.74707	2.833333	0.22630456	False
TTGTGGAGTGCATTTG	744	2009.0	68.7407380042097	73.56901576409987	78.5963977615113	93.52921557560465	1244.0	61.921352	764.75	38.066204	0.25	0.012444002	True
ACTACGAGTCAAGGCA	290	364.0	41.50814710481197	55.24441314435907	82.71694522345327	100.00001676790289	2.5	0.6868132	1.5	0.41208795	360.0	98.9011	True
CATGCCTGTGGAACCA	413	1615.0001	81.05208346560775	84.14806056988957	90.34001477845321	100.0000604683028	1248.9999	77.33745	365.0	22.600618	1.0	0.0619195	True
TAAGCACGTAGAGTTA	508	677.0	33.475666042701704	43.11331468741032	57.88436210018257	99.6957077683863	4.5	0.66469723	0.0	0.0	672.5	99.335304	True
TACCGGGGTCCAGGTC	500	737.0	42.42909404283625	52.101791568171215	65.6703125993788	99.99997515529596	1.5	0.20352781	735.5	99.79647	0.0	0.0	False
CACAACATCACTGGTA	623	676.0	31.089729641295598	41.27174084395745	56.06464292350506	98.00252483345795	4.083333	0.60404336	2.083333	0.30818534	669.8334	99.087776	True
CTCATGCGTGTCCCTT	422	462.0	30.735164250901704	41.55767149898925	63.20268929793146	99.99999339446579	4.5	0.97402596	1.0	0.21645021	456.5	98.809525	True
GGGACAATCGTGGGTC	899	1291.0	25.329199773862637	35.76836635613911	49.26106809338577	72.4988660510579	15.333331	1.1877096	4.999999	0.3872966	1270.6667	98.425	True
GGTTGTAGTAGCTTTG	738	2006.0	67.74675559827136	72.73180016032225	78.29012484700897	93.24525853316159	1212.5	60.44367	792.5	39.50648	1.0	0.04985045	True
ATTCGTTAGTTGGGAC	374	478.0	38.28339591671	48.743646294907684	69.66414385908797	99.99999361556984	3.833333	0.80195254	0.333333	0.06973493	473.83334	99.12831	True
CCGGTGAAGCTTCGTA	793	2065.0	67.07024963597611	72.10657163030211	78.15984325809778	92.68769516480742	1220.5	59.104115	843.3334	40.83939	1.166666	0.05649714	True
GGGCCATGTATGTCAC	89	2367.0	98.90156316011829	100.0	100.0	100.0	2367.0	100.0	0.0	0.0	0.0	0.0	True
AACGGGAGTCCAGCCA	1177	1415.0	18.998825622901673	27.42540617720801	41.27699986809502	62.5878636887484	2.833333	0.20023555	1407.8333	99.493515	4.333333	0.30624261	False
ATACCGACACCCAATA	359	336.0	30.00101588975094	44.88196378346226	74.64385502958069	99.99995458695794	1.0	0.29761904	1.5	0.4464286	333.5	99.25596	False
GCGTGCAAGCTGTCCG	574	754.0	29.955823181990453	42.683363259982684	55.96699099480651	95.75478700919527	4.5	0.59681696	3.0	0.397878	746.5	99.0053	True
CCCTAACTCGGAATGG	638	719.0	27.2253152457599	39.11682376075915	53.02503078285872	94.74965184915742	8.333333	1.1590171	0.333333	0.046360638	710.3334	98.794624	True
TGAGGAGGTGGCACTC	755	2029.0	66.83092708307889	72.00588825101642	78.31440030889975	93.1000036458641	1205.0	59.388863	824.0	40.611137	0.0	0.0	True
AGGCATTCAGCGTACC	341	394.0	35.130825139544335	47.82118046949358	73.20189500218115	100.0	1.5	0.38071066	2.0	0.5076142	390.5	99.11168	False
AGTGATCCAAATAAGC	267	279.0	30.101455622688146	48.02259788129276	83.86488786760141	99.99998906180116	5.0	1.7921147	0.0	0.0	274.0	98.207886	True
ATCATTCAGCCGTCGT	39	2407.0	100.0	100.0	100.0	100.0	2406.0	99.95846	0.0	0.0	1.0	0.04154549	True
GACAGCCCACGGAAGT	296	446.0	50.76584751830507	61.97660985014364	84.39813451382076	100.0	4.333333	0.9715993	1.333333	0.2989536	440.3333	98.72945	True
TCACAAGAGAATTCAG	76	2312.0	99.13494809688581	100.0	100.0	100.0	2311.5	99.97838	0.0	0.0	0.5	0.021626297	True
GTGTCCTTCACTTATC	68	2393.0	99.45674885081488	100.0	100.0	100.0	2393.0	100.0	0.0	0.0	0.0	0.0	True
CCAAGCGCATCCGAGC	324	352.0	41.074325667552685	55.27887481660188	83.68797744958465	100.00001733953754	2.5	0.7102273	2.5	0.7102273	347.0	98.579544	False
ACGGTCGGTAAGCGGT	421	1618.0001	79.85168680009956	83.64237826520241	89.82284937976121	100.00003017808162	1138.5	70.36464	479.5	29.63535	0.0	0.0	True
CGAAGGAGTCAATCTG	335	387.0	38.35049414819525	51.27039078902212	77.11018407067587	100.00000788567911	4.333333	1.1197243	0.333333	0.086132556	382.3333	98.794136	True
TCATTGTGTCTGTGCG	412	531.0	40.29084976110081	49.98952862008592	68.82192033383356	99.9999885056203	3.833333	0.7219083	1.083333	0.20401752	526.0833	99.07407	True
CCCGAAGCAGCTACCG	760	1019.0	31.794943917136898	42.19729916738223	53.58100868651865	83.02163675325073	0.0	0.0	1010.8333	99.198555	8.166666	0.8014392	False
TGGGAGAAGCCTCTGG	1036	1326.0	26.149359973023007	34.444988206770965	47.69913968023645	70.32358031773089	1.916667	0.14454502	1322.9166	99.76747	1.166667	0.087983936	False
CACAGGCGTGTACGCC	686	1859.0001	67.9935136632995	73.07688948701929	78.59060400481059	94.72830503249241	1109.5	59.68262	746.0	40.129097	3.5	0.18827325	True
GAGCCTGGTGACACAG	951	1268.0	29.337382575927872	38.40678233373192	50.63075592033739	74.29005963634795	1.999999	0.15772863	1263.75	99.664825	2.249999	0.17744471	False
GGGACCTGTTATGACC	270	405.0	53.99038085865018	66.33605703366557	91.02741691890137	100.00000753520504	1.5	0.37037036	0.0	0.0	403.5	99.62963	True
GGGTATTGTCTCGACG	71	2179.0	99.44928866452501	100.0	100.0	100.0	2178.0	99.9541	0.0	0.0	1.0	0.04589261	True
AAGACTCTCACCTCGT	759	1732.0	64.60741306768794	70.20787693503891	75.98155102509145	93.30257329524908	1082.5	62.5	648.5	37.442265	1.0	0.05773672	True
ATCGGATGTACTGACT	3418	17767.998	63.53619063238688	68.15203684291986	73.03607499261312	79.78954220719834	3.666666	0.020636348	17750.666	99.90245	13.666666	0.076917306	False
CGGTCAGAGGCTGTAG	410	1749.0	83.53341623504107	86.39219208014399	92.10974377034985	99.99997208226713	1121.6666	64.13188	626.5	35.82047	0.833333	0.047646258	True
AACGTCACACGGTAGA	306	362.0	40.14321261128169	53.955369636218606	81.57968790122824	100.00000843027162	7.333333	2.0257826	2.333333	0.64456713	352.3333	97.32964	True
CCACACTGTCGACTTA	531	935.99994	56.06889277603979	62.49893302598396	73.18269301307268	99.69367004827059	0.5	0.053418808	902.5	96.420944	33.0	3.5256412	False
