AATGATTAGCGGAAGG-1	9722	0.0	0.0	2.555032994330842e-15	0.20197044334975364
ACGGAGCCTGACTGGA-1	9689	0.0	0.0	2.2620503444850187e-12	0.2544378698224852
ACTACCAACGACTCTG-1	10193	0.0	0.0	2.555032994330842e-15	0.20197044334975364
AGCCTGCGGTTCTACC-1	9598	0.0	0.0	5.945069081669663e-14	0.22580645161290316
ATGCAGCGAACTTAGT-1	9938	0.0	0.0	5.945069081669663e-14	0.22580645161290316
CAGCCCCAATTTCACA-1	10104	0.0	0.0	2.555032994330842e-15	0.20197044334975364
CGAGCAATAGAGGTGG-1	10369	0.0	0.0	5.945069081669663e-14	0.22580645161290316
GAGTAAACGCTGTGCT-1	9685	0.0	0.0	2.555032994330842e-15	0.20197044334975364
GCAATTCTGCTTTAGC-1	10258	0.0	0.0	5.945069081669663e-14	0.22580645161290316
GCGACACGCCGGGCAC-1	10461	0.0	0.0	5.945069081669663e-14	0.22580645161290316
GTTGCGGTTCCGCTCG-1	9848	0.0	0.0	1.5746945186398118e-10	0.28947368421052627
TGAATTTGACCACCAC-1	10058	0.0	0.0	5.945069081669663e-14	0.22580645161290316
