barcode	total_fragments	valid_fragments(<=900bp,autosomes)	overlap_regions>2	mean_overlap_regions	poisson_sf_pvalue
AACATGGAGCGCCGGG-1	9969	9365	250	0.25	0.0
AAAAAAACTCGGGTAC-1	9935	9303	0	0.25	0.22119921692859512
AAAAAAGCCAGCACCT-1	9698	9077	0	0.25	0.22119921692859512
AAAAGGCGTAAGGTCT-1	10166	9590	0	0.25	0.22119921692859512
AAAATTTGATATAATG-1	10454	9813	0	0.25	0.22119921692859512
AAACACAATAAGTGGT-1	9833	9225	0	0.25	0.22119921692859512
AAACAGCGCAATACAG-1	10304	9657	0	0.25	0.22119921692859512
AAACCAGCTTCGTCGT-1	9387	8815	0	0.25	0.22119921692859512
AAACCGTTACCCTTCT-1	10067	9407	0	0.25	0.22119921692859512
AAACTAGGGCGTGACG-1	10286	9654	0	0.25	0.22119921692859512
AAAGAGCATCGAAACC-1	9894	9273	0	0.25	0.22119921692859512
AAAGCTTACGGCTCAT-1	9687	9105	0	0.25	0.22119921692859512
AAATAAGATTCCTGCG-1	9796	9218	0	0.25	0.22119921692859512
AAATATCCGCACTAAA-1	9899	9279	0	0.25	0.22119921692859512
AAATCCGGTAGTGCCG-1	9950	9346	0	0.25	0.22119921692859512
AACAAATGTCTGCAAC-1	10474	9846	0	0.25	0.22119921692859512
AACAATAAAAACACGC-1	10227	9593	0	0.25	0.22119921692859512
AACACATACGCCAGTT-1	9880	9279	0	0.25	0.22119921692859512
AACACCCCCCAGGCTG-1	9928	9347	0	0.25	0.22119921692859512
AACACTCGCAACGAGA-1	9442	8831	0	0.25	0.22119921692859512
AACCAGTCACGACTAC-1	9951	9395	0	0.25	0.22119921692859512
AACCATCGCCCAAGTC-1	9895	9298	0	0.25	0.22119921692859512
AACCCTCTTACTTGGA-1	10154	9520	0	0.25	0.22119921692859512
AACCGAGCGTACCTCT-1	10089	9473	0	0.25	0.22119921692859512
AACCTATTCACCAATC-1	10110	9479	0	0.25	0.22119921692859512
AACCTCTCCCCCGGTT-1	9768	9187	0	0.25	0.22119921692859512
AACCTGCCCCTGCCTG-1	9784	9201	0	0.25	0.22119921692859512
AACGCAATAACTAGGT-1	10042	9407	0	0.25	0.22119921692859512
AACTATCAGATCATAT-1	10459	9762	0	0.25	0.22119921692859512
AACTATTGAGACATTT-1	10372	9754	0	0.25	0.22119921692859512
AACTGATACCCTTATT-1	9496	8897	0	0.25	0.22119921692859512
AACTGGATCTACTCGG-1	10401	9733	0	0.25	0.22119921692859512
AACTGGGTTAGGTAAA-1	10004	9337	0	0.25	0.22119921692859512
AAGACTGGGAAAACGC-1	9810	9198	0	0.25	0.22119921692859512
AAGATTTTACGTCTGA-1	10073	9439	0	0.25	0.22119921692859512
AAGCAAGCCTACGTCG-1	9827	9185	0	0.25	0.22119921692859512
AAGCCTGGCACGAGGG-1	10037	9423	0	0.25	0.22119921692859512
AAGCGCAGTATACCCC-1	10165	9537	0	0.25	0.22119921692859512
AAGCTATAGAACCTCA-1	9880	9248	0	0.25	0.22119921692859512
AAGCTCATAACGTGTA-1	9885	9256	0	0.25	0.22119921692859512
AAGCTTCCACCTATAG-1	10120	9443	0	0.25	0.22119921692859512
AAGGGGATACACTTCT-1	10180	9541	0	0.25	0.22119921692859512
AAGGGGATACGAGTGA-1	9915	9300	0	0.25	0.22119921692859512
AAGGTAATCCCCGCGT-1	10092	9488	0	0.25	0.22119921692859512
AAGGTCAAGAAGTTAT-1	9884	9283	0	0.25	0.22119921692859512
AAGGTCTTGAGCCTGC-1	9935	9285	0	0.25	0.22119921692859512
AAGGTGGGTAAGAGCG-1	9956	9335	0	0.25	0.22119921692859512
AAGTAATAACTATAGA-1	10028	9368	0	0.25	0.22119921692859512
AAGTAGCCGGGAGTTA-1	9814	9195	0	0.25	0.22119921692859512
AAGTCAACCATTGTTG-1	10067	9448	0	0.25	0.22119921692859512
AATACGGAGTTCACAT-1	9989	9383	0	0.25	0.22119921692859512
AATAGCCGAAGGTCGC-1	9884	9263	0	0.25	0.22119921692859512
AATCCGAGCTGCGCCG-1	9557	8955	0	0.25	0.22119921692859512
AATCCGCGTTGAACCT-1	10181	9544	0	0.25	0.22119921692859512
AATCGAGAGCCCATAT-1	9992	9357	0	0.25	0.22119921692859512
AATCGATTATTTGACG-1	9788	9170	0	0.25	0.22119921692859512
AATCGGGTGTCCCGGT-1	9811	9194	0	0.25	0.22119921692859512
AATCTATAAGTCAGAG-1	9791	9134	0	0.25	0.22119921692859512
AATCTTAGGGTATTCT-1	10096	9438	0	0.25	0.22119921692859512
AATGACAAATTAGTTA-1	10139	9474	0	0.25	0.22119921692859512
AATGACAATCGATTGA-1	9980	9340	0	0.25	0.22119921692859512
AATGATCTTCCTTAGT-1	10234	9575	0	0.25	0.22119921692859512
AATGATTAGCGGAAGG-1	9722	9130	0	0.25	0.22119921692859512
AATGCCCTTCGTAAAC-1	9834	9223	0	0.25	0.22119921692859512
AATGGCCGGCGTTGAT-1	9726	9109	0	0.25	0.22119921692859512
AATGGGCCCGAGGAGT-1	10028	9420	0	0.25	0.22119921692859512
AATGGTTTGGCTCTAG-1	10023	9393	0	0.25	0.22119921692859512
AATTCATGTTATTATG-1	10319	9641	0	0.25	0.22119921692859512
AATTGCCGCGCCCATT-1	9760	9151	0	0.25	0.22119921692859512
AATTGCTTACCGCCAC-1	9862	9228	0	0.25	0.22119921692859512
AATTGGTCAAGGCGTC-1	10174	9505	0	0.25	0.22119921692859512
AATTTAGTCGCACTTG-1	9577	8963	0	0.25	0.22119921692859512
ACAACCTACAGCCCTA-1	10250	9654	0	0.25	0.22119921692859512
ACAAGCAGTCAGTCTC-1	10150	9545	0	0.25	0.22119921692859512
ACACAATTTACAGTTC-1	9581	8958	0	0.25	0.22119921692859512
ACACCAGAAGCGCCCG-1	9313	8783	0	0.25	0.22119921692859512
ACACCTGTAAAGAGTT-1	10305	9645	0	0.25	0.22119921692859512
ACATCACTTCCATTTC-1	10525	9840	0	0.25	0.22119921692859512
ACATCAGCGCGTGGCG-1	10213	9532	0	0.25	0.22119921692859512
ACATCATTCTCGTGGA-1	10058	9446	0	0.25	0.22119921692859512
ACATGAAGGGACCTAA-1	9520	8893	0	0.25	0.22119921692859512
ACATGTCAGCGCTGGT-1	10425	9764	0	0.25	0.22119921692859512
ACATTATCGTAGGCCT-1	10173	9542	0	0.25	0.22119921692859512
ACATTGAGCTTAAAGT-1	9937	9347	0	0.25	0.22119921692859512
ACCAAAAACTACGAGG-1	9723	9126	0	0.25	0.22119921692859512
ACCAAAAGTTATCGGT-1	10091	9460	0	0.25	0.22119921692859512
ACCAAGCAGAGCACCC-1	9907	9307	0	0.25	0.22119921692859512
ACCACGGAGATCCGCG-1	10008	9349	0	0.25	0.22119921692859512
ACCATCATTTCACAAT-1	9975	9363	0	0.25	0.22119921692859512
ACCCTTTGCGTCGTCA-1	9956	9332	0	0.25	0.22119921692859512
ACCGCAGACCGGTAAT-1	9747	9153	0	0.25	0.22119921692859512
ACCGCCATGTAATACT-1	10109	9439	0	0.25	0.22119921692859512
ACCGGGCCGAGCACAC-1	10163	9523	0	0.25	0.22119921692859512
ACCGGTGGACATTACC-1	9564	8921	0	0.25	0.22119921692859512
ACCGGTGGAGGACGGT-1	10030	9447	0	0.25	0.22119921692859512
ACCTATAATTTGTAAC-1	9132	8552	0	0.25	0.22119921692859512
ACCTCAGTTATCGGTC-1	10149	9513	0	0.25	0.22119921692859512
ACCTTGCGTACAACTC-1	9780	9198	0	0.25	0.22119921692859512
ACGAACCGTCCCCTTA-1	10433	9814	0	0.25	0.22119921692859512
ACGAATCCTTGAGAAG-1	9875	9257	0	0.25	0.22119921692859512
ACGACGATCAGACAGT-1	10434	9783	0	0.25	0.22119921692859512
ACGACGTCATATAAAT-1	10009	9385	0	0.25	0.22119921692859512
ACGAGGCCTTCCGCAC-1	10166	9556	0	0.25	0.22119921692859512
ACGCCGTTTGCGATTA-1	9635	9018	0	0.25	0.22119921692859512
ACGCCTTCTACTTATT-1	9936	9308	0	0.25	0.22119921692859512
ACGCTTCCGGTTGGTG-1	9647	9045	0	0.25	0.22119921692859512
ACGGAGCCTGACTGGA-1	9689	9116	0	0.25	0.22119921692859512
ACGGCTCATAATAGGT-1	10024	9418	0	0.25	0.22119921692859512
ACGTGCGGCCAAGTCT-1	10433	9784	0	0.25	0.22119921692859512
ACTAACTAACAGTGCA-1	9735	9143	0	0.25	0.22119921692859512
ACTACCAACGACTCTG-1	10193	9547	0	0.25	0.22119921692859512
ACTACTGGCGGCACAG-1	9833	9202	0	0.25	0.22119921692859512
ACTATCGTGGCACCAG-1	10045	9399	0	0.25	0.22119921692859512
ACTATTTCCTTGTCGC-1	9319	8800	0	0.25	0.22119921692859512
ACTCTAAAAACATCAA-1	10204	9566	0	0.25	0.22119921692859512
ACTCTATAATAGTACT-1	9792	9205	0	0.25	0.22119921692859512
ACTCTATAATTCTCCT-1	9358	8766	0	0.25	0.22119921692859512
ACTCTGTATACGAGCG-1	9562	8987	0	0.25	0.22119921692859512
ACTCTTGTAGCACGGG-1	9830	9232	0	0.25	0.22119921692859512
ACTGACGGGACATATG-1	10069	9391	0	0.25	0.22119921692859512
ACTGCAGTCGATTTAG-1	9746	9174	0	0.25	0.22119921692859512
ACTGCCCATAAACAGA-1	9989	9381	0	0.25	0.22119921692859512
ACTTCATCATGACTTC-1	10484	9853	0	0.25	0.22119921692859512
ACTTCCACGCGAGACG-1	9469	8882	0	0.25	0.22119921692859512
ACTTCCTGTGATAATA-1	10065	9431	0	0.25	0.22119921692859512
ACTTCTTACGCTCTCA-1	10724	10034	0	0.25	0.22119921692859512
ACTTTCACGGAGGCGT-1	9736	9102	0	0.25	0.22119921692859512
ACTTTCGAGACCCAAG-1	10501	9870	0	0.25	0.22119921692859512
AGAAGCGCACGATACA-1	9740	9073	0	0.25	0.22119921692859512
AGACCATTCCTCCTCA-1	9842	9231	0	0.25	0.22119921692859512
AGAGAAACCGCCGCGT-1	9490	8931	0	0.25	0.22119921692859512
AGAGATAGTAACACTC-1	9825	9213	0	0.25	0.22119921692859512
AGAGCCCCCATACACC-1	10263	9603	0	0.25	0.22119921692859512
AGAGCCCTTGGTTGTT-1	9970	9352	0	0.25	0.22119921692859512
AGAGGCGAACTAGTTA-1	10207	9585	0	0.25	0.22119921692859512
AGAGGGAACTCAGCTA-1	9932	9341	0	0.25	0.22119921692859512
AGAGTTTCGGGTCGGG-1	10301	9665	0	0.25	0.22119921692859512
AGATAAACCAGTCAAA-1	10019	9409	0	0.25	0.22119921692859512
AGATAATAGCCCCGGG-1	10205	9589	0	0.25	0.22119921692859512
AGATAATAGTGCTGGT-1	9874	9246	0	0.25	0.22119921692859512
AGATATACCTCAGTAA-1	9757	9162	0	0.25	0.22119921692859512
AGATCGGGCTATATCG-1	9995	9406	0	0.25	0.22119921692859512
AGCAATAGACGCTGGA-1	10304	9678	0	0.25	0.22119921692859512
AGCACGTTTTAATGCA-1	10102	9460	0	0.25	0.22119921692859512
AGCAGGCTCCCCGTCG-1	10036	9432	0	0.25	0.22119921692859512
AGCCATCGTGCATCTC-1	9911	9248	0	0.25	0.22119921692859512
AGCCGGTTAAGGCGCC-1	10151	9538	0	0.25	0.22119921692859512
AGCCTGCGGTTCTACC-1	9598	9009	0	0.25	0.22119921692859512
AGCGACATCGTTTTTA-1	10330	9660	0	0.25	0.22119921692859512
AGCGTATTCGCCAGGA-1	9849	9209	0	0.25	0.22119921692859512
AGCGTCGCTGAGTACG-1	10126	9516	0	0.25	0.22119921692859512
AGCGTGGGCAACTCGT-1	9545	8977	0	0.25	0.22119921692859512
AGCGTGGGTTTTTTGT-1	10162	9550	0	0.25	0.22119921692859512
AGCTCACCAGTGGGAA-1	9952	9326	0	0.25	0.22119921692859512
AGCTCTGCGGCTTGCA-1	9768	9153	0	0.25	0.22119921692859512
AGCTTCTAAAGACTTC-1	9882	9302	0	0.25	0.22119921692859512
AGCTTTATCCAGAATC-1	10125	9514	0	0.25	0.22119921692859512
AGGAACCTGCATACAA-1	9766	9122	0	0.25	0.22119921692859512
AGGACCAGTTTCCGCT-1	9643	9015	0	0.25	0.22119921692859512
AGGATAGGTGGGGTCG-1	10065	9415	0	0.25	0.22119921692859512
AGGCACATTCGCGTAT-1	9641	9057	0	0.25	0.22119921692859512
AGGCCTAGGCGGCGTA-1	9969	9351	0	0.25	0.22119921692859512
AGGCGAGTGGCTCGGG-1	10251	9614	0	0.25	0.22119921692859512
AGGCGTAGGCTTTTTG-1	10142	9503	0	0.25	0.22119921692859512
AGGCTCGTCGCCCCTG-1	10004	9361	0	0.25	0.22119921692859512
AGGGAGATCCCTACTT-1	9941	9280	0	0.25	0.22119921692859512
AGGGAGTCGCGGGATA-1	9604	8995	0	0.25	0.22119921692859512
AGGGAGTGTACAATCC-1	9689	9045	0	0.25	0.22119921692859512
AGGGCTGACTAGTGTG-1	9954	9359	0	0.25	0.22119921692859512
AGGGTAGGAGCTCGTT-1	10191	9558	0	0.25	0.22119921692859512
AGGTCTTGTGTACACG-1	9979	9353	0	0.25	0.22119921692859512
AGGTGTTTAGGTGATG-1	10301	9639	0	0.25	0.22119921692859512
AGTAAAAATTTGAAGG-1	9388	8785	0	0.25	0.22119921692859512
AGTAAAGATAGCGCGC-1	10063	9437	0	0.25	0.22119921692859512
AGTAAATCGTCATCCG-1	9796	9134	0	0.25	0.22119921692859512
AGTACCGAACCATGTG-1	10230	9621	0	0.25	0.22119921692859512
AGTAGTCGGTGACCTC-1	10490	9812	0	0.25	0.22119921692859512
AGTATCAAACATCTTG-1	9848	9236	0	0.25	0.22119921692859512
AGTCAATCGGCTCCGT-1	9834	9263	0	0.25	0.22119921692859512
AGTCACTGAGAGAAGG-1	9600	8958	0	0.25	0.22119921692859512
AGTCACTTCCTTGTCT-1	9999	9358	0	0.25	0.22119921692859512
AGTCAGGGGATCATTT-1	10175	9551	0	0.25	0.22119921692859512
AGTCATTGGTTGGTTG-1	9306	8737	0	0.25	0.22119921692859512
AGTCTGCGTGAGTTGT-1	10503	9832	0	0.25	0.22119921692859512
AGTGAAGGGCAGAGTG-1	10358	9697	0	0.25	0.22119921692859512
AGTGACTAATAATAAT-1	10005	9374	0	0.25	0.22119921692859512
AGTGAGACACATACGA-1	10202	9576	0	0.25	0.22119921692859512
AGTGCAGGATAGTCGA-1	9503	8912	0	0.25	0.22119921692859512
AGTGCGACCAAACCCT-1	10261	9638	0	0.25	0.22119921692859512
AGTGCTTCCGAAAAGC-1	10468	9831	0	0.25	0.22119921692859512
AGTTCCCATTCCCTTT-1	10123	9482	0	0.25	0.22119921692859512
AGTTCGACTATCCTTT-1	10501	9861	0	0.25	0.22119921692859512
AGTTTCGTGTGGACTG-1	10360	9682	0	0.25	0.22119921692859512
ATAAGATGTGATCAGC-1	9633	8989	0	0.25	0.22119921692859512
ATAAGGGGTCCGACCT-1	10358	9695	0	0.25	0.22119921692859512
ATAATGTAACTATATG-1	10376	9754	0	0.25	0.22119921692859512
ATACTATAACTATTCA-1	10079	9452	0	0.25	0.22119921692859512
ATACTCTGTCCTGCTA-1	9992	9343	0	0.25	0.22119921692859512
ATACTGGTAGCAACAC-1	10255	9606	0	0.25	0.22119921692859512
ATAGCATAGTTAACGA-1	9872	9233	0	0.25	0.22119921692859512
ATAGCTTGCCTGTCAA-1	9901	9260	0	0.25	0.22119921692859512
ATAGGAGTAGAGTATT-1	10036	9404	0	0.25	0.22119921692859512
ATAGGGCATCCTAAGT-1	10553	9871	0	0.25	0.22119921692859512
ATATAGCCCACACGGA-1	9911	9250	0	0.25	0.22119921692859512
ATATCTCCCATCCAGT-1	10071	9482	0	0.25	0.22119921692859512
ATATTATTCACCGTGA-1	10220	9576	0	0.25	0.22119921692859512
ATCAACCCTAAGTATA-1	10085	9440	0	0.25	0.22119921692859512
ATCAATCTACAACATA-1	10014	9412	0	0.25	0.22119921692859512
ATCAGCTCGTTAACGA-1	9936	9273	0	0.25	0.22119921692859512
ATCATACTCAGGTTCC-1	10363	9711	0	0.25	0.22119921692859512
ATCATCTGTTGAACTA-1	9913	9288	0	0.25	0.22119921692859512
ATCCAAAACTACGGTG-1	9548	8913	0	0.25	0.22119921692859512
ATCCACCATTTAAAGA-1	9446	8860	0	0.25	0.22119921692859512
ATCCCGCGGCGGTGTA-1	10226	9595	0	0.25	0.22119921692859512
ATCCTAAGTATCCGCG-1	10224	9556	0	0.25	0.22119921692859512
ATCGATCCGTACTCTG-1	9968	9377	0	0.25	0.22119921692859512
ATCGCGCAGTCACATA-1	9907	9319	0	0.25	0.22119921692859512
ATCGCTACTATAGGAA-1	9844	9253	0	0.25	0.22119921692859512
ATCGGTGCGATGAGCT-1	9870	9220	0	0.25	0.22119921692859512
ATCTAGAGCGCCTCGA-1	10059	9467	0	0.25	0.22119921692859512
ATCTCCTCTATCTACG-1	9589	9009	0	0.25	0.22119921692859512
ATCTGACCACTTTGAA-1	10166	9527	0	0.25	0.22119921692859512
ATCTTCGCGCTAACAG-1	9898	9281	0	0.25	0.22119921692859512
ATCTTTGTCCACGATA-1	9998	9329	0	0.25	0.22119921692859512
ATGCACGAACCGACTC-1	10617	9926	0	0.25	0.22119921692859512
ATGCAGCGAACTTAGT-1	9938	9381	0	0.25	0.22119921692859512
ATGCCGGCACAAGCTT-1	10219	9572	0	0.25	0.22119921692859512
ATGCGCCGTCGAGAGT-1	10044	9402	0	0.25	0.22119921692859512
ATGCTAGCCTAACGTC-1	9553	8932	0	0.25	0.22119921692859512
ATGGACCTCGTTACCC-1	10246	9602	0	0.25	0.22119921692859512
ATGGAGTCCGAGAATG-1	10034	9430	0	0.25	0.22119921692859512
ATGGCAGGTCCCTGTT-1	9934	9344	0	0.25	0.22119921692859512
ATGGTAGGAGTGAAAC-1	9989	9332	0	0.25	0.22119921692859512
ATGGTGATTGAACGAC-1	9802	9194	0	0.25	0.22119921692859512
ATGTAACACTCATATT-1	10110	9412	0	0.25	0.22119921692859512
ATGTAAGCTGGTGATC-1	10130	9491	0	0.25	0.22119921692859512
ATGTAGCAATATCCAT-1	10191	9495	0	0.25	0.22119921692859512
ATGTTAGCGGAACGAT-1	10173	9474	0	0.25	0.22119921692859512
ATTAATTGGATTGGCT-1	10011	9350	0	0.25	0.22119921692859512
ATTACAACCGTAGGGT-1	10263	9624	0	0.25	0.22119921692859512
ATTACGTGAGTCCAAC-1	9542	8955	0	0.25	0.22119921692859512
ATTATGAATTTTATCG-1	10010	9333	0	0.25	0.22119921692859512
ATTCAGCAGTGCCAGC-1	10038	9352	0	0.25	0.22119921692859512
ATTCCTGGGAGTGTCG-1	9536	8941	0	0.25	0.22119921692859512
ATTGAGGTTTGTGAGC-1	10023	9430	0	0.25	0.22119921692859512
ATTGTAATCCTTGTGT-1	10100	9473	0	0.25	0.22119921692859512
ATTGTGCCGTGTTGTG-1	9643	9009	0	0.25	0.22119921692859512
ATTGTGTGGATAAGTT-1	9846	9220	0	0.25	0.22119921692859512
ATTTTAGCGTCCCATG-1	9959	9320	0	0.25	0.22119921692859512
CAAAAACCGTCCACGG-1	9967	9341	0	0.25	0.22119921692859512
CAAAACGATGATACAA-1	10061	9425	0	0.25	0.22119921692859512
CAAACCACTTTCTATC-1	9579	8997	0	0.25	0.22119921692859512
CAAACCTTGCATTCGC-1	9690	9074	0	0.25	0.22119921692859512
CAAATAACAGATCTCC-1	10014	9361	0	0.25	0.22119921692859512
CAACCTCTTCATTAGT-1	10098	9491	0	0.25	0.22119921692859512
CAACCTGGTAGAATCG-1	10005	9382	0	0.25	0.22119921692859512
CAAGAACTCAGGCTCT-1	9503	8931	0	0.25	0.22119921692859512
CAAGAGGGGTAAGCGC-1	10038	9397	0	0.25	0.22119921692859512
CAAGCGTAGATTGGTG-1	10291	9665	0	0.25	0.22119921692859512
CAAGTTCCCGTTAGTG-1	9969	9325	0	0.25	0.22119921692859512
CAATTGCACCAGAACC-1	10040	9414	0	0.25	0.22119921692859512
CACAATTTATACGTGG-1	10378	9757	0	0.25	0.22119921692859512
CACACACAGGCCGAGA-1	10075	9411	0	0.25	0.22119921692859512
CACACACGTAACTAAG-1	10065	9449	0	0.25	0.22119921692859512
CACAGACGACCGATGG-1	9778	9107	0	0.25	0.22119921692859512
CACAGCTGACGGATTA-1	9937	9310	0	0.25	0.22119921692859512
CACCTTTTACGCCAAT-1	10304	9661	0	0.25	0.22119921692859512
CACGCACTCTCGGTAC-1	10334	9691	0	0.25	0.22119921692859512
CACGCCGTACTTAGGG-1	10194	9547	0	0.25	0.22119921692859512
CACGCGTTGGTTAGGG-1	9941	9346	0	0.25	0.22119921692859512
CACGGACAGCCCGCCT-1	10778	10100	0	0.25	0.22119921692859512
CACGGTCCCGTTTGAT-1	9792	9164	0	0.25	0.22119921692859512
CACGGTTGACCTAGTG-1	10267	9603	0	0.25	0.22119921692859512
CACGGTTTTCATACAA-1	10528	9887	0	0.25	0.22119921692859512
CACTAATGTGCTTAGT-1	10088	9444	0	0.25	0.22119921692859512
CACTGGTCCACGAATA-1	10017	9339	0	0.25	0.22119921692859512
CACTGTTTTCATCGTC-1	10204	9592	0	0.25	0.22119921692859512
CAGACGCTGCCCAAGC-1	9583	9013	0	0.25	0.22119921692859512
CAGACGGCTTGAAATT-1	9766	9175	0	0.25	0.22119921692859512
CAGATAGTTTTCGGGT-1	9756	9134	0	0.25	0.22119921692859512
CAGATATCCAAGTCGC-1	10220	9569	0	0.25	0.22119921692859512
CAGATGCATGCGAAGC-1	10074	9453	0	0.25	0.22119921692859512
CAGATTACGGACCGTG-1	10082	9452	0	0.25	0.22119921692859512
CAGCAAAAAGATCAAT-1	9940	9314	0	0.25	0.22119921692859512
CAGCCCCAATTTCACA-1	10104	9449	0	0.25	0.22119921692859512
CAGCTGGTCGTTACTA-1	10027	9407	0	0.25	0.22119921692859512
CAGGAAGTCGAAAAAC-1	10095	9451	0	0.25	0.22119921692859512
CAGGTTACGACGTTAG-1	9870	9269	0	0.25	0.22119921692859512
CAGTAAGAACGCACTA-1	9264	8689	0	0.25	0.22119921692859512
CAGTAAGAATCTAACT-1	10178	9591	0	0.25	0.22119921692859512
CAGTATTGGATGCGAC-1	9766	9187	0	0.25	0.22119921692859512
CATAATATAGGATCAA-1	9898	9263	0	0.25	0.22119921692859512
CATACACATCTCACGA-1	9614	8998	0	0.25	0.22119921692859512
CATAGGTGAACCCGTC-1	9742	9126	0	0.25	0.22119921692859512
CATCACGGAACGCCAG-1	9652	9071	0	0.25	0.22119921692859512
CATCAGTCAACGTTTT-1	9554	8981	0	0.25	0.22119921692859512
CATCATTGTAGAGAGG-1	10248	9626	0	0.25	0.22119921692859512
CATCCCATCCCGGGTC-1	10520	9866	0	0.25	0.22119921692859512
CATCCGTACATCTGAC-1	9437	8841	0	0.25	0.22119921692859512
CATCTAATTGTTGTCG-1	9968	9338	0	0.25	0.22119921692859512
CATCTGACACCGCCGG-1	9708	9147	0	0.25	0.22119921692859512
CATCTGGAAAGTAGGC-1	10350	9737	0	0.25	0.22119921692859512
CATGTACCTGGATCTC-1	9921	9280	0	0.25	0.22119921692859512
CATGTCCAGTGTCCTT-1	10214	9552	0	0.25	0.22119921692859512
CATTACATCCGAGTGG-1	10413	9786	0	0.25	0.22119921692859512
CATTCCGATCGTTTCT-1	10550	9905	0	0.25	0.22119921692859512
CATTCTTGTGCTACAG-1	10307	9667	0	0.25	0.22119921692859512
CATTGCGCACGGCGAC-1	10118	9508	0	0.25	0.22119921692859512
CATTGGAATCCTTCGA-1	9960	9370	0	0.25	0.22119921692859512
CATTTCTTATGTAATT-1	10095	9468	0	0.25	0.22119921692859512
CCAAAAAATTACTGTG-1	9813	9239	0	0.25	0.22119921692859512
CCAAAAGGCTTTCAGT-1	10255	9601	0	0.25	0.22119921692859512
CCAAATAAAGTCGTTA-1	10565	9946	0	0.25	0.22119921692859512
CCAATAGCGAAGACTA-1	9973	9326	0	0.25	0.22119921692859512
CCACAAGGTGCTACTC-1	9297	8688	0	0.25	0.22119921692859512
CCACGATTCATCCACA-1	10519	9848	0	0.25	0.22119921692859512
CCAGCCGGATTGCCAT-1	10262	9593	0	0.25	0.22119921692859512
CCAGGTTCGGCTTGCA-1	10263	9647	0	0.25	0.22119921692859512
CCAGTAACTGTTTCTT-1	10125	9501	0	0.25	0.22119921692859512
CCAGTAGGTCCCGGAT-1	10174	9561	0	0.25	0.22119921692859512
CCAGTTACTGTATTGC-1	10052	9446	0	0.25	0.22119921692859512
CCATAGAACCAGTGGC-1	10224	9596	0	0.25	0.22119921692859512
CCATAGTTTATGATCG-1	10201	9561	0	0.25	0.22119921692859512
CCATCCTTTTGGTCAA-1	9780	9158	0	0.25	0.22119921692859512
CCATGGGCAGGCTCAT-1	9949	9337	0	0.25	0.22119921692859512
CCATGTATTGATATGA-1	10331	9677	0	0.25	0.22119921692859512
CCATTTCTGATGACTC-1	10191	9563	0	0.25	0.22119921692859512
CCCACATGAGTAATTT-1	10086	9455	0	0.25	0.22119921692859512
CCCAGGACGCGTGGCT-1	9937	9338	0	0.25	0.22119921692859512
CCCATATACAGTAACC-1	10367	9724	0	0.25	0.22119921692859512
CCCCCGTCTGGTACGT-1	10308	9655	0	0.25	0.22119921692859512
CCCCTAAAATAACGGC-1	10432	9766	0	0.25	0.22119921692859512
CCCCTATGAAGTCACA-1	9945	9270	0	0.25	0.22119921692859512
CCCCTTCGATGGGGGG-1	10133	9509	0	0.25	0.22119921692859512
CCCCTTGCTAGCCAGA-1	10268	9563	0	0.25	0.22119921692859512
CCCGACCCACCCTAGT-1	9731	9116	0	0.25	0.22119921692859512
CCCGCCTACTATCTAG-1	10058	9423	0	0.25	0.22119921692859512
CCCGGGTGAACCACTC-1	9723	9089	0	0.25	0.22119921692859512
CCCGGTCCGGACCTTC-1	10188	9544	0	0.25	0.22119921692859512
CCCTGTACCCTTAATT-1	10188	9558	0	0.25	0.22119921692859512
CCCTTACCATAATTTT-1	10041	9399	0	0.25	0.22119921692859512
CCCTTGAACGTATCGT-1	9689	9120	0	0.25	0.22119921692859512
CCGAGACATACTAAAG-1	10031	9416	0	0.25	0.22119921692859512
CCGAGATCACTGTTAG-1	9806	9271	0	0.25	0.22119921692859512
CCGAGCGGCGACCGCT-1	9887	9258	0	0.25	0.22119921692859512
CCGATGCAGGATTATA-1	9638	9059	0	0.25	0.22119921692859512
CCGCACGGACTGTTGA-1	9663	9035	0	0.25	0.22119921692859512
CCGCAGATCTTACTGT-1	10000	9377	0	0.25	0.22119921692859512
CCGCAGGCCAGAAGCT-1	10323	9679	0	0.25	0.22119921692859512
CCGCCTAGCAGCATAT-1	9906	9314	0	0.25	0.22119921692859512
CCGCCTCAAACGTTGA-1	9676	9069	0	0.25	0.22119921692859512
CCGGACTCGACGCTCG-1	10411	9748	0	0.25	0.22119921692859512
CCGGATATCTTAAAAG-1	9821	9240	0	0.25	0.22119921692859512
CCGGCCCGGCCTAATC-1	9856	9249	0	0.25	0.22119921692859512
CCGGGATCCAGGGCTT-1	10005	9364	0	0.25	0.22119921692859512
CCGTAATCATGTAAAA-1	10992	10311	0	0.25	0.22119921692859512
CCGTAATGGACAGGAA-1	10256	9589	0	0.25	0.22119921692859512
CCGTACGCGTCGCACG-1	9886	9297	0	0.25	0.22119921692859512
CCGTGAATTGACGACT-1	9567	8953	0	0.25	0.22119921692859512
CCGTGAGCTGCGAATA-1	10018	9390	0	0.25	0.22119921692859512
CCGTGTTAGCCCTTGG-1	10123	9460	0	0.25	0.22119921692859512
CCTAACATCTGATCAG-1	9703	9118	0	0.25	0.22119921692859512
CCTAAGGATTCACCAC-1	10147	9512	0	0.25	0.22119921692859512
CCTACTGCGCATTCCG-1	9937	9299	0	0.25	0.22119921692859512
CCTAGAACCAAGCTAA-1	9943	9353	0	0.25	0.22119921692859512
CCTCCGCAGTCACGAC-1	9937	9267	0	0.25	0.22119921692859512
CCTCGTATTGGGGATA-1	10133	9516	0	0.25	0.22119921692859512
CCTCTTTGTCCAACGG-1	9898	9283	0	0.25	0.22119921692859512
CCTGACAACTGTACAT-1	9583	8995	0	0.25	0.22119921692859512
CCTGACGTTACCTGGC-1	9896	9305	0	0.25	0.22119921692859512
CCTGCACGACCTGCTT-1	10058	9439	0	0.25	0.22119921692859512
CCTGGAGTGGTGGGGG-1	10353	9693	0	0.25	0.22119921692859512
CCTGTAAAGCTTTGGA-1	10042	9457	0	0.25	0.22119921692859512
CCTGTAATCGGCTCGC-1	9759	9139	0	0.25	0.22119921692859512
CCTGTGGATCGTTGTC-1	10343	9688	0	0.25	0.22119921692859512
CCTTAACCATTAACGG-1	10374	9733	0	0.25	0.22119921692859512
CCTTCAAAGGGAAGAA-1	10144	9529	0	0.25	0.22119921692859512
CCTTCCCCCTATATAT-1	10360	9656	0	0.25	0.22119921692859512
CCTTTGCATTGCTATA-1	10130	9511	0	0.25	0.22119921692859512
CCTTTGGTCCGCTAGT-1	9951	9318	0	0.25	0.22119921692859512
CGAACATATTTCAGAG-1	10181	9547	0	0.25	0.22119921692859512
CGAACCGAAAACAGTT-1	9967	9335	0	0.25	0.22119921692859512
CGACAGGAAGGCTTCT-1	10557	9934	0	0.25	0.22119921692859512
CGACAGGATGGCACTC-1	10085	9452	0	0.25	0.22119921692859512
CGACATCACCTGTTTC-1	10170	9522	0	0.25	0.22119921692859512
CGACGGCTTTCTGAGT-1	9860	9240	0	0.25	0.22119921692859512
CGACTAACAAGCTCAC-1	10358	9708	0	0.25	0.22119921692859512
CGACTAGGCTTGTCGT-1	9755	9160	0	0.25	0.22119921692859512
CGAGACCCCGTAGGAT-1	9826	9248	0	0.25	0.22119921692859512
CGAGCAATAGAGGTGG-1	10369	9735	0	0.25	0.22119921692859512
CGAGCGATACACATCG-1	10432	9760	0	0.25	0.22119921692859512
CGAGGGGGTGATACCG-1	10068	9434	0	0.25	0.22119921692859512
CGAGTTCTTTACGCAG-1	9694	9082	0	0.25	0.22119921692859512
CGATAGTTGGACGAAA-1	10004	9390	0	0.25	0.22119921692859512
CGATATGGACGAGCGG-1	9958	9360	0	0.25	0.22119921692859512
CGATCGACAGGCTCGG-1	10287	9650	0	0.25	0.22119921692859512
CGATGCCAGTCTAAGA-1	9757	9126	0	0.25	0.22119921692859512
CGCAACATCTCGGATG-1	9941	9342	0	0.25	0.22119921692859512
CGCAATACTGACTCCA-1	9356	8729	0	0.25	0.22119921692859512
CGCACGCGTACTGCAG-1	10909	10253	0	0.25	0.22119921692859512
CGCCAATTCTCAGAAT-1	9933	9307	0	0.25	0.22119921692859512
CGCCACATAAGGAATG-1	9928	9301	0	0.25	0.22119921692859512
CGCCACGCCTCTACTG-1	10032	9372	0	0.25	0.22119921692859512
CGCCATGTCCTCTTGT-1	9908	9277	0	0.25	0.22119921692859512
CGCCCTCCAAACACAG-1	9841	9265	0	0.25	0.22119921692859512
CGCCCTCGGCTACGAC-1	9639	9054	0	0.25	0.22119921692859512
CGCGAAAAAACGTCAA-1	9538	8935	0	0.25	0.22119921692859512
CGCGCACCACCTGTTT-1	10070	9454	0	0.25	0.22119921692859512
CGCGCTTATATATGAA-1	10198	9562	0	0.25	0.22119921692859512
CGCGGGACCGAGCGTC-1	10069	9451	0	0.25	0.22119921692859512
CGCGGTACGGTCAGCA-1	9779	9143	0	0.25	0.22119921692859512
CGCGTCGCCACGTTAG-1	9948	9353	0	0.25	0.22119921692859512
CGCTCGTAGAGTTCAT-1	10095	9473	0	0.25	0.22119921692859512
CGCTTACCTGTAAGTG-1	10174	9536	0	0.25	0.22119921692859512
CGCTTGCAAGGGGCGA-1	10336	9682	0	0.25	0.22119921692859512
CGGAAGTTTCAGGCTC-1	10222	9560	0	0.25	0.22119921692859512
CGGATAGCTTGCGACG-1	10242	9585	0	0.25	0.22119921692859512
CGGCACCTCGGTATTG-1	9975	9352	0	0.25	0.22119921692859512
CGGCCACCCACATAGC-1	10121	9455	0	0.25	0.22119921692859512
CGGCCCTAACCAGAGC-1	10225	9569	0	0.25	0.22119921692859512
CGGCCGAGCCGCGTCC-1	10022	9378	0	0.25	0.22119921692859512
CGGCCGGGGGCCACAG-1	10537	9879	0	0.25	0.22119921692859512
CGGCGCCACACTTCTC-1	9854	9206	0	0.25	0.22119921692859512
CGGCGGTTGCTGTGTG-1	10569	9880	0	0.25	0.22119921692859512
CGTAACATTCCGGGGT-1	9431	8875	0	0.25	0.22119921692859512
CGTAGGCAAAGCGGCT-1	9928	9348	0	0.25	0.22119921692859512
CGTATGGCAAGTGCCC-1	9764	9167	0	0.25	0.22119921692859512
CGTCGAGAGGATAGGG-1	9959	9341	0	0.25	0.22119921692859512
CGTCGGGCGGAAACGG-1	9963	9311	0	0.25	0.22119921692859512
CGTGCATAAGCGGAAT-1	10414	9777	0	0.25	0.22119921692859512
CGTGCGCCCCGAAGCG-1	9593	8990	0	0.25	0.22119921692859512
CGTGGATTAAGCCAAG-1	10233	9584	0	0.25	0.22119921692859512
CGTGGGACGCCTCGGC-1	9614	9015	0	0.25	0.22119921692859512
CGTGTACTTGACTGGT-1	10235	9626	0	0.25	0.22119921692859512
CGTGTCACGCTCCGCC-1	9855	9230	0	0.25	0.22119921692859512
CGTGTGGATCTGGCAG-1	10158	9527	0	0.25	0.22119921692859512
CGTGTTAATTGTACAT-1	10159	9533	0	0.25	0.22119921692859512
CGTTAGCATATAGTTC-1	9811	9196	0	0.25	0.22119921692859512
CGTTCAGAGTATTAGG-1	9851	9253	0	0.25	0.22119921692859512
CGTTTGTAAAACCTTG-1	10201	9583	0	0.25	0.22119921692859512
CTAAGACAGACAAGCC-1	9995	9346	0	0.25	0.22119921692859512
CTAATTCAACCGCTAG-1	9890	9255	0	0.25	0.22119921692859512
CTACAGATCAATATCG-1	10330	9690	0	0.25	0.22119921692859512
CTACGGGGCAAAAAGA-1	9885	9267	0	0.25	0.22119921692859512
CTACGGTGACGGCAGC-1	10564	9899	0	0.25	0.22119921692859512
CTACGTAGGTTTATTA-1	10309	9643	0	0.25	0.22119921692859512
CTAGACACTCCATTGT-1	9662	9049	0	0.25	0.22119921692859512
CTAGGTGGGACTACGC-1	9921	9298	0	0.25	0.22119921692859512
CTAGTAAAAGAAAGTA-1	9854	9231	0	0.25	0.22119921692859512
CTAGTATCTCATCCTT-1	9402	8778	0	0.25	0.22119921692859512
CTATCAGTTATTAGCT-1	9976	9328	0	0.25	0.22119921692859512
CTATCCCAACAGGTAG-1	10216	9586	0	0.25	0.22119921692859512
CTATCCCAGACATAGT-1	10214	9553	0	0.25	0.22119921692859512
CTATCTTATGCAATTT-1	10181	9573	0	0.25	0.22119921692859512
CTATGGCATATGTCGG-1	10296	9652	0	0.25	0.22119921692859512
CTATTTCGGAATATAA-1	9954	9339	0	0.25	0.22119921692859512
CTCAAAGTGAATAATC-1	9784	9174	0	0.25	0.22119921692859512
CTCAATCCGGACTCGG-1	9941	9331	0	0.25	0.22119921692859512
CTCACTCGTGAGGACT-1	10131	9439	0	0.25	0.22119921692859512
CTCAGAGATCTGAGGT-1	10346	9702	0	0.25	0.22119921692859512
CTCAGATTTCCGGATG-1	10438	9788	0	0.25	0.22119921692859512
CTCAGGGATCCTCCTG-1	9997	9325	0	0.25	0.22119921692859512
CTCCAGGAAACCAATA-1	10506	9848	0	0.25	0.22119921692859512
CTCCGCAGACTCTCGC-1	9955	9348	0	0.25	0.22119921692859512
CTCCGGTTCTAATGGG-1	10158	9467	0	0.25	0.22119921692859512
CTCCTGCGGAATGTTG-1	10538	9853	0	0.25	0.22119921692859512
CTCCTGTCTTTAGCCC-1	10222	9556	0	0.25	0.22119921692859512
CTCGAGTGAACGTTCT-1	9863	9244	0	0.25	0.22119921692859512
CTCGCGATCGGGCCGT-1	10254	9610	0	0.25	0.22119921692859512
CTCGCGTTAGACTGTG-1	9925	9327	0	0.25	0.22119921692859512
CTCGTAGCGCGGTCTG-1	9372	8752	0	0.25	0.22119921692859512
CTCTAACCCCGAGCGC-1	9724	9129	0	0.25	0.22119921692859512
CTCTACTCCGGAAGTC-1	9801	9177	0	0.25	0.22119921692859512
CTCTACTCTACCAGAA-1	10192	9584	0	0.25	0.22119921692859512
CTCTAGTTTGAATCCA-1	9542	8957	0	0.25	0.22119921692859512
CTCTCAAGGCAGCCAT-1	9866	9220	0	0.25	0.22119921692859512
CTCTGTGGCTTGCTTA-1	10462	9836	0	0.25	0.22119921692859512
CTCTGTTGTGTCATTA-1	9895	9290	0	0.25	0.22119921692859512
CTCTTGGGACTCAACC-1	9903	9272	0	0.25	0.22119921692859512
CTCTTTCAATAATCCG-1	10031	9386	0	0.25	0.22119921692859512
CTGAAACATGCTAAGT-1	10161	9579	0	0.25	0.22119921692859512
CTGATAGTGCCTCTTT-1	9478	8873	0	0.25	0.22119921692859512
CTGCACTCGATCCCTG-1	9602	9012	0	0.25	0.22119921692859512
CTGCCACCTACGGCTA-1	10005	9388	0	0.25	0.22119921692859512
CTGCCACGCCCGCTTG-1	10091	9479	0	0.25	0.22119921692859512
CTGCCTTACATGGCCT-1	9945	9311	0	0.25	0.22119921692859512
CTGGAATAAATTAGTA-1	9706	9093	0	0.25	0.22119921692859512
CTGGACTACTTTGGTC-1	9805	9176	0	0.25	0.22119921692859512
CTGGAGGTAGATTTAG-1	9407	8827	0	0.25	0.22119921692859512
CTGGCTCTAGAGGAGC-1	9847	9239	0	0.25	0.22119921692859512
CTGGTCTCAAGCTGAC-1	10011	9340	0	0.25	0.22119921692859512
CTGGTTCAATTACGCT-1	10030	9437	0	0.25	0.22119921692859512
CTGGTTGGAACCGGAA-1	10010	9409	0	0.25	0.22119921692859512
CTGTTACCGTAATACT-1	9766	9166	0	0.25	0.22119921692859512
CTTAAGCGTGTAGCGT-1	9925	9311	0	0.25	0.22119921692859512
CTTAGCAGAGCCATGT-1	9745	9127	0	0.25	0.22119921692859512
CTTCAGCGAATTCTGA-1	10041	9417	0	0.25	0.22119921692859512
CTTCCAATACTAAGAA-1	10149	9563	0	0.25	0.22119921692859512
CTTGAGAATATACGCA-1	10275	9618	0	0.25	0.22119921692859512
CTTGAGTGTCAAGTCA-1	10200	9558	0	0.25	0.22119921692859512
CTTGGGCTTCAGCGCT-1	9786	9191	0	0.25	0.22119921692859512
CTTGTACTGAACCCCT-1	9922	9285	0	0.25	0.22119921692859512
CTTGTCAGGGGATACG-1	9747	9120	0	0.25	0.22119921692859512
CTTTTATGAAACCATT-1	10086	9513	0	0.25	0.22119921692859512
GAAAAGCACTACAATC-1	10083	9464	0	0.25	0.22119921692859512
GAAATCGCTATAGGTC-1	9773	9187	0	0.25	0.22119921692859512
GAACAAGAGAAGAACA-1	10249	9613	0	0.25	0.22119921692859512
GAACAGTCCGTCAGTC-1	10119	9501	0	0.25	0.22119921692859512
GAACGAATTACCCGGA-1	10331	9684	0	0.25	0.22119921692859512
GAACTATCGCTGAAAC-1	10093	9441	0	0.25	0.22119921692859512
GAACTGGATCGCGCCC-1	10105	9475	0	0.25	0.22119921692859512
GAACTTGTCAGAAAGT-1	10122	9512	0	0.25	0.22119921692859512
GAAGACAAAGTTCTGA-1	10054	9425	0	0.25	0.22119921692859512
GAAGCATATGAGACCA-1	10136	9455	0	0.25	0.22119921692859512
GAAGCCGGACACTACA-1	9561	8969	0	0.25	0.22119921692859512
GAAGCGAGTCCAGCAA-1	10068	9431	0	0.25	0.22119921692859512
GAAGGGCGTAATGAGA-1	9863	9248	0	0.25	0.22119921692859512
GAAGTAGGAGGCGAAA-1	9848	9272	0	0.25	0.22119921692859512
GAATATTTATAGCGCT-1	9358	8762	0	0.25	0.22119921692859512
GAATGTGGGCTTACGA-1	9949	9318	0	0.25	0.22119921692859512
GAATTAGCGCCATAGC-1	9825	9213	0	0.25	0.22119921692859512
GAATTGGAGATGAATA-1	9566	8946	0	0.25	0.22119921692859512
GAATTGGGCAGCTTGT-1	10124	9541	0	0.25	0.22119921692859512
GACATACGACCTAATT-1	9987	9409	0	0.25	0.22119921692859512
GACATTCTCGATCTTC-1	9818	9213	0	0.25	0.22119921692859512
GACCACGACTAAGCGG-1	9577	8972	0	0.25	0.22119921692859512
GACCGGCGTAGTACTG-1	9983	9354	0	0.25	0.22119921692859512
GACCTAGAGCATTTAC-1	9555	8956	0	0.25	0.22119921692859512
GACGACCTCATGATGC-1	10143	9525	0	0.25	0.22119921692859512
GACGCAGCCTAGCAAA-1	9727	9131	0	0.25	0.22119921692859512
GACGCTCGTACTATCT-1	9855	9253	0	0.25	0.22119921692859512
GACGGACGTGATTTCC-1	9632	9050	0	0.25	0.22119921692859512
GACGGAGGCCTACGGT-1	9129	8578	0	0.25	0.22119921692859512
GACGTCGCGTACGCCG-1	10333	9690	0	0.25	0.22119921692859512
GACGTGGCTCAGGCAT-1	10211	9597	0	0.25	0.22119921692859512
GACGTTTGAGCACACA-1	9920	9303	0	0.25	0.22119921692859512
GACTATAATGATTTTT-1	10199	9583	0	0.25	0.22119921692859512
GAGAACACAATGGTAC-1	10209	9555	0	0.25	0.22119921692859512
GAGAATATGCCGACGC-1	9674	9057	0	0.25	0.22119921692859512
GAGACAGGCACCTCAT-1	9721	9134	0	0.25	0.22119921692859512
GAGAGCTGGACCTCAC-1	10168	9528	0	0.25	0.22119921692859512
GAGAGGCGGACATAAT-1	10439	9786	0	0.25	0.22119921692859512
GAGAGTGTACTAGAGA-1	10317	9618	0	0.25	0.22119921692859512
GAGCTCACCAGAATTT-1	9962	9279	0	0.25	0.22119921692859512
GAGGATAGCTCGACTC-1	9307	8737	0	0.25	0.22119921692859512
GAGGATGCAGACACCT-1	10438	9816	0	0.25	0.22119921692859512
GAGGCGGTGAGCATAT-1	9478	8933	0	0.25	0.22119921692859512
GAGGCTACTCCATCAG-1	9931	9328	0	0.25	0.22119921692859512
GAGGGGCATTGGTCGG-1	9710	9119	0	0.25	0.22119921692859512
GAGGTTCGAATGTTCT-1	9890	9275	0	0.25	0.22119921692859512
GAGTAAACGCTGTGCT-1	9685	9090	0	0.25	0.22119921692859512
GAGTACCACACCAAAT-1	9712	9101	0	0.25	0.22119921692859512
GAGTCTCCTATCACAT-1	9919	9281	0	0.25	0.22119921692859512
GATAATTGCAAAGTTA-1	9456	8824	0	0.25	0.22119921692859512
GATACGCCGTCTTTGT-1	10151	9516	0	0.25	0.22119921692859512
GATAGAGCCCAGTACC-1	10131	9504	0	0.25	0.22119921692859512
GATATCCGTAGAACTC-1	9701	9111	0	0.25	0.22119921692859512
GATCAAACCTGCAGTG-1	9880	9340	0	0.25	0.22119921692859512
GATCCCCACAGCAATC-1	10136	9468	0	0.25	0.22119921692859512
GATCTAACCTATCTGT-1	10543	9868	0	0.25	0.22119921692859512
GATGAACACGAGGAAA-1	10108	9485	0	0.25	0.22119921692859512
GATGAAGCTGGGAGAC-1	10024	9407	0	0.25	0.22119921692859512
GATGCGTGTAGGGGTG-1	9914	9322	0	0.25	0.22119921692859512
GATGGTTTTCAGGCTT-1	10157	9498	0	0.25	0.22119921692859512
GATGTGGGCGTCTGAC-1	10173	9528	0	0.25	0.22119921692859512
GATTATTTCTAAGGCA-1	10083	9457	0	0.25	0.22119921692859512
GATTCCAGTAATGGTC-1	10122	9502	0	0.25	0.22119921692859512
GATTCTGATCTGGAAG-1	10275	9602	0	0.25	0.22119921692859512
GATTGCTCTCGCCCCC-1	9278	8704	0	0.25	0.22119921692859512
GATTGTTCGGGATATC-1	10101	9478	0	0.25	0.22119921692859512
GATTTTGGGCGCGGCC-1	10099	9477	0	0.25	0.22119921692859512
GCAAAGGCGATGCGTA-1	10077	9446	0	0.25	0.22119921692859512
GCAAGGAACTAATGGA-1	9991	9356	0	0.25	0.22119921692859512
GCAATTCTGCTTTAGC-1	10258	9585	0	0.25	0.22119921692859512
GCACATGATGTAGAAC-1	10142	9519	0	0.25	0.22119921692859512
GCACCCGTGGTGCGTG-1	9749	9119	0	0.25	0.22119921692859512
GCACTTCGGCGATATG-1	9778	9140	0	0.25	0.22119921692859512
GCAGAACAAGCCTCTT-1	10398	9782	0	0.25	0.22119921692859512
GCAGGGTAAATACGAG-1	10168	9528	0	0.25	0.22119921692859512
GCAGTGGAATACCCGA-1	10166	9511	0	0.25	0.22119921692859512
GCATAAGGGAAACACT-1	10135	9444	0	0.25	0.22119921692859512
GCATGCACGTCAATAA-1	10339	9693	0	0.25	0.22119921692859512
GCATGGCGGGCCTGGA-1	10353	9734	0	0.25	0.22119921692859512
GCATTACCCGGAATCT-1	10006	9376	0	0.25	0.22119921692859512
GCCAGCGCACGGGATG-1	9888	9280	0	0.25	0.22119921692859512
GCCATAGGTCAGATTT-1	9858	9263	0	0.25	0.22119921692859512
GCCATGTGCTCATGGA-1	10076	9441	0	0.25	0.22119921692859512
GCCATTGAAGTTCTAA-1	9542	8928	0	0.25	0.22119921692859512
GCCCAGATGCAAGCGC-1	10388	9781	0	0.25	0.22119921692859512
GCCCTATCGTACGAGA-1	9803	9231	0	0.25	0.22119921692859512
GCCGAGCGCTAGCCAT-1	9585	8999	0	0.25	0.22119921692859512
GCCGCGATAAGCAAAA-1	10001	9353	0	0.25	0.22119921692859512
GCCTGCTACGTTTGTT-1	10238	9628	0	0.25	0.22119921692859512
GCCTGGGGTTGATACG-1	10220	9622	0	0.25	0.22119921692859512
GCGAATCATTTAACTG-1	10285	9596	0	0.25	0.22119921692859512
GCGACACGCCGGGCAC-1	10461	9832	0	0.25	0.22119921692859512
GCGACGATCTACTCAC-1	10122	9501	0	0.25	0.22119921692859512
GCGACGCGGTGCTCTC-1	10331	9700	0	0.25	0.22119921692859512
GCGAGCTACTTGACCG-1	9757	9143	0	0.25	0.22119921692859512
GCGATAAGTGAATGTC-1	10012	9411	0	0.25	0.22119921692859512
GCGCCCCTACCGCTCG-1	9990	9364	0	0.25	0.22119921692859512
GCGCTATGCTCCTATC-1	9469	8867	0	0.25	0.22119921692859512
GCGCTCTACCAATATT-1	10329	9693	0	0.25	0.22119921692859512
GCGCTTCTTATTTCCT-1	10048	9430	0	0.25	0.22119921692859512
GCGGAGATTTAGACTG-1	10068	9413	0	0.25	0.22119921692859512
GCGGATGATTATATCG-1	10137	9500	0	0.25	0.22119921692859512
GCGGGTCCAGTGCAGA-1	10107	9461	0	0.25	0.22119921692859512
GCGGTCCACGGTGCAG-1	10228	9609	0	0.25	0.22119921692859512
GCGTAACTATAACCAA-1	9736	9124	0	0.25	0.22119921692859512
GCGTGTCTAGTCCAGT-1	10609	9920	0	0.25	0.22119921692859512
GCGTTACGCCTACGGA-1	10061	9453	0	0.25	0.22119921692859512
GCTAAGTTTGAGCGTC-1	9857	9250	0	0.25	0.22119921692859512
GCTACAACGCTAACAG-1	10070	9431	0	0.25	0.22119921692859512
GCTATACTTGAACGGC-1	9336	8800	0	0.25	0.22119921692859512
GCTATTGGACACACCC-1	9970	9325	0	0.25	0.22119921692859512
GCTCCCCGTCTTGTTA-1	9686	9062	0	0.25	0.22119921692859512
GCTCGAGAATAGGAAC-1	9937	9321	0	0.25	0.22119921692859512
GCTCTATTGTTCGCTC-1	10092	9490	0	0.25	0.22119921692859512
GCTGAAGAGTACTGCG-1	9967	9368	0	0.25	0.22119921692859512
GCTGACGGCAGGTGGC-1	10418	9731	0	0.25	0.22119921692859512
GCTGTCAGGGTACCCA-1	10313	9696	0	0.25	0.22119921692859512
GCTGTGTTTTCGCATT-1	10065	9449	0	0.25	0.22119921692859512
GCTGTTTCCAGCTCTG-1	10363	9757	0	0.25	0.22119921692859512
GCTTCGGGATTACTAA-1	9730	9140	0	0.25	0.22119921692859512
GCTTGCACGCCTTCTC-1	10745	10079	0	0.25	0.22119921692859512
GCTTGCCTTCGTCAAT-1	9833	9208	0	0.25	0.22119921692859512
GCTTTAACAAATGCTA-1	9881	9251	0	0.25	0.22119921692859512
GCTTTGGGGGGATACG-1	9965	9378	0	0.25	0.22119921692859512
GGAAAAGTGTGCTGGT-1	10034	9433	0	0.25	0.22119921692859512
GGAAAGAAAACAGTGG-1	9734	9141	0	0.25	0.22119921692859512
GGAACCGGACCAGATT-1	10271	9641	0	0.25	0.22119921692859512
GGAACGACTGGGCCTT-1	9738	9150	0	0.25	0.22119921692859512
GGAACTCTCTTCGTAT-1	9927	9305	0	0.25	0.22119921692859512
GGAATCATCAGGGATC-1	9692	9101	0	0.25	0.22119921692859512
GGAATCGTGGACTGAA-1	9947	9354	0	0.25	0.22119921692859512
GGACATTACTCTCGCG-1	10177	9535	0	0.25	0.22119921692859512
GGACATTAGAGTTTAC-1	10120	9502	0	0.25	0.22119921692859512
GGACCCCTCTGTGTTC-1	10310	9660	0	0.25	0.22119921692859512
GGACGCCAGAGATCGT-1	9961	9351	0	0.25	0.22119921692859512
GGACGTCACGATTACG-1	10515	9843	0	0.25	0.22119921692859512
GGACGTTAATCGGCCC-1	10010	9394	0	0.25	0.22119921692859512
GGAGATCGCGAAATCC-1	9936	9362	0	0.25	0.22119921692859512
GGATGCTGGAGCTAGC-1	9795	9213	0	0.25	0.22119921692859512
GGATGGCCGTACGAGC-1	9472	8879	0	0.25	0.22119921692859512
GGATGGGTACAGTGGC-1	10293	9665	0	0.25	0.22119921692859512
GGCAACGGCCCAATGT-1	9867	9232	0	0.25	0.22119921692859512
GGCACAAAGGTGAAAA-1	9760	9152	0	0.25	0.22119921692859512
GGCACACTGGTGTATC-1	10245	9607	0	0.25	0.22119921692859512
GGCACTCCTTTATGGA-1	9867	9269	0	0.25	0.22119921692859512
GGCACTTAGAAACAAC-1	9865	9254	0	0.25	0.22119921692859512
GGCATCGAGACAGACG-1	9834	9231	0	0.25	0.22119921692859512
GGCCACCAGGAACGTG-1	9538	8935	0	0.25	0.22119921692859512
GGCCCGAGCGAGGCCG-1	10168	9538	0	0.25	0.22119921692859512
GGCCCTGGGTGTGTGA-1	9593	9008	0	0.25	0.22119921692859512
GGCCCTTGTCTCCCCA-1	9681	9086	0	0.25	0.22119921692859512
GGCCGTCTAGTGGAAT-1	9792	9129	0	0.25	0.22119921692859512
GGCGACCTCTACGTAG-1	10280	9647	0	0.25	0.22119921692859512
GGCGAGTTGAATAGCA-1	9712	9083	0	0.25	0.22119921692859512
GGCTATCATAACGAGT-1	9616	9000	0	0.25	0.22119921692859512
GGCTCTTGCCCCTCCA-1	10172	9470	0	0.25	0.22119921692859512
GGCTGGGTAGGTCTGA-1	9749	9123	0	0.25	0.22119921692859512
GGGACGTTTAGGATAC-1	9838	9223	0	0.25	0.22119921692859512
GGGATGTTGTAACCCC-1	10066	9478	0	0.25	0.22119921692859512
GGGCGAGATGTTCAGT-1	10072	9454	0	0.25	0.22119921692859512
GGGCGGCTGGCCTTAT-1	10221	9598	0	0.25	0.22119921692859512
GGGCGGGTGTTCATTT-1	9726	9074	0	0.25	0.22119921692859512
GGGGAGGTAAATGCTA-1	9665	9076	0	0.25	0.22119921692859512
GGGGATTCTGGGATTG-1	10336	9660	0	0.25	0.22119921692859512
GGGGCAAACAGGAATC-1	10048	9395	0	0.25	0.22119921692859512
GGGGCCAACTGATATA-1	10182	9567	0	0.25	0.22119921692859512
GGGGGTTCTGGGGAGG-1	9938	9303	0	0.25	0.22119921692859512
GGGGTAGACAATAATC-1	9877	9266	0	0.25	0.22119921692859512
GGGTATTTAGGGCTCC-1	10560	9907	0	0.25	0.22119921692859512
GGGTCATATCGTGTGT-1	10353	9727	0	0.25	0.22119921692859512
GGGTCCGGATAACTGG-1	9931	9305	0	0.25	0.22119921692859512
GGGTGATAGGGCTAGA-1	10305	9668	0	0.25	0.22119921692859512
GGGTTCCCCTGATTTA-1	10236	9575	0	0.25	0.22119921692859512
GGTAGCTCTAAGTGCT-1	10241	9621	0	0.25	0.22119921692859512
GGTATTCAACGGAGAC-1	9596	8999	0	0.25	0.22119921692859512
GGTATTCTACGACAAC-1	9660	9099	0	0.25	0.22119921692859512
GGTCCTGGGACGTTGC-1	9624	8989	0	0.25	0.22119921692859512
GGTCGGCCACGTCAAT-1	9942	9307	0	0.25	0.22119921692859512
GGTCTGGATAGGTACA-1	10022	9388	0	0.25	0.22119921692859512
GGTCTTAGGCTCCGCA-1	10068	9423	0	0.25	0.22119921692859512
GGTGACGTCAGCTCCG-1	9972	9298	0	0.25	0.22119921692859512
GGTGCCGTCCCCGCGT-1	10357	9683	0	0.25	0.22119921692859512
GGTGGGTTGGAAAACA-1	9510	8939	0	0.25	0.22119921692859512
GGTGGTGTGTAGAGAC-1	9827	9205	0	0.25	0.22119921692859512
GGTGTTCCACCCTCAG-1	10071	9474	0	0.25	0.22119921692859512
GGTGTTGACAGAAACT-1	9435	8864	0	0.25	0.22119921692859512
GGTTAGTGACCGGAAC-1	10326	9703	0	0.25	0.22119921692859512
GGTTCATAAGAAGAAT-1	10113	9486	0	0.25	0.22119921692859512
GGTTCCTCTATTGGTG-1	9731	9143	0	0.25	0.22119921692859512
GGTTGGCTTGGCCATT-1	10176	9562	0	0.25	0.22119921692859512
GGTTGTAATACGCACT-1	9955	9331	0	0.25	0.22119921692859512
GTAAAAAGTCGGTGTA-1	9704	9081	0	0.25	0.22119921692859512
GTAAGGAATGCAGAAC-1	9603	9015	0	0.25	0.22119921692859512
GTAAGTAATAGATTCC-1	10392	9742	0	0.25	0.22119921692859512
GTAATATGCTTGACAG-1	10064	9423	0	0.25	0.22119921692859512
GTAATCATAATGTAAA-1	10394	9722	0	0.25	0.22119921692859512
GTAATGACTTAGGGAA-1	9741	9131	0	0.25	0.22119921692859512
GTACCCTGGACGAGAC-1	10136	9509	0	0.25	0.22119921692859512
GTACTGAATATATCCA-1	10006	9375	0	0.25	0.22119921692859512
GTACTTAAGATCTTAA-1	10189	9558	0	0.25	0.22119921692859512
GTAGAGAATCGCTCGG-1	10068	9474	0	0.25	0.22119921692859512
GTAGGAAGCAAACTAT-1	9790	9138	0	0.25	0.22119921692859512
GTAGTGAAGCGAGTCT-1	10315	9640	0	0.25	0.22119921692859512
GTATGCTGGGTATGGT-1	9753	9184	0	0.25	0.22119921692859512
GTATGTAAACCGTTAA-1	9511	8904	0	0.25	0.22119921692859512
GTATTCCCTGTTCGCG-1	9502	8879	0	0.25	0.22119921692859512
GTATTGCAGCGAACGA-1	10337	9726	0	0.25	0.22119921692859512
GTCAAAGCCCGTTCGG-1	10189	9515	0	0.25	0.22119921692859512
GTCACGGCATCAACCC-1	9904	9295	0	0.25	0.22119921692859512
GTCACGTCGAGAAGCG-1	9881	9244	0	0.25	0.22119921692859512
GTCACTTATTGGCAGA-1	10381	9743	0	0.25	0.22119921692859512
GTCCAAAAGATTATAG-1	9782	9192	0	0.25	0.22119921692859512
GTCCCCCCAACCTTAG-1	10028	9388	0	0.25	0.22119921692859512
GTCCGTCTAAGATCTC-1	9904	9283	0	0.25	0.22119921692859512
GTCCTACCGACGTGCA-1	9800	9142	0	0.25	0.22119921692859512
GTCCTGCGCGCGATGC-1	10068	9413	0	0.25	0.22119921692859512
GTCGACGCGCAGATGC-1	10371	9740	0	0.25	0.22119921692859512
GTCGACTGTTCATGGG-1	9650	9033	0	0.25	0.22119921692859512
GTCGGCAAAGGCATTG-1	9934	9326	0	0.25	0.22119921692859512
GTCGGTCACCCGATTA-1	9815	9179	0	0.25	0.22119921692859512
GTCGGTCGACTTCCAT-1	9768	9169	0	0.25	0.22119921692859512
GTCGTACTTCCCTCAT-1	10474	9806	0	0.25	0.22119921692859512
GTCGTGATCCGCTGTG-1	9976	9350	0	0.25	0.22119921692859512
GTCTCGCTGTATCCGC-1	10427	9765	0	0.25	0.22119921692859512
GTCTCTTGCAACAAGT-1	9868	9227	0	0.25	0.22119921692859512
GTCTGGATACCGATTT-1	10298	9671	0	0.25	0.22119921692859512
GTGAAGATGGAGCGGT-1	10364	9725	0	0.25	0.22119921692859512
GTGAAGGACCAATTGA-1	9673	9086	0	0.25	0.22119921692859512
GTGAGAGTGTCGTGCA-1	9376	8742	0	0.25	0.22119921692859512
GTGATGTCGTTACTGG-1	9821	9186	0	0.25	0.22119921692859512
GTGATTACTAGGATCA-1	10367	9730	0	0.25	0.22119921692859512
GTGATTCATTAGAGCT-1	10191	9539	0	0.25	0.22119921692859512
GTGCACGCGTTCTTAC-1	9951	9335	0	0.25	0.22119921692859512
GTGCATGGATATCGGC-1	9607	8977	0	0.25	0.22119921692859512
GTGCTTAGGGAGGGCA-1	10036	9405	0	0.25	0.22119921692859512
GTGGCGTGACGGCGGT-1	9913	9322	0	0.25	0.22119921692859512
GTGGGTGAAGGTGAAC-1	9597	9006	0	0.25	0.22119921692859512
GTGTTCGAGAGGAAGC-1	9848	9237	0	0.25	0.22119921692859512
GTTAACCGCATTTGGC-1	10242	9610	0	0.25	0.22119921692859512
GTTACTAACCATTGCG-1	10156	9535	0	0.25	0.22119921692859512
GTTAGGGTTATATGAC-1	9765	9139	0	0.25	0.22119921692859512
GTTATCCCACGGTCCA-1	9548	8958	0	0.25	0.22119921692859512
GTTATTACGTGCTTCT-1	9719	9090	0	0.25	0.22119921692859512
GTTCCCCCGATGAGCG-1	9797	9208	0	0.25	0.22119921692859512
GTTCCCCTTCCCTTGA-1	10114	9480	0	0.25	0.22119921692859512
GTTGAATACAAACAAG-1	10104	9492	0	0.25	0.22119921692859512
GTTGAGCTCGCGAAAA-1	10249	9620	0	0.25	0.22119921692859512
GTTGATGTAGGGGCGG-1	9066	8490	0	0.25	0.22119921692859512
GTTGATTACTGCTAAC-1	10110	9485	0	0.25	0.22119921692859512
GTTGCCGGAGTACACT-1	10381	9722	0	0.25	0.22119921692859512
GTTGCGGTTCCGCTCG-1	9848	9246	0	0.25	0.22119921692859512
GTTGGGCCGAGCTTCC-1	10203	9558	0	0.25	0.22119921692859512
GTTGTGGGTTGTGCCC-1	9647	9033	0	0.25	0.22119921692859512
GTTGTGTGATGTACTC-1	10217	9580	0	0.25	0.22119921692859512
GTTTATCATCGATACA-1	10140	9514	0	0.25	0.22119921692859512
GTTTGTAAAGATCGAG-1	9947	9308	0	0.25	0.22119921692859512
GTTTTATGCAGGGACC-1	10098	9462	0	0.25	0.22119921692859512
TAAAACGTTAAGAGCA-1	9839	9221	0	0.25	0.22119921692859512
TAAAAGGGTCGTCCAA-1	10431	9765	0	0.25	0.22119921692859512
TAAAAGTTGCTCGATA-1	10029	9415	0	0.25	0.22119921692859512
TAAACGCAATTTGCAT-1	9741	9149	0	0.25	0.22119921692859512
TAAAGATTAACGTGTC-1	10065	9442	0	0.25	0.22119921692859512
TAAATGATCAAAGTTC-1	9923	9321	0	0.25	0.22119921692859512
TAACCCGCCGGTGTTT-1	10101	9473	0	0.25	0.22119921692859512
TAACTGAGCGTATGCG-1	9541	8928	0	0.25	0.22119921692859512
TAAGCCGCCCTCGGGA-1	9770	9178	0	0.25	0.22119921692859512
TAAGCGCGCTCGGTGG-1	10138	9513	0	0.25	0.22119921692859512
TAATACAACGTAAGAT-1	10287	9627	0	0.25	0.22119921692859512
TAATACGACCACGTTT-1	10445	9799	0	0.25	0.22119921692859512
TAATACGTAAAGACAA-1	9813	9261	0	0.25	0.22119921692859512
TAATATGTGAAAAGTT-1	10266	9661	0	0.25	0.22119921692859512
TAATGAGAATAGAGAG-1	10276	9676	0	0.25	0.22119921692859512
TAATGTGGGAATTCGT-1	9781	9155	0	0.25	0.22119921692859512
TACAAAGCCATAAGCA-1	9904	9304	0	0.25	0.22119921692859512
TACAACATCCCATTAC-1	9814	9190	0	0.25	0.22119921692859512
TACAAGAGATCTGGTT-1	10104	9485	0	0.25	0.22119921692859512
TACAATGCACGTGGCA-1	10069	9434	0	0.25	0.22119921692859512
TACACTAGTTTCGATA-1	10147	9521	0	0.25	0.22119921692859512
TACCCAGATTCGAACT-1	10376	9740	0	0.25	0.22119921692859512
TACCGTAAAGCTTCAC-1	9600	8997	0	0.25	0.22119921692859512
TACGACGATCGGCCTT-1	10202	9549	0	0.25	0.22119921692859512
TACGCGATTTGTAATA-1	10126	9488	0	0.25	0.22119921692859512
TACGCTAGCCAACCAG-1	10016	9409	0	0.25	0.22119921692859512
TACGTTCACACTCCAT-1	10330	9646	0	0.25	0.22119921692859512
TACGTTTACTCGCATT-1	9431	8855	0	0.25	0.22119921692859512
TACTAGCCTCTATTTT-1	10076	9438	0	0.25	0.22119921692859512
TACTCCTATGTTCTGC-1	10776	10126	0	0.25	0.22119921692859512
TAGAAAGACGTTATAG-1	10214	9566	0	0.25	0.22119921692859512
TAGAATAAGGATGGCG-1	9470	8894	0	0.25	0.22119921692859512
TAGATCCCTGAGAAAG-1	10163	9514	0	0.25	0.22119921692859512
TAGATTACTACGGCCG-1	10447	9779	0	0.25	0.22119921692859512
TAGCAGGTACCACCTG-1	10145	9487	0	0.25	0.22119921692859512
TAGCATGTCACCCCAT-1	9855	9261	0	0.25	0.22119921692859512
TAGCCTATCTCCACAA-1	10027	9415	0	0.25	0.22119921692859512
TAGCGGAGGCAGATGC-1	10073	9444	0	0.25	0.22119921692859512
TAGCGGTGTTGGATCC-1	9703	9144	0	0.25	0.22119921692859512
TAGGTCTTAAAAGTTG-1	10247	9596	0	0.25	0.22119921692859512
TAGTCGATAGCGCAAG-1	10144	9474	0	0.25	0.22119921692859512
TAGTGGTCGGGCGCCA-1	10094	9469	0	0.25	0.22119921692859512
TAGTTCCCAGAACTTC-1	10329	9661	0	0.25	0.22119921692859512
TAGTTCTCGCTTAAGG-1	9989	9384	0	0.25	0.22119921692859512
TAGTTCTTTAACAAGA-1	10008	9373	0	0.25	0.22119921692859512
TATAACGCACGGTGGA-1	10306	9700	0	0.25	0.22119921692859512
TATAAGCCTGGAGGAA-1	10128	9509	0	0.25	0.22119921692859512
TATAGTAGGACGCCGA-1	9955	9354	0	0.25	0.22119921692859512
TATCAGAAAGCTGGGA-1	10371	9742	0	0.25	0.22119921692859512
TATCATGCTGCCCTTT-1	9682	9104	0	0.25	0.22119921692859512
TATCGACACGCCAATG-1	10048	9401	0	0.25	0.22119921692859512
TATGCACGACGCACTT-1	10560	9883	0	0.25	0.22119921692859512
TATGGTGCAAATACGG-1	10466	9816	0	0.25	0.22119921692859512
TATGTCCGCGAGTGAG-1	9393	8840	0	0.25	0.22119921692859512
TATGTGATGGATCCTC-1	10436	9798	0	0.25	0.22119921692859512
TATGTGTCTTACGCGA-1	10170	9523	0	0.25	0.22119921692859512
TATTAAGATGCACGGA-1	9720	9107	0	0.25	0.22119921692859512
TATTACCTCGACCCAA-1	10032	9423	0	0.25	0.22119921692859512
TATTCCGTACACCTTA-1	9903	9309	0	0.25	0.22119921692859512
TATTTGGGACATCAAC-1	9680	9068	0	0.25	0.22119921692859512
TATTTGGTTGTCTGCG-1	9827	9237	0	0.25	0.22119921692859512
TATTTGTCAACGCGGG-1	10182	9543	0	0.25	0.22119921692859512
TCAAACAATTATCTAG-1	9691	9101	0	0.25	0.22119921692859512
TCAAAGAGAACGTCAT-1	9981	9404	0	0.25	0.22119921692859512
TCAAATATCGCACCCA-1	9959	9314	0	0.25	0.22119921692859512
TCAACACCATTCATGG-1	10003	9368	0	0.25	0.22119921692859512
TCAACTTAAGGTACTA-1	10189	9499	0	0.25	0.22119921692859512
TCAAGCGGGGCAGAAC-1	9760	9152	0	0.25	0.22119921692859512
TCAAGGTGCACAGACA-1	10141	9490	0	0.25	0.22119921692859512
TCACAATGCGCTCCGC-1	9854	9245	0	0.25	0.22119921692859512
TCACCGAAGCGGCGAG-1	9882	9306	0	0.25	0.22119921692859512
TCACTCTTGTATTCAC-1	9719	9064	0	0.25	0.22119921692859512
TCAGCCCTTGAGATGA-1	10397	9725	0	0.25	0.22119921692859512
TCAGTTTTCTCTCCAT-1	10031	9408	0	0.25	0.22119921692859512
TCATAGCCAGTGTATA-1	9861	9238	0	0.25	0.22119921692859512
TCATAGGACAGCCTCA-1	10155	9576	0	0.25	0.22119921692859512
TCATCCCAAACTTCAC-1	10646	9956	0	0.25	0.22119921692859512
TCATGCAAGAACTGCC-1	10074	9451	0	0.25	0.22119921692859512
TCCACAACACTACAAT-1	10041	9438	0	0.25	0.22119921692859512
TCCACAGAGTGTGAGA-1	10502	9846	0	0.25	0.22119921692859512
TCCACGAGGAAGTTGC-1	10081	9438	0	0.25	0.22119921692859512
TCCATCGACTGAACAG-1	9943	9321	0	0.25	0.22119921692859512
TCCATTCGCCTAACAG-1	9929	9289	0	0.25	0.22119921692859512
TCCCCAAGAACGAACG-1	10188	9551	0	0.25	0.22119921692859512
TCCCGAAAGGTACAGT-1	9861	9263	0	0.25	0.22119921692859512
TCCCTCAGCCCATGGC-1	9874	9251	0	0.25	0.22119921692859512
TCCGCGGACGCGGCCT-1	9656	9060	0	0.25	0.22119921692859512
TCCGGGTCTAGGCTTG-1	10440	9763	0	0.25	0.22119921692859512
TCCTAGTAAGATTGAT-1	9872	9263	0	0.25	0.22119921692859512
TCCTATACGGTGCCCT-1	9724	9099	0	0.25	0.22119921692859512
TCGAAACTCACATTAG-1	9771	9210	0	0.25	0.22119921692859512
TCGAAATTGTAGAAGC-1	9697	9054	0	0.25	0.22119921692859512
TCGACATCACGAAACG-1	9712	9090	0	0.25	0.22119921692859512
TCGACCAACTATGGGA-1	10040	9406	0	0.25	0.22119921692859512
TCGCCGACTCCATTGG-1	9732	9132	0	0.25	0.22119921692859512
TCGCCTTGAGTGGGGC-1	9930	9287	0	0.25	0.22119921692859512
TCGCGATTATCATCGC-1	9624	9038	0	0.25	0.22119921692859512
TCGCGCGCCGCGAATT-1	9887	9276	0	0.25	0.22119921692859512
TCGCGTGGACCGCCGG-1	10078	9454	0	0.25	0.22119921692859512
TCGGGCCGTTACTAAT-1	9850	9235	0	0.25	0.22119921692859512
TCGGGCTTCGGTGGGC-1	9709	9088	0	0.25	0.22119921692859512
TCGTAACTCTGATTCC-1	9518	8935	0	0.25	0.22119921692859512
TCGTACACTCCATGTA-1	9703	9057	0	0.25	0.22119921692859512
TCGTATAGAGCTGTGA-1	10186	9532	0	0.25	0.22119921692859512
TCGTATGACCGTTTTG-1	10185	9527	0	0.25	0.22119921692859512
TCGTGCTGTTTCAGGC-1	10051	9415	0	0.25	0.22119921692859512
TCGTTTGTGGTCAGGC-1	9955	9302	0	0.25	0.22119921692859512
TCTAGTTTCATGGCCC-1	9513	8939	0	0.25	0.22119921692859512
TCTATGAAAAGGCGTG-1	9857	9253	0	0.25	0.22119921692859512
TCTCCGAGACTGTTGG-1	9921	9287	0	0.25	0.22119921692859512
TCTGCAAAACGCTAAC-1	10556	9904	0	0.25	0.22119921692859512
TCTGCGATAGGCGTAG-1	10253	9626	0	0.25	0.22119921692859512
TCTGGTGTCGGCGTGG-1	9383	8807	0	0.25	0.22119921692859512
TCTGTTAACGGCTAAG-1	10181	9565	0	0.25	0.22119921692859512
TCTTCACGTACATAGA-1	10323	9716	0	0.25	0.22119921692859512
TCTTCCGGCGCAAGCG-1	10149	9529	0	0.25	0.22119921692859512
TCTTCTTATAAACGAT-1	9939	9359	0	0.25	0.22119921692859512
TCTTGATTGAGACCGA-1	9975	9375	0	0.25	0.22119921692859512
TCTTGCTGGGGCCAAA-1	9907	9302	0	0.25	0.22119921692859512
TCTTGTCTTCAATTTT-1	10337	9632	0	0.25	0.22119921692859512
TGAAACAGCAGGTGAC-1	9968	9397	0	0.25	0.22119921692859512
TGAACGATCAAATTCC-1	10262	9630	0	0.25	0.22119921692859512
TGAAGATAGGCTTAAG-1	10053	9451	0	0.25	0.22119921692859512
TGAATTTGACCACCAC-1	10058	9454	0	0.25	0.22119921692859512
TGACACACAAGCACTA-1	10321	9706	0	0.25	0.22119921692859512
TGACCCTTTAAAAAAC-1	10399	9724	0	0.25	0.22119921692859512
TGACTACGCTCGTAAC-1	9802	9210	0	0.25	0.22119921692859512
TGAGACAACGCCAGTC-1	10191	9550	0	0.25	0.22119921692859512
TGAGAGCGCTGGTATT-1	10069	9456	0	0.25	0.22119921692859512
TGAGCCTCACGCTTCG-1	10304	9636	0	0.25	0.22119921692859512
TGAGGGTCTTCCCTGA-1	10448	9787	0	0.25	0.22119921692859512
TGAGGTACGACCTATG-1	9910	9296	0	0.25	0.22119921692859512
TGAGTAATATCATCCC-1	9671	9044	0	0.25	0.22119921692859512
TGAGTGTTCTGAAACG-1	9345	8766	0	0.25	0.22119921692859512
TGATCGGAGTGGAGAG-1	10047	9435	0	0.25	0.22119921692859512
TGATGGTGTATAGCAC-1	9881	9281	0	0.25	0.22119921692859512
TGCAACCGTCAGTATT-1	10233	9587	0	0.25	0.22119921692859512
TGCACCGCGTGAACAT-1	9824	9209	0	0.25	0.22119921692859512
TGCATGATGTCTGTGC-1	10328	9644	0	0.25	0.22119921692859512
TGCCCCACAGGCTAGC-1	9964	9336	0	0.25	0.22119921692859512
TGCCGTCCTGCGCCCC-1	9389	8779	0	0.25	0.22119921692859512
TGCGCTGATGACATGG-1	9788	9188	0	0.25	0.22119921692859512
TGCGGGCGGTGGAGAT-1	10105	9475	0	0.25	0.22119921692859512
TGCGGTCGTTTCGAGG-1	9608	9017	0	0.25	0.22119921692859512
TGCGTACATCCAGTTG-1	9990	9392	0	0.25	0.22119921692859512
TGCGTCGAGCTGAAAC-1	9767	9161	0	0.25	0.22119921692859512
TGCTAATTCAGGGTAG-1	10293	9668	0	0.25	0.22119921692859512
TGCTCCTTTATGGGAG-1	9621	8999	0	0.25	0.22119921692859512
TGCTTGGGGCTCCTAC-1	9584	9027	0	0.25	0.22119921692859512
TGCTTTACCGTGTGAT-1	9856	9258	0	0.25	0.22119921692859512
TGGAATCTTCCAAGAT-1	10002	9373	0	0.25	0.22119921692859512
TGGACCTTTATGCCGT-1	10172	9550	0	0.25	0.22119921692859512
TGGATGCCGAGGCTTA-1	9860	9268	0	0.25	0.22119921692859512
TGGCAGAACCTAGACG-1	9989	9380	0	0.25	0.22119921692859512
TGGCATGAGCTACGAG-1	10613	9933	0	0.25	0.22119921692859512
TGGCGGTCTTTGCTGA-1	10121	9490	0	0.25	0.22119921692859512
TGGGCCTCGATGCTAG-1	10226	9606	0	0.25	0.22119921692859512
TGGGTCCTTCCGACGA-1	9939	9279	0	0.25	0.22119921692859512
TGGTGACGCCTGTGTT-1	9893	9301	0	0.25	0.22119921692859512
TGGTGTACATTTTTCT-1	9636	9011	0	0.25	0.22119921692859512
TGGTTACAGGCAGTAT-1	10134	9492	0	0.25	0.22119921692859512
TGGTTGGGAAGTTGGT-1	9833	9198	0	0.25	0.22119921692859512
TGTAAAAACGGAATCA-1	9895	9279	0	0.25	0.22119921692859512
TGTAGTTATACTACTT-1	10243	9632	0	0.25	0.22119921692859512
TGTATCCGAGGATCGG-1	10256	9584	0	0.25	0.22119921692859512
TGTCACCTCCAGCGGA-1	10157	9543	0	0.25	0.22119921692859512
TGTCCCGCACCCACTG-1	10559	9914	0	0.25	0.22119921692859512
TGTCTGATTAAGCCAG-1	10313	9678	0	0.25	0.22119921692859512
TGTGACATTCACCTAA-1	9967	9325	0	0.25	0.22119921692859512
TGTGCGTTCATTTTGG-1	9693	9110	0	0.25	0.22119921692859512
TGTGTAGAAGTGGCAC-1	10175	9539	0	0.25	0.22119921692859512
TGTTCTAGGGTTAACT-1	9949	9340	0	0.25	0.22119921692859512
TTAAAGAGCAACAGGT-1	9963	9348	0	0.25	0.22119921692859512
TTAAATCCACTAAGCA-1	10168	9502	0	0.25	0.22119921692859512
TTAACTAGACCGCCAA-1	9857	9241	0	0.25	0.22119921692859512
TTAACTTCAGCAATTA-1	10291	9633	0	0.25	0.22119921692859512
TTAAGGTGTAAGGGTT-1	9818	9165	0	0.25	0.22119921692859512
TTAATCTCCAACTCGA-1	9712	9115	0	0.25	0.22119921692859512
TTACAGCCTCATATGT-1	9498	8898	0	0.25	0.22119921692859512
TTACCACTACTTTCTG-1	10066	9454	0	0.25	0.22119921692859512
TTACGTGGCAATTAAT-1	9361	8798	0	0.25	0.22119921692859512
TTAGAGAACATAAGTG-1	9753	9152	0	0.25	0.22119921692859512
TTAGGCGGATAGAACG-1	9810	9180	0	0.25	0.22119921692859512
TTATCCAGAGTTTGTA-1	9856	9250	0	0.25	0.22119921692859512
TTATTTAGGGGGTCCG-1	10267	9641	0	0.25	0.22119921692859512
TTCAATCATTCGAATC-1	10150	9532	0	0.25	0.22119921692859512
TTCACGAACGCCCCCC-1	10242	9622	0	0.25	0.22119921692859512
TTCACTTTGCACGTGC-1	9895	9272	0	0.25	0.22119921692859512
TTCAGTAAGGAGTCTA-1	9555	8952	0	0.25	0.22119921692859512
TTCATGTTTCGTAACT-1	10411	9749	0	0.25	0.22119921692859512
TTCCCCATGCATCACC-1	9896	9294	0	0.25	0.22119921692859512
TTCCCGTTCCTGGGAA-1	9853	9237	0	0.25	0.22119921692859512
TTCCCTGGTCTAACAC-1	10194	9608	0	0.25	0.22119921692859512
TTCGACAAAAATGCAA-1	9833	9221	0	0.25	0.22119921692859512
TTCGAGACGTAGAAAA-1	10226	9613	0	0.25	0.22119921692859512
TTCGCCAACCAGCCGC-1	10227	9620	0	0.25	0.22119921692859512
TTCTACTCCGATTACC-1	9504	8884	0	0.25	0.22119921692859512
TTCTAGCTCGGGGTTC-1	9736	9161	0	0.25	0.22119921692859512
TTCTCAACCACACACT-1	9501	8903	0	0.25	0.22119921692859512
TTCTGAGAATCGGCGG-1	10299	9618	0	0.25	0.22119921692859512
TTCTGCAAATATAGGG-1	10188	9531	0	0.25	0.22119921692859512
TTCTGTATGAACGCTC-1	10177	9504	0	0.25	0.22119921692859512
TTGAGATTCCGTATGT-1	9772	9135	0	0.25	0.22119921692859512
TTGATATTCGTCACGA-1	9981	9370	0	0.25	0.22119921692859512
TTGATGGATATCTTTT-1	10389	9758	0	0.25	0.22119921692859512
TTGCCCCGGAATTTAT-1	9741	9131	0	0.25	0.22119921692859512
TTGCCGCATTTCGGTA-1	9971	9360	0	0.25	0.22119921692859512
TTGCGATTATCTCCGC-1	10123	9531	0	0.25	0.22119921692859512
TTGCTGCTGTGCTCAG-1	10146	9521	0	0.25	0.22119921692859512
TTGCTTCGTTGTCCCT-1	9759	9146	0	0.25	0.22119921692859512
TTGGAACGAATTATAG-1	10024	9396	0	0.25	0.22119921692859512
TTGGCGAGGCTCCATG-1	9840	9251	0	0.25	0.22119921692859512
TTGGCTCCAGGTGGAG-1	10078	9456	0	0.25	0.22119921692859512
TTGGTACTCTCGTTCG-1	10204	9567	0	0.25	0.22119921692859512
TTGGTTGGTACCGCGT-1	9707	9095	0	0.25	0.22119921692859512
TTGTAATGTCTATTTT-1	10008	9323	0	0.25	0.22119921692859512
TTGTCCATTCTTGCCC-1	10042	9433	0	0.25	0.22119921692859512
TTGTCTCAAACAGGAT-1	9926	9284	0	0.25	0.22119921692859512
TTGTGGTCGGACCTCG-1	10126	9511	0	0.25	0.22119921692859512
TTGTGGTCTTCGGGGG-1	9712	9117	0	0.25	0.22119921692859512
TTGTGTTAGTCTCCTA-1	9519	8951	0	0.25	0.22119921692859512
TTTACCCTGGTGTGGT-1	9869	9270	0	0.25	0.22119921692859512
TTTAGCGAGTGTGAAC-1	10267	9642	0	0.25	0.22119921692859512
TTTAGGTTAGTAACCA-1	9872	9253	0	0.25	0.22119921692859512
TTTATGATGTTAGCGA-1	9390	8829	0	0.25	0.22119921692859512
TTTCAAGCACTACGTT-1	9924	9327	0	0.25	0.22119921692859512
TTTCCACACCAATCTC-1	10495	9846	0	0.25	0.22119921692859512
TTTCCCATGAACATGC-1	10117	9475	0	0.25	0.22119921692859512
TTTCGATAGAGGCCCT-1	9656	9000	0	0.25	0.22119921692859512
TTTCGCGGGGAATCTA-1	9935	9292	0	0.25	0.22119921692859512
TTTCGGTGACGGCCAA-1	10193	9591	0	0.25	0.22119921692859512
TTTGAACCATAATGTC-1	10380	9728	0	0.25	0.22119921692859512
TTTGGTTAGTCAGATT-1	10122	9492	0	0.25	0.22119921692859512
TTTGTAACTAGCCAAT-1	10059	9405	0	0.25	0.22119921692859512
TTTTCCGGTGGTACAT-1	10310	9634	0	0.25	0.22119921692859512
TTTTCTGCACGGTAGA-1	9494	8909	0	0.25	0.22119921692859512
TTTTGGGGGAGTTTAG-1	9616	8990	0	0.25	0.22119921692859512
TTTTGGTCGCCTAGGC-1	10037	9442	0	0.25	0.22119921692859512
TTTTTCGTTGGGAATT-1	9744	9146	0	0.25	0.22119921692859512
