barcode	fragments	count_sum	count_max	unique_frags	mean_length	median_length
target	AACATGGAGCGCCGGG-1	9969.0	9969.0	1.0	9969.0	302.723	221

top_count_sum
CCGTAATCATGTAAAA-1	10992.0	10992.0	1.0	10992.0	307.088	225
CGCACGCGTACTGCAG-1	10909.0	10909.0	1.0	10909.0	306.358	224
CACGGACAGCCCGCCT-1	10778.0	10778.0	1.0	10778.0	305.765	226
TACTCCTATGTTCTGC-1	10776.0	10776.0	1.0	10776.0	305.897	223
GCTTGCACGCCTTCTC-1	10745.0	10745.0	1.0	10745.0	306.949	221
ACTTCTTACGCTCTCA-1	10724.0	10724.0	1.0	10724.0	307.025	224
TCATCCCAAACTTCAC-1	10646.0	10646.0	1.0	10646.0	306.376	224
ATGCACGAACCGACTC-1	10617.0	10617.0	1.0	10617.0	309.666	225
TGGCATGAGCTACGAG-1	10613.0	10613.0	1.0	10613.0	308.542	224
GCGTGTCTAGTCCAGT-1	10609.0	10609.0	1.0	10609.0	307.601	224
CGGCGGTTGCTGTGTG-1	10569.0	10569.0	1.0	10569.0	310.999	229
CCAAATAAAGTCGTTA-1	10565.0	10565.0	1.0	10565.0	299.52	220
CTACGGTGACGGCAGC-1	10564.0	10564.0	1.0	10564.0	306.08	223
TATGCACGACGCACTT-1	10560.0	10560.0	1.0	10560.0	311.682	228.5
GGGTATTTAGGGCTCC-1	10560.0	10560.0	1.0	10560.0	302.18	219

top_fragments
CCGTAATCATGTAAAA-1	10992.0	10992.0	1.0	10992.0	307.088	225
CGCACGCGTACTGCAG-1	10909.0	10909.0	1.0	10909.0	306.358	224
CACGGACAGCCCGCCT-1	10778.0	10778.0	1.0	10778.0	305.765	226
TACTCCTATGTTCTGC-1	10776.0	10776.0	1.0	10776.0	305.897	223
GCTTGCACGCCTTCTC-1	10745.0	10745.0	1.0	10745.0	306.949	221
ACTTCTTACGCTCTCA-1	10724.0	10724.0	1.0	10724.0	307.025	224
TCATCCCAAACTTCAC-1	10646.0	10646.0	1.0	10646.0	306.376	224
ATGCACGAACCGACTC-1	10617.0	10617.0	1.0	10617.0	309.666	225
TGGCATGAGCTACGAG-1	10613.0	10613.0	1.0	10613.0	308.542	224
GCGTGTCTAGTCCAGT-1	10609.0	10609.0	1.0	10609.0	307.601	224
CGGCGGTTGCTGTGTG-1	10569.0	10569.0	1.0	10569.0	310.999	229
CCAAATAAAGTCGTTA-1	10565.0	10565.0	1.0	10565.0	299.52	220
CTACGGTGACGGCAGC-1	10564.0	10564.0	1.0	10564.0	306.08	223
TATGCACGACGCACTT-1	10560.0	10560.0	1.0	10560.0	311.682	228.5
GGGTATTTAGGGCTCC-1	10560.0	10560.0	1.0	10560.0	302.18	219

global
n_barcodes	1000
mean_fragments	1e+04
max_fragments	10992
