22	30395873
22	30396342
22	30396474
22	30396557
22	30397305
22	30398273
22	30398444
22	30400381
22	30401656
22	30403996
22	30404547
22	30404653
22	30405151
22	30405983
22	30407214
22	30407364
22	30407388
22	30407652
22	30410491
22	30411589
22	30412220
22	30412465
22	30413339
22	30413671
22	30417456
22	30418161
22	30419687
22	30419862
22	30420290
22	30421066
22	30422037
22	30422107
22	30422708
22	30424863
22	30426323
22	30426330
22	30426646
22	30430624
22	30432403
22	30432631
22	30433171
22	30433822
22	30435206
22	30435351
22	30435353
22	30435391
22	30435402
22	30435416
22	30437414
22	30437658
22	30438447
22	30439760
22	30439843
22	30440443
22	30441219
22	30441826
22	30442541
22	30443003
22	30443029
22	30443297
22	30443346
22	30446094
22	30446115
22	30447017
22	30447305
22	30447396
22	30447691
22	30447790
22	30448102
22	30448236
22	30448399
22	30448524
22	30449094
22	30450492
22	30450521
22	30450660
22	30451486
22	30451884
22	30451890
22	30452864
22	30453797
22	30453831
22	30453865
22	30454808
22	30455816
22	30456153
22	30456162
22	30456168
22	30456865
22	30458414
22	30458506
22	30459170
22	30460247
22	30460434
22	30460969
22	30461355
22	30461390
22	30461742
22	30461768
22	30461799
22	30462627
22	30463526
22	30466247
22	30466718
22	30466862
22	30467008
22	30468469
22	30470008
22	30470925
22	30471679
22	30472062
22	30472254
22	30472748
22	30473999
22	30474216
22	30474451
22	30474646
22	30477572
22	30477589
22	30481641
22	30482940
22	30483734
22	30483966
22	30484033
22	30484050
22	30484053
22	30484072
22	30485082
22	30486826
22	30488032
22	30488093
22	30488627
22	30491512
22	30492300
22	30493867
22	30493882
22	30494371
22	30495745
22	30496098
22	30497086
22	30497421
22	30498550
22	30500958
22	30503007
22	30503171
22	30503253
22	30503718
22	30504111
22	30504207
22	30504652
22	30506372
22	30507358
22	30508275
22	30509399
22	30510249
22	30512258
22	30512414
22	30512478
22	30513443
22	30516625
22	30516927
22	30517325
22	30518502
22	30518828
22	30519068
22	30519152
22	30519414
22	30519825
22	30520245
22	30521200
22	30521205
22	30521255
22	30521447
22	30521770
22	30522173
22	30522413
22	30523121
22	30523128
22	30523182
22	30523185
22	30523431
22	30524248
22	30524868
22	30524931
22	30525024
22	30525246
22	30526632
22	30528221
22	30529455
22	30529631
22	30529741
22	30529960
22	30530125
22	30530232
22	30530328
22	30530690
22	30531091
22	30532617
22	30533065
22	30533409
22	30533573
22	30534161
22	30534232
22	30535204
22	30537526
22	30537584
22	30537818
22	30538282
22	30538314
22	30538398
22	30539427
22	30539821
22	30540590
22	30541670
22	30542157
22	30543571
22	30543824
22	30544081
22	30544516
22	30544559
22	30545149
22	30549071
22	30550010
22	30550930
22	30552013
22	30552511
22	30554204
22	30554572
22	30556845
22	30557278
22	30557939
22	30558307
22	30558499
22	30559680
22	30561742
22	30562644
22	30563220
22	30563301
22	30563653
22	30566694
22	30567730
22	30569891
22	30571098
22	30572736
22	30573590
22	30573704
22	30575163
22	30575749
22	30576125
22	30576855
22	30576862
22	30577589
22	30578964
22	30579250
22	30579617
22	30579722
22	30579886
22	30580161
22	30580373
22	30581859
22	30582146
22	30582347
22	30583134
22	30583444
22	30583490
22	30583711
22	30583852
22	30583861
22	30583868
22	30583889
22	30584491
22	30585475
22	30585505
22	30585511
22	30585512
22	30586396
22	30586519
22	30586972
22	30587850
22	30587972
22	30588041
22	30588372
22	30589129
22	30590015
22	30590026
22	30591797
22	30591824
22	30591881
22	30592069
22	30593412
22	30593652
22	30594013
22	30594497
22	30595629
22	30595663
22	30595726
22	30596720
22	30597135
22	30597426
22	30597434
22	30597668
22	30598097
22	30598516
22	30598552
22	30599229
22	30599562
22	30600065
22	30601217
22	30601243
22	30602105
22	30602754
22	30604015
22	30604102
22	30604195
22	30604667
22	30605114
22	30605539
22	30606437
22	30606481
22	30606927
22	30608975
22	30609554
22	30610111
22	30610450
22	30610546
22	30610570
22	30610776
22	30611809
22	30611887
22	30611930
22	30612319
22	30612949
22	30613932
22	30614437
22	30614747
22	30615104
22	30615838
22	30615959
22	30616925
22	30617138
22	30617227
22	30617585
22	30617774
22	30618648
22	30620891
22	30623824
22	30624487
22	30627680
22	30627735
22	30627750
22	30627771
22	30627799
22	30630743
22	30631163
22	30635132
22	30636331
22	30637884
22	30638225
22	30638226
22	30638292
22	30638307
22	30638316
22	30640595
22	30641572
22	30644826
22	30646126
22	30648550
22	30648555
22	30649432
22	30650209
22	30650216
22	30650224
22	30654000
22	30654464
22	30657508
22	30660087
22	30660091
22	30660517
22	30660669
22	30663731
22	30666423
22	30666433
22	30666435
22	30666437
22	30666488
22	30667277
22	30668308
22	30669883
22	30669993
22	30671254
22	30673192
22	30673246
22	30673349
22	30673359
22	30673409
22	30673448
22	30674296
22	30675073
22	30675217
22	30675923
22	30676851
22	30677137
22	30677394
22	30677423
22	30679387
22	30679788
22	30679796
22	30681257
22	30681797
22	30685076
22	30685287
22	30685495
22	30685560
22	30686226
22	30689998
22	30690399
22	30691307
22	30691631
22	30692353
22	30695717
22	30695732
22	30695809
22	30696099
22	30696744
22	30699086
22	30700924
22	30703812
22	30704281
22	30704289
22	30704297
22	30704313
22	30704329
22	30704941
22	30705279
22	30706573
22	30709330
22	30710598
22	30710741
22	30711443
22	30711624
22	30714684
22	30715202
22	30718494
22	30718536
22	30718556
22	30719959
22	30722051
22	30722335
22	30723272
22	30725626
22	30726051
22	30726354
22	30726826
22	30727151
22	30727157
22	30727160
22	30727221
22	30728356
22	30729507
22	30732236
22	30734447
22	30735908
22	30735994
22	30736147
22	30736911
22	30737104
22	30738161
22	30738587
22	30738737
22	30740148
22	30741214
22	30741236
22	30741241
22	30741888
22	30742623
22	30744444
22	30745722
22	30746404
22	30747157
22	30748218
22	30749341
22	30750907
22	30751186
22	30751453
22	30751804
22	30752367
22	30752696
22	30753657
22	30755168
22	30756419
22	30756763
22	30756907
22	30757295
22	30757436
22	30757829
22	30759568
22	30761066
22	30761335
22	30761354
22	30761366
22	30762164
22	30764453
22	30768777
22	30770603
22	30770892
22	30771554
22	30772223
22	30772686
22	30773567
22	30774340
22	30774490
22	30774855
22	30774857
22	30777529
22	30777888
22	30779211
22	30779322
22	30779843
22	30779957
22	30780539
22	30780724
22	30780889
22	30781182
22	30781512
22	30781914
22	30782089
22	30782731
22	30783525
22	30783551
22	30784111
22	30784537
22	30787190
22	30789341
22	30790235
22	30790530
22	30790786
22	30790807
22	30792505
22	30793137
22	30793270
22	30794719
22	30794950
22	30795484
22	30795502
22	30795584
22	30795602
22	30795608
22	30795623
22	30796835
22	30796883
22	30797175
22	30797590
22	30797669
22	30799720
22	30799860
22	30800018
22	30800305
22	30800312
22	30800338
22	30800368
22	30800981
22	30801008
22	30802029
22	30802444
22	30804862
22	30805281
22	30805291
22	30806165
22	30807524
22	30808561
22	30808746
22	30808752
22	30808757
22	30808761
22	30808810
22	30808837
22	30809342
22	30810387
22	30810945
22	30810954
22	30811112
22	30812549
22	30813424
22	30813552
22	30814727
22	30816148
22	30817153
22	30817370
22	30817631
22	30819615
22	30819628
22	30819758
22	30820077
22	30820550
22	30820707
22	30822461
22	30822914
22	30822920
22	30823065
22	30823196
22	30825532
22	30826800
22	30827165
22	30828928
22	30829005
22	30829572
22	30833372
22	30833690
22	30833833
22	30834247
22	30834958
22	30835252
22	30835258
22	30835274
22	30835281
22	30835300
22	30835301
22	30835338
22	30836313
22	30836670
22	30837511
22	30837912
22	30837918
22	30838270
22	30838883
22	30839346
22	30839978
22	30842320
22	30842638
22	30844119
22	30844553
22	30844695
22	30845522
22	30845530
22	30845818
22	30846235
22	30847313
22	30847934
22	30847997
22	30848024
22	30848058
22	30848233
22	30848388
22	30848749
22	30849689
22	30850589
22	30850611
22	30851475
22	30852066
22	30852781
22	30853082
22	30853364
22	30853673
22	30853882
22	30854547
22	30854634
22	30854663
22	30854835
22	30854863
22	30856413
22	30856575
22	30856681
22	30856692
22	30856700
22	30856815
22	30857077
22	30857373
22	30857448
22	30857840
22	30858727
22	30861640
22	30861723
22	30861855
22	30861931
22	30862146
22	30862361
22	30862400
22	30862631
22	30862763
22	30862839
22	30863163
22	30863234
22	30863288
22	30863298
22	30863346
22	30863764
22	30864199
22	30864258
22	30864280
22	30864610
22	30864692
22	30864792
22	30864817
22	30864897
22	30865305
22	30865347
22	30865476
22	30865813
22	30865844
22	30866998
22	30868349
22	30868814
22	30871748
22	30872174
22	30874561
22	30874942
22	30875455
22	30875517
22	30876438
22	30876835
22	30876892
22	30877063
22	30877309
22	30877707
22	30877936
22	30878217
22	30878275
22	30878595
22	30878623
22	30878847
22	30879182
22	30879218
22	30880262
22	30880269
22	30880980
22	30881448
22	30881651
22	30882655
22	30882949
22	30883002
22	30883196
22	30883382
22	30883969
22	30884427
22	30884870
22	30885100
22	30885216
22	30885312
22	30885727
22	30885980
22	30886388
22	30886577
22	30886886
22	30887446
22	30887919
22	30888494
22	30888527
22	30888538
22	30888959
22	30889139
22	30889967
22	30891250
22	30891294
22	30891859
22	30892255
22	30892277
22	30893550
22	30894105
22	30894943
22	30895982
22	30897863
22	30898840
22	30899354
22	30899408
22	30899617
22	30900034
22	30900318
22	30900829
22	30901044
22	30901063
22	30901070
22	30901592
22	30901964
22	30902277
22	30902743
22	30903359
22	30904212
22	30904232
22	30904622
22	30904659
22	30904704
22	30904724
22	30905804
22	30906008
22	30906194
22	30907101
22	30907168
22	30907585
22	30908606
22	30908979
22	30909038
22	30909184
22	30909224
22	30909767
22	30910148
22	30912328
22	30912889
22	30914473
22	30914544
22	30915333
22	30915758
22	30915804
22	30915819
22	30916380
22	30916443
22	30916518
22	30916972
22	30917077
22	30917091
22	30917820
22	30918008
22	30918538
22	30918825
22	30919443
22	30921249
22	30922251
22	30922544
22	30923701
22	30924136
22	30924138
22	30924176
22	30924193
22	30924217
22	30924409
22	30924452
22	30924910
22	30925492
22	30925616
22	30926321
22	30926323
22	30927421
22	30927666
22	30927975
22	30929190
22	30929240
22	30929310
22	30929369
22	30929537
22	30929576
22	30929585
22	30929905
22	30930080
22	30930158
22	30930386
22	30930401
22	30930491
22	30930662
22	30930830
22	30931024
22	30931307
22	30931874
22	30932673
22	30932821
22	30933561
22	30933600
22	30934051
22	30934335
22	30934816
22	30935074
22	30935259
22	30935429
22	30936227
22	30936356
22	30936379
22	30936387
22	30936392
22	30936403
22	30936404
22	30936418
22	30936702
22	30936781
22	30937005
22	30937190
22	30937307
22	30937512
22	30940450
22	30948752
22	30950399
22	30950408
22	30950583
22	30950588
22	30952396
22	30952941
22	30953224
22	30953774
22	30954574
22	30955321
22	30959074
22	30959514
22	30959602
22	30959902
22	30960412
22	30960754
22	30961048
22	30961601
22	30963253
22	30964810
22	30966773
22	30966964
22	30967184
22	30968051
22	30970585
22	30970972
22	30976521
22	30979432
22	30981984
22	30982374
22	30983709
22	30983739
22	30984727
22	30984976
22	30985011
22	30986172
22	30987870
22	30988382
22	30989400
22	30991060
22	30991608
22	30992651
22	30992672
22	30992834
22	30992918
22	30992924
22	30993365
22	30993375
22	30993386
22	30993403
22	30993409
22	30993866
22	30993934
22	30994191
22	30994867
22	30995292
22	30995613
22	30995657
22	30997528
22	30998060
22	30998425
22	30998898
22	31000018
22	31000623
22	31001106
22	31001822
22	31003138
22	31004626
22	31005293
22	31005576
22	31006860
22	31007936
22	31010649
22	31011557
22	31011610
22	31011882
22	31012012
22	31012756
22	31013419
22	31014474
22	31015720
22	31015801
22	31015938
22	31016130
22	31016539
22	31016914
22	31016983
22	31017725
22	31018777
22	31019283
22	31019790
22	31020067
22	31020113
22	31020400
22	31021389
22	31022272
22	31022301
22	31022590
22	31022815
22	31023191
22	31023326
22	31023603
22	31024449
22	31024547
22	31024680
22	31024856
22	31025154
22	31025189
22	31025421
22	31025552
22	31025655
22	31025733
22	31025766
22	31025798
22	31025863
22	31026475
22	31026655
22	31026777
22	31026962
22	31026987
22	31027448
22	31027654
22	31027676
22	31027697
22	31027887
22	31027935
22	31027995
22	31028082
22	31028251
22	31028258
22	31028304
22	31028464
22	31028744
22	31029171
22	31029199
22	31029242
22	31029339
22	31029898
22	31030018
22	31030528
22	31030592
22	31030781
22	31031282
22	31031418
22	31031590
22	31031614
22	31031637
22	31031643
22	31031694
22	31032309
22	31032920
22	31034982
22	31035967
22	31037162
22	31037205
22	31037370
22	31037491
22	31037602
22	31037734
22	31038938
22	31038949
22	31039088
22	31039093
22	31039733
22	31040966
22	31041830
22	31042352
22	31043390
22	31046587
22	31048534
22	31048803
22	31049070
22	31049964
22	31050162
22	31050715
22	31051212
22	31051281
22	31051415
22	31051436
22	31051442
22	31051450
22	31051922
22	31052375
22	31052568
22	31053263
22	31053445
22	31053572
22	31053641
22	31053658
22	31053893
22	31054287
22	31054362
22	31055571
22	31056298
22	31056343
22	31057115
22	31057292
22	31057584
22	31057589
22	31058017
22	31058115
22	31058707
22	31059250
22	31060029
22	31060193
22	31060982
22	31061152
22	31061869
22	31063017
22	31063100
22	31063641
22	31063804
22	31063832
22	31064020
22	31064736
22	31065332
22	31066100
22	31066406
22	31066509
22	31067243
22	31067582
22	31067801
22	31068064
22	31068814
22	31068908
22	31069076
22	31069849
22	31070493
22	31071045
22	31071354
22	31071644
22	31071876
22	31072753
22	31073500
22	31074094
22	31075642
22	31075719
22	31076386
22	31076466
22	31076582
22	31077056
22	31077787
22	31078845
22	31079440
22	31079445
22	31080424
22	31080793
22	31081846
22	31081852
22	31083953
22	31083997
22	31085748
22	31086280
22	31087158
22	31087477
22	31089958
22	31090067
22	31090571
22	31090582
22	31090615
22	31090626
22	31090641
22	31090660
22	31090686
22	31090702
22	31090709
22	31090717
22	31090752
22	31090758
22	31090772
22	31090782
22	31090894
22	31091139
22	31091633
22	31091934
22	31092425
22	31094269
22	31094432
22	31096092
22	31097146
22	31097414
22	31097420
22	31097434
22	31097469
22	31099274
22	31099927
22	31100504
22	31101085
22	31101268
22	31101999
22	31103245
22	31103458
22	31105269
22	31105694
22	31107196
22	31107612
22	31107647
22	31107700
22	31107726
22	31107851
22	31109066
22	31109126
22	31110422
22	31110784
22	31111078
22	31111865
22	31112096
22	31112308
22	31113664
22	31114086
22	31115722
22	31116693
22	31117251
22	31117495
22	31117631
22	31118383
22	31118395
22	31118510
22	31119214
22	31119500
22	31119818
22	31120034
22	31120714
22	31121004
22	31121032
22	31121168
22	31121646
22	31122409
22	31122477
22	31122483
22	31122548
22	31122585
22	31123106
22	31123826
22	31125214
22	31125790
22	31125808
22	31125944
22	31127018
22	31128286
22	31128763
22	31131420
22	31133286
22	31134086
22	31134163
22	31141639
22	31141643
22	31144707
22	31163038
22	31163046
22	31163078
22	31163105
22	31163112
22	31163114
22	31163117
22	31163123
22	31163507
22	31166105
22	31166170
22	31168670
22	31174085
22	31174227
22	31174250
22	31177092
22	31178576
22	31180422
22	31181254
22	31181479
22	31182726
22	31182793
22	31186601
22	31186640
22	31186787
22	31187334
22	31187338
22	31187342
22	31187397
22	31187403
22	31194567
22	31195108
22	31204084
22	31204089
22	31207164
22	31210405
22	31210421
22	31217345
22	31220339
22	31227958
22	31233302
22	31233648
22	31233875
22	31241259
22	31246170
22	31246277
22	31246293
22	31250293
22	31250385
22	31252292
22	31252293
22	31252297
22	31252350
22	31252352
22	31252353
22	31254058
22	31254239
22	31254790
22	31254866
22	31254954
22	31255029
22	31256066
22	31256498
22	31256584
22	31256713
22	31256767
22	31257924
22	31258108
22	31258597
22	31258949
22	31259169
22	31259530
22	31259658
22	31260328
22	31260807
22	31261107
22	31261488
22	31261618
22	31261756
22	31262501
22	31263287
22	31264281
22	31266546
22	31266777
22	31266830
22	31268091
22	31268129
22	31269579
22	31269708
22	31270522
22	31271534
22	31273259
22	31279345
22	31281876
22	31295370
22	31295389
22	31296166
22	31298113
22	31298562
22	31301058
22	31301734
22	31302060
22	31302073
22	31302090
22	31308009
22	31308017
22	31309430
22	31310170
22	31310337
22	31310443
22	31310455
22	31310466
22	31312404
22	31318093
22	31318905
22	31319002
22	31322576
22	31324634
22	31333942
22	31342594
22	31344233
22	31347091
22	31356541
22	31358541
22	31358598
22	31358965
22	31359560
22	31365371
22	31365414
22	31366675
22	31377027
22	31377185
22	31377571
22	31378447
22	31378715
22	31379144
22	31379194
22	31379487
22	31379675
22	31380244
22	31381172
22	31381257
22	31382342
22	31382766
22	31384275
22	31387869
22	31388038
22	31390187
22	31391460
22	31391846
22	31392231
22	31392897
22	31395825
22	31396439
22	31398027
22	31399605
22	31399928
22	31399953
22	31400018
22	31400335
22	31402043
22	31402423
22	31402480
22	31402485
22	31403030
22	31403548
22	31404324
22	31404395
22	31404635
22	31404900
22	31405041
22	31405191
22	31405838
22	31406285
22	31406827
22	31407401
22	31408916
22	31409959
22	31411404
22	31412199
22	31413480
22	31413966
22	31414089
22	31414221
22	31414446
22	31414468
22	31414506
22	31414532
22	31414552
22	31414649
22	31414666
22	31415931
22	31416033
22	31416122
22	31416273
22	31416981
22	31417545
22	31417601
22	31417926
22	31419029
22	31419209
22	31420019
22	31421190
22	31421733
22	31422546
22	31423270
22	31423279
22	31423320
22	31423338
22	31423416
22	31423507
22	31425158
22	31425330
22	31425998
22	31426131
22	31426304
22	31427491
22	31428690
22	31428853
22	31430370
22	31430440
22	31430488
22	31430756
22	31430786
22	31430840
22	31430904
22	31430988
22	31431634
22	31431689
22	31431705
22	31431780
22	31432139
22	31432389
22	31432473
22	31433519
22	31433767
22	31433846
22	31435162
22	31435338
22	31435484
22	31435945
22	31436494
22	31436507
22	31436822
22	31437845
22	31437943
22	31438038
22	31438336
22	31438581
22	31438897
22	31438931
22	31438975
22	31439170
22	31439559
22	31439597
22	31439650
22	31441196
22	31441356
22	31441741
22	31441856
22	31442308
22	31443367
22	31443798
22	31444875
22	31445170
22	31445190
22	31445399
22	31445523
22	31447619
22	31448275
22	31448323
22	31448335
22	31448338
22	31448343
22	31448350
22	31448396
22	31448769
22	31450547
22	31450850
22	31451964
22	31453264
22	31456006
22	31456352
22	31456833
22	31457719
22	31458203
22	31459255
22	31460990
22	31462182
22	31462307
22	31463417
22	31463438
22	31463539
22	31463614
22	31464226
22	31464405
22	31465331
22	31465346
22	31465364
22	31465368
22	31465383
22	31465393
22	31466604
22	31466909
22	31467033
22	31469636
22	31469975
22	31470035
22	31470437
22	31473344
22	31473381
22	31474652
22	31475307
22	31475877
22	31477361
22	31478765
22	31478776
22	31480069
22	31481654
22	31482568
22	31482701
22	31486309
22	31490650
22	31490677
22	31490682
22	31490686
22	31490696
22	31490702
22	31490729
22	31491295
22	31492034
22	31492482
22	31492517
22	31493460
22	31493636
22	31494049
22	31494568
22	31494866
22	31495443
22	31496062
22	31496828
22	31496837
22	31496859
22	31496864
22	31496869
22	31496877
22	31497054
22	31497110
22	31497663
22	31497769
22	31497879
22	31498201
22	31499518
22	31500536
22	31500671
22	31501788
22	31502732
22	31503560
22	31503569
22	31504129
22	31504883
22	31505060
22	31505115
22	31505145
22	31505179
22	31505201
22	31505375
22	31505510
22	31505520
22	31507049
22	31507763
22	31508195
22	31508966
22	31509037
22	31509420
22	31509922
22	31510087
22	31510963
22	31511168
22	31511391
22	31512032
22	31512149
22	31513623
22	31513739
22	31514038
22	31514409
22	31514477
22	31516220
22	31516615
22	31517027
22	31517057
22	31517434
22	31518824
22	31521850
22	31524913
22	31524980
22	31525167
22	31525198
22	31525209
22	31525218
22	31525426
22	31525554
22	31525622
22	31526644
22	31526811
22	31528732
22	31528932
22	31529463
22	31529613
22	31530744
22	31530957
22	31531150
22	31532567
22	31532568
22	31532960
22	31533137
22	31533225
22	31533967
22	31536133
22	31537122
22	31537342
22	31539614
22	31542137
22	31542210
22	31543197
22	31545391
22	31548629
22	31548958
22	31548986
22	31549155
22	31549581
22	31550333
22	31551160
22	31552702
22	31553354
22	31553829
22	31555697
22	31556103
22	31556759
22	31557862
22	31557905
22	31557941
22	31557965
22	31557972
22	31558549
22	31558604
22	31558752
22	31558820
22	31559255
22	31560569
22	31561022
22	31562000
22	31563555
22	31563582
22	31564334
22	31564780
22	31565094
22	31566173
22	31566378
22	31567142
22	31568734
22	31569236
22	31570365
22	31570436
22	31570781
22	31570792
22	31571062
22	31571367
22	31572963
22	31574213
22	31576509
22	31576889
22	31577850
22	31578206
22	31578879
22	31579233
22	31579412
22	31579433
22	31579922
22	31579961
22	31580031
22	31580088
22	31580246
22	31580346
22	31580494
22	31580965
22	31581166
22	31581773
22	31582662
22	31583007
22	31583902
22	31584516
22	31584941
22	31585123
22	31585220
22	31585737
22	31586248
22	31587155
22	31587191
22	31587218
22	31587722
22	31587797
22	31589056
22	31589786
22	31590208
22	31590660
22	31591228
22	31593435
22	31593602
22	31593861
22	31593959
22	31594380
22	31594432
22	31594686
22	31595080
22	31595085
22	31598367
22	31599983
22	31599988
22	31600033
22	31600460
22	31602139
22	31602187
22	31602772
22	31603487
22	31604307
22	31604808
22	31604960
22	31605038
22	31605460
22	31607945
22	31609350
22	31609803
22	31611549
22	31613246
22	31616169
22	31616301
22	31616874
22	31618320
22	31618597
22	31621132
22	31622462
22	31622480
22	31622539
22	31622602
22	31622655
22	31622663
22	31622685
22	31622700
22	31622710
22	31622721
22	31622735
22	31622741
22	31622753
22	31623442
22	31623889
22	31626042
22	31632051
22	31633022
22	31633928
22	31637828
22	31638027
22	31638448
22	31638932
22	31639509
22	31642169
22	31642744
22	31644964
22	31645759
22	31647094
22	31648294
22	31648528
22	31648573
22	31649634
22	31652852
22	31654823
22	31657131
22	31657182
22	31657308
22	31657449
22	31658281
22	31659101
22	31659662
22	31659827
22	31663842
22	31664032
22	31665044
22	31665051
22	31665219
22	31665260
22	31665320
22	31665754
22	31665862
22	31665909
22	31666026
22	31668154
22	31668202
22	31668250
22	31668263
22	31669267
22	31671932
22	31672438
22	31672503
22	31672676
22	31672752
22	31673402
22	31675185
22	31675842
22	31675866
22	31676454
22	31676992
22	31677130
22	31677585
22	31677797
22	31679110
22	31679449
22	31679546
22	31679669
22	31680239
22	31680850
22	31680887
22	31682894
22	31682976
22	31682980
22	31682985
22	31683564
22	31683711
22	31684360
22	31684426
22	31685458
22	31686102
22	31686144
22	31687142
22	31687313
22	31687451
22	31687792
22	31688844
22	31689951
22	31690528
22	31690803
22	31691167
22	31693585
22	31696003
22	31696278
22	31696615
22	31698166
22	31699411
22	31699417
22	31699447
22	31699490
22	31699532
22	31700050
22	31700508
22	31701571
22	31701821
22	31702339
22	31704939
22	31705039
22	31706560
22	31706571
22	31706608
22	31706623
22	31708745
22	31708861
22	31719315
22	31724931
22	31724972
22	31726281
22	31726563
22	31729484
22	31729498
22	31733636
22	31741637
22	31742767
22	31744482
22	31747786
22	31749135
22	31751845
22	31752202
22	31752935
22	31753373
22	31753764
22	31755965
22	31761061
22	31761065
22	31761084
22	31761469
22	31764464
22	31765680
22	31768860
22	31768902
22	31768919
22	31768974
22	31769959
22	31771542
22	31771554
22	31771590
22	31773131
22	31773149
22	31773171
22	31773183
22	31773573
22	31774385
22	31776177
22	31776246
22	31776783
22	31776861
22	31777956
22	31777990
22	31778224
22	31778621
22	31778634
22	31778705
22	31779650
22	31780295
22	31780417
22	31781068
22	31783896
22	31783906
22	31784942
22	31784989
22	31785969
22	31786776
22	31787472
22	31787917
22	31787923
22	31788738
22	31789669
22	31790014
22	31792292
22	31793513
22	31795866
22	31796362
22	31797459
22	31797516
22	31797815
22	31798491
22	31799932
22	31799963
22	31800001
22	31801666
22	31801917
22	31801976
22	31801978
22	31801985
22	31801992
22	31802067
22	31802074
22	31803541
22	31803705
22	31803741
22	31804040
22	31804120
22	31804738
22	31806420
22	31808355
22	31808524
22	31808827
22	31809366
22	31811128
22	31812885
22	31813058
22	31813084
22	31813350
22	31816737
22	31816742
22	31819142
22	31819531
22	31819532
22	31819928
22	31820398
22	31820455
22	31820458
22	31821719
22	31826150
22	31827017
22	31830421
22	31833759
22	31834939
22	31836378
22	31838085
22	31839405
22	31839761
22	31839766
22	31839950
22	31842090
22	31842271
22	31842327
22	31842338
22	31844293
22	31844373
22	31845720
22	31846079
22	31846705
22	31846746
22	31846764
22	31846817
22	31846830
22	31847448
22	31851453
22	31852228
22	31852358
22	31852407
22	31852635
22	31854291
22	31854370
22	31854434
22	31855738
22	31860641
22	31860712
22	31861301
22	31861309
22	31862401
22	31866167
22	31866191
22	31866240
22	31866602
22	31866691
22	31866692
22	31866701
22	31866711
22	31867242
22	31867274
22	31867279
22	31867298
22	31868256
22	31868338
22	31869467
22	31870439
22	31870454
22	31870474
22	31870581
22	31871609
22	31871637
22	31871707
22	31873278
22	31873361
22	31873370
22	31873376
22	31874180
22	31874550
22	31874764
22	31874931
22	31875673
22	31876466
22	31879675
22	31881169
22	31881733
22	31881829
22	31882214
22	31882265
22	31882634
22	31882645
22	31882906
22	31883056
22	31884405
22	31885364
22	31885576
22	31885600
22	31885607
22	31885632
22	31885655
22	31885980
22	31889566
22	31889844
22	31890299
22	31890329
22	31890362
22	31892121
22	31893641
22	31894046
22	31894262
22	31894310
22	31894635
22	31894835
22	31894846
22	31895274
22	31895970
22	31896172
22	31896232
22	31896263
22	31896322
22	31896774
22	31896825
22	31897188
22	31899040
22	31899556
22	31899570
22	31899607
22	31899647
22	31899657
22	31899663
22	31899666
22	31899926
22	31901195
22	31901393
22	31901432
22	31902117
22	31904170
22	31905703
22	31907427
22	31907450
22	31907526
22	31908025
22	31908341
22	31909547
22	31909854
22	31910081
22	31910134
22	31911306
22	31911530
22	31911898
22	31912057
22	31912119
22	31913271
22	31914399
22	31915817
22	31915818
22	31916051
22	31917415
22	31918050
22	31920684
22	31925073
22	31926725
22	31928890
22	31929432
22	31929480
22	31929564
22	31929654
22	31929820
22	31930813
22	31930875
22	31930972
22	31931171
22	31932212
22	31933700
22	31933723
22	31934413
22	31935347
22	31937414
22	31937476
22	31937664
22	31937680
22	31937697
22	31937705
22	31937713
22	31937719
22	31937729
22	31938087
22	31938986
22	31938991
22	31939046
22	31939062
22	31939078
22	31939081
22	31939319
22	31940981
22	31942654
22	31944410
22	31950593
22	31952274
22	31952277
22	31952292
22	31957065
22	31958333
22	31958887
22	31960800
22	31964214
22	31964358
22	31965933
22	31966108
22	31966274
22	31966650
22	31967532
22	31967775
22	31971071
22	31971158
22	31971172
22	31971258
22	31972325
22	31976528
22	31977273
22	31977874
22	31982241
22	31983099
22	31983287
22	31983468
22	31984079
22	31985197
22	31985776
22	31985783
22	31985989
22	31986538
22	31986937
22	31987081
22	31987736
22	31987756
22	31987824
22	31988424
22	31988578
22	31988846
22	31988856
22	31988862
22	31988873
22	31988989
22	31989013
22	31989023
22	31989054
22	31989111
22	31989157
22	31989809
22	31989991
22	31990494
22	31990547
22	31990582
22	31990675
22	31990828
22	31990836
22	31990930
22	31992769
22	31992874
22	31992907
22	31992997
22	31993009
22	31995010
22	31995155
22	31995316
22	31995606
22	31995612
22	31995811
22	31996382
22	31997114
22	31998612
22	31999127
22	31999223
22	31999476
22	32002046
22	32002294
22	32002584
22	32002621
22	32002642
22	32002679
22	32005594
22	32006408
22	32008384
22	32011929
22	32016268
22	32020644
22	32020698
22	32020745
22	32024980
22	32025338
22	32025442
22	32025478
22	32025491
22	32026563
22	32030693
22	32032278
22	32033150
22	32035737
22	32036518
22	32038713
22	32038780
22	32039108
22	32039128
22	32039225
22	32041055
22	32051044
22	32053388
22	32058987
22	32062075
22	32064126
22	32065604
22	32065636
22	32065642
22	32065658
22	32065660
22	32065693
22	32065807
22	32066668
22	32067729
22	32075306
22	32075321
22	32079816
22	32081358
22	32081388
22	32081436
22	32081929
22	32086642
22	32088230
22	32090120
22	32092526
22	32094046
22	32094136
22	32097775
22	32098735
22	32098802
22	32102468
22	32105256
22	32105499
22	32107748
22	32107751
22	32107754
22	32107755
22	32107761
22	32107794
22	32107877
22	32107880
22	32114156
22	32114558
22	32115762
22	32116650
22	32117532
22	32120575
22	32123167
22	32123180
22	32125326
22	32128973
22	32129251
22	32129263
22	32129264
22	32129283
22	32129373
22	32131610
22	32131933
22	32136380
22	32137267
22	32137285
22	32137303
22	32140032
22	32141938
22	32142729
22	32142801
22	32143110
22	32143794
22	32144436
22	32146285
22	32147229
22	32147242
22	32150027
22	32150038
22	32155343
22	32155369
22	32155445
22	32155692
22	32157276
22	32157304
22	32157976
22	32158012
22	32159137
22	32166777
22	32166806
22	32166847
22	32167065
22	32177208
22	32177821
22	32179850
22	32181573
22	32182486
22	32182708
22	32183135
22	32183726
22	32184212
22	32186276
22	32186600
22	32186751
22	32188628
22	32188750
22	32190200
22	32191599
22	32191990
22	32193059
22	32195367
22	32195552
22	32195558
22	32196868
22	32196896
22	32196912
22	32198084
22	32207619
22	32207637
22	32207657
22	32208391
22	32208429
22	32208430
22	32208431
22	32208439
22	32208635
22	32208690
22	32210293
22	32210552
22	32211459
22	32213082
22	32217041
22	32226689
22	32226697
22	32233264
22	32235504
22	32238502
22	32238527
22	32238545
22	32238553
22	32238558
22	32238560
22	32238561
22	32240688
22	32243058
22	32243345
22	32247052
22	32248395
22	32250495
22	32251034
22	32252076
22	32252090
22	32252141
22	32255045
22	32257207
22	32257297
22	32258167
22	32260512
22	32260516
22	32263131
22	32265495
22	32265540
22	32265551
22	32267042
22	32272658
22	32273476
22	32273702
22	32275029
22	32281568
22	32281592
22	32281708
22	32281880
22	32282014
22	32284201
22	32284208
22	32284214
22	32295387
22	32297163
22	32297218
22	32297228
22	32297259
22	32297311
22	32298394
22	32299628
22	32300150
22	32300192
22	32303378
22	32308976
22	32310899
22	32310959
22	32315438
22	32322891
22	32322901
22	32322984
22	32323023
22	32323032
22	32323042
22	32323058
22	32323081
22	32323082
22	32323096
22	32324426
22	32335681
22	32335696
22	32335728
22	32335848
22	32335930
22	32336413
22	32337080
22	32340188
22	32341036
22	32342930
22	32344404
22	32345114
22	32345146
22	32346762
22	32351311
22	32351332
22	32351352
22	32351420
22	32351447
22	32351452
22	32356793
22	32358190
22	32358224
22	32361396
22	32361401
22	32362656
22	32366879
22	32369529
22	32369538
22	32369596
22	32369608
22	32369614
22	32369621
22	32369625
22	32369629
22	32372892
22	32372979
22	32375414
22	32375419
22	32376341
22	32377135
22	32377873
22	32377890
22	32378208
22	32378762
22	32380736
22	32381889
22	32382977
22	32385590
22	32385596
22	32395805
22	32396524
22	32397183
22	32398065
22	32399040
22	32400823
22	32401532
22	32405676
22	32407422
22	32408788
22	32411425
22	32414129
22	32415306
22	32415310
22	32415325
22	32415470
22	32417247
22	32418552
22	32421496
22	32422747
22	32423466
22	32427564
22	32428280
22	32432218
22	32432646
22	32433269
22	32433824
22	32433947
22	32435409
22	32438644
22	32438941
22	32442356
22	32442480
22	32442776
22	32443595
22	32444164
22	32444217
22	32445060
22	32445402
22	32450362
22	32450764
22	32454357
22	32456117
22	32456145
22	32456147
22	32460503
22	32462412
22	32463344
22	32463350
22	32463875
22	32466012
22	32467651
22	32467726
22	32467944
22	32468474
22	32470458
22	32471128
22	32471731
22	32472172
22	32472459
22	32472930
22	32473177
22	32473310
22	32474857
22	32474941
22	32475878
22	32477382
22	32478972
22	32479653
22	32482321
22	32484341
22	32484407
22	32484413
22	32484649
22	32489553
22	32489999
22	32495092
22	32501276
22	32506906
22	32508457
22	32509089
22	32510153
22	32510175
22	32510190
22	32510201
22	32512713
22	32513654
22	32513667
22	32515306
22	32518130
22	32518204
22	32518486
22	32518761
22	32518762
22	32518813
22	32518819
22	32518882
22	32519748
22	32519836
22	32521203
22	32526447
22	32527503
22	32527603
22	32528143
22	32529042
22	32530675
22	32530684
22	32532888
22	32532903
22	32536744
22	32538195
22	32539051
22	32539375
22	32540564
22	32540651
22	32541089
22	32541339
22	32541555
22	32541578
22	32541592
22	32541619
22	32542096
22	32542103
22	32542116
22	32542834
22	32542889
22	32543046
22	32543327
22	32543629
22	32543636
22	32543680
22	32543756
22	32543892
22	32543914
22	32543915
22	32543978
22	32545849
22	32546946
22	32547012
22	32547086
22	32547504
22	32547626
22	32549581
22	32549733
22	32549739
22	32550337
22	32550816
22	32551609
22	32551750
22	32552840
22	32553177
22	32553283
22	32553484
22	32553764
22	32553978
22	32554184
22	32555717
22	32556062
22	32556119
22	32556323
22	32556917
22	32557200
22	32557281
22	32557709
22	32557939
22	32558165
22	32558307
22	32558502
22	32558547
22	32559651
22	32559682
22	32560337
22	32560359
22	32561691
22	32562519
22	32562972
22	32563635
22	32564779
22	32565036
22	32565371
22	32565654
22	32566304
22	32567306
22	32567387
22	32567633
22	32567725
22	32568231
22	32570107
22	32570551
22	32570873
22	32572146
22	32573443
22	32573782
22	32576244
22	32576543
22	32576714
22	32576756
22	32576769
22	32576793
22	32576799
22	32576956
22	32577050
22	32577071
22	32577275
22	32577370
22	32577443
22	32578588
22	32580009
22	32580119
22	32580440
22	32580952
22	32580968
22	32580973
22	32581037
22	32582032
22	32582155
22	32582254
22	32583529
22	32584010
22	32587178
22	32590133
22	32590184
22	32592390
22	32593383
22	32593406
22	32593543
22	32594485
22	32594786
22	32595465
22	32595751
22	32595900
22	32597621
22	32599609
22	32599716
22	32599946
22	32599965
22	32599974
22	32600009
22	32600021
22	32600042
22	32600089
22	32600097
22	32601417
22	32601450
22	32601486
22	32602440
22	32602448
22	32602459
22	32602476
22	32604499
22	32606650
22	32608104
22	32609449
22	32609493
22	32609573
22	32609600
22	32611028
22	32612230
22	32612255
22	32612268
22	32613597
22	32613864
22	32614437
22	32614458
22	32614482
22	32615004
22	32615547
22	32615714
22	32617062
22	32618956
22	32619043
22	32619908
22	32623897
22	32624056
22	32624139
22	32624322
22	32624529
22	32626328
22	32626616
22	32628251
22	32628569
22	32628900
22	32629582
22	32629782
22	32632659
22	32633505
22	32633785
22	32634034
22	32634704
22	32635467
22	32635525
22	32635531
22	32635927
22	32636089
22	32636424
22	32637148
22	32637578
22	32637790
22	32637792
22	32637850
22	32638128
22	32640087
22	32640510
22	32648216
22	32648234
22	32648312
22	32648324
22	32650756
22	32653915
22	32659059
22	32664612
22	32664847
22	32665507
22	32665756
22	32666087
22	32666775
22	32667097
22	32667191
22	32667573
22	32667866
22	32667898
22	32667927
22	32668008
22	32668417
22	32668527
22	32669509
22	32670090
22	32670245
22	32670274
22	32670765
22	32670915
22	32671073
22	32672691
22	32672748
22	32672792
22	32672837
22	32673074
22	32673872
22	32673946
22	32673998
22	32675249
22	32675280
22	32675996
22	32676620
22	32676841
22	32677130
22	32677346
22	32677737
22	32678109
22	32678172
22	32678289
22	32678321
22	32678343
22	32678351
22	32678415
22	32678473
22	32678481
22	32679226
22	32679381
22	32679643
22	32680021
22	32680262
22	32680589
22	32680887
22	32680999
22	32681103
22	32681699
22	32681792
22	32681824
22	32681913
22	32682277
22	32682660
22	32683073
22	32685159
22	32685812
22	32686056
22	32686099
22	32686135
22	32686194
22	32686210
22	32686466
22	32686573
22	32686596
22	32686654
22	32686684
22	32686736
22	32686862
22	32687036
22	32687270
22	32687275
22	32687366
22	32687407
22	32687543
22	32687583
22	32687627
22	32687668
22	32687680
22	32687758
22	32687780
22	32687817
22	32687843
22	32687862
22	32687882
22	32687969
22	32688017
22	32688032
22	32688128
22	32688258
22	32688462
22	32688492
22	32688557
22	32688579
22	32688921
22	32689181
22	32689211
22	32689334
22	32689618
22	32689640
22	32689662
22	32689670
22	32689723
22	32689887
22	32689963
22	32690054
22	32690132
22	32690240
22	32690526
22	32690596
22	32690658
22	32690725
22	32690898
22	32692692
22	32692741
22	32692809
22	32692881
22	32692905
22	32693187
22	32693509
22	32693815
22	32693936
22	32693969
22	32694278
22	32694770
22	32694804
22	32695113
22	32695155
22	32695314
22	32695878
22	32695890
22	32695926
22	32695954
22	32696120
22	32696222
22	32696294
22	32696315
22	32696347
22	32696364
22	32696421
22	32696509
22	32696601
22	32696614
22	32696619
22	32696650
22	32696710
22	32696736
22	32696834
22	32696857
22	32696877
22	32696972
22	32697018
22	32697165
22	32697178
22	32697295
22	32697389
22	32697577
22	32697599
22	32697642
22	32697754
22	32697791
22	32697829
22	32698018
22	32698215
22	32698237
22	32698248
22	32698290
22	32698361
22	32698515
22	32698615
22	32698647
22	32698720
22	32698781
22	32698911
22	32698980
22	32699022
22	32699322
22	32699455
22	32699524
22	32699547
22	32699591
22	32699673
22	32699772
22	32699922
22	32700170
22	32700251
22	32700266
22	32700290
22	32700298
22	32700430
22	32700513
22	32700528
22	32700618
22	32700743
22	32700820
22	32700837
22	32701152
22	32701277
22	32701653
22	32701770
22	32701836
22	32701840
22	32701882
22	32701916
22	32701934
22	32701940
22	32701953
22	32701968
22	32702023
22	32702078
22	32702159
22	32702222
22	32702260
22	32702280
22	32702325
22	32702329
22	32702377
22	32702502
22	32702517
22	32702816
22	32702832
22	32702895
22	32702907
22	32702921
22	32703032
22	32703072
22	32703095
22	32703155
22	32703292
22	32703536
22	32703921
22	32704208
22	32704231
22	32704309
22	32704446
22	32704485
22	32704750
22	32704873
22	32705020
22	32705114
22	32705156
22	32705161
22	32705463
22	32705471
22	32705515
22	32705624
22	32706498
22	32706824
22	32706904
22	32707462
22	32707844
22	32708099
22	32708373
22	32708691
22	32709093
22	32709197
22	32709692
22	32710985
22	32711222
22	32711261
22	32711271
22	32711801
22	32711819
22	32711979
22	32712095
22	32712251
22	32712273
22	32712451
22	32712515
22	32712620
22	32712863
22	32712921
22	32712970
22	32713280
22	32713734
22	32713762
22	32714912
22	32715154
22	32715485
22	32715559
22	32715985
22	32716092
22	32716130
22	32716881
22	32717273
22	32717289
22	32717429
22	32717600
22	32717621
22	32717682
22	32718163
22	32718380
22	32718436
22	32719246
22	32719359
22	32719481
22	32719540
22	32720031
22	32720234
22	32720262
22	32720439
22	32720524
22	32720648
22	32720662
22	32720757
22	32720943
22	32721231
22	32721349
22	32721624
22	32721940
22	32722305
22	32722442
22	32722485
22	32722913
22	32723020
22	32723038
22	32723157
22	32723714
22	32723723
22	32723739
22	32723988
22	32724003
22	32724076
22	32724128
22	32724142
22	32724526
22	32724532
22	32724578
22	32724611
22	32725026
22	32725499
22	32725694
22	32726428
22	32726441
22	32726515
22	32726587
22	32726606
22	32726741
22	32726780
22	32726805
22	32726812
22	32726847
22	32726858
22	32726870
22	32726958
22	32726973
22	32726985
22	32727003
22	32727226
22	32727537
22	32728285
22	32728535
22	32728946
22	32728966
22	32729193
22	32729397
22	32729539
22	32729546
22	32729772
22	32729916
22	32729974
22	32729994
22	32730047
22	32731350
22	32731481
22	32731804
22	32731840
22	32732014
22	32733032
22	32735423
22	32735950
22	32736128
22	32736376
22	32736667
22	32736855
22	32737231
22	32738469
22	32740036
22	32740245
22	32740441
22	32742532
22	32742544
22	32742582
22	32742600
22	32743220
22	32744045
22	32745418
22	32745595
22	32745953
22	32746202
22	32746336
22	32747062
22	32747487
22	32748095
22	32748217
22	32748269
22	32748457
22	32748590
22	32749742
22	32750375
22	32750646
22	32751073
22	32751915
22	32752044
22	32753004
22	32753714
22	32754386
22	32755097
22	32755524
22	32756101
22	32756744
22	32756970
22	32757806
22	32758589
22	32758722
22	32758843
22	32759025
22	32759324
22	32759799
22	32760562
22	32760692
22	32760818
22	32760823
22	32762361
22	32762524
22	32762560
22	32762737
22	32764175
22	32764388
22	32764881
22	32767483
22	32767509
22	32767567
22	32767767
22	32767966
22	32768807
22	32769068
22	32769098
22	32769268
22	32769792
22	32770678
22	32770680
22	32771017
22	32771093
22	32771449
22	32771921
22	32772112
22	32772645
22	32772712
22	32772911
22	32773181
22	32773913
22	32774129
22	32775136
22	32776642
22	32777206
22	32777319
22	32777568
22	32777932
22	32777980
22	32777999
22	32778096
22	32778254
22	32778436
22	32778503
22	32779227
22	32779967
22	32780240
22	32780469
22	32780557
22	32780664
22	32781197
22	32781422
22	32781993
22	32782154
22	32783016
22	32783245
22	32783263
22	32783273
22	32783284
22	32783296
22	32785859
22	32786540
22	32787938
22	32788028
22	32788076
22	32789082
22	32789520
22	32790101
22	32790972
22	32790981
22	32791003
22	32791495
22	32791929
22	32792442
22	32792664
22	32793384
22	32793534
22	32794587
22	32794876
22	32795641
22	32796174
22	32796247
22	32796345
22	32796668
22	32797077
22	32797475
22	32798759
22	32798831
22	32800435
22	32802603
22	32804313
22	32804656
22	32805810
22	32806331
22	32806709
22	32807769
22	32808355
22	32808537
22	32809832
22	32811230
22	32811952
22	32812156
22	32812458
22	32813600
22	32813740
22	32813843
22	32813934
22	32814532
22	32814663
22	32815721
22	32816323
22	32816458
22	32817147
22	32818916
22	32819566
22	32820516
22	32820957
22	32821072
22	32821139
22	32821301
22	32821401
22	32821650
22	32822188
22	32823071
22	32824885
22	32825104
22	32825416
22	32825464
22	32825599
22	32826277
22	32828000
22	32828072
22	32829094
22	32830069
22	32830218
22	32830764
22	32830958
22	32830979
22	32831410
22	32832070
22	32832226
22	32832348
22	32832363
22	32832378
22	32832874
22	32832899
22	32832988
22	32833169
22	32835459
22	32835498
22	32835609
22	32836290
22	32836351
22	32836684
22	32836709
22	32838255
22	32838376
22	32838494
22	32838525
22	32839255
22	32839396
22	32839494
22	32839762
22	32841355
22	32841503
22	32841777
22	32841792
22	32841813
22	32842314
22	32842348
22	32843436
22	32843594
22	32843666
22	32843713
22	32843845
22	32843938
22	32844853
22	32845403
22	32845733
22	32845883
22	32845957
22	32846128
22	32846150
22	32846844
22	32846891
22	32847116
22	32847652
22	32848573
22	32848624
22	32848703
22	32849129
22	32849192
22	32849881
22	32849929
22	32851010
22	32851037
22	32851057
22	32851067
22	32851068
22	32851077
22	32851085
22	32851104
22	32851712
22	32852177
22	32852722
22	32852855
22	32853660
22	32853948
22	32855200
22	32855446
22	32856999
22	32857285
22	32858106
22	32858428
22	32858484
22	32859619
22	32859702
22	32860185
22	32861024
22	32861083
22	32861461
22	32861556
22	32862382
22	32862997
22	32865087
22	32865210
22	32865604
22	32865675
22	32866686
22	32866934
22	32867160
22	32867334
22	32868845
22	32869073
22	32869530
22	32870313
22	32870574
22	32870769
22	32871030
22	32871171
22	32872258
22	32872593
22	32873127
22	32873181
22	32873496
22	32874258
22	32874449
22	32874551
22	32874554
22	32875190
22	32876647
22	32877009
22	32877136
22	32877869
22	32878244
22	32880585
22	32881746
22	32882121
22	32882222
22	32882414
22	32882440
22	32883019
22	32883103
22	32883128
22	32883282
22	32883344
22	32884381
22	32884821
22	32884964
22	32885549
22	32885780
22	32886247
22	32886477
22	32886719
22	32886785
22	32887498
22	32887566
22	32887732
22	32887782
22	32887823
22	32887949
22	32888622
22	32891690
22	32892307
22	32893905
22	32893920
22	32894951
22	32896590
22	32897231
22	32897391
22	32897469
22	32897499
22	32898291
22	32899045
22	32899141
22	32899149
22	32899161
22	32900216
22	32901458
22	32901692
22	32902358
22	32902396
22	32902885
22	32906971
22	32907362
22	32907721
22	32907769
22	32908291
22	32908738
22	32909251
22	32911911
22	32912205
22	32912277
22	32912333
22	32912795
22	32916913
22	32917429
22	32919303
22	32920099
22	32920648
22	32920825
22	32921325
22	32921471
22	32921695
22	32922125
22	32922134
22	32922409
22	32922742
22	32923590
22	32924602
22	32925170
22	32925244
22	32926132
22	32926413
22	32927166
22	32927211
22	32927230
22	32927458
22	32927793
22	32927830
22	32927892
22	32927939
22	32928026
22	32928105
22	32928252
22	32928414
22	32928435
22	32928451
22	32928521
22	32928922
22	32928972
22	32928990
22	32930568
22	32931512
22	32931767
22	32931868
22	32932417
22	32935403
22	32935469
22	32935777
22	32936011
22	32937828
22	32938088
22	32938285
22	32938416
22	32938507
22	32938616
22	32938935
22	32939013
22	32939020
22	32939100
22	32939719
22	32939848
22	32940183
22	32940660
22	32941399
22	32942796
22	32943197
22	32943741
22	32944259
22	32944516
22	32945806
22	32945839
22	32945874
22	32946253
22	32946350
22	32946450
22	32946686
22	32948138
22	32948480
22	32948541
22	32948775
22	32948979
22	32949312
22	32949737
22	32950053
22	32950104
22	32950645
22	32950683
22	32951349
22	32951595
22	32952012
22	32952362
22	32952782
22	32953258
22	32954443
22	32955634
22	32956581
22	32957041
22	32958891
22	32959473
22	32959653
22	32960112
22	32960671
22	32960838
22	32960880
22	32960964
22	32961061
22	32961085
22	32961155
22	32961908
22	32961944
22	32962088
22	32963295
22	32963983
22	32964767
22	32965218
22	32965722
22	32966107
22	32966267
22	32966309
22	32966315
22	32966324
22	32966495
22	32966546
22	32966593
22	32966624
22	32967134
22	32967320
22	32967376
22	32968093
22	32968418
22	32968672
22	32969167
22	32969756
22	32969922
22	32970169
22	32970662
22	32971883
22	32971900
22	32974240
22	32974574
22	32975483
22	32975659
22	32976351
22	32977216
22	32977284
22	32977778
22	32978227
22	32978251
22	32978340
22	32978363
22	32978559
22	32978753
22	32978959
22	32978987
22	32980041
22	32980066
22	32981332
22	32981725
22	32981924
22	32981944
22	32981964
22	32982059
22	32982583
22	32983231
22	32983303
22	32985081
22	32985687
22	32989323
22	32990479
22	32990535
22	32990630
22	32991359
22	32991927
22	32992000
22	32992035
22	32993032
22	32993078
22	32993224
22	32993750
22	32994093
22	32994224
22	32994480
22	32994777
22	32995281
22	32995310
22	32995671
22	32996448
22	32996679
22	32997766
22	32998032
22	32998732
22	32999342
22	32999461
22	32999566
22	32999768
22	33000069
22	33000555
22	33000853
22	33000959
22	33000993
22	33001276
22	33002923
22	33003004
22	33003022
22	33003307
22	33003406
22	33004201
22	33004581
22	33005106
22	33005462
22	33005631
22	33005973
22	33006279
22	33006363
22	33006503
22	33006551
22	33006630
22	33006654
22	33007038
22	33007270
22	33007374
22	33007514
22	33008121
22	33009212
22	33009241
22	33009268
22	33009340
22	33009408
22	33009535
22	33010431
22	33010957
22	33011409
22	33012372
22	33012466
22	33013062
22	33014449
22	33014552
22	33014557
22	33015191
22	33015565
22	33015877
22	33017283
22	33017527
22	33017869
22	33018287
22	33018711
22	33018831
22	33019789
22	33020998
22	33023926
22	33024198
22	33025180
22	33025241
22	33025973
22	33027076
22	33027295
22	33028420
22	33029834
22	33031184
22	33031304
22	33031393
22	33031917
22	33032226
22	33032387
22	33032722
22	33032781
22	33032890
22	33032952
22	33033048
22	33033602
22	33034008
22	33035640
22	33037195
22	33037467
22	33037593
22	33037642
22	33037657
22	33037748
22	33039316
22	33039543
22	33040795
22	33041208
22	33041269
22	33041277
22	33041293
22	33041306
22	33041351
22	33041385
22	33041437
22	33041767
22	33041890
22	33042541
22	33043437
22	33043457
22	33043490
22	33044049
22	33044995
22	33045395
22	33060519
22	33060542
22	33061017
22	33061295
22	33061475
22	33063726
22	33074930
22	33074941
22	33075007
22	33075026
22	33077443
22	33105987
22	33111492
22	33114597
22	33122204
22	33122215
22	33122957
22	33123444
22	33123826
22	33124633
22	33125088
22	33125848
22	33125992
22	33126076
22	33126728
22	33126928
22	33127416
22	33127481
22	33127505
22	33127612
22	33127657
22	33128597
22	33128761
22	33129022
22	33129932
22	33129958
22	33130499
22	33131046
22	33131193
22	33131355
22	33131486
22	33131729
22	33131989
22	33132063
22	33132579
22	33132890
22	33133201
22	33133480
22	33133547
22	33133731
22	33133885
22	33133945
22	33134146
22	33134232
22	33135160
22	33135362
22	33135710
22	33135768
22	33135922
22	33136937
22	33138584
22	33138682
22	33139230
22	33139492
22	33140411
22	33140654
22	33142153
22	33142908
22	33143528
22	33144086
22	33144298
22	33144446
22	33144874
22	33146283
22	33146363
22	33147483
22	33148919
22	33150443
22	33150485
22	33150536
22	33150769
22	33151540
22	33152280
22	33152373
22	33152975
22	33153043
22	33153314
22	33153347
22	33153451
22	33154974
22	33155017
22	33155022
22	33155555
22	33155633
22	33155680
22	33155753
22	33155918
22	33155938
22	33155939
22	33156152
22	33156506
22	33156702
22	33157292
22	33157339
22	33158361
22	33158615
22	33158858
22	33158917
22	33159092
22	33159128
22	33159636
22	33160204
22	33161150
22	33161552
22	33161824
22	33162023
22	33162672
22	33163106
22	33163549
22	33163714
22	33163864
22	33164318
22	33164322
22	33164709
22	33165020
22	33165252
22	33165464
22	33165501
22	33165592
22	33166227
22	33166449
22	33166836
22	33167223
22	33167668
22	33167851
22	33167869
22	33168168
22	33168201
22	33168250
22	33168491
22	33168562
22	33168688
22	33168752
22	33168812
22	33168882
22	33169115
22	33169214
22	33169392
22	33169813
22	33169975
22	33170032
22	33170101
22	33170139
22	33170377
22	33170582
22	33170683
22	33170829
22	33170856
22	33171181
22	33171931
22	33172225
22	33172612
22	33172991
22	33173049
22	33173055
22	33173231
22	33173355
22	33173381
22	33173427
22	33173658
22	33173913
22	33173944
22	33174263
22	33174282
22	33175471
22	33175638
22	33175718
22	33175749
22	33175786
22	33175883
22	33176049
22	33176326
22	33176450
22	33176532
22	33176766
22	33176834
22	33176871
22	33176926
22	33176941
22	33176965
22	33177033
22	33177778
22	33178059
22	33178147
22	33178302
22	33178522
22	33178619
22	33178937
22	33179223
22	33179451
22	33179540
22	33180076
22	33181302
22	33181349
22	33181787
22	33181818
22	33181980
22	33182591
22	33183044
22	33183146
22	33183583
22	33183789
22	33183827
22	33183979
22	33184228
22	33184323
22	33184907
22	33185047
22	33185597
22	33186098
22	33186180
22	33186392
22	33186665
22	33187641
22	33187898
22	33188229
22	33188449
22	33188480
22	33191373
22	33191491
22	33192544
22	33192582
22	33193050
22	33193512
22	33193905
22	33194665
22	33194671
22	33198530
22	33201012
22	33201286
22	33202478
22	33202611
22	33203188
22	33203333
22	33203347
22	33203809
22	33206420
22	33207308
22	33209649
22	33210005
22	33210093
22	33210167
22	33210325
22	33210337
22	33210352
22	33211452
22	33212769
22	33213048
22	33213185
22	33213319
22	33215112
22	33216228
22	33218060
22	33218069
22	33218141
22	33218197
22	33218559
22	33218825
22	33218912
22	33219453
22	33219887
22	33219899
22	33219938
22	33220344
22	33220693
22	33221030
22	33221116
22	33221375
22	33221939
22	33223594
22	33224285
22	33224439
22	33224509
22	33224779
22	33225023
22	33225951
22	33226987
22	33227080
22	33228070
22	33228692
22	33229685
22	33229804
22	33229830
22	33230309
22	33230620
22	33230904
22	33232156
22	33232690
22	33234199
22	33234224
22	33235517
22	33236488
22	33236494
22	33237191
22	33237682
22	33237719
22	33240290
22	33241769
22	33242162
22	33243656
22	33244314
22	33244421
22	33246032
22	33248055
22	33248902
22	33251033
22	33251059
22	33253280
22	33254283
22	33255593
22	33255677
22	33256870
22	33256900
22	33256941
22	33257163
22	33259104
22	33261939
22	33262935
22	33266865
22	33267839
22	33268923
22	33270665
22	33273638
22	33273786
22	33274737
22	33275140
22	33276102
22	33276340
22	33276739
22	33276956
22	33277551
22	33277990
22	33278202
22	33278703
22	33278900
22	33279237
22	33279357
22	33279447
22	33281554
22	33282013
22	33282418
22	33282943
22	33282971
22	33283018
22	33283257
22	33284045
22	33284221
22	33284335
22	33284766
22	33284846
22	33285039
22	33285404
22	33285639
22	33286018
22	33286676
22	33287772
22	33287963
22	33288633
22	33288875
22	33290118
22	33291162
22	33291434
22	33291742
22	33292446
22	33292913
22	33293908
22	33294202
22	33296107
22	33296139
22	33297664
22	33298693
22	33298762
22	33299020
22	33299528
22	33299548
22	33300137
22	33300347
22	33300471
22	33302721
22	33302752
22	33302856
22	33303706
22	33304100
22	33304111
22	33304370
22	33305367
22	33307066
22	33308875
22	33309078
22	33309185
22	33309218
22	33310423
22	33310584
22	33311455
22	33314582
22	33315969
22	33316280
22	33316601
22	33316639
22	33317196
22	33319208
22	33319654
22	33319827
22	33319958
22	33321851
22	33322277
22	33323277
22	33323359
22	33324392
22	33324590
22	33325343
22	33325803
22	33326347
22	33327166
22	33328169
22	33328896
22	33331108
22	33332712
22	33333825
22	33334492
22	33334511
22	33334513
22	33334559
22	33334912
22	33335926
22	33336039
22	33336174
22	33336372
22	33337464
22	33338418
22	33339736
22	33341848
22	33341881
22	33342372
22	33342469
22	33344444
22	33344721
22	33345670
22	33346233
22	33346615
22	33349515
22	33350903
22	33350940
22	33352026
22	33355109
22	33357127
22	33358140
22	33358156
22	33358187
22	33358980
22	33359065
22	33359541
22	33360404
22	33361528
22	33361869
22	33362627
22	33363420
22	33365278
22	33367947
22	33369319
22	33371485
22	33372982
22	33373486
22	33374127
22	33375845
22	33375960
22	33376839
22	33376984
22	33377502
22	33377556
22	33378834
22	33379762
22	33379795
22	33380146
22	33382131
22	33382755
22	33382956
22	33382973
22	33383490
22	33383563
22	33384028
22	33384100
22	33384384
22	33384835
22	33385241
22	33385542
22	33385657
22	33385690
22	33385930
22	33386392
22	33387166
22	33387323
22	33388996
22	33394844
22	33397425
22	33404959
22	33405692
22	33405736
22	33408519
22	33409096
22	33409100
22	33409154
22	33409669
22	33410992
22	33411227
22	33411830
22	33411856
22	33411858
22	33411921
22	33412260
22	33413745
22	33415689
22	33417405
22	33417701
22	33417769
22	33419847
22	33422090
22	33422506
22	33423463
22	33424655
22	33426581
22	33427754
22	33428195
22	33428301
22	33428448
22	33428984
22	33429100
22	33429579
22	33429612
22	33429708
22	33430010
22	33430178
22	33430232
22	33430734
22	33430898
22	33431164
22	33431218
22	33431322
22	33431550
22	33431736
22	33431816
22	33432654
22	33432663
22	33433644
22	33433719
22	33433761
22	33433990
22	33434664
22	33434762
22	33434836
22	33435361
22	33435394
22	33436084
22	33436962
22	33437046
22	33437279
22	33437390
22	33439006
22	33439207
22	33439361
22	33439513
22	33440135
22	33440832
22	33440890
22	33441876
22	33442213
22	33442386
22	33442471
22	33443254
22	33443544
22	33443807
22	33443903
22	33444022
22	33444187
22	33444278
22	33445313
22	33445534
22	33445910
22	33445961
22	33446033
22	33446162
22	33446206
22	33446491
22	33446937
22	33447163
22	33447551
22	33447671
22	33448084
22	33448433
22	33448463
22	33451124
22	33451858
22	33452488
22	33453215
22	33454441
22	33454503
22	33455151
22	33455983
22	33456090
22	33456535
22	33456670
22	33456795
22	33456840
22	33456912
22	33457638
22	33457884
22	33458027
22	33458380
22	33459131
22	33459163
22	33460344
22	33460492
22	33461798
22	33462366
22	33462641
22	33462739
22	33463222
22	33463443
22	33464402
22	33464900
22	33465568
22	33465802
22	33465828
22	33465894
22	33468005
22	33468711
22	33473566
22	33474244
22	33474463
22	33474789
22	33474937
22	33476921
22	33476937
22	33482254
22	33482259
22	33483643
22	33484037
22	33484906
22	33485351
22	33485357
22	33485417
22	33485462
22	33485762
22	33485957
22	33486286
22	33486735
22	33486935
22	33487545
22	33488347
22	33489036
22	33489787
22	33489808
22	33490553
22	33490981
22	33490997
22	33491512
22	33492082
22	33492361
22	33492432
22	33492544
22	33492546
22	33493432
22	33493657
22	33493809
22	33494463
22	33495253
22	33495261
22	33495465
22	33495731
22	33495740
22	33496285
22	33496311
22	33496566
22	33499041
22	33499116
22	33500911
22	33501743
22	33502167
22	33502553
22	33505054
22	33505821
22	33507565
22	33507833
22	33508318
22	33509566
22	33510161
22	33511731
22	33511785
22	33511801
22	33512106
22	33513421
22	33514133
22	33514483
22	33514614
22	33515816
22	33516344
22	33517654
22	33517762
22	33519203
22	33519358
22	33519454
22	33519752
22	33519923
22	33521339
22	33521433
22	33522030
22	33522496
22	33522529
22	33523010
22	33523109
22	33523431
22	33523825
22	33524488
22	33524497
22	33524554
22	33524636
22	33524666
22	33524756
22	33525241
22	33525591
22	33525655
22	33525660
22	33526067
22	33526105
22	33526162
22	33526168
22	33526232
22	33526253
22	33526827
22	33527016
22	33527161
22	33527222
22	33527362
22	33527405
22	33527764
22	33527873
22	33528500
22	33528710
22	33528804
22	33529313
22	33529615
22	33529682
22	33529778
22	33529813
22	33530040
22	33530241
22	33530473
22	33531335
22	33531456
22	33531484
22	33531595
22	33531655
22	33531843
22	33532920
22	33533145
22	33533177
22	33533347
22	33533719
22	33533882
22	33533897
22	33534167
22	33534266
22	33534336
22	33534435
22	33534580
22	33534689
22	33534711
22	33534897
22	33535035
22	33535063
22	33535095
22	33535159
22	33535376
22	33535714
22	33535851
22	33536286
22	33536321
22	33536632
22	33536990
22	33537058
22	33537178
22	33537277
22	33537434
22	33537503
22	33537683
22	33538016
22	33538226
22	33538648
22	33539711
22	33539772
22	33540369
22	33540445
22	33540456
22	33541671
22	33541938
22	33542526
22	33544629
22	33545073
22	33545199
22	33545511
22	33546064
22	33546519
22	33547539
22	33547937
22	33548109
22	33549069
22	33549485
22	33549613
22	33550052
22	33550518
22	33550967
22	33551951
22	33552026
22	33552166
22	33552307
22	33552809
22	33552874
22	33553183
22	33553192
22	33553729
22	33553809
22	33554059
22	33554373
22	33554551
22	33554854
22	33555403
22	33555558
22	33555570
22	33555664
22	33555921
22	33556083
22	33556104
22	33556550
22	33557077
22	33557585
22	33557695
22	33557714
22	33558767
22	33559508
22	33559677
22	33560485
22	33560980
22	33562323
22	33562683
22	33562887
22	33563617
22	33564046
22	33564443
22	33564453
22	33564466
22	33565203
22	33565566
22	33566464
22	33567463
22	33567527
22	33567740
22	33568436
22	33568575
22	33569928
22	33570785
22	33571003
22	33571138
22	33571827
22	33571980
22	33572660
22	33573041
22	33573529
22	33574177
22	33574324
22	33574367
22	33574461
22	33574500
22	33574949
22	33574954
22	33575116
22	33575193
22	33575304
22	33575399
22	33575604
22	33575671
22	33575709
22	33576181
22	33576705
22	33576768
22	33576898
22	33577069
22	33577210
22	33577259
22	33577520
22	33577678
22	33577703
22	33577809
22	33577813
22	33578104
22	33578425
22	33578520
22	33578828
22	33579139
22	33579606
22	33579999
22	33581596
22	33582614
22	33582781
22	33582864
22	33585170
22	33587822
22	33588814
22	33591735
22	33591843
22	33592384
22	33593193
22	33593358
22	33594193
22	33594622
22	33594776
22	33595191
22	33595258
22	33595829
22	33595866
22	33596023
22	33598368
22	33598397
22	33599073
22	33599131
22	33599153
22	33599622
22	33600759
22	33600801
22	33601934
22	33602373
22	33603178
22	33604023
22	33606858
22	33607304
22	33607691
22	33607716
22	33608141
22	33609003
22	33609895
22	33610564
22	33610617
22	33610624
22	33612583
22	33612843
22	33613090
22	33615206
22	33615843
22	33616357
22	33616805
22	33617155
22	33618285
22	33619971
22	33620314
22	33621056
22	33622722
22	33624819
22	33624845
22	33626690
22	33627221
22	33631908
22	33632789
22	33635280
22	33635608
22	33635614
22	33635849
22	33635996
22	33636545
22	33637087
22	33637221
22	33639900
22	33640369
22	33640916
22	33640992
22	33645816
22	33646543
22	33647908
22	33648601
22	33648609
22	33648612
22	33648618
22	33649822
22	33649894
22	33650259
22	33650921
22	33652179
22	33652454
22	33652752
22	33654044
22	33654864
22	33655056
22	33655305
22	33655489
22	33659055
22	33659787
22	33660427
22	33661960
22	33662082
22	33662092
22	33662136
22	33662200
22	33662241
22	33662266
22	33662329
22	33664704
22	33665255
22	33665955
22	33665983
22	33666297
22	33667793
22	33669344
22	33669673
22	33670961
22	33672201
22	33672246
22	33673631
22	33674539
22	33676340
22	33677377
22	33678332
22	33678629
22	33679238
22	33679421
22	33679784
22	33681610
22	33681742
22	33682097
22	33683442
22	33683634
22	33683735
22	33684646
22	33684832
22	33685134
22	33685166
22	33685214
22	33685268
22	33685721
22	33685739
22	33687308
22	33689692
22	33690260
22	33690447
22	33691334
22	33691417
22	33691520
22	33691747
22	33693965
22	33694039
22	33694081
22	33694164
22	33694613
22	33694777
22	33694897
22	33696287
22	33696448
22	33696653
22	33696772
22	33696810
22	33696881
22	33696957
22	33697034
22	33697548
22	33698283
22	33698546
22	33698656
22	33699019
22	33699929
22	33700948
22	33701078
22	33701818
22	33701830
22	33701976
22	33702432
22	33702883
22	33703156
22	33705546
22	33705760
22	33706143
22	33706169
22	33706201
22	33706478
22	33706530
22	33706824
22	33706967
22	33707010
22	33707113
22	33707236
22	33707241
22	33707616
22	33708680
22	33709565
22	33710214
22	33711229
22	33712448
22	33712686
22	33713686
22	33714220
22	33715131
22	33715538
22	33717843
22	33718051
22	33718097
22	33720914
22	33721320
22	33721664
22	33722692
22	33723292
22	33724089
22	33724333
22	33724514
22	33724566
22	33725911
22	33726500
22	33726663
22	33726749
22	33726911
22	33727372
22	33727396
22	33727723
22	33728060
22	33728244
22	33728300
22	33728704
22	33729105
22	33729162
22	33729299
22	33729399
22	33730095
22	33730409
22	33730421
22	33730440
22	33730453
22	33730469
22	33730575
22	33730833
22	33730891
22	33731035
22	33731153
22	33731834
22	33732829
22	33733039
22	33733527
22	33733940
22	33733962
22	33733977
22	33734152
22	33734240
22	33734373
22	33734378
22	33734393
22	33734453
22	33734843
22	33735051
22	33735270
22	33735366
22	33735549
22	33735607
22	33735681
22	33735739
22	33735800
22	33736107
22	33736315
22	33736654
22	33736811
22	33736868
22	33736985
22	33737173
22	33737992
22	33738531
22	33738799
22	33738865
22	33739010
22	33739226
22	33739535
22	33740619
22	33744797
22	33747741
22	33748462
22	33749276
22	33749426
22	33749432
22	33751051
22	33751062
22	33751067
22	33751778
22	33752032
22	33753339
22	33753578
22	33754287
22	33754983
22	33757710
22	33758173
22	33765453
22	33767245
22	33767953
22	33767969
22	33770879
22	33770930
22	33773612
22	33781543
22	33781548
22	33781551
22	33781552
22	33781576
22	33781580
22	33781594
22	33781595
22	33781609
22	33781613
22	33782467
22	33782513
22	33782594
22	33786163
22	33787639
22	33790032
22	33790067
22	33790221
22	33791244
22	33797362
22	33803679
22	33805277
22	33806540
22	33807835
22	33808425
22	33809429
22	33810205
22	33810887
22	33811677
22	33812517
22	33815614
22	33816222
22	33816360
22	33817195
22	33817529
22	33818994
22	33819665
22	33819694
22	33820256
22	33820549
22	33820947
22	33821014
22	33822335
22	33824304
22	33824392
22	33824447
22	33824744
22	33826321
22	33826566
22	33827105
22	33827375
22	33827522
22	33828432
22	33828548
22	33828765
22	33829593
22	33829651
22	33829670
22	33829708
22	33830458
22	33830475
22	33831584
22	33831799
22	33832317
22	33832735
22	33832936
22	33834625
22	33834668
22	33835517
22	33836233
22	33836576
22	33836791
22	33838797
22	33838959
22	33838972
22	33840541
22	33840615
22	33841538
22	33841563
22	33841773
22	33841877
22	33842638
22	33842671
22	33842949
22	33843029
22	33843347
22	33843597
22	33844303
22	33844968
22	33845686
22	33845734
22	33845767
22	33845817
22	33845831
22	33845851
22	33846134
22	33846238
22	33846404
22	33846433
22	33846471
22	33846576
22	33846628
22	33846669
22	33846698
22	33846914
22	33846972
22	33847024
22	33847041
22	33847076
22	33847286
22	33847549
22	33847877
22	33848010
22	33848023
22	33848260
22	33848370
22	33848558
22	33849125
22	33850507
22	33850533
22	33850687
22	33851743
22	33856991
22	33857544
22	33858107
22	33860878
22	33862701
22	33864817
22	33869089
22	33869154
22	33869221
22	33869321
22	33869332
22	33871410
22	33871637
22	33874169
22	33874644
22	33876406
22	33880851
22	33880862
22	33880916
22	33880926
22	33880981
22	33881346
22	33886416
22	33890629
22	33891147
22	33891610
22	33892878
22	33893057
22	33893128
22	33893131
22	33893145
22	33893601
22	33894294
22	33894488
22	33894686
22	33894761
22	33895036
22	33895664
22	33895712
22	33896002
22	33896473
22	33896495
22	33898171
22	33898181
22	33898427
22	33898444
22	33898451
22	33898884
22	33899174
22	33899184
22	33899197
22	33910268
22	33912653
22	33913617
22	33915212
22	33915223
22	33920768
22	33926373
22	33926401
22	33926425
22	33937040
22	33937118
22	33937187
22	33938603
22	33941271
22	33943040
22	33947465
22	33949117
22	33952608
22	33962077
22	33963790
22	33963938
22	33964490
22	33965338
22	33965497
22	33965913
22	33966591
22	33966965
22	33967178
22	33967289
22	33970348
22	33972438
22	33972717
22	33972730
22	33973088
22	33973118
22	33973415
22	33975839
22	33976362
22	33977743
22	33977769
22	33977793
22	33978076
22	33978131
22	33978311
22	33978458
22	33979429
22	33979937
22	33980108
22	33980661
22	33980719
22	33981599
22	33983380
22	33983419
22	33983594
22	33983721
22	33984394
22	33984757
22	33985010
22	33985492
22	33985629
22	33986543
22	33987008
22	33988470
22	33988853
22	33988873
22	33989138
22	33989174
22	33989858
22	33990896
22	33991571
22	33993081
22	33993264
22	33994517
22	33994523
22	33994547
22	33994551
22	33994837
22	33998026
22	33998541
22	33999060
22	33999075
22	33999325
22	34000282
22	34000928
22	34002414
22	34002731
22	34004071
22	34006203
22	34006369
22	34007071
22	34007234
22	34008106
22	34008430
22	34009972
22	34010313
22	34010710
22	34010838
22	34010930
22	34011480
22	34011656
22	34011935
22	34013457
22	34014777
22	34014873
22	34015578
22	34015595
22	34015627
22	34015686
22	34016911
22	34016954
22	34017436
22	34018251
22	34018750
22	34019565
22	34019609
22	34019616
22	34019624
22	34019689
22	34019736
22	34020429
22	34020543
22	34022284
22	34022969
22	34024097
22	34024302
22	34024596
22	34024786
22	34027471
22	34028195
22	34028543
22	34028976
22	34029073
22	34029193
22	34029588
22	34030604
22	34030846
22	34030879
22	34031333
22	34032005
22	34032714
22	34033591
22	34034255
22	34037466
22	34037738
22	34038756
22	34039715
22	34040259
22	34040862
22	34041210
22	34042513
22	34042583
22	34042750
22	34042875
22	34042994
22	34045258
22	34047094
22	34047234
22	34047331
22	34047345
22	34048516
22	34048923
22	34048934
22	34049096
22	34050005
22	34050285
22	34050561
22	34050980
22	34051845
22	34053620
22	34055716
22	34055723
22	34055730
22	34056076
22	34056545
22	34058236
22	34058812
22	34058890
22	34059041
22	34059487
22	34059703
22	34059719
22	34060303
22	34060802
22	34061053
22	34061156
22	34061215
22	34061251
22	34061663
22	34061818
22	34061887
22	34063552
22	34066384
22	34069147
22	34070849
22	34072715
22	34073198
22	34073219
22	34073220
22	34073249
22	34077646
22	34077650
22	34078065
22	34079082
22	34082546
22	34082571
22	34082579
22	34083987
22	34084846
22	34085131
22	34085754
22	34086416
22	34086656
22	34088893
22	34089182
22	34089260
22	34089348
22	34090440
22	34090873
22	34091109
22	34091748
22	34092221
22	34092491
22	34094382
22	34094389
22	34094406
22	34097202
22	34098417
22	34099339
22	34099358
22	34100524
22	34105928
22	34105965
22	34106745
22	34108174
22	34109005
22	34109236
22	34109309
22	34109904
22	34109963
22	34109968
22	34110580
22	34110614
22	34110871
22	34111978
22	34112650
22	34113736
22	34113903
22	34115875
22	34117145
22	34118212
22	34119682
22	34119803
22	34119898
22	34120162
22	34121863
22	34121879
22	34122711
22	34122880
22	34123789
22	34123827
22	34124976
22	34126965
22	34130913
22	34131681
22	34132955
22	34133667
22	34133896
22	34134304
22	34134733
22	34135007
22	34135043
22	34135432
22	34135472
22	34136002
22	34136467
22	34137267
22	34137784
22	34139051
22	34140284
22	34140434
22	34140955
22	34140977
22	34141321
22	34144045
22	34144091
22	34144424
22	34144960
22	34145378
22	34145542
22	34146568
22	34147378
22	34147575
22	34148991
22	34149890
22	34149900
22	34152653
22	34152661
22	34153047
22	34153436
22	34153445
22	34153758
22	34153779
22	34153788
22	34153853
22	34153966
22	34154229
22	34156544
22	34156607
22	34156956
22	34157814
22	34158060
22	34158287
22	34158440
22	34158480
22	34158796
22	34159536
22	34159796
22	34159820
22	34160132
22	34160402
22	34160510
22	34160789
22	34161028
22	34161108
22	34161489
22	34162025
22	34162371
22	34162568
22	34163761
22	34164423
22	34164686
22	34164768
22	34166139
22	34166666
22	34168069
22	34168233
22	34168276
22	34168478
22	34168663
22	34168832
22	34169394
22	34170076
22	34170097
22	34170175
22	34170531
22	34170557
22	34170564
22	34171500
22	34171890
22	34171993
22	34172277
22	34172415
22	34172942
22	34174342
22	34174579
22	34174629
22	34174794
22	34175187
22	34175220
22	34175587
22	34175605
22	34175754
22	34176420
22	34176472
22	34178159
22	34178318
22	34178869
22	34180237
22	34180979
22	34181110
22	34182889
22	34183005
22	34184565
22	34185220
22	34186458
22	34189253
22	34189765
22	34190694
22	34190902
22	34191635
22	34191950
22	34192425
22	34193065
22	34193232
22	34193834
22	34193881
22	34194277
22	34195172
22	34195340
22	34196508
22	34197367
22	34201255
22	34201538
22	34201738
22	34202284
22	34202493
22	34202729
22	34202770
22	34202814
22	34203237
22	34203496
22	34203717
22	34204203
22	34204239
22	34205257
22	34206039
22	34206144
22	34206711
22	34206867
22	34208846
22	34209240
22	34210711
22	34211104
22	34211592
22	34212201
22	34212294
22	34212346
22	34212672
22	34212720
22	34213356
22	34214334
22	34216487
22	34217224
22	34217439
22	34217687
22	34217802
22	34217926
22	34217995
22	34218639
22	34219219
22	34219506
22	34219939
22	34220189
22	34220266
22	34220483
22	34220647
22	34220688
22	34220943
22	34220967
22	34221621
22	34221959
22	34222041
22	34222434
22	34222563
22	34222745
22	34223010
22	34223351
22	34223715
22	34223964
22	34224707
22	34224799
22	34224916
22	34224975
22	34224994
22	34225359
22	34225417
22	34226143
22	34226185
22	34226440
22	34226660
22	34226685
22	34226785
22	34230186
22	34230473
22	34231007
22	34232849
22	34233360
22	34234623
22	34236017
22	34236675
22	34236769
22	34239057
22	34239535
22	34239606
22	34239622
22	34239635
22	34239852
22	34241811
22	34241862
22	34242052
22	34242725
22	34244818
22	34247064
22	34247794
22	34247917
22	34248606
22	34248664
22	34249717
22	34250471
22	34250634
22	34250665
22	34252374
22	34252545
22	34253031
22	34253492
22	34255654
22	34257820
22	34257880
22	34259378
22	34260738
22	34262416
22	34265879
22	34267566
22	34269184
22	34269443
22	34269594
22	34269859
22	34269927
22	34269941
22	34269951
22	34270062
22	34272914
22	34279060
22	34279596
22	34279674
22	34280328
22	34283536
22	34298228
22	34298510
22	34301072
22	34305542
22	34316141
22	34316483
22	34316508
22	34316567
22	34316579
22	34317080
22	34318118
22	34319698
22	34321194
22	34321498
22	34322022
22	34324352
22	34325135
22	34325148
22	34325821
22	34326145
22	34326529
22	34326725
22	34326800
22	34326955
22	34327007
22	34327276
22	34327395
22	34327667
22	34328112
22	34328143
22	34328224
22	34328230
22	34328257
22	34328741
22	34329603
22	34329734
22	34329915
22	34332325
22	34332331
22	34332358
22	34332479
22	34332485
22	34334070
22	34334357
22	34334810
22	34334964
22	34336228
22	34337020
22	34337237
22	34337350
22	34337383
22	34338321
22	34338825
22	34339615
22	34339858
22	34339887
22	34340447
22	34341506
22	34343150
22	34345506
22	34346784
22	34347559
22	34349802
22	34349848
22	34349875
22	34349880
22	34349881
22	34349891
22	34349894
22	34349895
22	34349947
22	34352327
22	34355341
22	34355352
22	34355414
22	34355426
22	34355470
22	34356037
22	34356096
22	34357236
22	34357908
22	34359871
22	34360319
22	34365340
22	34368343
22	34374169
22	34374238
22	34374280
22	34374341
22	34374368
22	34375937
22	34377020
22	34383359
22	34385444
22	34386083
22	34386871
22	34387510
22	34390047
22	34390097
22	34390102
22	34392013
22	34395171
22	34396795
22	34396981
22	34397453
22	34398083
22	34398521
22	34399073
22	34399168
22	34400253
22	34400330
22	34401218
22	34401375
22	34401729
22	34402044
22	34402257
22	34402369
22	34403322
22	34403348
22	34403466
22	34403487
22	34409899
22	34417828
22	34421920
22	34422662
22	34424834
22	34425834
22	34425883
22	34425974
22	34427836
22	34428824
22	34429738
22	34429901
22	34431807
22	34432032
22	34432776
22	34432807
22	34441581
22	34443424
22	34453716
22	34457123
22	34457169
22	34457194
22	34457197
22	34457201
22	34461202
22	34461960
22	34464049
22	34464710
22	34465264
22	34465308
22	34465569
22	34465753
22	34466030
22	34466258
22	34466882
22	34469155
22	34469182
22	34469264
22	34469271
22	34469512
22	34469753
22	34472267
22	34472295
22	34473145
22	34473635
22	34473652
22	34473756
22	34474699
22	34476087
22	34476759
22	34476803
22	34476894
22	34477010
22	34477043
22	34477167
22	34477199
22	34477467
22	34477526
22	34477683
22	34478316
22	34478445
22	34478724
22	34479034
22	34479767
22	34481608
22	34481775
22	34482940
22	34483130
22	34484318
22	34485140
22	34485384
22	34485468
22	34485701
22	34487832
22	34488136
22	34488452
22	34489478
22	34490624
22	34491827
22	34492002
22	34492542
22	34492709
22	34493236
22	34493461
22	34493701
22	34494428
22	34495450
22	34495465
22	34496691
22	34496718
22	34496822
22	34497224
22	34497307
22	34497404
22	34498035
22	34499025
22	34499288
22	34499362
22	34499558
22	34500032
22	34500701
22	34500796
22	34500959
22	34504864
22	34504942
22	34505582
22	34505903
22	34506088
22	34507140
22	34508898
22	34509296
22	34509709
22	34509873
22	34510633
22	34510915
22	34513008
22	34513671
22	34513754
22	34513777
22	34513976
22	34514516
22	34514810
22	34515441
22	34515928
22	34516294
22	34516551
22	34517050
22	34517159
22	34517233
22	34517844
22	34519455
22	34520194
22	34520562
22	34521550
22	34523488
22	34523877
22	34524690
22	34524988
22	34525540
22	34526428
22	34527059
22	34527749
22	34528445
22	34530384
22	34530886
22	34531343
22	34531346
22	34531361
22	34531560
22	34533107
22	34533451
22	34533635
22	34533742
22	34534197
22	34534279
22	34535914
22	34536310
22	34537376
22	34537450
22	34538188
22	34538579
22	34538655
22	34539365
22	34539780
22	34540656
22	34541803
22	34543510
22	34543541
22	34543770
22	34544209
22	34545143
22	34546682
22	34547312
22	34547453
22	34547464
22	34547965
22	34548530
22	34548880
22	34548975
22	34550148
22	34551955
22	34551974
22	34553929
22	34554100
22	34555358
22	34555749
22	34555955
22	34556057
22	34556127
22	34557050
22	34557175
22	34558714
22	34558740
22	34559875
22	34560083
22	34561396
22	34561720
22	34561839
22	34561889
22	34562299
22	34562967
22	34563506
22	34563695
22	34563864
22	34563878
22	34563947
22	34564032
22	34564361
22	34564866
22	34565528
22	34565879
22	34566029
22	34566109
22	34566394
22	34566569
22	34566967
22	34566988
22	34567852
22	34568319
22	34568960
22	34568966
22	34570018
22	34570637
22	34570726
22	34571858
22	34572615
22	34573078
22	34573103
22	34573131
22	34573694
22	34573702
22	34573838
22	34574205
22	34574445
22	34574632
22	34574673
22	34574714
22	34574953
22	34574984
22	34574985
22	34575023
22	34575064
22	34575158
22	34575330
22	34575498
22	34575519
22	34575542
22	34575585
22	34575632
22	34576097
22	34576191
22	34576352
22	34576359
22	34576668
22	34576687
22	34577020
22	34577054
22	34577182
22	34577543
22	34577577
22	34577599
22	34578477
22	34578636
22	34578657
22	34578693
22	34579123
22	34579351
22	34579371
22	34579482
22	34579988
22	34580216
22	34580345
22	34580844
22	34581320
22	34581741
22	34582099
22	34582197
22	34582694
22	34582726
22	34583078
22	34583176
22	34583302
22	34583734
22	34583775
22	34583956
22	34584092
22	34585297
22	34586327
22	34586481
22	34586602
22	34586781
22	34586902
22	34587043
22	34587549
22	34587554
22	34587939
22	34588004
22	34588327
22	34588347
22	34588368
22	34588748
22	34589132
22	34589651
22	34590677
22	34591269
22	34591328
22	34591619
22	34593227
22	34594248
22	34594282
22	34594304
22	34594453
22	34595453
22	34595637
22	34595652
22	34595669
22	34595753
22	34596479
22	34596940
22	34597679
22	34598796
22	34598863
22	34599289
22	34599623
22	34600465
22	34600839
22	34600873
22	34601078
22	34601088
22	34601332
22	34601549
22	34601910
22	34602188
22	34602392
22	34603321
22	34603610
22	34603652
22	34603988
22	34604261
22	34604822
22	34604834
22	34605024
22	34605108
22	34605163
22	34605334
22	34608417
22	34609326
22	34609419
22	34610113
22	34610199
22	34610794
22	34610905
22	34611244
22	34611932
22	34612004
22	34612007
22	34612149
22	34612631
22	34612935
22	34613669
22	34613685
22	34613716
22	34613900
22	34614061
22	34614591
22	34615196
22	34615809
22	34616552
22	34616743
22	34617473
22	34618688
22	34619005
22	34619587
22	34619937
22	34620553
22	34620597
22	34620754
22	34621248
22	34621660
22	34622965
22	34624271
22	34624839
22	34625308
22	34625362
22	34625711
22	34626453
22	34626486
22	34626538
22	34626968
22	34627141
22	34627741
22	34628101
22	34628906
22	34630087
22	34630104
22	34630123
22	34631326
22	34631657
22	34631750
22	34633191
22	34633391
22	34633904
22	34634059
22	34634111
22	34636027
22	34636899
22	34637115
22	34638284
22	34638406
22	34639740
22	34640202
22	34641743
22	34642042
22	34642970
22	34643274
22	34643280
22	34643290
22	34643294
22	34643296
22	34643328
22	34643331
22	34643338
22	34643345
22	34643757
22	34644038
22	34646218
22	34648560
22	34648823
22	34649548
22	34649675
22	34650584
22	34650835
22	34652488
22	34652519
22	34652548
22	34653635
22	34655816
22	34656592
22	34657792
22	34658998
22	34659737
22	34660916
22	34662130
22	34662186
22	34662425
22	34664509
22	34666482
22	34667718
22	34668330
22	34668898
22	34669170
22	34669455
22	34670485
22	34670531
22	34671012
22	34672181
22	34675607
22	34678466
22	34678494
22	34678497
22	34679637
22	34681759
22	34682265
22	34683164
22	34683577
22	34683751
22	34686058
22	34686630
22	34687100
22	34687195
22	34687197
22	34687201
22	34687319
22	34696415
22	34697142
22	34697860
22	34698657
22	34698869
22	34699081
22	34700256
22	34700980
22	34701158
22	34702025
22	34703428
22	34704188
22	34704328
22	34704568
22	34704790
22	34704987
22	34705354
22	34706353
22	34706390
22	34706397
22	34706503
22	34706597
22	34707131
22	34707815
22	34708089
22	34708099
22	34708193
22	34708700
22	34709134
22	34709445
22	34709923
22	34709935
22	34710052
22	34711121
22	34711559
22	34711856
22	34712318
22	34712340
22	34712876
22	34713242
22	34714006
22	34714016
22	34714120
22	34714392
22	34714685
22	34714998
22	34715195
22	34715414
22	34715897
22	34716259
22	34717259
22	34717408
22	34717581
22	34717965
22	34718770
22	34719374
22	34721017
22	34721103
22	34721434
22	34721452
22	34721729
22	34721845
22	34722165
22	34722570
22	34722587
22	34723028
22	34724433
22	34724470
22	34724727
22	34724906
22	34724956
22	34724964
22	34725069
22	34725083
22	34725089
22	34725529
22	34725843
22	34725929
22	34726142
22	34726167
22	34726496
22	34727040
22	34727120
22	34727172
22	34727374
22	34727407
22	34727696
22	34727757
22	34727833
22	34728213
22	34728347
22	34728586
22	34728664
22	34728749
22	34728757
22	34729352
22	34729791
22	34730026
22	34730285
22	34731050
22	34732389
22	34732555
22	34733178
22	34733510
22	34734611
22	34734873
22	34735373
22	34735826
22	34735930
22	34736716
22	34736785
22	34737301
22	34737485
22	34737608
22	34737619
22	34737629
22	34737643
22	34737675
22	34738209
22	34740699
22	34741516
22	34741597
22	34742017
22	34742042
22	34742086
22	34743503
22	34743946
22	34744069
22	34744849
22	34744895
22	34744941
22	34745091
22	34745198
22	34745627
22	34745770
22	34746040
22	34746519
22	34747081
22	34747780
22	34748164
22	34748386
22	34750551
22	34753049
22	34754196
22	34754245
22	34754396
22	34754442
22	34754477
22	34754617
22	34754747
22	34754859
22	34755003
22	34755046
22	34755159
22	34755896
22	34756483
22	34756718
22	34757058
22	34757066
22	34757186
22	34757650
22	34757766
22	34757912
22	34758178
22	34758499
22	34758540
22	34758702
22	34759007
22	34759241
22	34759933
22	34760270
22	34760348
22	34760815
22	34761092
22	34761116
22	34761403
22	34761679
22	34761702
22	34762441
22	34762495
22	34762530
22	34762666
22	34762831
22	34763559
22	34763647
22	34763823
22	34763905
22	34764573
22	34764612
22	34764720
22	34765287
22	34765551
22	34766077
22	34766505
22	34766511
22	34766583
22	34767045
22	34767155
22	34768233
22	34768480
22	34768745
22	34768852
22	34769247
22	34769526
22	34769555
22	34770020
22	34770148
22	34770157
22	34770198
22	34770474
22	34770938
22	34771207
22	34771716
22	34771723
22	34771907
22	34772326
22	34772646
22	34772727
22	34773088
22	34773529
22	34773535
22	34773543
22	34773550
22	34773555
22	34773566
22	34773571
22	34773580
22	34773617
22	34773749
22	34773964
22	34774418
22	34774464
22	34774720
22	34774733
22	34774780
22	34774941
22	34775018
22	34775334
22	34775397
22	34775424
22	34775445
22	34775523
22	34776008
22	34776016
22	34777129
22	34777395
22	34777610
22	34778693
22	34779112
22	34781218
22	34782227
22	34782950
22	34783863
22	34784010
22	34784027
22	34784242
22	34784900
22	34785276
22	34786440
22	34786471
22	34786892
22	34786999
22	34787137
22	34787677
22	34787723
22	34788100
22	34788136
22	34788346
22	34788371
22	34788816
22	34789048
22	34789111
22	34789173
22	34790067
22	34790450
22	34790600
22	34790639
22	34790784
22	34791484
22	34792074
22	34792383
22	34792464
22	34793595
22	34793983
22	34794136
22	34794180
22	34794338
22	34794372
22	34794422
22	34794607
22	34794619
22	34794787
22	34794963
22	34795598
22	34795744
22	34795886
22	34795946
22	34795965
22	34797159
22	34797432
22	34797636
22	34797663
22	34798121
22	34798244
22	34798293
22	34798397
22	34798478
22	34798703
22	34798733
22	34798754
22	34798836
22	34798854
22	34798964
22	34799079
22	34799184
22	34800240
22	34800584
22	34800789
22	34801297
22	34801455
22	34801600
22	34801622
22	34801806
22	34802021
22	34802624
22	34802655
22	34803399
22	34803607
22	34803728
22	34804162
22	34804210
22	34804304
22	34804620
22	34805188
22	34805437
22	34805613
22	34805809
22	34805830
22	34805853
22	34806833
22	34806992
22	34808345
22	34808549
22	34809036
22	34809219
22	34810154
22	34810190
22	34810315
22	34811300
22	34811838
22	34812906
22	34813464
22	34815080
22	34815204
22	34815275
22	34815363
22	34815372
22	34816000
22	34816011
22	34816175
22	34816202
22	34816876
22	34817496
22	34817547
22	34817891
22	34817957
22	34818009
22	34818014
22	34818217
22	34818540
22	34820411
22	34821832
22	34822642
22	34822973
22	34823001
22	34823280
22	34823765
22	34823828
22	34825423
22	34825762
22	34825788
22	34826201
22	34826588
22	34827298
22	34828387
22	34829682
22	34831994
22	34832030
22	34832632
22	34832743
22	34833321
22	34834546
22	34834620
22	34834677
22	34834913
22	34835124
22	34835232
22	34835281
22	34835398
22	34836436
22	34838887
22	34838948
22	34840131
22	34840247
22	34840736
22	34842016
22	34842677
22	34844418
22	34845155
22	34845182
22	34847027
22	34847727
22	34848069
22	34848550
22	34849746
22	34849764
22	34849778
22	34850657
22	34850758
22	34851109
22	34851133
22	34851263
22	34851377
22	34851664
22	34854084
22	34854348
22	34854665
22	34855164
22	34855204
22	34856104
22	34857434
22	34858619
22	34858674
22	34859742
22	34859993
22	34860178
22	34862289
22	34862378
22	34862743
22	34863918
22	34864179
22	34864212
22	34864280
22	34864526
22	34864558
22	34864640
22	34864692
22	34864758
22	34864767
22	34864810
22	34865011
22	34865171
22	34865241
22	34865373
22	34865428
22	34865792
22	34865824
22	34866302
22	34867431
22	34868401
22	34868824
22	34868885
22	34869339
22	34869949
22	34871591
22	34871779
22	34872064
22	34872206
22	34872540
22	34872620
22	34872892
22	34873596
22	34873651
22	34873933
22	34874404
22	34874568
22	34875054
22	34875231
22	34875526
22	34875532
22	34875579
22	34875615
22	34875662
22	34875717
22	34875785
22	34876016
22	34876808
22	34877067
22	34877084
22	34877530
22	34877598
22	34878128
22	34878217
22	34878373
22	34878453
22	34878794
22	34878812
22	34879061
22	34879089
22	34879422
22	34879531
22	34879906
22	34879980
22	34880046
22	34880063
22	34880095
22	34880318
22	34880370
22	34880698
22	34880743
22	34880760
22	34880868
22	34880947
22	34881156
22	34881417
22	34881425
22	34881535
22	34881648
22	34881685
22	34881691
22	34881836
22	34881954
22	34882072
22	34882127
22	34882150
22	34882327
22	34882594
22	34882676
22	34882710
22	34882769
22	34882783
22	34882804
22	34882973
22	34883010
22	34883129
22	34883436
22	34883504
22	34883647
22	34884144
22	34884251
22	34884267
22	34884616
22	34885032
22	34885236
22	34885833
22	34886496
22	34886747
22	34887005
22	34887483
22	34887654
22	34888433
22	34888655
22	34888713
22	34889097
22	34889671
22	34889767
22	34890077
22	34890211
22	34890822
22	34890831
22	34891725
22	34891776
22	34891800
22	34891930
22	34891963
22	34892037
22	34892216
22	34892600
22	34892738
22	34892874
22	34893262
22	34893341
22	34893419
22	34893699
22	34893872
22	34893943
22	34894659
22	34894812
22	34894858
22	34894950
22	34894989
22	34895034
22	34895213
22	34895318
22	34895558
22	34895750
22	34895905
22	34896078
22	34896130
22	34896267
22	34896319
22	34896367
22	34896396
22	34896448
22	34896466
22	34896498
22	34896508
22	34896522
22	34896529
22	34896560
22	34896578
22	34896609
22	34896968
22	34896995
22	34897611
22	34898264
22	34898558
22	34898763
22	34898791
22	34899172
22	34899272
22	34899523
22	34899959
22	34900232
22	34900586
22	34901701
22	34901980
22	34902153
22	34903672
22	34903709
22	34903727
22	34903772
22	34903788
22	34903878
22	34903913
22	34904319
22	34904601
22	34906008
22	34906172
22	34906370
22	34907696
22	34908150
22	34909144
22	34909203
22	34909963
22	34910170
22	34910614
22	34911732
22	34913361
22	34913598
22	34914352
22	34914969
22	34915244
22	34915292
22	34915547
22	34916665
22	34916684
22	34916992
22	34917523
22	34917698
22	34917744
22	34918333
22	34918365
22	34919600
22	34920698
22	34921183
22	34921765
22	34923131
22	34923175
22	34923192
22	34923409
22	34923439
22	34923514
22	34923678
22	34923959
22	34924330
22	34925447
22	34926052
22	34926254
22	34926457
22	34926540
22	34928194
22	34928229
22	34928535
22	34928548
22	34928830
22	34929148
22	34929360
22	34929599
22	34929792
22	34930180
22	34930216
22	34930374
22	34930380
22	34930477
22	34931114
22	34931836
22	34932057
22	34932299
22	34932378
22	34932917
22	34933772
22	34934223
22	34934328
22	34934348
22	34934613
22	34934646
22	34934832
22	34934971
22	34935812
22	34936167
22	34936189
22	34936233
22	34936337
22	34936887
22	34937227
22	34937276
22	34937281
22	34937722
22	34938045
22	34938111
22	34938503
22	34938662
22	34938741
22	34938848
22	34938968
22	34939063
22	34939775
22	34940082
22	34940942
22	34941576
22	34942090
22	34942517
22	34943323
22	34943674
22	34944235
22	34944364
22	34944420
22	34945295
22	34945447
22	34945604
22	34945646
22	34945675
22	34945800
22	34945905
22	34946537
22	34947555
22	34948069
22	34948085
22	34948475
22	34948498
22	34948590
22	34949061
22	34949586
22	34949741
22	34949818
22	34950070
22	34950933
22	34951128
22	34951281
22	34951438
22	34951545
22	34952335
22	34954233
22	34954480
22	34954633
22	34954670
22	34954879
22	34954945
22	34955026
22	34955094
22	34955296
22	34955376
22	34956159
22	34956241
22	34956307
22	34956338
22	34956846
22	34957088
22	34957967
22	34958768
22	34959013
22	34959246
22	34960024
22	34960076
22	34960675
22	34960763
22	34960988
22	34961045
22	34961433
22	34961453
22	34961476
22	34961522
22	34961850
22	34962033
22	34962055
22	34962138
22	34962350
22	34962826
22	34963033
22	34963103
22	34963460
22	34963488
22	34963493
22	34963524
22	34963892
22	34964097
22	34964248
22	34964314
22	34964637
22	34964955
22	34965192
22	34965213
22	34965261
22	34965486
22	34965551
22	34965577
22	34965647
22	34965893
22	34965993
22	34966012
22	34966025
22	34966374
22	34966718
22	34967282
22	34967351
22	34967449
22	34967585
22	34967969
22	34968166
22	34968614
22	34969269
22	34969536
22	34969805
22	34969816
22	34970357
22	34970716
22	34970840
22	34971808
22	34972634
22	34973064
22	34973828
22	34973932
22	34973970
22	34974294
22	34974369
22	34974396
22	34974494
22	34974522
22	34974550
22	34974578
22	34974729
22	34974757
22	34974775
22	34974809
22	34975213
22	34975497
22	34975745
22	34975791
22	34975839
22	34975917
22	34975928
22	34975942
22	34975960
22	34975963
22	34975976
22	34975983
22	34976828
22	34977379
22	34977459
22	34978173
22	34978291
22	34978577
22	34978584
22	34980014
22	34980434
22	34981270
22	34981629
22	34982457
22	34982650
22	34983275
22	34983579
22	34984063
22	34984093
22	34984408
22	34984438
22	34984731
22	34984867
22	34984900
22	34985021
22	34985030
22	34985040
22	34985072
22	34985697
22	34986400
22	34987538
22	34987908
22	34988560
22	34988577
22	34988594
22	34988983
22	34990432
22	34991373
22	34991692
22	34993396
22	34993722
22	34996446
22	34997079
22	34997109
22	34997453
22	34997469
22	34998201
22	34998446
22	34998511
22	35000037
22	35000655
22	35000940
22	35002426
22	35003947
22	35004093
22	35004459
22	35006850
22	35006943
22	35007826
22	35008063
22	35008466
22	35008571
22	35008614
22	35009019
22	35009027
22	35009354
22	35009721
22	35011066
22	35011514
22	35011959
22	35012305
22	35013967
22	35014039
22	35014740
22	35015106
22	35015826
22	35015849
22	35016088
22	35016818
22	35017848
22	35018143
22	35018207
22	35019151
22	35019623
22	35020998
22	35021011
22	35021018
22	35021023
22	35021028
22	35021134
22	35021744
22	35021842
22	35021970
22	35022009
22	35022078
22	35022141
22	35022178
22	35022215
22	35022227
22	35022309
22	35022572
22	35022590
22	35022595
22	35022616
22	35022617
22	35022748
22	35022895
22	35022938
22	35022942
22	35022952
22	35023828
22	35024099
22	35024108
22	35024217
22	35024248
22	35024328
22	35024338
22	35024554
22	35024822
22	35025244
22	35025855
22	35025913
22	35026187
22	35027963
22	35027996
22	35028125
22	35028991
22	35029222
22	35029601
22	35029613
22	35029821
22	35029955
22	35030207
22	35030247
22	35030618
22	35031302
22	35031333
22	35031864
22	35032326
22	35032331
22	35032574
22	35033263
22	35033454
22	35033469
22	35033839
22	35034413
22	35034774
22	35035307
22	35036132
22	35036924
22	35036942
22	35036955
22	35037806
22	35037874
22	35038444
22	35038969
22	35039810
22	35041350
22	35041876
22	35041911
22	35042568
22	35042749
22	35043279
22	35044106
22	35044299
22	35045323
22	35045348
22	35045523
22	35045897
22	35046020
22	35047355
22	35047695
22	35048143
22	35048245
22	35049083
22	35049141
22	35049343
22	35050040
22	35050503
22	35051135
22	35052046
22	35052515
22	35052710
22	35052749
22	35052782
22	35053039
22	35053334
22	35053342
22	35053736
22	35054334
22	35054470
22	35054581
22	35054590
22	35055009
22	35055128
22	35055208
22	35055975
22	35056180
22	35056392
22	35056546
22	35057348
22	35057629
22	35058119
22	35058252
22	35058857
22	35059109
22	35059125
22	35059317
22	35059504
22	35060846
22	35061452
22	35061563
22	35061772
22	35061986
22	35062019
22	35062487
22	35062637
22	35062730
22	35063011
22	35063316
22	35063674
22	35063915
22	35064774
22	35064921
22	35065519
22	35066377
22	35067877
22	35068138
22	35068575
22	35068925
22	35070043
22	35070983
22	35071150
22	35071184
22	35071669
22	35071689
22	35071705
22	35071717
22	35072414
22	35073105
22	35073614
22	35074240
22	35074672
22	35074887
22	35075212
22	35075790
22	35075812
22	35076151
22	35076249
22	35076343
22	35076533
22	35076785
22	35076929
22	35077520
22	35078178
22	35078511
22	35079023
22	35079137
22	35079267
22	35079370
22	35079796
22	35079834
22	35080108
22	35080231
22	35080242
22	35080340
22	35080421
22	35080477
22	35080512
22	35080601
22	35080651
22	35080660
22	35080665
22	35080717
22	35080731
22	35080739
22	35080950
22	35081137
22	35081258
22	35081452
22	35081906
22	35082155
22	35082175
22	35082409
22	35082554
22	35082650
22	35082684
22	35083063
22	35083495
22	35083865
22	35084055
22	35084171
22	35084314
22	35084464
22	35084632
22	35085067
22	35085352
22	35085492
22	35086118
22	35086465
22	35087464
22	35088306
22	35088530
22	35089293
22	35089496
22	35089669
22	35090620
22	35091071
22	35091200
22	35091527
22	35091793
22	35092272
22	35092709
22	35093140
22	35093223
22	35094129
22	35095967
22	35097062
22	35097412
22	35097553
22	35097636
22	35097822
22	35097916
22	35097923
22	35097934
22	35098555
22	35099134
22	35099268
22	35099477
22	35099963
22	35100458
22	35100934
22	35102657
22	35104055
22	35104608
22	35104701
22	35107499
22	35109826
22	35110323
22	35110505
22	35111008
22	35114204
22	35115122
22	35115794
22	35115913
22	35116241
22	35116476
22	35117640
22	35118171
22	35118512
22	35118741
22	35119179
22	35119383
22	35119653
22	35120334
22	35121443
22	35121919
22	35121943
22	35122159
22	35122325
22	35122771
22	35123471
22	35123485
22	35124066
22	35124148
22	35124698
22	35124893
22	35124910
22	35125315
22	35125461
22	35125830
22	35126083
22	35126790
22	35127055
22	35127979
22	35129284
22	35130099
22	35130242
22	35131458
22	35131487
22	35131593
22	35132992
22	35133087
22	35133143
22	35133242
22	35135026
22	35135478
22	35136014
22	35136589
22	35136618
22	35137093
22	35137437
22	35138121
22	35138461
22	35138540
22	35139172
22	35140034
22	35140640
22	35140804
22	35141040
22	35141059
22	35141550
22	35141959
22	35142193
22	35142639
22	35143808
22	35143901
22	35143990
22	35144411
22	35144604
22	35145571
22	35146820
22	35147360
22	35147445
22	35147773
22	35149490
22	35151206
22	35152596
22	35153668
22	35153870
22	35154528
22	35155092
22	35155304
22	35155333
22	35156009
22	35156082
22	35156669
22	35157380
22	35158021
22	35159848
22	35160097
22	35160234
22	35160816
22	35161438
22	35161459
22	35162228
22	35164885
22	35164992
22	35165098
22	35166990
22	35168581
22	35169325
22	35170062
22	35170796
22	35173192
22	35173453
22	35173797
22	35173838
22	35174655
22	35174737
22	35175069
22	35175924
22	35176407
22	35177067
22	35179546
22	35180640
22	35181645
22	35181670
22	35181675
22	35182195
22	35182552
22	35182823
22	35183277
22	35183364
22	35183603
22	35183815
22	35184864
22	35184954
22	35185141
22	35185306
22	35185414
22	35185560
22	35185570
22	35185844
22	35185889
22	35185982
22	35186111
22	35186121
22	35186350
22	35186744
22	35187327
22	35187389
22	35187403
22	35187695
22	35187782
22	35187884
22	35188103
22	35188188
22	35188361
22	35188409
22	35188523
22	35188783
22	35188794
22	35189271
22	35189400
22	35190130
22	35190266
22	35190309
22	35190425
22	35190563
22	35190679
22	35190789
22	35191105
22	35191196
22	35192006
22	35192938
22	35192994
22	35193002
22	35193211
22	35193229
22	35193534
22	35193773
22	35193905
22	35194416
22	35194556
22	35195205
22	35195246
22	35195831
22	35195893
22	35196679
22	35196969
22	35197066
22	35197200
22	35197484
22	35197591
22	35197654
22	35197768
22	35198641
22	35198902
22	35199003
22	35199477
22	35199719
22	35199790
22	35199808
22	35200069
22	35200936
22	35201009
22	35201019
22	35201115
22	35201237
22	35201646
22	35201771
22	35202014
22	35202152
22	35202270
22	35202369
22	35202684
22	35203230
22	35203632
22	35204223
22	35204303
22	35204806
22	35205060
22	35205127
22	35205150
22	35205181
22	35205492
22	35205685
22	35206265
22	35206872
22	35208171
22	35208534
22	35208608
22	35208705
22	35209136
22	35209406
22	35209523
22	35210408
22	35210416
22	35210714
22	35211110
22	35211173
22	35211276
22	35212034
22	35212387
22	35212449
22	35212468
22	35212740
22	35213105
22	35213113
22	35213347
22	35213395
22	35213406
22	35213433
22	35213453
22	35213490
22	35213632
22	35213657
22	35213858
22	35214441
22	35214472
22	35214547
22	35214824
22	35215413
22	35215682
22	35216241
22	35216252
22	35216395
22	35216756
22	35216854
22	35217816
22	35218089
22	35218174
22	35218200
22	35218327
22	35218696
22	35218850
22	35218911
22	35219530
22	35219713
22	35219750
22	35219923
22	35220592
22	35220785
22	35221067
22	35221511
22	35221827
22	35222081
22	35222140
22	35222276
22	35222318
22	35222748
22	35222874
22	35223416
22	35223541
22	35223588
22	35223821
22	35224214
22	35225029
22	35225513
22	35225787
22	35226058
22	35226297
22	35226493
22	35226660
22	35226671
22	35226913
22	35227070
22	35227076
22	35227208
22	35227283
22	35227284
22	35227988
22	35228172
22	35228293
22	35228601
22	35228627
22	35228642
22	35228667
22	35228735
22	35228786
22	35228878
22	35228970
22	35229081
22	35229227
22	35229744
22	35229829
22	35229886
22	35230011
22	35230103
22	35230303
22	35230542
22	35230810
22	35231411
22	35231553
22	35234589
22	35235546
22	35236867
22	35242054
22	35244239
22	35245040
22	35245258
22	35247232
22	35247338
22	35247440
22	35250151
22	35255821
22	35258963
22	35260120
22	35262875
22	35269773
22	35273295
22	35274744
22	35280841
22	35280855
22	35287934
22	35288756
22	35288857
22	35289350
22	35289535
22	35291275
22	35291426
22	35293949
22	35294564
22	35294792
22	35295105
22	35295156
22	35295655
22	35296455
22	35296551
22	35296615
22	35297311
22	35297371
22	35297886
22	35297998
22	35299650
22	35300258
22	35300795
22	35301036
22	35301197
22	35301595
22	35302133
22	35302518
22	35303471
22	35303611
22	35306786
22	35307207
22	35307281
22	35308055
22	35308197
22	35309616
22	35310501
22	35312478
22	35312546
22	35314249
22	35314472
22	35314753
22	35315585
22	35315884
22	35315920
22	35316069
22	35318586
22	35322876
22	35324426
22	35324816
22	35325343
22	35325525
22	35327740
22	35328895
22	35329382
22	35329786
22	35329935
22	35330152
22	35331402
22	35332423
22	35333091
22	35333124
22	35333474
22	35333585
22	35333881
22	35333902
22	35334357
22	35334399
22	35334625
22	35334945
22	35335056
22	35335100
22	35335291
22	35335300
22	35335327
22	35335681
22	35335789
22	35336144
22	35336195
22	35336393
22	35336596
22	35336723
22	35337651
22	35337732
22	35337758
22	35337888
22	35337956
22	35338134
22	35338995
22	35339202
22	35339359
22	35339383
22	35339413
22	35339617
22	35339852
22	35340036
22	35340168
22	35340422
22	35340428
22	35340557
22	35340584
22	35340603
22	35340830
22	35340931
22	35341481
22	35341977
22	35342001
22	35342149
22	35342209
22	35342717
22	35343114
22	35343294
22	35343357
22	35343373
22	35343395
22	35343623
22	35344317
22	35344669
22	35347132
22	35347360
22	35347662
22	35347734
22	35348085
22	35348404
22	35349368
22	35350088
22	35350142
22	35350227
22	35350423
22	35350525
22	35350967
22	35351576
22	35351588
22	35351721
22	35351862
22	35352103
22	35352591
22	35352603
22	35352644
22	35352649
22	35354641
22	35355839
22	35355919
22	35355922
22	35355935
22	35356322
22	35357303
22	35358366
22	35358651
22	35358965
22	35359702
22	35360057
22	35363785
22	35363822
22	35364463
22	35365091
22	35366230
22	35366344
22	35366549
22	35366573
22	35366576
22	35366600
22	35368089
22	35368333
22	35368810
22	35368937
22	35370732
22	35371707
22	35374192
22	35375665
22	35376061
22	35376831
22	35377085
22	35377849
22	35377866
22	35378195
22	35378256
22	35378438
22	35379470
22	35381160
22	35381288
22	35381496
22	35381502
22	35381736
22	35381897
22	35382268
22	35383780
22	35383825
22	35385122
22	35385588
22	35386048
22	35386232
22	35387105
22	35390395
22	35392286
22	35392988
22	35393173
22	35395126
22	35395889
