0.0000
0.0000
0.0000
0.0000
2.5210
2.7304
0.0000
0.0000
0.0000
0.0000
0.0000
0.0000
0.0000
0.0000
0.0000
0.0000
0.0000
0.0000
0.0000
0.0000
0.0000
0.0000
0.0000
0.0000
0.0000
0.0000
0.0000
0.0000
0.0000
0.0000
0.0000
0.0000
0.0000
0.0000
2.6906
0.0000
0.0000
2.6087
0.0000
0.0000
0.0000
0.0000
0.0000
0.0000
0.0000
0.0000
0.0000
0.0000
0.0000
0.0000
2.4390
0.0000
0.0000
0.0000
0.0000
0.0000
0.0000
0.0000
0.0000
4.1237
0.0000
0.0000
0.0000
0.0000
0.0000
0.0000
0.0000
0.0000
0.0000
0.0000
0.0000
0.0000
0.0000
0.0000
0.0000
2.6455
0.0000
3.0534
0.0000
0.0000
0.0000
0.0000
0.0000
0.0000
0.0000
0.0000
0.0000
0.0000
0.0000
0.0000
0.0000
1.6667
0.0000
0.0000
0.0000
0.0000
0.0000
0.0000
0.0000
2.8404
0.0000
0.0000
0.0000
0.0000
0.0000
0.0000
0.0000
0.0000
0.0000
0.0000
0.0000
0.0000
0.0000
0.0000
0.0000
2.6316
0.0000
1.3072
0.0000
0.0000
0.0000
0.0000
0.0000
0.0000
0.2136
0.0000
0.0000
0.0000
0.0000
0.0000
0.0000
0.0000
0.0000
5.2910
0.0000
0.0000
0.0000
0.0000
0.0000
0.0000
0.0000
0.0000
0.0000
0.0000
0.0000
0.0000
0.0000
0.0000
0.0000
0.0000
0.0000
0.0000
0.0000
0.0000
2.3895
0.0000
0.0000
0.0000
0.0000
0.0000
0.0000
0.0000
0.0000
0.0000
0.0000
0.0000
0.0000
3.9749
0.0000
0.0000
0.0000
0.0000
0.0000
0.0000
0.0000
3.2115
0.0000
0.0000
0.0000
0.0000
0.0000
2.3758
0.0000
4.0964
0.0000
0.0000
0.0000
0.0000
0.0000
0.0000
0.0000
0.0000
4.1284
0.0000
0.0000
0.0000
0.0000
0.0000
0.0000
0.0000
0.0000
0.0000
0.0000
0.0000
0.0000
0.0000
0.0000
0.0000
0.0000
0.0000
0.0000
0.0000
0.0000
0.0000
0.0000
0.0000
0.0000
0.0000
0.0000
0.0000
0.0000
0.0000
0.0000
0.0000
0.0000
0.0000
0.0000
0.0000
0.0000
0.0000
0.0000
0.0000
0.0000
0.0000
0.0000
3.2362
0.0000
0.0000
0.0000
0.0000
2.6490
