3.3557
1.9608
3.5639
3.5385
3.7363
6.9565
2.7233
4.5455
2.1378
3.0523
0.0000
4.0541
0.0000
1.9080
0.0000
4.0506
5.8140
4.0580
5.8615
7.9545
0.0000
4.4092
0.0000
3.9841
2.9106
0.0000
3.2692
0.0000
0.0000
4.2045
4.5936
6.8306
4.9080
4.4164
6.0729
4.4693
0.0000
5.2402
3.9832
5.1146
5.2734
5.6901
5.9055
2.2013
6.1728
3.1128
2.3762
4.4674
8.6331
2.6946
3.1447
3.2037
5.1333
6.0484
1.3393
5.2174
5.5977
3.8168
0.9231
4.7733
0.0000
2.8125
3.4375
7.6923
3.8835
5.7377
0.0000
4.7210
3.1915
3.2289
3.4878
0.0000
3.1856
0.0000
4.2373
3.4848
6.4039
3.5778
2.7322
3.2573
4.1096
3.3195
5.1402
2.7431
0.0000
3.5602
2.5778
0.0000
3.0387
0.0000
0.0000
0.0000
7.5269
2.6998
5.4348
2.6316
1.4354
3.3333
4.3573
0.0000
1.8750
3.9046
5.9548
3.9526
2.8889
3.0534
2.9260
4.6154
2.8061
16.5017
1.9197
3.9560
0.0000
3.5714
4.1667
0.0000
5.1282
3.0675
7.6271
1.3043
1.3514
5.7895
0.0000
5.9072
3.9062
0.0000
0.8547
0.0000
0.0000
0.0000
1.5789
1.4634
3.8961
3.3040
4.2435
5.4582
1.6667
6.2500
5.6338
0.0000
3.3898
4.6784
5.3163
4.5033
4.1185
4.0881
3.3613
0.0000
0.0000
4.4915
3.1034
5.0000
3.7671
5.6761
2.4812
0.0000
3.0560
4.9100
7.2948
5.1429
3.2415
3.5211
0.0000
5.7572
5.6818
3.3186
4.6205
4.1335
5.1813
4.4643
4.6920
3.7748
6.0264
5.8378
2.2672
5.3097
2.5135
3.4121
0.0000
4.1371
4.5273
0.0000
3.6502
1.7032
4.7288
4.1315
0.0000
5.8920
0.0000
2.9381
5.0093
4.2763
2.2094
5.1793
3.8913
1.4147
0.0000
0.0000
3.7736
3.0564
3.7975
4.1591
3.9370
0.0000
2.8807
2.6549
5.3265
3.5889
3.7441
4.4955
3.0371
4.1308
1.4400
4.6196
6.3725
3.1095
2.9940
4.0486
3.1828
3.8760
3.7500
0.0000
3.4562
0.0000
4.0107
5.2055
5.5556
4.9336
3.2187
2.7316
2.6346
3.0544
1.8626
2.7304
4.5714
4.4554
2.8951
5.6511
4.8246
4.6368
3.7956
0.0000
0.0000
1.5193
5.6911
3.0952
0.0000
5.1247
2.1390
4.6620
4.1322
2.4083
0.0000
2.5873
3.8123
