# Constructed from biom file
#OTU ID	hFMT_cecal_1296_1	hFMT_cecal_1296_2	hFMT_cecal_1296_3	hFMT_cecal_1297_1	hFMT_cecal_1297_2	hFMT_cecal_1297_4	mFMT_cecal_1191_2	mFMT_cecal_1191_3	mFMT_cecal_1275_1	mFMT_cecal_1275_2	mFMT_cecal_1275_4	noFMT_cecal_1192_1	noFMT_cecal_1192_3	noFMT_cecal_1294_1	noFMT_cecal_1294_2	noFMT_cecal_1294_3	noFMT_cecal_1295_4
d46e2205f0c6ecf67b51f83d111c509c	0.0	0.0	7.0	32.0	53.0	22.0	0.0	10.0	6.0	30.0	4.0	2079.0	1619.0	2702.0	3086.0	3690.0	77.0
99deb3c5ecb022ec05609ebd1112a557	1562.0	1519.0	1388.0	2286.0	4855.0	1416.0	0.0	0.0	0.0	0.0	0.0	0.0	0.0	0.0	0.0	2.0	0.0
df0e3d38eec730326754d8c17a8b8efe	134.0	135.0	76.0	333.0	269.0	241.0	593.0	401.0	736.0	773.0	290.0	533.0	1111.0	1738.0	1372.0	2361.0	84.0
bf611493002f5918a68778bde2def567	209.0	173.0	297.0	1840.0	4336.0	1753.0	0.0	0.0	0.0	0.0	0.0	3.0	0.0	0.0	0.0	0.0	201.0
e4597f1dce864c29882fa64f616d1a6c	0.0	0.0	0.0	0.0	0.0	0.0	2555.0	2491.0	722.0	1180.0	1089.0	0.0	0.0	0.0	6.0	0.0	0.0
efa934e07029e49f4b1959b33c677589	0.0	0.0	0.0	123.0	203.0	151.0	4572.0	2793.0	0.0	0.0	0.0	0.0	0.0	0.0	0.0	5.0	0.0
836cd5ea357ad392c00a7e48d921be1d	511.0	456.0	670.0	1917.0	2719.0	1424.0	0.0	0.0	0.0	0.0	0.0	0.0	0.0	0.0	0.0	0.0	0.0
7b28c20e72c6c95b3e604f0849245770	1727.0	1194.0	924.0	0.0	0.0	0.0	640.0	993.0	1039.0	339.0	540.0	0.0	0.0	0.0	0.0	0.0	7.0
99bccd58aaeb00f98e22add40be6e36b	0.0	2.0	2.0	0.0	11.0	27.0	0.0	0.0	0.0	0.0	0.0	2508.0	3298.0	185.0	458.0	740.0	63.0
945184b6386c192c0066e0a98a154780	12.0	5.0	6.0	15.0	7.0	0.0	0.0	0.0	0.0	0.0	0.0	3192.0	2348.0	239.0	276.0	220.0	76.0
c67445ed68d61f49e41b7bdd1de019fb	0.0	0.0	0.0	1800.0	2441.0	1291.0	0.0	0.0	0.0	0.0	0.0	0.0	0.0	0.0	0.0	0.0	371.0
824b9c5e131ccef5ab3286cfde31640c	1243.0	1273.0	2220.0	0.0	0.0	0.0	0.0	0.0	0.0	0.0	0.0	0.0	0.0	0.0	0.0	0.0	0.0
ef3a40c4f26b5019887d73ceaaab84f2	90.0	204.0	219.0	0.0	0.0	0.0	342.0	132.0	0.0	343.0	343.0	0.0	0.0	1093.0	580.0	997.0	390.0
d8e7f9181e4d5a4a6453e9ca9996a43f	79.0	17.0	18.0	630.0	1012.0	555.0	0.0	0.0	0.0	0.0	0.0	0.0	0.0	0.0	0.0	0.0	2300.0
898eb92ef2d1ef893f7d0c383527b44d	0.0	0.0	0.0	0.0	0.0	0.0	0.0	0.0	0.0	0.0	0.0	0.0	0.0	1258.0	1032.0	1754.0	0.0
b7e5e417da183df1d5cb33a51a10991d	0.0	0.0	0.0	1287.0	1556.0	1023.0	0.0	0.0	0.0	0.0	0.0	0.0	0.0	0.0	0.0	0.0	0.0
fcc84f75257e928f79853e39bb2c6d23	23.0	39.0	25.0	29.0	30.0	38.0	8.0	0.0	0.0	12.0	7.0	1506.0	1235.0	91.0	72.0	178.0	0.0
fbd67349783ebeacc69814257b694d56	0.0	0.0	0.0	0.0	0.0	0.0	0.0	0.0	0.0	0.0	0.0	0.0	0.0	0.0	0.0	0.0	2894.0
0ad13b6d1cd98ad7e8f6ee9909d33114	0.0	0.0	0.0	0.0	0.0	0.0	0.0	0.0	1262.0	758.0	867.0	0.0	0.0	0.0	0.0	0.0	0.0
a5a7486c3e60ff3d6cc20e9e6359e7ea	0.0	0.0	0.0	0.0	0.0	0.0	0.0	0.0	0.0	0.0	0.0	1537.0	1246.0	0.0	0.0	0.0	0.0
95fdd816723ca482a5caba10bea171c8	22.0	11.0	8.0	35.0	37.0	41.0	28.0	45.0	46.0	29.0	12.0	780.0	633.0	202.0	218.0	363.0	80.0
610fec3c1f64661f446a6e8270f23d0c	0.0	0.0	0.0	0.0	0.0	0.0	0.0	0.0	1256.0	462.0	696.0	0.0	0.0	0.0	0.0	0.0	0.0
bfa3561ca0d31bca54be08e2d9f7937f	57.0	104.0	126.0	0.0	0.0	0.0	0.0	0.0	7.0	0.0	0.0	1169.0	710.0	34.0	28.0	24.0	0.0
9b4036adb487adfe4ca484346b5b9a7b	0.0	51.0	54.0	0.0	0.0	0.0	114.0	0.0	71.0	275.0	235.0	0.0	0.0	438.0	219.0	394.0	160.0
ccdef274ce16fe6326f9b25699355907	0.0	0.0	0.0	0.0	0.0	0.0	1198.0	799.0	0.0	0.0	0.0	0.0	0.0	0.0	0.0	0.0	0.0
76b39e86c95e0c7dd8b9c57b974f6532	464.0	427.0	508.0	0.0	0.0	0.0	0.0	0.0	0.0	0.0	0.0	0.0	0.0	0.0	0.0	0.0	583.0
3b94c19ef326eea0918e1c3d244c999c	0.0	0.0	0.0	0.0	0.0	0.0	0.0	0.0	0.0	0.0	0.0	982.0	763.0	56.0	76.0	95.0	0.0
bbee9f3d2ff7eae779b70c7ac2c971e4	0.0	0.0	0.0	0.0	0.0	0.0	0.0	0.0	492.0	703.0	714.0	0.0	0.0	0.0	0.0	0.0	0.0
7421a0056850e30172e2c541c9215c11	0.0	0.0	0.0	0.0	0.0	0.0	0.0	0.0	756.0	532.0	596.0	0.0	0.0	0.0	0.0	0.0	0.0
8db46ef308da48194bea08dc4ebf8830	431.0	391.0	714.0	0.0	0.0	0.0	0.0	0.0	0.0	0.0	0.0	0.0	0.0	0.0	0.0	0.0	0.0
bb240d61d92f92d75a5b0b95edbe7b43	0.0	0.0	0.0	373.0	822.0	333.0	0.0	0.0	0.0	0.0	0.0	0.0	0.0	0.0	0.0	0.0	0.0
446b888f8119b56e60b68ad01e3dd288	0.0	0.0	0.0	0.0	0.0	0.0	356.0	0.0	573.0	366.0	134.0	0.0	0.0	0.0	0.0	0.0	0.0
5d6d200a9ac1ce63fef95fdd57cd4039	0.0	0.0	0.0	0.0	0.0	0.0	227.0	283.0	26.0	161.0	661.0	0.0	0.0	0.0	0.0	0.0	0.0
dd3f1d27af1be908d3c3fd143339aa9c	0.0	0.0	0.0	0.0	0.0	0.0	277.0	413.0	72.0	153.0	433.0	0.0	0.0	0.0	0.0	0.0	0.0
3ee3085cd6f25c2449332df3675b9eee	0.0	0.0	0.0	0.0	0.0	0.0	236.0	16.0	351.0	424.0	308.0	0.0	0.0	0.0	0.0	0.0	0.0
2cf0267a31dc6f1b8ee65c913b8f6e4d	0.0	0.0	0.0	0.0	0.0	0.0	101.0	22.0	26.0	75.0	100.0	0.0	0.0	370.0	250.0	370.0	0.0
707740d13076516032127f753473cfc3	0.0	0.0	0.0	0.0	0.0	0.0	368.0	330.0	142.0	107.0	365.0	0.0	0.0	0.0	0.0	0.0	0.0
d49783e7800974b5f2bcce554e26072e	40.0	43.0	62.0	328.0	375.0	336.0	0.0	0.0	0.0	0.0	0.0	0.0	0.0	0.0	0.0	0.0	0.0
ef6a209f17415ca40777d4f3e0459647	0.0	0.0	0.0	371.0	422.0	322.0	0.0	0.0	0.0	0.0	0.0	0.0	0.0	0.0	0.0	0.0	0.0
9c6688b479e664fa9d070647653e49ed	0.0	45.0	48.0	0.0	0.0	0.0	91.0	0.0	0.0	0.0	0.0	0.0	0.0	335.0	154.0	287.0	124.0
b4138e283c45cf0bc5387f9794bdfbcf	0.0	0.0	0.0	0.0	0.0	0.0	182.0	318.0	51.0	143.0	320.0	0.0	0.0	0.0	0.0	0.0	0.0
35f3ce6a0ee2829e6ccb193be3c4338b	0.0	0.0	0.0	0.0	0.0	0.0	295.0	487.0	24.0	84.0	97.0	0.0	0.0	0.0	0.0	0.0	0.0
7ee3e4343242684ba3ce459672348ff7	301.0	278.0	394.0	0.0	0.0	0.0	0.0	0.0	0.0	0.0	0.0	0.0	0.0	0.0	0.0	0.0	0.0
27f098662c8f87b4aaff903d9c0f28d3	0.0	0.0	0.0	288.0	472.0	202.0	0.0	0.0	0.0	0.0	0.0	0.0	0.0	0.0	0.0	0.0	0.0
9d5054752ed33d6a22bd0f96b5618b1c	230.0	111.0	227.0	0.0	0.0	0.0	0.0	0.0	0.0	0.0	0.0	0.0	0.0	0.0	0.0	0.0	393.0
82b6b13c800633859b139cf0569b4cda	0.0	0.0	0.0	0.0	0.0	0.0	0.0	0.0	369.0	264.0	291.0	0.0	0.0	0.0	0.0	0.0	0.0
5fbc483f79cd97d3a7253931f37c33e8	33.0	30.0	39.0	245.0	281.0	213.0	0.0	0.0	0.0	0.0	0.0	0.0	0.0	0.0	0.0	0.0	52.0
b9ed1a2c86edb972db7742981e6901da	0.0	0.0	0.0	0.0	0.0	0.0	0.0	56.0	0.0	11.0	0.0	228.0	305.0	59.0	80.0	138.0	0.0
d0417e7dd01848506753cf0c243a6cc8	281.0	273.0	273.0	0.0	0.0	0.0	0.0	0.0	0.0	0.0	0.0	0.0	0.0	0.0	0.0	0.0	0.0
8795c5a86013864dc11f24b89e8cdd8c	249.0	268.0	296.0	0.0	0.0	0.0	0.0	0.0	0.0	0.0	0.0	0.0	0.0	0.0	0.0	0.0	0.0
1569f7ae988e26c905ab8fab427c8a0d	379.0	218.0	199.0	0.0	0.0	0.0	0.0	0.0	0.0	0.0	0.0	0.0	0.0	0.0	0.0	0.0	0.0
3d2cd874a4eea35af603ca0c0c25c89f	0.0	0.0	0.0	0.0	0.0	0.0	0.0	80.0	0.0	0.0	0.0	0.0	0.0	281.0	192.0	214.0	0.0
2ef1e51ab1cf99a3c6417b05a060830e	7.0	0.0	6.0	48.0	22.0	17.0	43.0	53.0	81.0	35.0	39.0	0.0	0.0	72.0	161.0	167.0	7.0
506efac48dc5d5be2c0122c381639a3f	0.0	0.0	0.0	307.0	204.0	238.0	0.0	0.0	0.0	0.0	0.0	0.0	0.0	0.0	0.0	0.0	0.0
294439019add4f19e8d5d95d40921207	119.0	84.0	69.0	0.0	0.0	0.0	133.0	82.0	36.0	124.0	63.0	0.0	0.0	0.0	0.0	0.0	0.0
958d78a02bef69a795806f97adb117ea	0.0	0.0	0.0	0.0	0.0	0.0	49.0	54.0	0.0	30.0	52.0	0.0	0.0	148.0	124.0	247.0	0.0
1b8dec58597978264025b9eba656ffb5	170.0	148.0	220.0	0.0	0.0	0.0	0.0	0.0	0.0	0.0	0.0	0.0	0.0	0.0	0.0	0.0	149.0
2c982937754e6321f861027032db80f7	0.0	0.0	0.0	0.0	0.0	0.0	0.0	0.0	0.0	0.0	0.0	0.0	0.0	0.0	0.0	0.0	681.0
15029a53d91a033bae30c1ad032ad804	0.0	0.0	0.0	0.0	0.0	0.0	153.0	496.0	0.0	0.0	0.0	0.0	0.0	0.0	0.0	0.0	0.0
54dcb911e3ab04e9d5b30c3912100b41	0.0	0.0	0.0	0.0	0.0	0.0	93.0	94.0	114.0	188.0	148.0	0.0	0.0	0.0	0.0	0.0	0.0
da8644094f1d480f3b3a6a03a7027ab4	0.0	0.0	0.0	165.0	237.0	216.0	0.0	0.0	0.0	0.0	0.0	0.0	0.0	0.0	0.0	0.0	0.0
69a11f927915e2a3ba1f7b9c84486527	201.0	191.0	223.0	0.0	0.0	0.0	0.0	0.0	0.0	0.0	0.0	0.0	0.0	0.0	0.0	0.0	0.0
a9b24370bdb02a8ee91855de7b8b2813	3.0	0.0	0.0	8.0	6.0	9.0	0.0	0.0	123.0	36.0	153.0	0.0	0.0	55.0	124.0	90.0	0.0
99ee92e36a3bfda54437f2370facd8c8	0.0	0.0	0.0	0.0	0.0	0.0	44.0	57.0	48.0	98.0	153.0	0.0	0.0	0.0	0.0	0.0	192.0
f005c8c557afa9e8ed92a77753fc6770	85.0	93.0	111.0	0.0	0.0	0.0	0.0	0.0	0.0	0.0	0.0	0.0	0.0	0.0	0.0	0.0	299.0
4598e7db6dff8f019ff4f6c50dc05df4	0.0	0.0	0.0	0.0	0.0	0.0	113.0	105.0	156.0	52.0	150.0	0.0	0.0	0.0	0.0	0.0	0.0
f479c23321346918723839e33a3544f4	74.0	80.0	0.0	116.0	147.0	139.0	0.0	0.0	0.0	0.0	0.0	0.0	0.0	0.0	0.0	0.0	0.0
6326f3883ecfa02452ebaa3af9c5d84c	123.0	121.0	166.0	28.0	60.0	49.0	0.0	0.0	0.0	0.0	0.0	0.0	0.0	0.0	0.0	0.0	0.0
9ea77e95fbfd1a99c9c28db3b03a01a8	41.0	29.0	27.0	0.0	0.0	0.0	0.0	0.0	0.0	0.0	0.0	0.0	0.0	0.0	0.0	0.0	425.0
8e6f1849d93723676dff6cb1962941a8	0.0	0.0	0.0	0.0	0.0	0.0	191.0	53.0	119.0	72.0	85.0	0.0	0.0	0.0	0.0	0.0	0.0
fe9a3e2c5c45bec637506a2ae1eb243c	0.0	0.0	0.0	0.0	0.0	0.0	128.0	54.0	14.0	9.0	278.0	0.0	0.0	0.0	0.0	0.0	0.0
929c99dbf854b1a24d85a380e7b0af8f	0.0	0.0	0.0	0.0	0.0	0.0	81.0	109.0	0.0	54.0	239.0	0.0	0.0	0.0	0.0	0.0	0.0
0df6c802966e8670279671824da4f10a	0.0	0.0	0.0	0.0	0.0	0.0	142.0	81.0	130.0	74.0	55.0	0.0	0.0	0.0	0.0	0.0	0.0
08faf2041b38f0c8f2faa68e7d5edd31	0.0	0.0	0.0	0.0	0.0	0.0	106.0	117.0	14.0	18.0	62.0	0.0	0.0	60.0	0.0	92.0	0.0
8da18b476b64f6f053647455b6890f80	0.0	0.0	0.0	0.0	0.0	0.0	109.0	123.0	30.0	86.0	103.0	0.0	0.0	0.0	0.0	0.0	0.0
d2cde13160adb3f2b39daad4d939d211	0.0	0.0	0.0	0.0	0.0	0.0	166.0	99.0	45.0	0.0	117.0	0.0	0.0	0.0	0.0	0.0	0.0
a6bed81ae136bbcaf60c91d83befaa68	0.0	0.0	0.0	0.0	0.0	0.0	0.0	15.0	9.0	16.0	0.0	0.0	0.0	147.0	105.0	131.0	0.0
37a0a427f45ea3b8299b4a41c10d02e6	0.0	0.0	0.0	0.0	0.0	0.0	117.0	131.0	12.0	35.0	127.0	0.0	0.0	0.0	0.0	0.0	0.0
ce78414357068359ddae6a47b6592a08	0.0	0.0	0.0	0.0	0.0	0.0	43.0	41.0	11.0	45.0	74.0	0.0	0.0	71.0	67.0	67.0	2.0
b143df6bc7b90f7ecbe19c0526e3bd82	0.0	0.0	0.0	0.0	0.0	0.0	0.0	0.0	0.0	0.0	0.0	0.0	0.0	174.0	110.0	117.0	0.0
daae43be6cf06991f62a085ba8bff3b6	0.0	0.0	0.0	0.0	0.0	0.0	0.0	0.0	213.0	104.0	77.0	0.0	0.0	0.0	0.0	0.0	0.0
eb736939d75ad207f5c1a4f3053d2ee4	0.0	0.0	0.0	0.0	0.0	0.0	0.0	0.0	0.0	0.0	0.0	0.0	0.0	0.0	0.0	0.0	378.0
df1e3080300aed496c300246714bd838	0.0	0.0	0.0	0.0	0.0	0.0	0.0	0.0	0.0	0.0	0.0	0.0	0.0	70.0	117.0	188.0	0.0
47f770032218f91b352999ff1f663807	67.0	96.0	95.0	35.0	73.0	0.0	0.0	0.0	0.0	0.0	0.0	0.0	0.0	0.0	0.0	0.0	0.0
f9f60c2b7142924f5bf6369037234212	0.0	0.0	0.0	0.0	0.0	0.0	252.0	87.0	0.0	0.0	0.0	0.0	0.0	0.0	0.0	0.0	0.0
e2ca214f7055c2a6eedc54ac7689d169	86.0	97.0	58.0	0.0	0.0	0.0	26.0	15.0	12.0	0.0	42.0	0.0	0.0	0.0	0.0	0.0	0.0
d611e03044e800bf023cfc92bec2106a	52.0	68.0	83.0	0.0	0.0	0.0	0.0	0.0	0.0	0.0	0.0	0.0	0.0	0.0	0.0	0.0	111.0
67e8859e108281ee7971084bfa759522	0.0	0.0	0.0	116.0	124.0	73.0	0.0	0.0	0.0	0.0	0.0	0.0	0.0	0.0	0.0	0.0	0.0
d6eda88bd8370a52076b0dafde12249a	0.0	0.0	0.0	0.0	0.0	0.0	41.0	23.0	0.0	0.0	18.0	0.0	0.0	0.0	0.0	0.0	216.0
f3ab5707834c9572c581b0b00c369ec3	0.0	0.0	0.0	0.0	0.0	0.0	0.0	0.0	0.0	0.0	0.0	0.0	0.0	0.0	0.0	0.0	298.0
31774b2ab198d7b5abc9f0d6e8a5ffc2	82.0	89.0	122.0	0.0	0.0	0.0	0.0	0.0	0.0	0.0	0.0	0.0	0.0	0.0	0.0	0.0	0.0
332a6411ff00b4010ac2397f504c4695	132.0	0.0	0.0	0.0	0.0	0.0	0.0	0.0	0.0	0.0	0.0	0.0	0.0	0.0	0.0	0.0	160.0
940c5c7f5d291961c87dd25da8580e29	0.0	0.0	0.0	0.0	0.0	0.0	7.0	0.0	183.0	41.0	52.0	0.0	0.0	0.0	0.0	0.0	0.0
b1652dc664d4e8ce2d123d26687d1204	0.0	0.0	0.0	0.0	0.0	0.0	0.0	0.0	107.0	50.0	124.0	0.0	0.0	0.0	0.0	0.0	0.0
ee766857ab5fc018ac26632146bc90e1	0.0	0.0	0.0	0.0	0.0	0.0	54.0	51.0	68.0	66.0	35.0	0.0	0.0	0.0	0.0	0.0	0.0
08bd43071a06abf56df235fca6655bea	0.0	0.0	0.0	90.0	91.0	66.0	0.0	0.0	0.0	0.0	0.0	0.0	0.0	0.0	0.0	0.0	13.0
e04cb8c96d35fee0e181a15fc4511d0c	0.0	0.0	0.0	0.0	0.0	0.0	76.0	29.0	52.0	26.0	61.0	0.0	0.0	0.0	0.0	0.0	0.0
466f240b16ae7967d70c0d1c09d52b3d	0.0	0.0	0.0	0.0	0.0	0.0	30.0	39.0	6.0	57.0	112.0	0.0	0.0	0.0	0.0	0.0	0.0
a452acdd4133942f4427f17e596c9a80	0.0	0.0	0.0	0.0	0.0	0.0	67.0	98.0	17.0	0.0	60.0	0.0	0.0	0.0	0.0	0.0	0.0
6c921e3ae0af506f54295d074ca071bc	0.0	0.0	0.0	0.0	0.0	0.0	17.0	145.0	0.0	0.0	79.0	0.0	0.0	0.0	0.0	0.0	0.0
682dde043b6d08cf20021dc1e423446d	0.0	0.0	0.0	0.0	0.0	0.0	72.0	56.0	38.0	43.0	28.0	0.0	0.0	0.0	0.0	0.0	0.0
a663a01aeb4dbb88bbe0a9840e8f64dc	8.0	8.0	0.0	75.0	74.0	68.0	0.0	0.0	0.0	0.0	0.0	0.0	0.0	0.0	0.0	0.0	0.0
de68af3f62b2b04e42f894e18839bb57	92.0	86.0	53.0	0.0	0.0	0.0	0.0	0.0	0.0	0.0	0.0	0.0	0.0	0.0	0.0	0.0	0.0
80dd71f0135ba7b0b937f699b90d18d8	0.0	0.0	0.0	0.0	0.0	0.0	0.0	0.0	0.0	0.0	0.0	0.0	0.0	67.0	57.0	101.0	0.0
b301115074f6e3de36efa48b692c7f8b	0.0	0.0	0.0	0.0	0.0	0.0	108.0	35.0	0.0	39.0	42.0	0.0	0.0	0.0	0.0	0.0	0.0
e5d55481f7455ae8a4620451dc7ac39a	0.0	0.0	0.0	0.0	0.0	0.0	0.0	0.0	9.0	0.0	215.0	0.0	0.0	0.0	0.0	0.0	0.0
1e2ef3e6be91989473d3b5f3af1a8932	54.0	50.0	67.0	0.0	0.0	0.0	0.0	0.0	0.0	0.0	0.0	0.0	0.0	0.0	0.0	0.0	44.0
6a8118b17d1d40cf877db24449ceb616	0.0	0.0	0.0	0.0	0.0	0.0	46.0	39.0	14.0	32.0	83.0	0.0	0.0	0.0	0.0	0.0	0.0
4912cd4c1f9a773f88a73c258c25c825	19.0	9.0	31.0	46.0	56.0	33.0	0.0	0.0	0.0	0.0	0.0	0.0	0.0	0.0	0.0	0.0	17.0
22907d450b79c927e4ffe34a2d09d2aa	18.0	33.0	30.0	0.0	0.0	0.0	34.0	41.0	0.0	33.0	18.0	0.0	0.0	0.0	0.0	0.0	0.0
e046e29a358f4e382dccc33ca22f61ad	0.0	0.0	0.0	0.0	0.0	0.0	19.0	14.0	35.0	64.0	72.0	0.0	0.0	0.0	0.0	0.0	0.0
ecb3759e804e8c86d9fb0de817207fe9	0.0	0.0	0.0	0.0	0.0	0.0	73.0	86.0	42.0	0.0	0.0	0.0	0.0	0.0	2.0	0.0	0.0
325ce268c8bbe026198a5ca3dbaad5b9	0.0	0.0	0.0	0.0	0.0	0.0	66.0	37.0	29.0	28.0	40.0	0.0	0.0	0.0	0.0	0.0	0.0
c75ae6008025d80134bd14e9712f9d5c	0.0	0.0	0.0	0.0	0.0	0.0	22.0	33.0	8.0	37.0	95.0	0.0	0.0	0.0	0.0	0.0	0.0
0e15737671741c707e2fc53a6bf0ff68	0.0	0.0	0.0	0.0	0.0	0.0	0.0	0.0	0.0	0.0	0.0	0.0	0.0	61.0	45.0	89.0	0.0
68a313a4c8c35a8f1fb6d4e6f2a39a7a	0.0	0.0	0.0	0.0	0.0	0.0	0.0	0.0	0.0	0.0	0.0	0.0	0.0	57.0	27.0	109.0	0.0
a9241ac1841b7463ed03c02216f5e93d	0.0	0.0	0.0	0.0	0.0	0.0	0.0	0.0	0.0	0.0	0.0	0.0	0.0	50.0	34.0	96.0	0.0
f3e9d78daeea42d345080748e31ae3dd	0.0	0.0	0.0	0.0	0.0	0.0	0.0	50.0	22.0	36.0	65.0	0.0	0.0	0.0	0.0	0.0	0.0
1c281deaf71c6d702d1ddadfa953eac6	0.0	0.0	0.0	0.0	0.0	0.0	62.0	40.0	15.0	25.0	27.0	0.0	0.0	0.0	0.0	0.0	0.0
d93a3ef54cd04d16c30a94e15287caf4	0.0	0.0	0.0	0.0	0.0	0.0	0.0	0.0	0.0	0.0	0.0	0.0	0.0	0.0	84.0	85.0	0.0
05dbbf0301a9625e1f1a41470a92f7fe	0.0	0.0	0.0	58.0	59.0	48.0	0.0	0.0	0.0	0.0	0.0	0.0	0.0	0.0	0.0	0.0	0.0
924668f542df9de35c2226e4a6cf09bd	0.0	0.0	0.0	0.0	0.0	0.0	34.0	0.0	18.0	48.0	58.0	0.0	0.0	0.0	0.0	0.0	0.0
20ac30224f0d6923615fbc03ac84563f	0.0	0.0	0.0	0.0	0.0	0.0	45.0	43.0	0.0	0.0	68.0	0.0	0.0	0.0	0.0	0.0	0.0
cfdf39cd6545fb6a7ddb747c3393c225	0.0	0.0	0.0	0.0	0.0	0.0	23.0	23.0	8.0	32.0	66.0	0.0	0.0	0.0	0.0	0.0	0.0
21401b105dc53b367b8fdc0ec97a9f02	0.0	0.0	0.0	0.0	0.0	0.0	0.0	0.0	0.0	0.0	0.0	0.0	0.0	0.0	0.0	0.0	151.0
a333ee090a52b582e1a0e2dd776eb937	0.0	0.0	0.0	64.0	43.0	43.0	0.0	0.0	0.0	0.0	0.0	0.0	0.0	0.0	0.0	0.0	0.0
6337b308d49ea78bc68f9100ca6c62b4	0.0	0.0	0.0	0.0	0.0	0.0	44.0	14.0	0.0	25.0	62.0	0.0	0.0	0.0	0.0	0.0	0.0
4c92ffae9f09a8487a1d20d276ce442b	33.0	25.0	32.0	0.0	0.0	0.0	0.0	0.0	0.0	0.0	0.0	0.0	0.0	0.0	0.0	0.0	49.0
bf34422106e5974ddf75216e2c05273c	0.0	0.0	0.0	0.0	0.0	0.0	77.0	39.0	0.0	0.0	22.0	0.0	0.0	0.0	0.0	0.0	0.0
d23bbe506e4ded19e9dd017b65275bab	18.0	34.0	54.0	0.0	0.0	0.0	11.0	6.0	3.0	0.0	10.0	0.0	0.0	0.0	0.0	0.0	0.0
d3d5f57b1c8aafeca61afdb1627d2990	0.0	0.0	0.0	0.0	0.0	0.0	0.0	9.0	17.0	26.0	84.0	0.0	0.0	0.0	0.0	0.0	0.0
da1d26d90a7443d34675778207d2c227	46.0	53.0	36.0	0.0	0.0	0.0	0.0	0.0	0.0	0.0	0.0	0.0	0.0	0.0	0.0	0.0	0.0
223141ee97781bbede60bb494d599448	0.0	0.0	0.0	0.0	0.0	0.0	86.0	45.0	0.0	0.0	0.0	0.0	0.0	0.0	0.0	0.0	0.0
8aeb82845cf39311d0c9a6a82b39a131	0.0	0.0	0.0	0.0	0.0	0.0	26.0	0.0	0.0	0.0	0.0	0.0	104.0	0.0	0.0	0.0	0.0
77c2dc197e6b3dbebc4ee240c6a1c559	33.0	20.0	55.0	0.0	0.0	0.0	0.0	0.0	0.0	0.0	0.0	0.0	0.0	0.0	0.0	0.0	21.0
9f3ae9f6096976f00cd7c13a4717ff1c	0.0	0.0	0.0	0.0	0.0	0.0	107.0	17.0	0.0	4.0	0.0	0.0	0.0	0.0	0.0	0.0	0.0
a730ef0685ea600be854be1842a6b362	20.0	0.0	22.0	0.0	0.0	0.0	0.0	0.0	0.0	0.0	0.0	0.0	0.0	0.0	0.0	0.0	83.0
9a13cbb8e1b12468bf22d6a05aafb0c0	0.0	0.0	0.0	0.0	0.0	0.0	0.0	0.0	5.0	38.0	77.0	0.0	0.0	0.0	0.0	0.0	0.0
5f8d35126b0a7321413d21487ec72b73	18.0	18.0	0.0	22.0	18.0	16.0	0.0	0.0	0.0	0.0	0.0	0.0	0.0	0.0	0.0	0.0	25.0
742e1f191223f58590661de80b9d6e3b	11.0	11.0	14.0	0.0	0.0	0.0	0.0	0.0	0.0	0.0	0.0	0.0	0.0	0.0	0.0	0.0	81.0
ac28c199405fa8466bdedf16d456edbc	0.0	0.0	0.0	0.0	0.0	0.0	14.0	16.0	34.0	22.0	31.0	0.0	0.0	0.0	0.0	0.0	0.0
851bd80d021dcf4e9f3f11e95310927c	0.0	0.0	0.0	0.0	0.0	0.0	24.0	23.0	0.0	18.0	51.0	0.0	0.0	0.0	0.0	0.0	0.0
f76f9398a707c47754f8308d099abd13	0.0	0.0	0.0	0.0	0.0	0.0	0.0	0.0	0.0	0.0	0.0	0.0	0.0	45.0	0.0	68.0	0.0
b0e56c25ca193e27096e8fb4eb560eee	34.0	38.0	39.0	0.0	0.0	0.0	0.0	0.0	0.0	0.0	0.0	0.0	0.0	0.0	0.0	0.0	0.0
9db5855bd9b253f9c84c6b36b3e25451	0.0	0.0	0.0	28.0	21.0	18.0	5.0	16.0	8.0	0.0	13.0	0.0	0.0	0.0	0.0	0.0	0.0
756e9c33696716a5484135c832f18f12	0.0	0.0	4.0	0.0	0.0	0.0	0.0	0.0	0.0	0.0	0.0	0.0	0.0	0.0	0.0	0.0	104.0
8212472385df0dc1b6527a764d613b7d	0.0	0.0	0.0	0.0	0.0	0.0	6.0	23.0	8.0	29.0	40.0	0.0	0.0	0.0	0.0	0.0	0.0
6e77545756ddc39c81c925b6fb1c8b17	0.0	0.0	0.0	0.0	0.0	0.0	0.0	26.0	0.0	27.0	52.0	0.0	0.0	0.0	0.0	0.0	0.0
c2236727ffae6d3d4521989084fcbe7b	0.0	0.0	0.0	0.0	0.0	0.0	12.0	31.0	10.0	15.0	34.0	0.0	0.0	0.0	0.0	0.0	0.0
577803f3876eb718cf8784b21f5ad1de	0.0	0.0	0.0	0.0	0.0	0.0	0.0	48.0	15.0	0.0	35.0	0.0	0.0	0.0	0.0	0.0	0.0
270a745647e1f4f2daefddcae78b43c7	0.0	0.0	0.0	0.0	0.0	0.0	40.0	11.0	0.0	46.0	0.0	0.0	0.0	0.0	0.0	0.0	0.0
11b7d5a0dd0446562be236a4a9144c75	0.0	0.0	0.0	24.0	26.0	31.0	0.0	0.0	0.0	0.0	0.0	0.0	0.0	0.0	0.0	0.0	10.0
2747bd94a19fbfa82f1e90e326d2f100	0.0	0.0	0.0	0.0	0.0	0.0	0.0	0.0	49.0	34.0	5.0	0.0	0.0	0.0	0.0	0.0	0.0
9e3b0ce9bb690b78f97f20c102089c55	0.0	0.0	0.0	0.0	0.0	0.0	33.0	39.0	0.0	10.0	3.0	0.0	0.0	0.0	0.0	0.0	0.0
f1b5d72cafaaea7b61c531cb90452d9c	0.0	0.0	0.0	0.0	0.0	0.0	6.0	16.0	8.0	29.0	26.0	0.0	0.0	0.0	0.0	0.0	0.0
901c9973bde010c1a5c49023e63cc252	0.0	0.0	0.0	0.0	0.0	0.0	52.0	6.0	0.0	12.0	12.0	0.0	0.0	0.0	0.0	0.0	0.0
b65410081c87ed629211d7fb136ec45f	0.0	0.0	0.0	0.0	0.0	0.0	13.0	28.0	5.0	19.0	15.0	0.0	0.0	0.0	0.0	0.0	0.0
2ce88e05f1919882b01289628bd3d156	0.0	0.0	0.0	0.0	0.0	0.0	8.0	14.0	6.0	21.0	28.0	0.0	0.0	0.0	0.0	0.0	0.0
c4170fd31c9aceb042c699e6c8b0f486	0.0	0.0	0.0	0.0	0.0	0.0	13.0	12.0	19.0	0.0	31.0	0.0	0.0	0.0	0.0	0.0	0.0
794c48d1c110499dbd6338457f2ed417	0.0	0.0	0.0	0.0	0.0	0.0	0.0	0.0	0.0	0.0	0.0	0.0	0.0	0.0	0.0	0.0	75.0
149465e40c1bdbc6230588a58a4d6eb0	20.0	17.0	9.0	9.0	6.0	12.0	0.0	0.0	0.0	0.0	0.0	0.0	0.0	0.0	0.0	0.0	0.0
c0f9afc03ac59992eccc5e6fc3a38ec6	0.0	0.0	0.0	31.0	30.0	10.0	0.0	0.0	0.0	0.0	0.0	0.0	0.0	0.0	0.0	0.0	0.0
811f358e4e89eecbd75298ffce878cba	0.0	0.0	0.0	0.0	0.0	0.0	66.0	0.0	0.0	0.0	0.0	0.0	0.0	0.0	0.0	0.0	0.0
00cd2f68603124759047487807589f27	0.0	0.0	0.0	0.0	0.0	0.0	14.0	18.0	10.0	8.0	16.0	0.0	0.0	0.0	0.0	0.0	0.0
5bea1ccbd4d2470a8fcba76a2e095e2a	0.0	0.0	0.0	0.0	0.0	0.0	0.0	0.0	0.0	65.0	0.0	0.0	0.0	0.0	0.0	0.0	0.0
0e2573348777e55615736ca01785b7b4	14.0	21.0	28.0	0.0	0.0	0.0	0.0	0.0	0.0	0.0	0.0	0.0	0.0	0.0	0.0	0.0	0.0
3883c3ab093249287e47ca21ff186ca4	0.0	0.0	0.0	0.0	0.0	0.0	0.0	0.0	16.0	16.0	31.0	0.0	0.0	0.0	0.0	0.0	0.0
58bd181f757283f5a4ceebdf90ff6243	0.0	0.0	0.0	0.0	29.0	22.0	0.0	0.0	0.0	0.0	0.0	0.0	0.0	0.0	0.0	0.0	11.0
185fd5fa18cb1cc8b0fa2bacf60af299	0.0	0.0	0.0	0.0	0.0	0.0	0.0	0.0	0.0	28.0	33.0	0.0	0.0	0.0	0.0	0.0	0.0
1a78539b37f0546f2a1643da51ce7636	12.0	31.0	17.0	0.0	0.0	0.0	0.0	0.0	0.0	0.0	0.0	0.0	0.0	0.0	0.0	0.0	0.0
c1fb523690f4db6515ed0ab146d1ab8c	0.0	0.0	0.0	0.0	0.0	0.0	12.0	19.0	0.0	10.0	19.0	0.0	0.0	0.0	0.0	0.0	0.0
25f537c4856de1617e682de90caba215	0.0	0.0	0.0	0.0	0.0	0.0	10.0	50.0	0.0	0.0	0.0	0.0	0.0	0.0	0.0	0.0	0.0
0f2a5acc53e55f2c9f0c7409421dc5a0	0.0	0.0	0.0	0.0	0.0	0.0	0.0	0.0	15.0	16.0	29.0	0.0	0.0	0.0	0.0	0.0	0.0
b472c8e4f9b5ee3ae9ec84a3a7c4e63b	0.0	0.0	0.0	0.0	0.0	0.0	0.0	0.0	4.0	0.0	55.0	0.0	0.0	0.0	0.0	0.0	0.0
95d6a2a0e7a344010b5fd670677848e1	0.0	0.0	0.0	0.0	0.0	0.0	0.0	0.0	41.0	10.0	7.0	0.0	0.0	0.0	0.0	0.0	0.0
878b632cdaca176d4df49b32f8df27bc	0.0	0.0	0.0	0.0	0.0	0.0	0.0	0.0	0.0	0.0	0.0	0.0	0.0	12.0	12.0	33.0	0.0
2643df73928bfd7b6861c66b591af84c	0.0	0.0	0.0	0.0	0.0	0.0	24.0	4.0	11.0	0.0	15.0	0.0	0.0	0.0	0.0	0.0	0.0
3e0a5c3c45d702a53a3d2de195e4db33	0.0	0.0	0.0	0.0	0.0	0.0	0.0	0.0	14.0	0.0	40.0	0.0	0.0	0.0	0.0	0.0	0.0
62dc76a09326c359be5946507e82e9fa	0.0	0.0	0.0	0.0	0.0	0.0	22.0	11.0	13.0	0.0	6.0	0.0	0.0	0.0	0.0	0.0	0.0
641e9477910c38cf51e100b54c1548b1	0.0	0.0	0.0	0.0	0.0	0.0	0.0	52.0	0.0	0.0	0.0	0.0	0.0	0.0	0.0	0.0	0.0
9a28e6b1aaae69477039957bc8a1222f	0.0	0.0	0.0	0.0	0.0	0.0	0.0	0.0	20.0	15.0	17.0	0.0	0.0	0.0	0.0	0.0	0.0
504b29d7282c288d06f7f26759d3fac9	0.0	0.0	0.0	0.0	0.0	0.0	0.0	0.0	0.0	0.0	0.0	0.0	0.0	0.0	0.0	0.0	52.0
ecf51a8d2dac4bcc29c10a1292de0a82	21.0	14.0	16.0	0.0	0.0	0.0	0.0	0.0	0.0	0.0	0.0	0.0	0.0	0.0	0.0	0.0	0.0
2a89717b521dc276ae1bd08090909dc4	0.0	0.0	0.0	0.0	0.0	0.0	39.0	12.0	0.0	0.0	0.0	0.0	0.0	0.0	0.0	0.0	0.0
f54447ae705d557e2c2b3777fbdd56f0	0.0	0.0	0.0	0.0	0.0	0.0	22.0	28.0	0.0	0.0	0.0	0.0	0.0	0.0	0.0	0.0	0.0
7c3d7711fd15460714ece118b35c0576	0.0	0.0	0.0	14.0	25.0	9.0	0.0	0.0	0.0	0.0	0.0	0.0	0.0	0.0	0.0	0.0	0.0
7ad394d61d61a814631950655009d828	0.0	0.0	0.0	15.0	21.0	10.0	0.0	0.0	0.0	0.0	0.0	0.0	0.0	0.0	0.0	0.0	0.0
cd604e575361dd5195144bf8e5007cb7	24.0	6.0	14.0	0.0	0.0	0.0	0.0	0.0	0.0	0.0	0.0	0.0	0.0	0.0	0.0	0.0	0.0
9bcdff78f108f90ce33eea9907c345d2	0.0	0.0	0.0	26.0	0.0	18.0	0.0	0.0	0.0	0.0	0.0	0.0	0.0	0.0	0.0	0.0	0.0
f9c752d5c510e07c457e029af2d6d31b	0.0	0.0	0.0	0.0	0.0	0.0	24.0	11.0	0.0	9.0	0.0	0.0	0.0	0.0	0.0	0.0	0.0
c803726dac1aad6846d209e915cea275	0.0	0.0	0.0	0.0	0.0	0.0	30.0	13.0	0.0	0.0	0.0	0.0	0.0	0.0	0.0	0.0	0.0
14e78619269b8c45554ab4a8ddf2f22c	0.0	0.0	0.0	0.0	0.0	0.0	0.0	13.0	0.0	10.0	19.0	0.0	0.0	0.0	0.0	0.0	0.0
ea00763b3eff28e6e109d14cb2cff8d5	9.0	0.0	0.0	10.0	21.0	0.0	0.0	0.0	0.0	0.0	0.0	0.0	0.0	0.0	0.0	0.0	0.0
61db0bd527e07336202fd0ff4578c042	0.0	0.0	0.0	0.0	0.0	0.0	19.0	0.0	0.0	0.0	21.0	0.0	0.0	0.0	0.0	0.0	0.0
cd8d2ddb88bbe44dfa61a34dfd244b0b	0.0	0.0	0.0	0.0	0.0	0.0	0.0	6.0	0.0	31.0	3.0	0.0	0.0	0.0	0.0	0.0	0.0
13506518b825bfbd65794347af5958c6	0.0	0.0	0.0	0.0	0.0	0.0	0.0	0.0	0.0	10.0	29.0	0.0	0.0	0.0	0.0	0.0	0.0
51d4f17b8dda9f7d972bf3dd0ecc4e59	0.0	0.0	0.0	0.0	0.0	0.0	0.0	0.0	0.0	0.0	0.0	0.0	0.0	0.0	0.0	0.0	38.0
ac603e12c4b975609374395b148a0a79	6.0	15.0	11.0	0.0	5.0	0.0	0.0	0.0	0.0	0.0	0.0	0.0	0.0	0.0	0.0	0.0	0.0
7a6a394fe7285b50ee54b56f316a3944	16.0	11.0	9.0	0.0	0.0	0.0	0.0	0.0	0.0	0.0	0.0	0.0	0.0	0.0	0.0	0.0	0.0
bfad0fff28f7e7956265b27a7b702bda	16.0	0.0	20.0	0.0	0.0	0.0	0.0	0.0	0.0	0.0	0.0	0.0	0.0	0.0	0.0	0.0	0.0
1970af775bfecdd2ca50180b69989ee0	0.0	0.0	0.0	0.0	0.0	0.0	11.0	0.0	19.0	0.0	5.0	0.0	0.0	0.0	0.0	0.0	0.0
6d4ab2107d92228c6751838e7dbbe697	0.0	0.0	0.0	0.0	0.0	0.0	13.0	11.0	10.0	0.0	0.0	0.0	0.0	0.0	0.0	0.0	0.0
12470c486f558c083c46b45408cae9c6	0.0	0.0	0.0	0.0	0.0	0.0	0.0	8.0	0.0	15.0	11.0	0.0	0.0	0.0	0.0	0.0	0.0
24646f903382ae52da1b45805982e09f	0.0	0.0	0.0	16.0	0.0	17.0	0.0	0.0	0.0	0.0	0.0	0.0	0.0	0.0	0.0	0.0	0.0
870c2e3e8ebeb830c2d64ee56078f58b	0.0	0.0	0.0	0.0	0.0	0.0	15.0	12.0	6.0	0.0	0.0	0.0	0.0	0.0	0.0	0.0	0.0
3120660c883750285d85c12f7d898f67	0.0	0.0	5.0	13.0	8.0	6.0	0.0	0.0	0.0	0.0	0.0	0.0	0.0	0.0	0.0	0.0	0.0
2f8ad4365632e4a05d8897ac4ee70b3a	0.0	0.0	0.0	0.0	0.0	0.0	0.0	0.0	0.0	0.0	0.0	0.0	0.0	0.0	0.0	32.0	0.0
6d23b1a911e94074b127424a8fb2d5ad	0.0	0.0	0.0	11.0	11.0	9.0	0.0	0.0	0.0	0.0	0.0	0.0	0.0	0.0	0.0	0.0	0.0
5eaeab6fa2a8efe96eac7a0712c65080	0.0	0.0	0.0	0.0	0.0	0.0	7.0	10.0	0.0	9.0	5.0	0.0	0.0	0.0	0.0	0.0	0.0
0f7b183901acd60418685b4fe37472c7	4.0	5.0	0.0	0.0	0.0	0.0	0.0	0.0	0.0	0.0	0.0	0.0	0.0	0.0	0.0	0.0	21.0
f98dab4619ff896a9cee45a9b9ddc792	0.0	0.0	0.0	3.0	17.0	10.0	0.0	0.0	0.0	0.0	0.0	0.0	0.0	0.0	0.0	0.0	0.0
e34528ad14c087b5097669c01925644b	8.0	12.0	8.0	0.0	0.0	0.0	0.0	0.0	0.0	0.0	0.0	0.0	0.0	0.0	0.0	0.0	0.0
275a7bf0c5f28f800faa652f086cbd0c	0.0	28.0	0.0	0.0	0.0	0.0	0.0	0.0	0.0	0.0	0.0	0.0	0.0	0.0	0.0	0.0	0.0
a927fa934cf9d977992764c4dcba0b7d	0.0	0.0	0.0	0.0	0.0	0.0	0.0	0.0	0.0	10.0	18.0	0.0	0.0	0.0	0.0	0.0	0.0
5e18094f37d33836726fabc09f8e46fc	0.0	0.0	0.0	0.0	0.0	0.0	3.0	24.0	0.0	0.0	0.0	0.0	0.0	0.0	0.0	0.0	0.0
431b7a050a85f69cfcb3d5bb614a02e9	0.0	0.0	0.0	0.0	0.0	0.0	14.0	4.0	0.0	8.0	0.0	0.0	0.0	0.0	0.0	0.0	0.0
24cccadb274fef1f88113e8f019e2a63	16.0	9.0	0.0	0.0	0.0	0.0	0.0	0.0	0.0	0.0	0.0	0.0	0.0	0.0	0.0	0.0	0.0
4422afa5e085d3e4373b56dd5c28160d	0.0	0.0	0.0	0.0	0.0	0.0	25.0	0.0	0.0	0.0	0.0	0.0	0.0	0.0	0.0	0.0	0.0
e24e7b9b383a4e46a7761d21ddd703aa	0.0	0.0	0.0	0.0	0.0	0.0	15.0	0.0	10.0	0.0	0.0	0.0	0.0	0.0	0.0	0.0	0.0
08eedcaf8f982611c4982038139f6271	0.0	0.0	0.0	0.0	0.0	0.0	0.0	0.0	0.0	25.0	0.0	0.0	0.0	0.0	0.0	0.0	0.0
9bded763d7ae1d82fe5db0cc4b3b721f	0.0	0.0	23.0	0.0	0.0	0.0	0.0	0.0	0.0	0.0	0.0	0.0	0.0	0.0	0.0	0.0	0.0
a80466eb93811bc792e1524c6afc316a	0.0	0.0	0.0	0.0	0.0	0.0	7.0	0.0	5.0	0.0	11.0	0.0	0.0	0.0	0.0	0.0	0.0
6f980c6f3f2ffefd2013c721461cc1c6	10.0	7.0	5.0	0.0	0.0	0.0	0.0	0.0	0.0	0.0	0.0	0.0	0.0	0.0	0.0	0.0	0.0
fec2da4ccc40b9ad85a020553063366b	6.0	11.0	5.0	0.0	0.0	0.0	0.0	0.0	0.0	0.0	0.0	0.0	0.0	0.0	0.0	0.0	0.0
c84d13308b8608a006759b82fcb5e4ac	0.0	7.0	0.0	0.0	0.0	0.0	0.0	0.0	0.0	0.0	0.0	0.0	0.0	0.0	0.0	0.0	15.0
227262067d4e6d71cd179bc7f7a5d1c4	0.0	0.0	0.0	0.0	0.0	0.0	0.0	0.0	0.0	6.0	16.0	0.0	0.0	0.0	0.0	0.0	0.0
efa231614a5eb97a385a5cae7b440348	8.0	0.0	13.0	0.0	0.0	0.0	0.0	0.0	0.0	0.0	0.0	0.0	0.0	0.0	0.0	0.0	0.0
3689d0c142e6b424206a35746952fca8	0.0	21.0	0.0	0.0	0.0	0.0	0.0	0.0	0.0	0.0	0.0	0.0	0.0	0.0	0.0	0.0	0.0
d6443ae1b639b169177263669b3256d9	0.0	0.0	0.0	0.0	0.0	0.0	14.0	7.0	0.0	0.0	0.0	0.0	0.0	0.0	0.0	0.0	0.0
60614520ce7378162013d9e6054a37ef	9.0	11.0	0.0	0.0	0.0	0.0	0.0	0.0	0.0	0.0	0.0	0.0	0.0	0.0	0.0	0.0	0.0
7d518e827d9d6a525a3c1d4b64bdc73c	0.0	0.0	0.0	0.0	0.0	0.0	13.0	0.0	0.0	7.0	0.0	0.0	0.0	0.0	0.0	0.0	0.0
b72909635060381035aa822951ccee03	0.0	0.0	0.0	0.0	0.0	0.0	0.0	0.0	0.0	0.0	20.0	0.0	0.0	0.0	0.0	0.0	0.0
6e5be229dd49e819c917d2ae8b72610b	0.0	0.0	0.0	0.0	0.0	0.0	0.0	0.0	0.0	8.0	11.0	0.0	0.0	0.0	0.0	0.0	0.0
73cd1c10175eb846badd2f34bd86dd08	18.0	0.0	0.0	0.0	0.0	0.0	0.0	0.0	0.0	0.0	0.0	0.0	0.0	0.0	0.0	0.0	0.0
645ad704bb17e791a05ee9cf57bfdcb6	0.0	0.0	0.0	18.0	0.0	0.0	0.0	0.0	0.0	0.0	0.0	0.0	0.0	0.0	0.0	0.0	0.0
3f9afe17105dd0c33bf41ce08824f362	0.0	0.0	0.0	3.0	9.0	6.0	0.0	0.0	0.0	0.0	0.0	0.0	0.0	0.0	0.0	0.0	0.0
1841ceeb252a3e471065c84c01175567	0.0	0.0	0.0	0.0	0.0	0.0	18.0	0.0	0.0	0.0	0.0	0.0	0.0	0.0	0.0	0.0	0.0
3abae39e94cf51920aec2b9fb42b53a9	0.0	0.0	0.0	0.0	0.0	0.0	7.0	11.0	0.0	0.0	0.0	0.0	0.0	0.0	0.0	0.0	0.0
fee421dd182111e1d718ac10decab1e9	0.0	0.0	0.0	0.0	0.0	0.0	0.0	0.0	0.0	0.0	0.0	0.0	0.0	0.0	0.0	0.0	17.0
2b33752353804e5616919765189fded9	0.0	0.0	0.0	0.0	0.0	0.0	0.0	0.0	7.0	3.0	6.0	0.0	0.0	0.0	0.0	0.0	0.0
df15c502ea6fb8ffcacf9c14c883fad0	0.0	0.0	0.0	0.0	0.0	0.0	0.0	0.0	0.0	16.0	0.0	0.0	0.0	0.0	0.0	0.0	0.0
501a3e687c65822914e1a727e5f43331	0.0	0.0	0.0	0.0	0.0	0.0	0.0	0.0	0.0	0.0	16.0	0.0	0.0	0.0	0.0	0.0	0.0
b0393e75df8338f8224463cb1b34efbd	6.0	0.0	9.0	0.0	0.0	0.0	0.0	0.0	0.0	0.0	0.0	0.0	0.0	0.0	0.0	0.0	0.0
e67d040230cb40e443f1216db0ad833a	0.0	15.0	0.0	0.0	0.0	0.0	0.0	0.0	0.0	0.0	0.0	0.0	0.0	0.0	0.0	0.0	0.0
1a7a9d14747af9f14fcdabdef2549a77	0.0	0.0	0.0	6.0	9.0	0.0	0.0	0.0	0.0	0.0	0.0	0.0	0.0	0.0	0.0	0.0	0.0
d85f7c80c1ad16d5903ce9d78ade5916	0.0	0.0	0.0	0.0	0.0	0.0	0.0	15.0	0.0	0.0	0.0	0.0	0.0	0.0	0.0	0.0	0.0
06538b77450f85903962437f449fa60a	0.0	0.0	0.0	0.0	0.0	0.0	0.0	0.0	15.0	0.0	0.0	0.0	0.0	0.0	0.0	0.0	0.0
912487364b4fda5993a03f47d60111e9	0.0	0.0	0.0	0.0	0.0	0.0	0.0	0.0	0.0	0.0	15.0	0.0	0.0	0.0	0.0	0.0	0.0
5e581b06024ab980e25ee550e0b97247	0.0	0.0	0.0	3.0	8.0	2.0	0.0	0.0	0.0	0.0	0.0	0.0	0.0	0.0	0.0	0.0	0.0
4d099764b60b46a0cdb2db9d88634c12	0.0	0.0	0.0	0.0	0.0	0.0	0.0	13.0	0.0	0.0	0.0	0.0	0.0	0.0	0.0	0.0	0.0
65564efafb80060ef155c05105b8ed0b	0.0	0.0	0.0	0.0	0.0	0.0	0.0	0.0	13.0	0.0	0.0	0.0	0.0	0.0	0.0	0.0	0.0
3a4a246cdaf2ee7e109536faef354a46	7.0	0.0	5.0	0.0	0.0	0.0	0.0	0.0	0.0	0.0	0.0	0.0	0.0	0.0	0.0	0.0	0.0
c518773de1fa8f58aebfc3c18e017d10	0.0	0.0	0.0	0.0	0.0	0.0	0.0	0.0	7.0	4.0	0.0	0.0	0.0	0.0	0.0	0.0	0.0
2b90532f7b4cc2c26abd0f1f1657f80b	0.0	0.0	0.0	0.0	0.0	0.0	0.0	0.0	0.0	10.0	0.0	0.0	0.0	0.0	0.0	0.0	0.0
03d1db1ccc574034f8242e94d57eca3b	0.0	0.0	0.0	0.0	0.0	0.0	0.0	0.0	0.0	0.0	10.0	0.0	0.0	0.0	0.0	0.0	0.0
401e9cda8dd173db76e03cfe30f2274e	0.0	0.0	0.0	0.0	0.0	0.0	0.0	0.0	0.0	0.0	10.0	0.0	0.0	0.0	0.0	0.0	0.0
30e9ddb5a66d4e43d9cd62a529d469fe	0.0	0.0	0.0	0.0	0.0	0.0	0.0	0.0	0.0	0.0	0.0	10.0	0.0	0.0	0.0	0.0	0.0
e238c6f976254aa34d2106b20782549a	0.0	0.0	0.0	0.0	0.0	0.0	5.0	0.0	0.0	0.0	4.0	0.0	0.0	0.0	0.0	0.0	0.0
629f41c0de31ba20f5d2b3f4c69e09c1	0.0	0.0	0.0	0.0	0.0	0.0	0.0	0.0	0.0	0.0	0.0	0.0	0.0	0.0	0.0	0.0	9.0
3b637959259f7df06762d2afbf7c6813	0.0	8.0	0.0	0.0	0.0	0.0	0.0	0.0	0.0	0.0	0.0	0.0	0.0	0.0	0.0	0.0	0.0
e4273b838f7e559fd70012de69e2779f	0.0	0.0	0.0	8.0	0.0	0.0	0.0	0.0	0.0	0.0	0.0	0.0	0.0	0.0	0.0	0.0	0.0
57e11c3559fa2ef79a2702684229e4ba	0.0	0.0	0.0	0.0	0.0	0.0	0.0	8.0	0.0	0.0	0.0	0.0	0.0	0.0	0.0	0.0	0.0
7a80eb794179e899066579742bc71f18	0.0	0.0	0.0	0.0	0.0	0.0	0.0	0.0	8.0	0.0	0.0	0.0	0.0	0.0	0.0	0.0	0.0
7215e6796de3e835c8879da79b1b708d	0.0	0.0	0.0	0.0	0.0	0.0	0.0	0.0	4.0	0.0	4.0	0.0	0.0	0.0	0.0	0.0	0.0
b2224d09fb56fffb7949a37935a5b572	0.0	0.0	0.0	0.0	0.0	0.0	0.0	0.0	0.0	8.0	0.0	0.0	0.0	0.0	0.0	0.0	0.0
f3e71e4a6e11740629a8c704b8e728e4	0.0	0.0	0.0	0.0	0.0	0.0	0.0	0.0	0.0	0.0	0.0	8.0	0.0	0.0	0.0	0.0	0.0
1eaa3cb7baaac3220b0606e3621afd16	0.0	2.0	5.0	0.0	0.0	0.0	0.0	0.0	0.0	0.0	0.0	0.0	0.0	0.0	0.0	0.0	0.0
0570b4a067b34904d37cb5ddc848b221	0.0	0.0	0.0	0.0	0.0	0.0	7.0	0.0	0.0	0.0	0.0	0.0	0.0	0.0	0.0	0.0	0.0
62669fe8cbcac323242a062e3c6a3386	0.0	0.0	0.0	0.0	0.0	0.0	0.0	0.0	7.0	0.0	0.0	0.0	0.0	0.0	0.0	0.0	0.0
e2be98c32628392fea439c4626302fc3	0.0	0.0	0.0	0.0	0.0	0.0	0.0	0.0	0.0	7.0	0.0	0.0	0.0	0.0	0.0	0.0	0.0
c24e0e391aa836b5eae25567c7eb89ee	0.0	6.0	0.0	0.0	0.0	0.0	0.0	0.0	0.0	0.0	0.0	0.0	0.0	0.0	0.0	0.0	0.0
b5e0a6477e69e223d49eedc2c7c1b138	0.0	0.0	6.0	0.0	0.0	0.0	0.0	0.0	0.0	0.0	0.0	0.0	0.0	0.0	0.0	0.0	0.0
85781f76fdd51f1cea0eab36c8b76a12	0.0	0.0	0.0	0.0	0.0	0.0	6.0	0.0	0.0	0.0	0.0	0.0	0.0	0.0	0.0	0.0	0.0
b0f809cbabf3ac99182581ec095868b2	0.0	0.0	0.0	0.0	0.0	0.0	0.0	6.0	0.0	0.0	0.0	0.0	0.0	0.0	0.0	0.0	0.0
630d3298d6df053fa8d57ead7cd4df95	0.0	0.0	0.0	0.0	0.0	0.0	0.0	6.0	0.0	0.0	0.0	0.0	0.0	0.0	0.0	0.0	0.0
877fc99178b9d3a1e0dc4540dd107877	0.0	0.0	0.0	0.0	0.0	0.0	0.0	0.0	6.0	0.0	0.0	0.0	0.0	0.0	0.0	0.0	0.0
7566bcf9eeeac8d93022dfa6b5e75ab5	0.0	0.0	0.0	0.0	0.0	0.0	0.0	0.0	0.0	0.0	6.0	0.0	0.0	0.0	0.0	0.0	0.0
49278a5c999a5119dec0511de99e703a	0.0	0.0	0.0	0.0	0.0	0.0	0.0	0.0	0.0	0.0	6.0	0.0	0.0	0.0	0.0	0.0	0.0
31217980cfdf305668ba9c8482a34e81	0.0	0.0	0.0	0.0	0.0	0.0	0.0	0.0	0.0	0.0	6.0	0.0	0.0	0.0	0.0	0.0	0.0
b155d97b79acc3086ce118451afa0124	0.0	0.0	0.0	0.0	0.0	0.0	0.0	0.0	0.0	0.0	6.0	0.0	0.0	0.0	0.0	0.0	0.0
46a8c4f2ff14fa50466ca47e47d5df77	0.0	0.0	0.0	0.0	0.0	0.0	0.0	0.0	0.0	0.0	6.0	0.0	0.0	0.0	0.0	0.0	0.0
d084b32d5ad7ee012fef1f2de8889355	0.0	0.0	0.0	0.0	0.0	0.0	5.0	0.0	0.0	0.0	0.0	0.0	0.0	0.0	0.0	0.0	0.0
c6a3cc351a282eee0fa3b42ee844f702	0.0	0.0	0.0	0.0	0.0	0.0	5.0	0.0	0.0	0.0	0.0	0.0	0.0	0.0	0.0	0.0	0.0
817ca6c7f764f795484d3ca3bf564576	0.0	0.0	0.0	0.0	0.0	0.0	0.0	5.0	0.0	0.0	0.0	0.0	0.0	0.0	0.0	0.0	0.0
d3e62f0b4f23818eb50082ee655952dc	0.0	0.0	0.0	0.0	0.0	0.0	0.0	5.0	0.0	0.0	0.0	0.0	0.0	0.0	0.0	0.0	0.0
ed00fb3691748ed4cae9230b19be54c8	0.0	0.0	0.0	0.0	0.0	0.0	0.0	0.0	5.0	0.0	0.0	0.0	0.0	0.0	0.0	0.0	0.0
21ac648e3012e5459d81c963c295e194	0.0	0.0	0.0	0.0	0.0	0.0	0.0	0.0	5.0	0.0	0.0	0.0	0.0	0.0	0.0	0.0	0.0
9fb877df89cff6487d4371a1444880f8	0.0	0.0	0.0	0.0	0.0	0.0	0.0	0.0	0.0	0.0	0.0	5.0	0.0	0.0	0.0	0.0	0.0
c3f21101b8845fd1c974cb14578fb119	4.0	0.0	0.0	0.0	0.0	0.0	0.0	0.0	0.0	0.0	0.0	0.0	0.0	0.0	0.0	0.0	0.0
8d5153b41e59c5ffb5a1fc080eb784cf	4.0	0.0	0.0	0.0	0.0	0.0	0.0	0.0	0.0	0.0	0.0	0.0	0.0	0.0	0.0	0.0	0.0
596db8ce20ae5cbfdc338a62f1bed1d9	0.0	0.0	0.0	0.0	0.0	4.0	0.0	0.0	0.0	0.0	0.0	0.0	0.0	0.0	0.0	0.0	0.0
62f3afce028550c3e54f89369af0dd24	0.0	0.0	0.0	0.0	0.0	4.0	0.0	0.0	0.0	0.0	0.0	0.0	0.0	0.0	0.0	0.0	0.0
deb6cb498b1f0a2e2098d8698813c54b	0.0	0.0	0.0	0.0	0.0	0.0	4.0	0.0	0.0	0.0	0.0	0.0	0.0	0.0	0.0	0.0	0.0
e1d34bfaee639f5be81d28b8b33c5e2f	0.0	0.0	0.0	0.0	0.0	0.0	0.0	4.0	0.0	0.0	0.0	0.0	0.0	0.0	0.0	0.0	0.0
30914a635a90aafcf7e25ba3c837e40e	0.0	0.0	0.0	0.0	0.0	0.0	0.0	4.0	0.0	0.0	0.0	0.0	0.0	0.0	0.0	0.0	0.0
f4ce2839eb478e84935c76328c39e977	0.0	0.0	0.0	0.0	0.0	0.0	0.0	0.0	4.0	0.0	0.0	0.0	0.0	0.0	0.0	0.0	0.0
85a3e769a721c55ca2b9880a56a43373	0.0	0.0	0.0	0.0	0.0	0.0	0.0	0.0	0.0	0.0	4.0	0.0	0.0	0.0	0.0	0.0	0.0
547a0856ea2e2b828f33089a98257ac3	0.0	0.0	0.0	0.0	0.0	0.0	0.0	0.0	0.0	0.0	4.0	0.0	0.0	0.0	0.0	0.0	0.0
35ffcc3b809d667286737d79670b8de5	0.0	0.0	0.0	0.0	0.0	0.0	0.0	0.0	0.0	0.0	0.0	0.0	0.0	0.0	0.0	0.0	4.0
75e0e2f88e38e8608eb1e621ccdd456d	3.0	0.0	0.0	0.0	0.0	0.0	0.0	0.0	0.0	0.0	0.0	0.0	0.0	0.0	0.0	0.0	0.0
5b02c8456c2cf39b322bd2571de78104	3.0	0.0	0.0	0.0	0.0	0.0	0.0	0.0	0.0	0.0	0.0	0.0	0.0	0.0	0.0	0.0	0.0
5e6eeaebc488052ae670baf9da94af98	0.0	3.0	0.0	0.0	0.0	0.0	0.0	0.0	0.0	0.0	0.0	0.0	0.0	0.0	0.0	0.0	0.0
7336c26b56d9b43830aa348bc7d7cf04	0.0	0.0	0.0	3.0	0.0	0.0	0.0	0.0	0.0	0.0	0.0	0.0	0.0	0.0	0.0	0.0	0.0
4a1988fabeb4f9cb20c22ce18b98234d	0.0	0.0	0.0	0.0	3.0	0.0	0.0	0.0	0.0	0.0	0.0	0.0	0.0	0.0	0.0	0.0	0.0
6cab7e0199209ce26cd0b37cf4fc5f0f	0.0	0.0	0.0	0.0	0.0	0.0	3.0	0.0	0.0	0.0	0.0	0.0	0.0	0.0	0.0	0.0	0.0
4f4239b447b7b533a2e272217b262e0e	0.0	0.0	0.0	0.0	0.0	0.0	3.0	0.0	0.0	0.0	0.0	0.0	0.0	0.0	0.0	0.0	0.0
23a7464ec7a0c05a5c20f9e547b32289	0.0	0.0	0.0	0.0	0.0	0.0	3.0	0.0	0.0	0.0	0.0	0.0	0.0	0.0	0.0	0.0	0.0
6772c3521c2a042a26809ab4dc89b349	0.0	0.0	0.0	0.0	0.0	0.0	3.0	0.0	0.0	0.0	0.0	0.0	0.0	0.0	0.0	0.0	0.0
93071dbb41acb9cf147b050bbfc81526	0.0	0.0	0.0	0.0	0.0	0.0	0.0	3.0	0.0	0.0	0.0	0.0	0.0	0.0	0.0	0.0	0.0
d0d96e45ac43d5a14c3c63dd22cfc9f4	0.0	0.0	0.0	0.0	0.0	0.0	0.0	0.0	0.0	0.0	3.0	0.0	0.0	0.0	0.0	0.0	0.0
981525908b1742d69d73861138e49891	0.0	2.0	0.0	0.0	0.0	0.0	0.0	0.0	0.0	0.0	0.0	0.0	0.0	0.0	0.0	0.0	0.0
3fc9db45b4d57c814792dfa43480803e	0.0	2.0	0.0	0.0	0.0	0.0	0.0	0.0	0.0	0.0	0.0	0.0	0.0	0.0	0.0	0.0	0.0
e04f35564380302e2f7451cd5058262c	0.0	0.0	0.0	0.0	0.0	0.0	2.0	0.0	0.0	0.0	0.0	0.0	0.0	0.0	0.0	0.0	0.0
929837adc7c24e353f62ba26454875c0	0.0	0.0	0.0	0.0	0.0	0.0	2.0	0.0	0.0	0.0	0.0	0.0	0.0	0.0	0.0	0.0	0.0
7d91046a5faa408dea512a9c4449f8c0	0.0	0.0	0.0	0.0	0.0	0.0	0.0	2.0	0.0	0.0	0.0	0.0	0.0	0.0	0.0	0.0	0.0
e5ee1d85ad16f8c94333754ffe9430ff	0.0	0.0	0.0	0.0	0.0	0.0	0.0	0.0	2.0	0.0	0.0	0.0	0.0	0.0	0.0	0.0	0.0
10811264e300c3b72a2776972246caef	0.0	0.0	0.0	0.0	0.0	0.0	0.0	0.0	0.0	2.0	0.0	0.0	0.0	0.0	0.0	0.0	0.0
372af485a6be02863ec0544e85481795	0.0	0.0	0.0	0.0	0.0	0.0	0.0	0.0	0.0	0.0	0.0	2.0	0.0	0.0	0.0	0.0	0.0
871b99772b7ead3ed8a217f566729af6	0.0	0.0	0.0	0.0	0.0	0.0	0.0	0.0	0.0	0.0	0.0	0.0	0.0	0.0	0.0	0.0	2.0
b851ba646818f68e06524e758c641f79	0.0	0.0	0.0	0.0	0.0	0.0	0.0	0.0	0.0	0.0	0.0	0.0	0.0	0.0	0.0	0.0	2.0