chr22	0	100000	0
chr22	100000	200000	0
chr22	200000	300000	0
chr22	300000	400000	0
chr22	400000	500000	0
chr22	500000	600000	0
chr22	600000	700000	0
chr22	700000	800000	0
chr22	800000	900000	0
chr22	900000	1000000	0
chr22	1000000	1100000	0
chr22	1100000	1200000	0
chr22	1200000	1300000	0
chr22	1300000	1400000	0
chr22	1400000	1500000	0
chr22	1500000	1600000	0
chr22	1600000	1700000	0
chr22	1700000	1800000	0
chr22	1800000	1900000	0
chr22	1900000	2000000	0
chr22	2000000	2100000	0
chr22	2100000	2200000	0
chr22	2200000	2300000	0
chr22	2300000	2400000	0
chr22	2400000	2500000	0
chr22	2500000	2600000	0
chr22	2600000	2700000	0
chr22	2700000	2800000	0
chr22	2800000	2900000	0
chr22	2900000	3000000	0
chr22	3000000	3100000	0
chr22	3100000	3200000	0
chr22	3200000	3300000	0
chr22	3300000	3400000	0
chr22	3400000	3500000	0
chr22	3500000	3600000	0
chr22	3600000	3700000	0
chr22	3700000	3800000	0
chr22	3800000	3900000	0
chr22	3900000	4000000	0
chr22	4000000	4100000	0
chr22	4100000	4200000	0
chr22	4200000	4300000	0
chr22	4300000	4400000	0
chr22	4400000	4500000	0
chr22	4500000	4600000	0
chr22	4600000	4700000	0
chr22	4700000	4800000	0
chr22	4800000	4900000	0
chr22	4900000	5000000	0
chr22	5000000	5100000	0
chr22	5100000	5200000	0
chr22	5200000	5300000	0
chr22	5300000	5400000	0
chr22	5400000	5500000	0
chr22	5500000	5600000	0
chr22	5600000	5700000	0
chr22	5700000	5800000	0
chr22	5800000	5900000	0
chr22	5900000	6000000	0
chr22	6000000	6100000	0
chr22	6100000	6200000	0
chr22	6200000	6300000	0
chr22	6300000	6400000	0
chr22	6400000	6500000	0
chr22	6500000	6600000	0
chr22	6600000	6700000	0
chr22	6700000	6800000	0
chr22	6800000	6900000	0
chr22	6900000	7000000	0
chr22	7000000	7100000	0
chr22	7100000	7200000	0
chr22	7200000	7300000	0
chr22	7300000	7400000	0
chr22	7400000	7500000	0
chr22	7500000	7600000	0
chr22	7600000	7700000	0
chr22	7700000	7800000	0
chr22	7800000	7900000	0
chr22	7900000	8000000	0
chr22	8000000	8100000	0
chr22	8100000	8200000	0
chr22	8200000	8300000	0
chr22	8300000	8400000	0
chr22	8400000	8500000	0
chr22	8500000	8600000	0
chr22	8600000	8700000	0
chr22	8700000	8800000	0
chr22	8800000	8900000	0
chr22	8900000	9000000	0
chr22	9000000	9100000	0
chr22	9100000	9200000	0
chr22	9200000	9300000	0
chr22	9300000	9400000	0
chr22	9400000	9500000	0
chr22	9500000	9600000	0
chr22	9600000	9700000	0
chr22	9700000	9800000	0
chr22	9800000	9900000	0
chr22	9900000	10000000	0
chr22	10000000	10100000	0
chr22	10100000	10200000	0
chr22	10200000	10300000	0
chr22	10300000	10400000	0
chr22	10400000	10500000	0
chr22	10500000	10600000	152847
chr22	10600000	10700000	216849
chr22	10700000	10800000	239904
chr22	10800000	10900000	82800
chr22	10900000	11000000	118050
chr22	11000000	11100000	115650
chr22	11100000	11200000	119250
chr22	11200000	11300000	177671
chr22	11300000	11400000	216079
chr22	11400000	11500000	162150
chr22	11500000	11600000	127228
chr22	11600000	11700000	127495
chr22	11700000	11800000	102065
chr22	11800000	11900000	246335
chr22	11900000	12000000	184077
chr22	12000000	12100000	157090
chr22	12100000	12200000	233362
chr22	12200000	12300000	134837
chr22	12300000	12400000	267755
chr22	12400000	12500000	133080
chr22	12500000	12600000	263687
chr22	12600000	12700000	134389
chr22	12700000	12800000	133590
chr22	12800000	12900000	72810
chr22	12900000	13000000	6150
chr22	13000000	13100000	150
chr22	13100000	13200000	0
chr22	13200000	13300000	1650
chr22	13300000	13400000	0
chr22	13400000	13500000	0
chr22	13500000	13600000	0
chr22	13600000	13700000	0
chr22	13700000	13800000	0
chr22	13800000	13900000	0
chr22	13900000	14000000	0
chr22	14000000	14100000	0
chr22	14100000	14200000	0
chr22	14200000	14300000	0
chr22	14300000	14400000	0
chr22	14400000	14500000	300
chr22	14500000	14600000	0
chr22	14600000	14700000	0
chr22	14700000	14800000	0
chr22	14800000	14900000	0
chr22	14900000	15000000	0
chr22	15000000	15100000	0
chr22	15100000	15200000	88800
chr22	15200000	15300000	185250
chr22	15300000	15400000	193983
chr22	15400000	15500000	207821
chr22	15500000	15600000	165363
chr22	15600000	15700000	161983
chr22	15700000	15800000	164100
chr22	15800000	15900000	197601
chr22	15900000	16000000	215459
chr22	16000000	16100000	247134
chr22	16100000	16200000	270333
chr22	16200000	16300000	209773
chr22	16300000	16400000	181538
chr22	16400000	16500000	266557
chr22	16500000	16600000	273496
chr22	16600000	16700000	256445
chr22	16700000	16800000	273686
chr22	16800000	16900000	267144
chr22	16900000	17000000	277535
chr22	17000000	17100000	290321
chr22	17100000	17200000	264343
chr22	17200000	17300000	290677
chr22	17300000	17400000	300165
chr22	17400000	17500000	284192
chr22	17500000	17600000	289139
chr22	17600000	17700000	291721
chr22	17700000	17800000	279513
chr22	17800000	17900000	288958
chr22	17900000	18000000	264769
chr22	18000000	18100000	281197
chr22	18100000	18200000	264545
chr22	18200000	18300000	95259
chr22	18300000	18400000	132898
chr22	18400000	18500000	117792
chr22	18500000	18600000	267208
chr22	18600000	18700000	146152
chr22	18700000	18800000	215241
chr22	18800000	18900000	189939
chr22	18900000	19000000	222899
chr22	19000000	19100000	280554
chr22	19100000	19200000	272106
chr22	19200000	19300000	272393
chr22	19300000	19400000	285030
chr22	19400000	19500000	284976
chr22	19500000	19600000	293518
chr22	19600000	19700000	260396
chr22	19700000	19800000	265051
chr22	19800000	19900000	285643
chr22	19900000	20000000	265854
chr22	20000000	20100000	0
chr22	20100000	20200000	0
chr22	20200000	20300000	3000
chr22	20300000	20400000	24750
chr22	20400000	20500000	0
chr22	20500000	20600000	0
chr22	20600000	20700000	6300
chr22	20700000	20800000	8100
chr22	20800000	20900000	0
chr22	20900000	21000000	7
chr22	21000000	21100000	274772
chr22	21100000	21200000	237494
chr22	21200000	21300000	199156
chr22	21300000	21400000	248154
chr22	21400000	21500000	258087
chr22	21500000	21600000	272340
chr22	21600000	21700000	273366
chr22	21700000	21800000	265262
chr22	21800000	21900000	279459
chr22	21900000	22000000	269348
chr22	22000000	22100000	264580
chr22	22100000	22200000	287422
chr22	22200000	22300000	251035
chr22	22300000	22400000	241547
chr22	22400000	22500000	156300
chr22	22500000	22600000	142453
chr22	22600000	22700000	233928
chr22	22700000	22800000	277943
chr22	22800000	22900000	272264
chr22	22900000	23000000	275137
chr22	23000000	23100000	289437
chr22	23100000	23200000	272531
chr22	23200000	23300000	280728
chr22	23300000	23400000	225894
chr22	23400000	23500000	147738
chr22	23500000	23600000	255988
chr22	23600000	23700000	274283
chr22	23700000	23800000	220378
chr22	23800000	23900000	132590
chr22	23900000	24000000	134885
chr22	24000000	24100000	252915
chr22	24100000	24200000	278093
chr22	24200000	24300000	280928
chr22	24300000	24400000	289687
chr22	24400000	24500000	265747
chr22	24500000	24600000	282011
chr22	24600000	24700000	254499
chr22	24700000	24800000	263602
chr22	24800000	24900000	270278
chr22	24900000	25000000	266384
chr22	25000000	25100000	286569
chr22	25100000	25200000	277455
chr22	25200000	25300000	279635
chr22	25300000	25400000	287798
chr22	25400000	25500000	279143
chr22	25500000	25600000	261690
chr22	25600000	25700000	273367
chr22	25700000	25800000	282185
chr22	25800000	25900000	274832
chr22	25900000	26000000	260247
chr22	26000000	26100000	282456
chr22	26100000	26200000	265685
chr22	26200000	26300000	275668
chr22	26300000	26400000	292166
chr22	26400000	26500000	249756
chr22	26500000	26600000	279416
chr22	26600000	26700000	280855
chr22	26700000	26800000	270953
chr22	26800000	26900000	281496
chr22	26900000	27000000	263736
chr22	27000000	27100000	252050
chr22	27100000	27200000	270542
chr22	27200000	27300000	275337
chr22	27300000	27400000	277726
chr22	27400000	27500000	287392
chr22	27500000	27600000	273576
chr22	27600000	27700000	270033
chr22	27700000	27800000	275313
chr22	27800000	27900000	278633
chr22	27900000	28000000	282835
chr22	28000000	28100000	287834
chr22	28100000	28200000	278889
chr22	28200000	28300000	272219
chr22	28300000	28400000	265128
chr22	28400000	28500000	274380
chr22	28500000	28600000	271737
chr22	28600000	28700000	257980
chr22	28700000	28800000	277050
chr22	28800000	28900000	282949
chr22	28900000	29000000	277168
chr22	29000000	29100000	275279
chr22	29100000	29200000	284320
chr22	29200000	29300000	261816
chr22	29300000	29400000	273089
chr22	29400000	29500000	266169
chr22	29500000	29600000	279543
chr22	29600000	29700000	281344
chr22	29700000	29800000	282936
chr22	29800000	29900000	279021
chr22	29900000	30000000	283568
chr22	30000000	30100000	262583
chr22	30100000	30200000	275700
chr22	30200000	30300000	275350
chr22	30300000	30400000	280173
chr22	30400000	30500000	271514
chr22	30500000	30600000	279818
chr22	30600000	30700000	286706
chr22	30700000	30800000	272830
chr22	30800000	30900000	284306
chr22	30900000	31000000	281139
chr22	31000000	31100000	279248
chr22	31100000	31200000	274016
chr22	31200000	31300000	267970
chr22	31300000	31400000	281162
chr22	31400000	31500000	276279
chr22	31500000	31600000	271337
chr22	31600000	31700000	282201
chr22	31700000	31800000	276155
chr22	31800000	31900000	282201
chr22	31900000	32000000	267330
chr22	32000000	32100000	283020
chr22	32100000	32200000	274779
chr22	32200000	32300000	264885
chr22	32300000	32400000	283967
chr22	32400000	32500000	271032
chr22	32500000	32600000	269960
chr22	32600000	32700000	264176
chr22	32700000	32800000	275290
chr22	32800000	32900000	261683
chr22	32900000	33000000	269442
chr22	33000000	33100000	270522
chr22	33100000	33200000	278113
chr22	33200000	33300000	263339
chr22	33300000	33400000	289948
chr22	33400000	33500000	267348
chr22	33500000	33600000	287714
chr22	33600000	33700000	273929
chr22	33700000	33800000	286245
chr22	33800000	33900000	279930
chr22	33900000	34000000	278495
chr22	34000000	34100000	283823
chr22	34100000	34200000	275400
chr22	34200000	34300000	274778
chr22	34300000	34400000	279996
chr22	34400000	34500000	275801
chr22	34500000	34600000	281495
chr22	34600000	34700000	265246
chr22	34700000	34800000	273241
chr22	34800000	34900000	288656
chr22	34900000	35000000	279084
chr22	35000000	35100000	266502
chr22	35100000	35200000	269283
chr22	35200000	35300000	287272
chr22	35300000	35400000	273579
chr22	35400000	35500000	276954
chr22	35500000	35600000	277736
chr22	35600000	35700000	257699
chr22	35700000	35800000	143370
chr22	35800000	35900000	136115
chr22	35900000	36000000	233236
chr22	36000000	36100000	285045
chr22	36100000	36200000	289077
chr22	36200000	36300000	285190
chr22	36300000	36400000	289989
chr22	36400000	36500000	280979
chr22	36500000	36600000	268565
chr22	36600000	36700000	273714
chr22	36700000	36800000	252455
chr22	36800000	36900000	197964
chr22	36900000	37000000	279707
chr22	37000000	37100000	274646
chr22	37100000	37200000	261313
chr22	37200000	37300000	268240
chr22	37300000	37400000	276517
chr22	37400000	37500000	287429
chr22	37500000	37600000	268639
chr22	37600000	37700000	258709
chr22	37700000	37800000	282563
chr22	37800000	37900000	301411
chr22	37900000	38000000	269263
chr22	38000000	38100000	266882
chr22	38100000	38200000	282857
chr22	38200000	38300000	283869
chr22	38300000	38400000	279713
chr22	38400000	38500000	277883
chr22	38500000	38600000	282954
chr22	38600000	38700000	287133
chr22	38700000	38800000	277597
chr22	38800000	38900000	260098
chr22	38900000	39000000	173544
chr22	39000000	39100000	257372
chr22	39100000	39200000	275649
chr22	39200000	39300000	282959
chr22	39300000	39400000	269416
chr22	39400000	39500000	274435
chr22	39500000	39600000	273200
chr22	39600000	39700000	285180
chr22	39700000	39800000	268108
chr22	39800000	39900000	271799
chr22	39900000	40000000	278906
chr22	40000000	40100000	285164
chr22	40100000	40200000	289431
chr22	40200000	40300000	275513
chr22	40300000	40400000	285325
chr22	40400000	40500000	284588
chr22	40500000	40600000	270317
chr22	40600000	40700000	273896
chr22	40700000	40800000	276801
chr22	40800000	40900000	268697
chr22	40900000	41000000	286976
chr22	41000000	41100000	266335
chr22	41100000	41200000	276017
chr22	41200000	41300000	272267
chr22	41300000	41400000	291550
chr22	41400000	41500000	270550
chr22	41500000	41600000	290307
chr22	41600000	41700000	268733
chr22	41700000	41800000	260887
chr22	41800000	41900000	268618
chr22	41900000	42000000	272873
chr22	42000000	42100000	240700
chr22	42100000	42200000	95096
chr22	42200000	42300000	174695
chr22	42300000	42400000	273933
chr22	42400000	42500000	267091
chr22	42500000	42600000	278421
chr22	42600000	42700000	288443
chr22	42700000	42800000	275184
chr22	42800000	42900000	277242
chr22	42900000	43000000	271931
chr22	43000000	43100000	270999
chr22	43100000	43200000	275839
chr22	43200000	43300000	289447
chr22	43300000	43400000	275057
chr22	43400000	43500000	291813
chr22	43500000	43600000	272042
chr22	43600000	43700000	273535
chr22	43700000	43800000	271339
chr22	43800000	43900000	273573
chr22	43900000	44000000	260487
chr22	44000000	44100000	257233
chr22	44100000	44200000	277020
chr22	44200000	44300000	283573
chr22	44300000	44400000	279873
chr22	44400000	44500000	265999
chr22	44500000	44600000	278851
chr22	44600000	44700000	261720
chr22	44700000	44800000	272130
chr22	44800000	44900000	255872
chr22	44900000	45000000	275748
chr22	45000000	45100000	281049
chr22	45100000	45200000	272247
chr22	45200000	45300000	279240
chr22	45300000	45400000	283158
chr22	45400000	45500000	264622
chr22	45500000	45600000	272943
chr22	45600000	45700000	265842
chr22	45700000	45800000	278229
chr22	45800000	45900000	267384
chr22	45900000	46000000	271342
chr22	46000000	46100000	272798
chr22	46100000	46200000	265959
chr22	46200000	46300000	277198
chr22	46300000	46400000	278270
chr22	46400000	46500000	268810
chr22	46500000	46600000	279282
chr22	46600000	46700000	262541
chr22	46700000	46800000	271769
chr22	46800000	46900000	271422
chr22	46900000	47000000	269568
chr22	47000000	47100000	266567
chr22	47100000	47200000	277493
chr22	47200000	47300000	274922
chr22	47300000	47400000	269182
chr22	47400000	47500000	282156
chr22	47500000	47600000	290687
chr22	47600000	47700000	274152
chr22	47700000	47800000	272954
chr22	47800000	47900000	280354
chr22	47900000	48000000	275785
chr22	48000000	48100000	278213
chr22	48100000	48200000	270527
chr22	48200000	48300000	280004
chr22	48300000	48400000	284169
chr22	48400000	48500000	264924
chr22	48500000	48600000	275362
chr22	48600000	48700000	294209
chr22	48700000	48800000	274362
chr22	48800000	48900000	278694
chr22	48900000	49000000	273257
chr22	49000000	49100000	279784
chr22	49100000	49200000	276535
chr22	49200000	49300000	270882
chr22	49300000	49400000	282141
chr22	49400000	49500000	269580
chr22	49500000	49600000	297377
chr22	49600000	49700000	278824
chr22	49700000	49800000	267337
chr22	49800000	49900000	282808
chr22	49900000	50000000	287163
chr22	50000000	50100000	291561
chr22	50100000	50200000	292958
chr22	50200000	50300000	257441
chr22	50300000	50400000	259150
chr22	50400000	50500000	267135
chr22	50500000	50600000	270101
chr22	50600000	50700000	270992
chr22	50700000	50800000	238749
chr22	50800000	50818468	14550
