SECTION	SUMMARY
index	filename	kept_dedup_nonblacklist	protein_coding_tss_pairs_10kb	fraction_reads_near_tss_2kb	center_flank_enrichment	downstream_upstream_ratio	median_profile_distance
1	1.tagAlign.gz	8940877	1602297	0.10273232	13.21829778	1.41180657	0.0217763689
2	2.tagAlign.gz	8735963	2810485	0.20161864	18.23497066	1.61495037	0.0161897088
3	3.tagAlign.gz	9102116	2935077	0.20197424	15.18904646	1.65104212	0.0186106710
4	4.tagAlign.gz	9362447	2938818	0.18147029	9.90641805	1.55578887	0.0373815014
5	5.tagAlign.gz	9134674	2247038	0.15113500	16.47375614	1.55351905	0.0152467715
6	6.tagAlign.gz	8435263	3665941	0.29154657	23.46432461	1.83930530	0.0225225967
7	7.tagAlign.gz	8362644	3324808	0.25787012	21.54175802	1.80441155	0.0190739034
8	8.tagAlign.gz	9674684	1861805	0.11383380	11.81899689	1.49174589	0.0218104678
9	9.tagAlign.gz	7511643	1598454	0.12194882	8.99926807	1.50349531	0.0371948314
10	10.tagAlign.gz	9077642	3061782	0.22305561	18.21796621	1.96758244	0.0172037042
SECTION	TSS_PROFILE_DISTANCE
index	1	2	3	4	5	6	7	8	9	10	median_to_others
1	0.0000000000	0.0161897088	0.0186106710	0.0373815014	0.0108112415	0.0323607855	0.0217763689	0.0146186907	0.0350769385	0.0265419827	0.0217763689
2	0.0161897088	0.0000000000	0.0159968831	0.0429086925	0.0068777060	0.0193237905	0.0068439885	0.0203503345	0.0429467440	0.0158223669	0.0161897088
3	0.0186106710	0.0159968831	0.0000000000	0.0283677971	0.0125318945	0.0198485081	0.0190739034	0.0130934451	0.0295863031	0.0123866549	0.0186106710
4	0.0373815014	0.0429086925	0.0283677971	0.0000000000	0.0375913520	0.0446484776	0.0469248427	0.0263495617	0.0079298025	0.0371242021	0.0373815014
5	0.0108112415	0.0068777060	0.0125318945	0.0375913520	0.0000000000	0.0225225967	0.0124674408	0.0152467715	0.0371948314	0.0172037042	0.0152467715
6	0.0323607855	0.0193237905	0.0198485081	0.0446484776	0.0225225967	0.0000000000	0.0159571910	0.0308958075	0.0474562337	0.0121165910	0.0225225967
7	0.0217763689	0.0068439885	0.0190739034	0.0469248427	0.0124674408	0.0159571910	0.0000000000	0.0260954676	0.0476000992	0.0156443388	0.0190739034
8	0.0146186907	0.0203503345	0.0130934451	0.0263495617	0.0152467715	0.0308958075	0.0260954676	0.0000000000	0.0249331064	0.0218104678	0.0218104678
9	0.0350769385	0.0429467440	0.0295863031	0.0079298025	0.0371948314	0.0474562337	0.0476000992	0.0249331064	0.0000000000	0.0395615483	0.0371948314
10	0.0265419827	0.0158223669	0.0123866549	0.0371242021	0.0172037042	0.0121165910	0.0156443388	0.0218104678	0.0395615483	0.0000000000	0.0172037042
SECTION	NORMALIZED_TSS_PROFILES_50BP
index	-5000	-4950	-4900	-4850	-4800	-4750	-4700	-4650	-4600	-4550	-4500	-4450	-4400	-4350	-4300	-4250	-4200	-4150	-4100	-4050	-4000	-3950	-3900	-3850	-3800	-3750	-3700	-3650	-3600	-3550	-3500	-3450	-3400	-3350	-3300	-3250	-3200	-3150	-3100	-3050	-3000	-2950	-2900	-2850	-2800	-2750	-2700	-2650	-2600	-2550	-2500	-2450	-2400	-2350	-2300	-2250	-2200	-2150	-2100	-2050	-2000	-1950	-1900	-1850	-1800	-1750	-1700	-1650	-1600	-1550	-1500	-1450	-1400	-1350	-1300	-1250	-1200	-1150	-1100	-1050	-1000	-950	-900	-850	-800	-750	-700	-650	-600	-550	-500	-450	-400	-350	-300	-250	-200	-150	-100	-50	0	50	100	150	200	250	300	350	400	450	500	550	600	650	700	750	800	850	900	950	1000	1050	1100	1150	1200	1250	1300	1350	1400	1450	1500	1550	1600	1650	1700	1750	1800	1850	1900	1950	2000	2050	2100	2150	2200	2250	2300	2350	2400	2450	2500	2550	2600	2650	2700	2750	2800	2850	2900	2950	3000	3050	3100	3150	3200	3250	3300	3350	3400	3450	3500	3550	3600	3650	3700	3750	3800	3850	3900	3950	4000	4050	4100	4150	4200	4250	4300	4350	4400	4450	4500	4550	4600	4650	4700	4750	4800	4850	4900	4950	5000
1	0.0023447588	0.0022848448	0.0023041920	0.0023197946	0.0022842207	0.0023079367	0.0023797086	0.0022155693	0.0022193139	0.0023641060	0.0023978076	0.0024389985	0.0024296370	0.0023747158	0.0023453829	0.0023547445	0.0023322767	0.0022636253	0.0022648735	0.0021650168	0.0022761074	0.0023148018	0.0023073126	0.0024003041	0.0023553686	0.0023148018	0.0023222911	0.0023372696	0.0024046728	0.0023678507	0.0024246441	0.0023747158	0.0022848448	0.0023503757	0.0022386611	0.0021631445	0.0023135536	0.0022168175	0.0023104331	0.0023322767	0.0022736109	0.0022898377	0.0022854689	0.0023559927	0.0023497516	0.0023847015	0.0024833099	0.0024352539	0.0023784604	0.0024258923	0.0024814376	0.0024427431	0.0024982884	0.0025232526	0.0025544578	0.0025051535	0.0026873919	0.0027167248	0.0025575783	0.0027260864	0.0026380877	0.0026018897	0.0026599313	0.0026056343	0.0025606988	0.0026068825	0.0025176356	0.0025007848	0.0025425998	0.0025232526	0.0026412082	0.0028197020	0.0028415456	0.0029813449	0.0030724641	0.0030905631	0.0031429878	0.0031486048	0.0032135116	0.0032802907	0.0034906138	0.0036872066	0.0037146671	0.0039137563	0.0040922501	0.0042844741	0.0045110239	0.0047288362	0.0050159240	0.0055226965	0.0061636513	0.0071665865	0.0085689482	0.0103825945	0.0129501584	0.0170642521	0.0238114407	0.0348044089	0.0461231594	0.0501629848	0.0452144640	0.0316576764	0.0208544359	0.0156868546	0.0147681734	0.0145734530	0.0137858337	0.0126443475	0.0119185145	0.0114897550	0.0107664185	0.0102608942	0.0099426012	0.0093653049	0.0089003474	0.0084903111	0.0079542057	0.0074911206	0.0069693696	0.0066816576	0.0065019157	0.0061904878	0.0060962481	0.0058203941	0.0056287942	0.0053385858	0.0051251422	0.0048436713	0.0046539437	0.0045066551	0.0043574943	0.0042538930	0.0042258083	0.0041983477	0.0040310879	0.0039018983	0.0037084261	0.0037358867	0.0035992079	0.0035729955	0.0034394373	0.0035199467	0.0032503337	0.0032035259	0.0032927728	0.0032372276	0.0033158647	0.0032696810	0.0031667038	0.0031941644	0.0030649748	0.0030911872	0.0030075573	0.0030749605	0.0029613736	0.0029626218	0.0028228225	0.0029339130	0.0028134609	0.0028115886	0.0028259430	0.0029482674	0.0028727508	0.0030281527	0.0030275286	0.0028353046	0.0028221984	0.0027697736	0.0026174923	0.0025163874	0.0025750532	0.0025713086	0.0026618036	0.0027310792	0.0027366961	0.0026805268	0.0025981450	0.0025357346	0.0024464878	0.0024783171	0.0024352539	0.0024077933	0.0025126428	0.0025113946	0.0025594506	0.0025294936	0.0025619470	0.0025763014	0.0025981450	0.0026861437	0.0025294936	0.0025644434	0.0025332382	0.0025875353	0.0025993932	0.0026936330	0.0026424564	0.0026018897	0.0025544578	0.0025357346	0.0000530488
2	0.0018907769	0.0018306449	0.0018423866	0.0017893709	0.0018075172	0.0017516550	0.0017082461	0.0018420308	0.0018836606	0.0018825932	0.0018463005	0.0018729863	0.0018616004	0.0019067883	0.0018879304	0.0018793909	0.0018694282	0.0017911499	0.0018381169	0.0017975545	0.0018793909	0.0018957582	0.0018438099	0.0018310007	0.0018228171	0.0018043149	0.0018889978	0.0018441657	0.0018655143	0.0018299333	0.0017932848	0.0017947080	0.0018334914	0.0018092963	0.0018370495	0.0018445215	0.0018708515	0.0017772733	0.0017712245	0.0017591270	0.0017484527	0.0018082288	0.0018235287	0.0018142776	0.0017818989	0.0018189031	0.0018857955	0.0018566191	0.0017947080	0.0018406076	0.0019064325	0.0018836606	0.0019818643	0.0019790179	0.0019701226	0.0020170896	0.0019978758	0.0020590752	0.0020096176	0.0019893364	0.0019711900	0.0019715458	0.0019843550	0.0020210035	0.0020416405	0.0021426907	0.0021181398	0.0021327280	0.0021690206	0.0022825242	0.0023362516	0.0024355227	0.0024518900	0.0025468914	0.0025454681	0.0026315743	0.0027336919	0.0028066330	0.0030336401	0.0032535310	0.0033930087	0.0035673558	0.0037587818	0.0038765551	0.0040875507	0.0043497830	0.0047500698	0.0050902246	0.0055791082	0.0061238541	0.0068618050	0.0079303038	0.0092738442	0.0111087588	0.0135279142	0.0170966933	0.0236770522	0.0343638198	0.0471651690	0.0543778031	0.0509292880	0.0365057988	0.0241517034	0.0187871488	0.0185085492	0.0187316424	0.0174478782	0.0159075747	0.0155293481	0.0148155923	0.0138410274	0.0131539574	0.0123839835	0.0116527930	0.0108899354	0.0101285010	0.0095179302	0.0087703724	0.0082704587	0.0076819481	0.0072606685	0.0069610761	0.0066710906	0.0063942700	0.0060907637	0.0056666376	0.0052688415	0.0051158430	0.0049724514	0.0047123539	0.0045693181	0.0042956999	0.0042099495	0.0040220816	0.0039637287	0.0038409741	0.0036317575	0.0035129168	0.0033709484	0.0032457031	0.0032140360	0.0031869944	0.0030364866	0.0029987707	0.0028735254	0.0028920275	0.0029347248	0.0028322514	0.0027738985	0.0026568368	0.0026675111	0.0025564983	0.0024618527	0.0024280507	0.0023675629	0.0022782545	0.0023045844	0.0023237982	0.0023693419	0.0023501282	0.0022878613	0.0022280852	0.0022174109	0.0022469431	0.0022750522	0.0022156318	0.0021651067	0.0021074654	0.0020416405	0.0020156663	0.0021053306	0.0020188686	0.0020444870	0.0020199361	0.0020238500	0.0020067711	0.0019992991	0.0019953851	0.0019647854	0.0019348974	0.0018765444	0.0019815085	0.0019630064	0.0020071269	0.0019683435	0.0020334569	0.0020366592	0.0020409289	0.0020430637	0.0019598041	0.0020551613	0.0020014339	0.0019928945	0.0020313220	0.0020832703	0.0020572962	0.0020544497	0.0019971642	0.0020217151	0.0020309662	0.0000466112
3	0.0020132351	0.0019570185	0.0019587220	0.0019931334	0.0019123859	0.0019338505	0.0018851294	0.0019185187	0.0019280584	0.0019594035	0.0019324876	0.0019556557	0.0019130674	0.0019096603	0.0018834259	0.0019287399	0.0018817224	0.0019076161	0.0019311248	0.0019760981	0.0019283992	0.0019638326	0.0019931334	0.0020071024	0.0020033546	0.0019668990	0.0019123859	0.0019174965	0.0019358947	0.0019645140	0.0019740538	0.0019760981	0.0019556557	0.0019553150	0.0020006289	0.0020633190	0.0019784830	0.0019525893	0.0019720096	0.0019447531	0.0019597442	0.0020019918	0.0019488415	0.0019328283	0.0019587220	0.0019927927	0.0019634919	0.0019784830	0.0019154523	0.0020200492	0.0020312925	0.0020306111	0.0020939825	0.0020496907	0.0020466243	0.0020943232	0.0021110179	0.0021086329	0.0020990931	0.0021099958	0.0021035223	0.0020629782	0.0021386151	0.0020929604	0.0021788185	0.0021958538	0.0021597389	0.0021948317	0.0022766013	0.0023590522	0.0024411625	0.0024380962	0.0024980605	0.0025610912	0.0027590418	0.0027031659	0.0028578467	0.0029454082	0.0030360362	0.0031573277	0.0033746985	0.0036179630	0.0037596969	0.0038465771	0.0040390763	0.0043569555	0.0046772197	0.0050005502	0.0054557342	0.0061187492	0.0066890920	0.0078461315	0.0090317903	0.0105830273	0.0126477091	0.0159242841	0.0217704680	0.0304693880	0.0405140989	0.0449109172	0.0426244354	0.0325735918	0.0246044652	0.0205694774	0.0195616674	0.0194853491	0.0186233615	0.0171004032	0.0161975308	0.0154728479	0.0146043869	0.0136565412	0.0127945536	0.0122122861	0.0115073642	0.0107210135	0.0099711183	0.0091121971	0.0085663851	0.0080560067	0.0076079776	0.0072768108	0.0069221353	0.0066608133	0.0062659344	0.0058955864	0.0056829855	0.0053129782	0.0051763548	0.0048905020	0.0047559229	0.0045525211	0.0044482649	0.0042397525	0.0041395848	0.0039825190	0.0038799664	0.0037123387	0.0034915609	0.0034149019	0.0033365394	0.0031992346	0.0031351818	0.0030309256	0.0030758989	0.0029825453	0.0029801603	0.0029614215	0.0028840811	0.0027989044	0.0027270153	0.0027188384	0.0026765908	0.0026340024	0.0026738651	0.0025791487	0.0025127109	0.0024656934	0.0024387776	0.0025007862	0.0024960163	0.0025004455	0.0024823880	0.0024837509	0.0024663748	0.0024599014	0.0023610965	0.0022949994	0.0022619509	0.0022922738	0.0022851189	0.0022639951	0.0022486633	0.0021978980	0.0022854596	0.0022575217	0.0022691057	0.0022135705	0.0021529248	0.0021212391	0.0021532655	0.0021682566	0.0022040308	0.0022203847	0.0022411678	0.0022585438	0.0022748977	0.0023249816	0.0023048799	0.0021709822	0.0022534332	0.0021951724	0.0022636544	0.0022438934	0.0022530925	0.0022840968	0.0022323094	0.0022030086	0.0022118670	0.0021798406	0.0000398627
4	0.0021396357	0.0021307886	0.0021386149	0.0021416774	0.0021522258	0.0021457606	0.0021216013	0.0021022057	0.0020698798	0.0021535869	0.0020954003	0.0021542675	0.0021307886	0.0021379344	0.0021825101	0.0021287470	0.0021260248	0.0021202402	0.0021879545	0.0021825101	0.0022019057	0.0021998640	0.0021937391	0.0022131347	0.0022362732	0.0022032668	0.0022073500	0.0022005446	0.0022590715	0.0022029265	0.0021808087	0.0022311691	0.0022226623	0.0021692395	0.0022005446	0.0021991835	0.0021801282	0.0022063292	0.0021797879	0.0022672381	0.0022910572	0.0022434190	0.0022532869	0.0022509050	0.0023196401	0.0023135152	0.0023363134	0.0022791476	0.0023016056	0.0023152165	0.0023543479	0.0023512854	0.0024162776	0.0024656171	0.0024363537	0.0024693601	0.0025445604	0.0025513659	0.0024938598	0.0025642963	0.0025717823	0.0025819904	0.0025639560	0.0026456215	0.0026374549	0.0026905375	0.0027300091	0.0027912583	0.0028804097	0.0029488046	0.0030352339	0.0030052899	0.0031148577	0.0032281686	0.0033680207	0.0035153589	0.0035997466	0.0037457236	0.0039522692	0.0040951838	0.0042673619	0.0045072543	0.0047791323	0.0049846571	0.0051177038	0.0054841777	0.0059244907	0.0062144032	0.0063957686	0.0070776754	0.0078837818	0.0082053397	0.0089508775	0.0106236589	0.0122208997	0.0131682193	0.0162146822	0.0225185772	0.0284542969	0.0294877056	0.0302699929	0.0259481873	0.0186251752	0.0158863189	0.0177533961	0.0182093617	0.0162970283	0.0152292520	0.0154878594	0.0150441436	0.0137602941	0.0130266658	0.0127680585	0.0120902349	0.0113634121	0.0107488793	0.0102922331	0.0096035209	0.0090992365	0.0087184712	0.0081573612	0.0078480532	0.0075741335	0.0071831600	0.0068156653	0.0065397041	0.0062913049	0.0060323572	0.0059166645	0.0056274325	0.0054705667	0.0052082164	0.0050908222	0.0048972070	0.0048043125	0.0047165221	0.0045521703	0.0043966656	0.0043493677	0.0040329139	0.0040043310	0.0038253475	0.0039219850	0.0037532096	0.0037038701	0.0036293503	0.0035480251	0.0035191019	0.0033782289	0.0033601945	0.0033642777	0.0034061313	0.0032530085	0.0032421198	0.0031621557	0.0031679403	0.0030862748	0.0030832124	0.0030403380	0.0030171994	0.0029675196	0.0029113746	0.0029038886	0.0028647572	0.0029205619	0.0028167787	0.0028474033	0.0028273272	0.0028048692	0.0027398771	0.0027483839	0.0027109539	0.0027398771	0.0026997249	0.0027089122	0.0027170788	0.0027031276	0.0026115942	0.0026354133	0.0025959416	0.0026024068	0.0025517062	0.0025663379	0.0025724628	0.0026248648	0.0025728031	0.0025680393	0.0026156775	0.0025704212	0.0026047887	0.0026037679	0.0025642963	0.0025135956	0.0025452410	0.0025796085	0.0026503853	0.0025952611	0.0025915181	0.0025887959	0.0025659976	0.0000527423
5	0.0019403321	0.0018895987	0.0019572433	0.0019309865	0.0019430023	0.0019318765	0.0018660121	0.0018766928	0.0018953841	0.0019430023	0.0019594684	0.0019550181	0.0019483427	0.0019483427	0.0019901755	0.0019296514	0.0018357500	0.0018281845	0.0018936039	0.0018802530	0.0018811431	0.0019777147	0.0019630287	0.0019741544	0.0019897305	0.0020204376	0.0020311183	0.0019719293	0.0019826100	0.0019461175	0.0019452275	0.0019047297	0.0019545731	0.0019634737	0.0019042847	0.0018584465	0.0018762478	0.0018272944	0.0018468758	0.0018976092	0.0019007244	0.0018847033	0.0018455407	0.0018909338	0.0019149654	0.0019830550	0.0020484745	0.0020248879	0.0019737094	0.0019505678	0.0021049933	0.0020440242	0.0020769564	0.0021526116	0.0021170091	0.0021535016	0.0022376124	0.0022758850	0.0022487381	0.0022638691	0.0022465130	0.0021877690	0.0021655175	0.0021788684	0.0022042351	0.0022051251	0.0023502050	0.0023502050	0.0023524302	0.0024196298	0.0025299973	0.0025522488	0.0026603911	0.0027213603	0.0027725388	0.0029349748	0.0030213107	0.0031031963	0.0032638522	0.0033190360	0.0034596656	0.0036875211	0.0039879165	0.0041668187	0.0042963225	0.0045842571	0.0050835811	0.0053127717	0.0056995031	0.0061819159	0.0068659275	0.0080995515	0.0093634376	0.0110487673	0.0137331901	0.0172035364	0.0236569208	0.0340928814	0.0457304238	0.0510654470	0.0475034245	0.0339838490	0.0227557344	0.0177584892	0.0173628572	0.0174411826	0.0162783184	0.0148626770	0.0145734073	0.0140051036	0.0130447282	0.0124314765	0.0118115492	0.0110398667	0.0105983966	0.0100292029	0.0095303239	0.0087844531	0.0081992383	0.0077016944	0.0072691250	0.0069384674	0.0067230728	0.0062678068	0.0060951350	0.0058067554	0.0054534013	0.0052477973	0.0049647581	0.0048939982	0.0046198596	0.0044925809	0.0043408256	0.0041641485	0.0040680220	0.0037618411	0.0036683848	0.0035775986	0.0034578854	0.0033079102	0.0031779614	0.0032295849	0.0031000811	0.0030609184	0.0031290081	0.0030684839	0.0030159704	0.0029799229	0.0029122783	0.0028045810	0.0027200252	0.0027004439	0.0026256788	0.0027137948	0.0025958618	0.0025224318	0.0024334257	0.0023688963	0.0023599957	0.0023631109	0.0022901259	0.0023866975	0.0023938180	0.0023902578	0.0024040537	0.0023546553	0.0023386342	0.0022794452	0.0022749949	0.0022082404	0.0022140258	0.0022304919	0.0021984497	0.0022843405	0.0022843405	0.0022429527	0.0021357004	0.0021339203	0.0021072185	0.0021032132	0.0020911974	0.0020782915	0.0020867471	0.0021081085	0.0021321402	0.0021552818	0.0021864339	0.0022389474	0.0021957795	0.0022042351	0.0021962245	0.0020974278	0.0020907524	0.0022238164	0.0021931093	0.0021948895	0.0021877690	0.0021219045	0.0020791816	0.0021236846	0.0000485083
6	0.0015095715	0.0014694726	0.0014923863	0.0014735644	0.0014588342	0.0015019336	0.0014321016	0.0014686543	0.0014637442	0.0014361933	0.0014863851	0.0014752010	0.0014356478	0.0013922755	0.0014416490	0.0014130069	0.0014198265	0.0014132797	0.0014902040	0.0014752010	0.0014727460	0.0015174821	0.0015390319	0.0015095715	0.0014902040	0.0015177549	0.0015101170	0.0015035703	0.0014746555	0.0014981147	0.0014975691	0.0014629259	0.0014844756	0.0014686543	0.0014653809	0.0014416490	0.0014405578	0.0014596525	0.0014255549	0.0014086424	0.0014397395	0.0014340111	0.0014334655	0.0014053690	0.0014509235	0.0014471046	0.0014610164	0.0014667448	0.0014288282	0.0014263732	0.0015166638	0.0014948413	0.0015513070	0.0014981147	0.0015297573	0.0015944065	0.0016118645	0.0016156834	0.0016044994	0.0016702396	0.0016200479	0.0016525089	0.0016413248	0.0016372331	0.0016781503	0.0016936988	0.0016909710	0.0017316154	0.0017853533	0.0018300895	0.0019184706	0.0020676819	0.0020960512	0.0021506074	0.0021983442	0.0022651756	0.0024405739	0.0024825822	0.0026656185	0.0028077375	0.0030442388	0.0031907224	0.0034378622	0.0036042588	0.0038694022	0.0041948302	0.0046498293	0.0051438362	0.0056484815	0.0064550957	0.0074147402	0.0086747168	0.0101027267	0.0122901596	0.0153218505	0.0182804360	0.0236553180	0.0332555816	0.0441010916	0.0481087939	0.0497378436	0.0406122193	0.0291764106	0.0250383189	0.0262205529	0.0250999675	0.0222922300	0.0202616463	0.0195063150	0.0185360321	0.0169740866	0.0157323863	0.0146966359	0.0137937299	0.0126916936	0.0117336858	0.0107849526	0.0098651342	0.0091357171	0.0085268694	0.0078380967	0.0073915538	0.0068803617	0.0065156531	0.0061730399	0.0056716679	0.0053383292	0.0050508178	0.0048969692	0.0045300784	0.0042810291	0.0040038833	0.0039504182	0.0037439228	0.0035286984	0.0034918729	0.0032799219	0.0030750631	0.0029356719	0.0028058280	0.0027305404	0.0026031516	0.0025464130	0.0024613053	0.0023950195	0.0023641952	0.0023058200	0.0022990004	0.0021817045	0.0021743394	0.0021042346	0.0021015068	0.0020185813	0.0020646813	0.0020507695	0.0019334736	0.0018540942	0.0018625504	0.0018470019	0.0018660966	0.0018259977	0.0018347267	0.0018270889	0.0018429102	0.0018317262	0.0017809888	0.0017561657	0.0017029734	0.0016825148	0.0016475988	0.0016197751	0.0016825148	0.0016500538	0.0016593284	0.0016786959	0.0016541456	0.0016694213	0.0016066816	0.0016085911	0.0015559443	0.0015712200	0.0016047721	0.0016118645	0.0016175929	0.0016331414	0.0016315047	0.0016612379	0.0017155213	0.0017040645	0.0016282313	0.0016418704	0.0016208662	0.0017258870	0.0017084290	0.0016694213	0.0016680574	0.0016391426	0.0016626018	0.0016260491	0.0016306864	0.0000300059
7	0.0017014516	0.0015838509	0.0016097170	0.0015291109	0.0015098616	0.0014788824	0.0015528716	0.0015498639	0.0015486609	0.0015919716	0.0016163339	0.0016244547	0.0016012955	0.0015823470	0.0016331770	0.0015937762	0.0015516685	0.0015101624	0.0015005378	0.0015700155	0.0016000924	0.0016346809	0.0016337786	0.0016352824	0.0016232516	0.0016385909	0.0016725778	0.0016506216	0.0016346809	0.0015994909	0.0015985886	0.0016034009	0.0016061078	0.0016055062	0.0015883624	0.0015627970	0.0015886632	0.0016018970	0.0015676093	0.0015384347	0.0015288101	0.0015636993	0.0015471570	0.0016136270	0.0016021978	0.0015624962	0.0016316732	0.0015697147	0.0015567816	0.0015802416	0.0016873155	0.0017095724	0.0017291224	0.0017330324	0.0017378447	0.0017552893	0.0017709293	0.0018241655	0.0018686793	0.0018704839	0.0017588986	0.0017760424	0.0017853663	0.0017643124	0.0018115332	0.0018316847	0.0018515355	0.0018885301	0.0019342470	0.0019781593	0.0020762101	0.0021426801	0.0022070447	0.0023020878	0.0024061540	0.0024500663	0.0025628548	0.0026609055	0.0028191102	0.0029466363	0.0031649948	0.0033355310	0.0035190002	0.0036251717	0.0038588694	0.0041061018	0.0044273233	0.0048766726	0.0052309788	0.0058421419	0.0065850419	0.0077448081	0.0093632474	0.0112475668	0.0140080269	0.0179817902	0.0254201145	0.0365642166	0.0489697450	0.0549075315	0.0515668875	0.0382223575	0.0266649984	0.0208135327	0.0198101665	0.0201124396	0.0187394280	0.0171429448	0.0162824440	0.0155449578	0.0148345408	0.0137992931	0.0131842200	0.0124425230	0.0117119545	0.0108685975	0.0099656882	0.0092363228	0.0085589905	0.0081385151	0.0075646473	0.0073504996	0.0071050719	0.0067606911	0.0063311927	0.0059353803	0.0056352126	0.0053311349	0.0051227018	0.0048956210	0.0046441779	0.0045262764	0.0043686733	0.0041100118	0.0039078948	0.0037972117	0.0036579556	0.0033905717	0.0033541786	0.0031475502	0.0030892009	0.0029974663	0.0029634794	0.0028392617	0.0027869278	0.0027288794	0.0027078255	0.0026353401	0.0026236101	0.0024578863	0.0024515701	0.0024461563	0.0024028455	0.0024620971	0.0024398401	0.0022611832	0.0021411763	0.0021282432	0.0021495978	0.0022106540	0.0021748624	0.0020738040	0.0020861355	0.0021465901	0.0021273409	0.0020341024	0.0019748509	0.0018539416	0.0018587539	0.0018695816	0.0018334893	0.0018638670	0.0018584532	0.0018515355	0.0019486840	0.0019104863	0.0019095840	0.0018455201	0.0017709293	0.0017871709	0.0017943893	0.0017922839	0.0017946901	0.0018494301	0.0018286770	0.0019077793	0.0018840186	0.0019038693	0.0018951470	0.0018223609	0.0018870263	0.0018446178	0.0018346924	0.0018590547	0.0018647693	0.0018837178	0.0018416101	0.0018091270	0.0017790501	0.0018064201	0.0000366938
8	0.0024524588	0.0023498702	0.0023160320	0.0023794114	0.0023681320	0.0023735031	0.0023933763	0.0023257001	0.0023444990	0.0022934733	0.0023380537	0.0023176434	0.0022257970	0.0023826341	0.0023348310	0.0022832681	0.0022612465	0.0022719887	0.0023214032	0.0022370764	0.0022671547	0.0023380537	0.0023536299	0.0024180835	0.0023541671	0.0023778000	0.0023976732	0.0023090496	0.0023998217	0.0023052898	0.0023294599	0.0022725259	0.0022907877	0.0023412763	0.0023058269	0.0023267743	0.0023069011	0.0023530928	0.0022435217	0.0023579269	0.0023171062	0.0023643722	0.0023085124	0.0022999186	0.0023321454	0.0023579269	0.0023187176	0.0023375165	0.0023133465	0.0024089526	0.0023450361	0.0023514815	0.0024234547	0.0023955248	0.0025743835	0.0024583670	0.0025319515	0.0025298031	0.0025099299	0.0025120783	0.0024825371	0.0025856628	0.0025620299	0.0026157412	0.0026007020	0.0026640814	0.0025974793	0.0025604185	0.0027285349	0.0026941597	0.0027435741	0.0028558308	0.0029304895	0.0029068565	0.0029331751	0.0029616421	0.0031227760	0.0031652080	0.0032361069	0.0033419182	0.0035927500	0.0037689232	0.0038043726	0.0039864540	0.0040213664	0.0044333322	0.0045192703	0.0049543320	0.0051133175	0.0057068275	0.0063954066	0.0071699238	0.0081533780	0.0094080744	0.0117579446	0.0136829582	0.0179680471	0.0276242678	0.0404639584	0.0463372910	0.0432902479	0.0293161744	0.0186770365	0.0158491357	0.0173911876	0.0177875771	0.0156874646	0.0143280311	0.0142394075	0.0134256810	0.0125179597	0.0119228383	0.0115420251	0.0107943635	0.0101267319	0.0095718939	0.0090879550	0.0084262315	0.0079213451	0.0075206587	0.0070807630	0.0068707518	0.0065157200	0.0062106397	0.0059565851	0.0055918853	0.0054173235	0.0052604865	0.0050499381	0.0047792331	0.0047760104	0.0045713703	0.0044601878	0.0043694157	0.0043339662	0.0040987107	0.0040342571	0.0039026643	0.0037323995	0.0036679459	0.0035943614	0.0036179944	0.0033934811	0.0033725336	0.0032393296	0.0032592028	0.0032387925	0.0031405008	0.0031732647	0.0031141822	0.0030798070	0.0030792698	0.0030196503	0.0030089080	0.0029605678	0.0029487513	0.0028461627	0.0028461627	0.0028520710	0.0028832235	0.0028193071	0.0027865432	0.0028665730	0.0028155473	0.0028198442	0.0027322947	0.0028391803	0.0027865432	0.0026844917	0.0026538762	0.0026200381	0.0026603216	0.0026748236	0.0027075875	0.0027231638	0.0027043649	0.0026517278	0.0025915711	0.0026087587	0.0025153010	0.0025410824	0.0025598814	0.0025217464	0.0025883484	0.0025437680	0.0026103700	0.0025990907	0.0026039247	0.0026141298	0.0026877143	0.0026732123	0.0026721381	0.0026689154	0.0026452824	0.0026092958	0.0027457226	0.0026560247	0.0026667669	0.0026452824	0.0026952339	0.0000569340
9	0.0023422632	0.0024329759	0.0024323503	0.0024260942	0.0024204638	0.0024029468	0.0024079517	0.0023610313	0.0023316279	0.0023704154	0.0023860555	0.0023234951	0.0024067005	0.0023072294	0.0023122342	0.0023015989	0.0023785483	0.0024304734	0.0025067972	0.0024029468	0.0023485193	0.0023066038	0.0023672874	0.0023704154	0.0023998188	0.0023629082	0.0024279710	0.0024698865	0.0024379807	0.0023960652	0.0023097318	0.0023948140	0.0024279710	0.0023935628	0.0024029468	0.0024648817	0.0024048237	0.0024179614	0.0024592513	0.0024079517	0.0024542464	0.0024905315	0.0024986643	0.0024917827	0.0025868746	0.0025605992	0.0026018891	0.0025981354	0.0025268165	0.0025699832	0.0025956330	0.0025937562	0.0025906282	0.0025937562	0.0026832177	0.0027739303	0.0027657975	0.0028333627	0.0027382709	0.0029146913	0.0028571357	0.0028971744	0.0028283579	0.0028683966	0.0029065585	0.0029146913	0.0029340851	0.0029716213	0.0030642108	0.0031492930	0.0033526145	0.0032956845	0.0032812956	0.0034007860	0.0034183029	0.0035096412	0.0036929433	0.0037917888	0.0038681126	0.0040307697	0.0041759100	0.0042897700	0.0045944394	0.0047589734	0.0049479059	0.0050611403	0.0054890538	0.0056085443	0.0059882862	0.0063373735	0.0067577797	0.0074772249	0.0082704914	0.0094491302	0.0110350376	0.0128799452	0.0162025307	0.0225874501	0.0286564393	0.0302091896	0.0320622301	0.0255346729	0.0178472449	0.0151965587	0.0155400155	0.0151427567	0.0137094968	0.0132659432	0.0134692647	0.0126146889	0.0121317223	0.0118508259	0.0115048666	0.0109831124	0.0104569791	0.0101673242	0.0097175145	0.0092051445	0.0087096657	0.0083042740	0.0080684211	0.0076736647	0.0074759737	0.0070931037	0.0067990696	0.0064218301	0.0062954580	0.0060689892	0.0059407402	0.0056911240	0.0055222108	0.0053583025	0.0052725946	0.0050035847	0.0048884735	0.0047714854	0.0046582510	0.0044905890	0.0043035333	0.0042071902	0.0043141686	0.0041421273	0.0039569484	0.0038762454	0.0039106537	0.0039200377	0.0038706150	0.0037611342	0.0036303829	0.0036435206	0.0035884674	0.0035640688	0.0035284093	0.0034264358	0.0033582449	0.0033538657	0.0032406313	0.0032318728	0.0032281192	0.0031980902	0.0031117567	0.0030898606	0.0031367809	0.0031855781	0.0031780708	0.0031811988	0.0031067519	0.0031780708	0.0030585804	0.0030617084	0.0028502541	0.0030222953	0.0029209474	0.0029559812	0.0029860102	0.0028665198	0.0028490028	0.0028746526	0.0028077130	0.0028183482	0.0027720535	0.0026769616	0.0026938529	0.0027676743	0.0027576646	0.0027826888	0.0027645462	0.0028827855	0.0028070873	0.0026982322	0.0028221019	0.0028208506	0.0027989545	0.0027789351	0.0027914472	0.0028439980	0.0028314859	0.0027895704	0.0027845656	0.0027495317	0.0000538020
10	0.0017065225	0.0017042363	0.0016526324	0.0016372818	0.0016578581	0.0016813738	0.0016402213	0.0016640636	0.0016235643	0.0016496929	0.0016353222	0.0016098468	0.0016137661	0.0016294432	0.0015964559	0.0015660815	0.0015582429	0.0016085404	0.0015690209	0.0017022766	0.0016516525	0.0016849665	0.0016529590	0.0016617774	0.0016506727	0.0016980308	0.0017368970	0.0016777811	0.0016428341	0.0016153991	0.0016310763	0.0015997220	0.0015840448	0.0015641218	0.0015742466	0.0015265620	0.0015641218	0.0015935165	0.0015317877	0.0015788191	0.0015471382	0.0015735934	0.0016026615	0.0015415859	0.0016023348	0.0015660815	0.0015471382	0.0015455052	0.0014997802	0.0015716338	0.0015794723	0.0016108266	0.0016310763	0.0016431607	0.0017137079	0.0016986840	0.0016990106	0.0017022766	0.0017355906	0.0017591063	0.0017071758	0.0017558402	0.0017551870	0.0017421227	0.0017646586	0.0017924202	0.0018587215	0.0018299801	0.0018515361	0.0019792395	0.0019560504	0.0020223517	0.0020579519	0.0021102090	0.0021124953	0.0021624662	0.0023499387	0.0024188528	0.0025821564	0.0027689757	0.0029535088	0.0031762549	0.0033385786	0.0034822858	0.0036762905	0.0039473744	0.0042945579	0.0047158811	0.0050441214	0.0057211781	0.0066013844	0.0075214369	0.0087645038	0.0105363478	0.0128813874	0.0151597991	0.0204158885	0.0305913354	0.0434688035	0.0492745728	0.0462737060	0.0353888683	0.0249041245	0.0211808026	0.0228249431	0.0238609411	0.0213803595	0.0193524555	0.0190421787	0.0180930582	0.0167778111	0.0155344175	0.0147499071	0.0141950015	0.0128581983	0.0119662340	0.0111807438	0.0103756571	0.0096306661	0.0088497483	0.0083265236	0.0080227789	0.0076811478	0.0071373468	0.0067352934	0.0061960649	0.0058318979	0.0055258670	0.0053753011	0.0050032955	0.0048128835	0.0045039131	0.0044137695	0.0041586893	0.0040055105	0.0038663759	0.0037389991	0.0035214787	0.0034323149	0.0032807692	0.0031484933	0.0030870911	0.0029822502	0.0028375632	0.0027497059	0.0027470930	0.0027304361	0.0026928762	0.0026726266	0.0024838476	0.0025067101	0.0025181414	0.0024880935	0.0024100344	0.0023113990	0.0022199490	0.0021787965	0.0022300739	0.0021693249	0.0020984512	0.0020670969	0.0020971447	0.0020853869	0.0020857135	0.0020546858	0.0020220251	0.0019870781	0.0019469054	0.0019655220	0.0019671551	0.0020285572	0.0019929570	0.0019573569	0.0019318815	0.0019730340	0.0019958965	0.0019860983	0.0020409683	0.0019446192	0.0019403733	0.0019057529	0.0019064061	0.0019237163	0.0019789129	0.0020808144	0.0020481537	0.0020667703	0.0021157613	0.0020651372	0.0020406417	0.0020977979	0.0020782015	0.0020703629	0.0020942053	0.0020197388	0.0021745506	0.0021631194	0.0020556656	0.0020507665	0.0020550124	0.0000434388
