ENSG00000005249	396.348237655849	-0.508151667289478	0.139932961933612	-3.63139363497901	0.000281894837111675	0.00535382617867065	PRKAR2B
ENSG00000006327	3573.53028830983	0.589353568661456	0.113736429583236	5.18174845844047	2.19815528636179e-07	1.72372989942296e-05	TNFRSF12A
ENSG00000006756	549.61569676839	0.636160941783386	0.125794749286368	5.05713430323854	4.25603516521041e-07	3.08962869617057e-05	ARSD
ENSG00000007541	305.296349439079	0.630349221884211	0.155007241127675	4.06657919525843	4.77082771994116e-05	0.00145064593794905	PIGQ
ENSG00000008735	213.866172917157	0.772325600237612	0.179547649058675	4.30150772948979	1.69639855483207e-05	0.000640241970967555	MAPK8IP2
ENSG00000008853	355.907987956932	0.656358746821403	0.11858300314745	5.53501538500642	3.11201036365883e-08	3.1912251729156e-06	RHOBTB2
ENSG00000009413	1289.48316930682	0.638474354266625	0.162169993446021	3.93706838546026	8.24831068757632e-05	0.00210353439865425	REV3L
ENSG00000010072	378.904221873828	0.683832809856598	0.13096471464313	5.2215042175291	1.77475586853693e-07	1.43784641194617e-05	SPRTN
ENSG00000012124	222.874861642733	1.09646545843178	0.247481439242228	4.43049572440296	9.40167114486458e-06	0.000397308661868283	CD22
ENSG00000012779	210.364951642759	0.56012183625075	0.175536323415186	3.19091698716924	0.00141822022510297	0.0177598474644833	ALOX5
ENSG00000020256	497.894624301937	-0.614101977743092	0.100498654391035	-6.11054925525324	9.92888272256757e-10	1.63592287914304e-07	ZFP64
ENSG00000021355	3071.379964539	-0.561733521790095	0.136729841137851	-4.10834618921085	3.985024626121e-05	0.0012676008919184	SERPINB1
ENSG00000023572	169.099270188907	0.719569114977005	0.161014689783528	4.46896563254205	7.85987566863043e-06	0.000344051393447154	GLRX2
ENSG00000023839	1977.7649243444	0.673783536469915	0.172520485378686	3.90552771162767	9.40199826607652e-05	0.00233679495887705	ABCC2
ENSG00000026103	628.450889856343	1.14440295679552	0.1289512470507	8.87469476232033	7.01254702072783e-19	7.34514210799663e-16	FAS
ENSG00000029534	80.5416764588679	1.71060427084945	0.573248929622424	2.98405139975779	0.00284458982183002	0.0287082347882418	ANK1
ENSG00000030419	50.7248417058664	-1.00428586597293	0.298604803649781	-3.36326091776743	0.000770275241032615	0.0112840321023999	IKZF2
ENSG00000033100	683.472397620701	0.747984190817281	0.134642512816284	5.55533445693996	2.77080702944743e-08	2.90222244855837e-06	CHPF2
ENSG00000043355	601.826064261163	-0.63301643938809	0.104522544558872	-6.05626701932754	1.39316673978586e-09	2.22058663828476e-07	ZIC2
ENSG00000048028	817.513203909997	-0.524466123714909	0.116851750112012	-4.48830354027361	7.1792587928608e-06	0.000318056347246256	USP28
ENSG00000048392	3088.9574546086	0.704382948562639	0.15650127133846	4.50081294892037	6.76940579968389e-06	0.000304493063775301	RRM2B
ENSG00000049283	580.536135015725	0.62617538307061	0.10919311796981	5.73456821009301	9.77610764508696e-09	1.16550278461427e-06	EPN3
ENSG00000050405	4223.31331772086	0.7431006077086	0.169806076432086	4.37617206240439	1.20781683863044e-05	0.000483918746493901	LIMA1
ENSG00000052795	162.101213462888	-0.625959885338583	0.204404388386483	-3.06236030586111	0.00219598948034695	0.0242120223607577	FNIP2
ENSG00000053747	615.818501698404	1.01024159359861	0.186443017594941	5.41850055116262	6.01009540265268e-08	5.72285967431811e-06	LAMA3
ENSG00000055163	2935.891206654	0.722220388220386	0.113430642220364	6.36706602451669	1.92678249416507e-10	3.62235108903033e-08	CYFIP2
ENSG00000058262	7159.15769980373	0.539372398308771	0.191447628365278	2.81733653696488	0.00484237568142298	0.0413803012776145	SEC61A1
ENSG00000059728	579.843529364308	-0.604364542890717	0.135627615028331	-4.45605817638592	8.34803867995805e-06	0.0003621654548743	MXD1
ENSG00000059804	285.788242778576	-0.681677794404461	0.203261350500547	-3.35370099984958	0.000797384763140864	0.0115200494253179	SLC2A3
ENSG00000060762	154.780297679317	0.561786128371396	0.16932861732192	3.31772701659373	0.000907531331047038	0.012820847243231	MPC1
ENSG00000061656	159.515307340789	-0.903479660301856	0.31812144205858	-2.84004641263849	0.00451069704907248	0.0394974806366313	SPAG4
ENSG00000063438	1241.91069376042	2.12026036602838	0.206687674327009	10.2582815977398	1.08622450191913e-24	2.27548515659173e-21	AHRR
ENSG00000064042	368.362649689962	-0.616998326991046	0.192571816953635	-3.20399078510849	0.00135536814645725	0.017207894804891	LIMCH1
ENSG00000065357	1569.13502560373	0.524283765143351	0.124795801440771	4.20113304366398	2.65582452335161e-05	0.000918514405906322	DGKA
ENSG00000065457	388.47262714787	0.628233317006733	0.142410519044251	4.41142495107066	1.0269254877968e-05	0.000424699649468936	ADAT1
ENSG00000065618	538.376155882904	1.25270882696841	0.315560316355081	3.96979202403515	7.19353937746049e-05	0.00191097937375146	COL17A1
ENSG00000067191	304.329832142756	0.530250389601754	0.121488149849992	4.3646264286392	1.27340185083321e-05	0.000506047824949003	CACNB1
ENSG00000068831	161.016435318286	-0.530184349021967	0.165660010903545	-3.20043652134411	0.0013721959181771	0.017361415827566	RASGRP2
ENSG00000069696	148.676262835912	-0.827828520343276	0.276402073029738	-2.9950155990842	0.00274430806731869	0.02807666849691	DRD4
ENSG00000069998	1452.78391030658	-0.513755563666161	0.164950343656105	-3.11460741626133	0.00184189877888864	0.0212686012861775	HDHD5
ENSG00000070190	60.4092153540885	0.767699372419415	0.274282857935671	2.79893310940879	0.00512717575188046	0.0430119595111986	DAPP1
ENSG00000071575	584.752057638335	-0.821650768196753	0.117407474525538	-6.99828329939956	2.59117743340295e-12	7.91604705904602e-10	TRIB2
ENSG00000072952	332.321113452389	0.908030047189383	0.134897365408763	6.73126598460904	1.68193175354954e-11	3.97803987645974e-09	IRAG1
ENSG00000074410	105.835423959328	-0.768787476553712	0.273395532151739	-2.81199722066791	0.00492349287474387	0.0417813075898403	CA12
ENSG00000075643	466.031548239016	0.675046306667932	0.214553864699883	3.14627894310915	0.0016536221175038	0.0196504981613256	MOCOS
ENSG00000076554	3085.97215102812	-0.562392864201602	0.148511039253282	-3.78687582437865	0.000152553288743279	0.00337921665578768	TPD52
ENSG00000076864	800.942063299333	-0.571174722107433	0.115737592068153	-4.93508385565074	8.01163303897877e-07	5.34011758561749e-05	RAP1GAP
ENSG00000078114	1149.96230363182	-0.696761107693832	0.155479115493956	-4.48138070171177	7.41616843948634e-06	0.000326578660650534	NEBL
ENSG00000078237	301.785920049482	0.975799407776054	0.218878082730872	4.45818693037383	8.26558069701498e-06	0.00035966313157575	TIGAR
ENSG00000079385	90.5103684403179	1.04818264447025	0.378022809612847	2.77280263998817	0.0055575815158968	0.0454525238979982	CEACAM1
ENSG00000081019	672.642477516558	-0.685942839964558	0.0962850738878161	-7.12408281229306	1.04776036700902e-12	3.49189955041369e-10	RSBN1
ENSG00000081059	777.143738027522	0.556006343317845	0.111693120125068	4.97798201621784	6.42506242538127e-07	4.44420355687693e-05	TCF7
ENSG00000081692	245.100042470162	0.913221081166761	0.158164400763731	5.77387248177893	7.74700749704424e-09	9.54639646526528e-07	JMJD4
ENSG00000085117	315.586139506477	0.675992240020814	0.224847747930063	3.00644434397927	0.00264322435877617	0.0274895333312722	CD82
ENSG00000087074	2261.87019272221	-0.650935695116235	0.0862444993506166	-7.54756187371364	4.43481872088314e-14	1.97067217342516e-11	PPP1R15A
ENSG00000087085	56.959869862569	0.753817959300497	0.241677196134634	3.1191108278191	0.00181397716358977	0.0210444312712661	ACHE
ENSG00000087088	1509.63729889478	0.808414775890708	0.0955541942632523	8.46027515719008	2.66747379836172e-17	1.7779925354171e-14	BAX
ENSG00000087095	345.419737045236	0.519714287214721	0.130575679784257	3.98017676854843	6.88640419126279e-05	0.00184611025705078	NLK
ENSG00000087448	1152.28598667971	0.626296134646452	0.139588752106263	4.48672350168788	7.23268394578762e-06	0.000319458064400692	KLHL42
ENSG00000088836	576.357631035116	0.540975965018471	0.126944337710289	4.26152103178545	2.03040241573432e-05	0.00073880449191881	SLC4A11
ENSG00000089041	57.5633920989781	-0.854725683388928	0.31027651317955	-2.75472247199812	0.00587419389752615	0.0472254272551116	P2RX7
ENSG00000089116	102.309597335131	0.710750687131245	0.193554544627782	3.67209505980894	0.000240570158713291	0.00478659539670516	LHX5
ENSG00000089356	252.247561141869	0.814346141233075	0.216476504044864	3.76182230411623	0.000168679874956144	0.00360233507648577	FXYD3
ENSG00000089486	235.911177453557	0.611372085809828	0.131792682894413	4.63889248160791	3.50281213454258e-06	0.000180863511059621	CDIP1
ENSG00000091428	67.5857159268787	-1.91892234858396	0.319188827359542	-6.01187192063724	1.83393194926672e-09	2.80133105250492e-07	RAPGEF4
ENSG00000091879	109.87987131645	0.905435909890652	0.24363517065976	3.7163596185179	0.000202113854497539	0.0041404220886022	ANGPT2
ENSG00000094841	248.626996032647	-0.767391132049927	0.151396824845757	-5.06873993448504	4.00457946382877e-07	2.95091222399925e-05	UPRT
ENSG00000095370	40.3726620270926	-1.32583229152198	0.318333715704301	-4.1649131905134	3.11471055268752e-05	0.00104041265477471	SH2D3C
ENSG00000099194	31014.6476270943	-0.519907518791221	0.0854720185026331	-6.08278039877115	1.18116077369509e-09	1.92450462060721e-07	SCD
ENSG00000099250	308.481592256922	0.903348821140803	0.226529270555411	3.98777967600367	6.66945581501834e-05	0.00182903074609207	NRP1
ENSG00000099377	322.346561850666	-0.500964955917394	0.157239541212397	-3.18599858569097	0.00144255302456671	0.0179572135418049	HSD3B7
ENSG00000099625	688.334910036215	0.626710308520375	0.107610763072652	5.82386269389485	5.75028247564297e-09	7.26915019162315e-07	CBARP
ENSG00000099994	204.903126221013	-1.68974625755621	0.487054091162007	-3.46931950314767	0.000521778537686524	0.00855856876581117	SUSD2
ENSG00000100027	194.066307276279	-0.818842105478239	0.256838966674849	-3.18815371389837	0.0014318439794647	0.0178694128637195	YPEL1
ENSG00000100033	112.386708851654	0.718587461960996	0.211360558915574	3.39981813848264	0.000674306856438644	0.0102149129574548	PRODH
ENSG00000100060	135.08358306986	0.631574875452847	0.18972097304326	3.32896708952066	0.00087168703971311	0.0124342594847792	MFNG
ENSG00000100167	403.691845194102	-0.531291275857358	0.172735244620795	-3.07575490470228	0.00209970365406073	0.0234501556611931	SEPTIN3
ENSG00000100197	44.1191392860612	1.27716662169197	0.321756986311611	3.96935164122615	7.20684614914025e-05	0.00191105229531632	CYP2D6
ENSG00000100298	47.7837104795137	1.09407711429936	0.321673710305222	3.40120152579841	0.000670903485892444	0.0101738663051984	APOBEC3H
ENSG00000100299	404.889397504587	0.627885804101623	0.137105467047389	4.57958254782503	4.6590488488411e-06	0.000227734307731353	ARSA
ENSG00000100505	190.584433243702	-0.639718882884971	0.220176799593495	-2.90547816148687	0.0036669243702312	0.0342932263807847	TRIM9
ENSG00000100647	460.257115002529	0.83137446463641	0.102111031562467	8.14186725875753	3.89227851647694e-16	2.28305488662471e-13	SUSD6
ENSG00000100867	198.548186296617	-1.03569263077717	0.158437848076927	-6.5369016516452	6.28063184319766e-11	1.29717162462888e-08	DHRS2
ENSG00000100916	194.851301772664	0.583283933842657	0.163834622129558	3.56019946370924	0.000370573206937489	0.00655089604946374	BRMS1L
ENSG00000101076	299.77734966464	-0.543201294758149	0.190296274694358	-2.85450304074846	0.00431042190719526	0.0382846922150886	HNF4A
ENSG00000101187	3488.46280186636	-0.625383951320753	0.159875076885712	-3.9117038346622	9.16472585219663e-05	0.00228557040640496	SLCO4A1
ENSG00000101236	686.360338001146	-0.806981311288198	0.224903482958665	-3.58812278348092	0.000333067439456347	0.00600271362516065	RNF24
ENSG00000101265	388.494299119097	-0.635480519931281	0.226584276129203	-2.8046099702387	0.00503774991417984	0.0425049279295358	RASSF2
ENSG00000101665	297.946757009066	0.747543361639254	0.152817560167736	4.8917373161745	9.99497838804336e-07	6.45666797719242e-05	SMAD7
ENSG00000101844	149.079209305811	0.533721600344155	0.178137591703702	2.99611999488518	0.00273438810108562	0.0280203124488606	ATG4A
ENSG00000101850	47.7951484442815	0.922552081965958	0.304841335091966	3.02633526285941	0.00247537666303609	0.0263800315310765	GPR143
ENSG00000102678	207.354877971337	0.799324326185159	0.187413351191474	4.26503406029231	1.99871708835553e-05	0.000730902428519838	FGF9
ENSG00000102760	75.508020542366	0.868527314361922	0.235250629392452	3.69192344609212	0.000222564463362356	0.00448698840681735	RGCC
ENSG00000103042	373.110781182509	0.528855187524258	0.109914930055531	4.81149546523908	1.49805134243193e-06	9.15322143407025e-05	SLC38A7
ENSG00000103044	8477.23046572176	0.807318048745948	0.131939556919003	6.11884765720078	9.42544584238602e-10	1.57062202082669e-07	HAS3
ENSG00000103064	1001.32106889613	0.612219124196917	0.139845129010617	4.37783660059005	1.19863157455835e-05	0.000482877291464937	SLC7A6
ENSG00000103089	403.984387650707	-0.724611038109814	0.182870502479843	-3.96242711800764	7.41916591165625e-05	0.00194972489119225	FA2H
ENSG00000103150	146.848407685442	0.687240977671894	0.203097809583369	3.38379315405562	0.0007149184092784	0.0106216449378505	MLYCD
ENSG00000103489	316.54959986086	-0.536736941241626	0.134987689967438	-3.97619176512391	7.00276631250263e-05	0.00186706482193706	XYLT1
ENSG00000104142	683.585488726631	0.505828631642011	0.102380266075307	4.94068487055837	7.78486408263819e-07	5.23657095907369e-05	VPS18
ENSG00000104228	712.388957459903	0.658286393445765	0.10508404744173	6.26437988897212	3.74311943388079e-10	6.69822066587644e-08	TRIM35
ENSG00000104267	554.212262168455	0.5968699743526	0.129993428202233	4.59153960786417	4.39988118312179e-06	0.000218711381929824	CA2
ENSG00000104450	234.297286490408	0.769398055896869	0.193114434475466	3.98415611959144	6.77203429809041e-05	0.00183219761895199	SPAG1
ENSG00000104524	275.635497091672	0.534633124067658	0.184939392563032	2.89085584557352	0.00384194304887459	0.0354328634394321	PYCR3
ENSG00000104812	2458.37039976264	-0.578217206227432	0.197111741962929	-2.93344881674365	0.00335218920144121	0.0320599141564346	GYS1
ENSG00000104953	242.742998710408	-0.60103579159819	0.150364913390717	-3.99718111123719	6.41012574620354e-05	0.00178364485659068	TLE6
ENSG00000105173	501.695893811733	0.54347804047236	0.100279218731492	5.41964773307197	5.97165853518812e-08	5.72285967431811e-06	CCNE1
ENSG00000105516	1261.86290280276	-0.826001276805704	0.292344903360921	-2.8254341611899	0.00472165903773336	0.040800476210561	DBP
ENSG00000105519	117.329204783961	0.779202228917324	0.272091983116136	2.86374563481622	0.00418664063633059	0.0374346940799706	CAPS
ENSG00000105613	849.670732571034	-0.513760373094072	0.127830710003232	-4.01906844670645	5.84286965952462e-05	0.00167017233308517	MAST1
ENSG00000105650	63.8527229229992	0.714196863482852	0.242955056044172	2.93962543983034	0.00328609225251047	0.0316429002096117	PDE4C
ENSG00000105784	175.66331868556	-0.990644991071849	0.184142331003971	-5.37977870525862	7.45774550928654e-08	6.96562930880114e-06	RUNDC3B
ENSG00000105855	274.266978830584	0.919527337964553	0.228101200011185	4.03122534173193	5.54868123494055e-05	0.0016080209808136	ITGB8
ENSG00000105928	236.507549016774	0.585397713999509	0.166979085902226	3.50581458052949	0.000455212216708643	0.00770660880661177	GSDME
ENSG00000106031	164.512261621596	-0.782829910179535	0.246785491637437	-3.17210669470644	0.00151337395552734	0.0185397791845053	HOXA13
ENSG00000106333	151.177536547345	-0.712347132498603	0.202196194850286	-3.52304915048503	0.000426612237659468	0.00732534174828858	PCOLCE
ENSG00000106688	533.569755307794	-0.539823307872079	0.133894258319977	-4.03171364213411	5.53716293986526e-05	0.00160786054158781	SLC1A1
ENSG00000107738	632.967677925843	0.612198409058015	0.135002867215111	4.53470671909916	5.76835819483097e-06	0.00026853080815556	VSIR
ENSG00000107796	336.116276447877	1.10778181501954	0.127277475666586	8.703675251397	3.21305608951163e-18	2.61756969425548e-15	ACTA2
ENSG00000107957	825.290799670336	-0.715729709733538	0.10581183824074	-6.76417423261402	1.34071662511449e-11	3.27671143177982e-09	SH3PXD2A
ENSG00000108797	512.477887436024	-0.523936725370578	0.170662773655213	-3.07001177907186	0.00214050328801632	0.0237970737039207	CNTNAP1
ENSG00000108846	4001.96825834331	1.04059965505102	0.35131449630962	2.96201741169804	0.00305630500068444	0.0302714111970148	ABCC3
ENSG00000108852	461.931014471156	-0.534011814140968	0.138340376225556	-3.86012983852445	0.00011332679300034	0.00266891711620099	MPP2
ENSG00000108932	160.535438742569	0.758198840199521	0.250209927610902	3.03025082753145	0.00244350716703651	0.0261735493772267	SLC16A6
ENSG00000109063	102.656537858688	0.989037872815873	0.206315241062798	4.7938187587161	1.6363612056836e-06	9.8084214605938e-05	MYH3
ENSG00000109066	433.513266590184	0.527090763313388	0.140371131601927	3.75497979747107	0.00017335546064388	0.00367155277579361	TMEM104
ENSG00000109099	787.576775813854	-0.556058847553412	0.123113065665394	-4.51665178304233	6.28250897548497e-06	0.00028699910160907	PMP22
ENSG00000109680	355.664388169686	0.859139765313904	0.250587732664182	3.42849889808954	0.000606928999256297	0.00950855432168198	TBC1D19
ENSG00000110400	1363.66721103043	0.609076105956227	0.10712654860489	5.68557574091792	1.30372686728524e-08	1.47060390629775e-06	NECTIN1
ENSG00000110925	895.050210082949	0.517423942122977	0.0997968201711555	5.18477383583539	2.16277156217954e-07	1.70510119289252e-05	CSRNP2
ENSG00000111845	441.532058022512	0.520961483459597	0.142928153161337	3.64491859676894	0.000267476450732899	0.00517450484636838	PAK1IP1
ENSG00000112305	154.027175648922	-0.566964766765241	0.165047474352972	-3.43516172536349	0.000592200296958522	0.00934971757395743	SMAP1
ENSG00000112769	184.906005796878	0.640282801076333	0.219931154454495	2.91128741021005	0.00359942755231982	0.0338346189918063	LAMA4
ENSG00000114019	3915.528918627	0.74091227943535	0.161010920830291	4.60162748970479	4.19202440447286e-06	0.000209801521731024	AMOTL2
ENSG00000114423	386.745007135119	-0.666011139091302	0.138049323156116	-4.82444335013601	1.4039481282955e-06	8.72351498022252e-05	CBLB
ENSG00000114648	769.256505553885	0.564820680244375	0.098865325101439	5.71303113265293	1.10981365653219e-08	1.27143027026469e-06	KLHL18
ENSG00000114812	317.733442408069	1.02966790963486	0.13183856424699	7.81006616323467	5.71579727954932e-15	2.99344468954683e-12	VIPR1
ENSG00000115129	491.188972175499	1.30920197642015	0.212203410494469	6.16956142867588	6.84796683654745e-10	1.15423661713945e-07	TP53I3
ENSG00000115548	3345.78687504936	-0.842596828882815	0.150303125814226	-5.60598340399296	2.07075805130822e-08	2.26020788565438e-06	KDM3A
ENSG00000115596	51.7225034014309	-0.816637018710583	0.290574521796089	-2.81042196563833	0.00494765852307879	0.041937840799091	WNT6
ENSG00000115616	81.2498058567242	0.960499603430453	0.319083123796007	3.01018616090931	0.00261087611933889	0.0273080509372222	SLC9A2
ENSG00000115641	2809.28555830226	0.800394341795352	0.198084943080112	4.04066219950724	5.33004860240181e-05	0.00156947455232169	FHL2
ENSG00000115884	730.340987960703	0.548294405692271	0.126295753559145	4.34135266025	1.41608223837767e-05	0.000555225399560698	SDC1
ENSG00000115946	645.065107033837	0.520334869540513	0.117826633554727	4.41610571262594	1.00494951735739e-05	0.000418652833026384	PNO1
ENSG00000115998	220.871397748261	0.610032327767145	0.144013241411091	4.23594609627446	2.27591374882835e-05	0.000808087148010144	C2orf42
ENSG00000116455	506.072631609489	0.525500554823552	0.0970887311740056	5.41258031152691	6.21229768742821e-08	5.83955982618251e-06	WDR77
ENSG00000116667	257.45388244164	-0.512364407509334	0.147230340494783	-3.48001917123522	0.000501377903941669	0.00828884507711459	C1orf21
ENSG00000116819	157.89441912898	0.571431153236125	0.175210010312827	3.2614069950448	0.00110860793394379	0.0148462344688144	TFAP2E
ENSG00000116990	137.284654587996	-0.766782714738695	0.244436319665614	-3.13694264333404	0.00170719521106571	0.0201564497383797	MYCL
ENSG00000117000	1744.25490640126	-0.567821890343093	0.0789489493632714	-7.19226658394588	6.37244509253704e-13	2.22489368659436e-10	RLF
ENSG00000117010	86.425559915023	-0.636924410235434	0.233145483704336	-2.73187539434884	0.0062974953365385	0.0499170116837841	ZNF684
ENSG00000117461	92.706825835427	1.00744814216585	0.309675317018678	3.25324004465324	0.00114097067998073	0.0151854762224061	PIK3R3
ENSG00000117525	2042.01817532286	0.564308917951644	0.110652640213801	5.09982334683834	3.39970626077014e-07	2.56501479959111e-05	F3
ENSG00000118507	82.7489879740586	0.610815864948593	0.208747744114647	2.9260956449576	0.00343245391601863	0.0327265957246406	AKAP7
ENSG00000118894	289.884570907902	0.549602191717908	0.180372421638923	3.04704115365332	0.00231106066543732	0.02512186330465	EEF2KMT
ENSG00000119125	3342.59762961223	1.27432647936324	0.0682679325731906	18.6665456434766	9.26552221732305e-78	1.35869617794825e-73	GDA
ENSG00000119547	425.591534932652	-0.504675456200526	0.12402533323541	-4.06913203161979	4.71886020930866e-05	0.0014416117939438	ONECUT2
ENSG00000119737	78.9623615704247	0.775398257405795	0.227497462145652	3.40838201047429	0.000653493393257738	0.010013403467849	GPR75
ENSG00000119950	2693.08927745475	-0.647687267583937	0.112339829346368	-5.76542862271027	8.14505688881336e-09	9.95325951812993e-07	MXI1
ENSG00000120451	1132.46731026085	0.67362219918793	0.142373041174964	4.73138870694	2.22989061766741e-06	0.000127730921943261	SNX19
ENSG00000121039	528.562997479281	0.624174375362744	0.185133429129513	3.37148389838387	0.000747644089647647	0.0110185456588875	RDH10
ENSG00000121236	83.229183288819	-0.699079040984995	0.245666927369924	-2.84563758121306	0.00443226080216356	0.0389650047527893	TRIM6
ENSG00000123384	1486.55755820164	-0.805565895311572	0.194313413047479	-4.14570400816714	3.38771219827364e-05	0.00111302294803481	LRP1
ENSG00000123612	113.532771233028	-0.652861874861854	0.23707755285248	-2.75379033994034	0.00589094927430397	0.0472823646187156	ACVR1C
ENSG00000123643	272.68422589949	0.560673909337852	0.148082967033075	3.78621471848698	0.000152959517178276	0.00338310461523716	SLC36A1
ENSG00000123810	112.199075809768	-0.586973683177866	0.208414942762164	-2.81637043581707	0.00485696289950968	0.0414325212090809	B9D2
ENSG00000124098	536.245833288117	0.622280275055266	0.207835718491037	2.99409687407557	0.00275258532941654	0.0280988268228473	FAM210B
ENSG00000124406	49.2110952280052	-0.884140889006194	0.302704554043276	-2.92080471600633	0.00349128592548418	0.033008521477305	ATP8A1
ENSG00000124541	762.57343045212	0.660608571083103	0.120541890962138	5.4803236104086	4.24548589052526e-08	4.17824195293036e-06	RRP36
ENSG00000124762	11943.1936726811	1.19444790574515	0.145672990446683	8.19951524357786	2.41358315629454e-16	1.47469930849596e-13	CDKN1A
ENSG00000125046	24.6721988220895	-1.15303361754308	0.379705120423816	-3.03665543476499	0.00239218736889489	0.0257249907587489	SSUH2
ENSG00000125388	108.509497918005	0.655019144471336	0.23237558652444	2.81879501314328	0.00482042914435425	0.0412408243715348	GRK4
ENSG00000125629	1084.46659670876	-0.748060702794767	0.151686221611323	-4.93163251644292	8.15452184070423e-07	5.41076508018492e-05	INSIG2
ENSG00000125637	642.486950090176	0.626116650804091	0.171676396614788	3.64707474731653	0.000265242783085831	0.0051448679512839	PSD4
ENSG00000125740	2126.07741109836	-1.85435507597794	0.652946134282949	-2.83998170540415	0.00451161211581815	0.0394974806366313	FOSB
ENSG00000126016	345.967271727309	-0.682798474631225	0.128649743528958	-5.30742196526442	1.11186580482302e-07	9.64757406031048e-06	AMOT
ENSG00000126368	2277.55653601059	-1.01270581422201	0.151593222807306	-6.68041615230573	2.38264674133175e-11	5.45923934607638e-09	NR1D1
ENSG00000126583	163.126775948134	0.57165672109163	0.183005895565756	3.12370658510413	0.00178588448447017	0.0208670996655543	PRKCG
ENSG00000126870	854.792877324957	-0.698735868627548	0.152398364887967	-4.58493021983019	4.54138079273821e-06	0.000224224942574792	DYNC2I1
ENSG00000127081	245.803218153021	-0.657262892329527	0.130245601565079	-5.04633465108697	4.50366295371127e-07	3.2215470025962e-05	ZNF484
ENSG00000127220	195.386792968336	0.59685108929926	0.154950308030114	3.85188707842559	0.000117211073718374	0.00274566003994606	ABHD8
ENSG00000127311	207.085378191736	-0.787052289175527	0.220089717317304	-3.57605206989671	0.000348822202571898	0.00622278440208554	HELB
ENSG00000127415	873.286797155177	0.637755986158274	0.186936592175824	3.4116166275163	0.000645788686393278	0.0099368785910504	IDUA
ENSG00000127419	266.523899308648	0.646894054069945	0.12293299001276	5.26216806410387	1.42366536990832e-07	1.17947056408676e-05	TMEM175
ENSG00000127528	1163.07705280675	-0.555525880391985	0.147943187659817	-3.75499466504245	0.000173345170548731	0.00367155277579361	KLF2
ENSG00000128311	461.720797724514	0.52048747591383	0.158743646132117	3.27879249718533	0.00104252262443393	0.0142209783857667	TST
ENSG00000129474	1336.81748926132	0.871106157467272	0.098595167079833	8.83518110742622	9.99362209994449e-19	9.15915465459912e-16	AJUBA
ENSG00000129534	1222.58121046852	-0.544431835089953	0.170575607635696	-3.19173322983386	0.00141421883181641	0.0177552268405444	MIS18BP1
ENSG00000129757	464.409309776921	-0.959186405042285	0.226544347783523	-4.23398956728263	2.29581599356337e-05	0.000810485290080624	CDKN1C
ENSG00000130270	606.099688474744	-0.788027491360453	0.199128737990268	-3.95737701807244	7.57772789052962e-05	0.00197722067236168	ATP8B3
ENSG00000130518	539.280880416618	0.669916546927083	0.135066868262555	4.9598880580013	7.05338131254559e-07	4.83321418538171e-05	IQCN
ENSG00000132274	38.4294180086336	2.02598246789301	0.354035085495111	5.72254714546079	1.04938710590204e-08	1.22206084303432e-06	TRIM22
ENSG00000132646	3269.12706546098	0.502823255602555	0.0730123753049562	6.88682231611252	5.70524079312382e-12	1.57852171679939e-09	PCNA
ENSG00000132773	394.695943275521	0.51666977187815	0.117329065937895	4.4035957138842	1.06471276978785e-05	0.000437337480564957	TOE1
ENSG00000133246	87.9852797739501	-0.659669899497544	0.194332355417533	-3.39454486660345	0.000687427752500535	0.0103467595528645	PRAM1
ENSG00000134504	458.220434884154	0.527671894559952	0.120598678930489	4.37543677293588	1.21189567338271e-05	0.000484229922465507	KCTD1
ENSG00000134574	2031.24631311627	0.578683650259297	0.0858817121415611	6.73814757332082	1.60418599207799e-11	3.85635793243142e-09	DDB2
ENSG00000134824	503.545133598034	0.673191462968143	0.155935973496474	4.3171017429366	1.58091298791977e-05	0.000605287416575863	FADS2
ENSG00000134954	842.354566988283	0.569491894556734	0.121383143826256	4.69168845529233	2.70959520420031e-06	0.000146618096215474	ETS1
ENSG00000134955	143.669153360943	0.993047344545017	0.207541651307074	4.78480988414093	1.71149254026479e-06	0.000101198897622753	SLC37A2
ENSG00000135111	545.249121737722	0.530472161873976	0.186554852661727	2.84351843066693	0.00446184287587342	0.0391552746450077	TBX3
ENSG00000135245	380.601492791287	-0.833821805326518	0.231546901615313	-3.60109247633904	0.000316882829483873	0.00576561955772586	HILPDA
ENSG00000135406	53.1575984554435	-0.952907677105404	0.249823370851636	-3.81432559274574	0.000136555334913169	0.00309976382533546	PRPH
ENSG00000135480	987.747758100552	1.40463447902146	0.447316046387428	3.14013881318464	0.00168867797619101	0.0199860967254762	KRT7
ENSG00000135763	701.886807715777	0.620205273627117	0.11961509032049	5.18500861359027	2.1600488189415e-07	1.70510119289252e-05	URB2
ENSG00000135766	2994.39355936767	-0.535281638503821	0.138181083805492	-3.87376928709938	0.000107164870364909	0.0025722170946774	EGLN1
ENSG00000135932	3523.58345622657	0.631277247019384	0.0851973567429711	7.40958723548034	1.26693115793315e-13	4.88902065787676e-11	CAB39
ENSG00000136003	1424.5423026159	0.515099687583725	0.141547461729349	3.63905986932243	0.000273635183890614	0.0052520763567696	ISCU
ENSG00000136048	903.900185785483	0.607526737918454	0.145776731003179	4.16751517020371	3.07938025091083e-05	0.00103331881005392	DRAM1
ENSG00000136279	988.030709067148	0.506384980804904	0.0808752891737925	6.26130658669715	3.81765113492189e-10	6.74482364367404e-08	DBNL
ENSG00000136352	34.9936209272512	-1.06870599734283	0.386733372217166	-2.7634180914253	0.00571994465774792	0.0462725665701561	NKX2-1
ENSG00000136378	708.7446607389	0.693652000073029	0.121366226530435	5.7153626663929	1.09470300694654e-08	1.26399408613103e-06	ADAMTS7
ENSG00000136542	2266.75708364953	1.05069367418845	0.284911229504313	3.68779312776278	0.0002262074370154	0.00453776450943067	GALNT5
ENSG00000136867	138.377017960261	0.540074675558296	0.175864428468095	3.07097165846859	0.00213363402433568	0.0237387020734889	SLC31A2
ENSG00000137801	2305.40300808241	2.6496403830295	0.772719505515001	3.42898084507855	0.000605852284702653	0.00950855432168198	THBS1
ENSG00000137825	261.989036353653	-0.655864079291308	0.190046762744842	-3.45106683122971	0.000558375284089251	0.00900771745421868	ITPKA
ENSG00000137878	38.863884224133	1.31074176080226	0.397371346630605	3.29853113949033	0.000971920994312426	0.0135865104486153	GCOM1
ENSG00000137968	267.207690480168	0.903223448485554	0.263737479700943	3.42470645245316	0.000615464026208291	0.00958085401307683	SLC44A5
ENSG00000138061	251.042566980554	1.11817758767628	0.186648632177279	5.99081586954378	2.08790926499557e-09	3.03759330039368e-07	CYP1B1
ENSG00000138100	81.526782844491	0.994147562939031	0.30615416178652	3.24721231009182	0.0011654141852785	0.0154238570513754	TRIM54
ENSG00000138131	104.280205878612	1.19043817467819	0.20102376186762	5.92187790944898	3.18285893416872e-09	4.53140227287865e-07	LOXL4
ENSG00000138193	125.77265810262	-1.02156460367862	0.270590663994493	-3.77531356255295	0.000159806511975161	0.00350620783783251	PLCE1
ENSG00000138347	51.4043112469481	1.73326970631137	0.28858410954929	6.00611623771797	1.90019985629167e-09	2.8433194584348e-07	MYPN
ENSG00000138617	274.157764069445	-0.602288761475891	0.142488656619337	-4.22692427429451	2.36907351046326e-05	0.000831102726254383	PARP16
ENSG00000138623	1807.6477219135	1.29048893494229	0.359667014318306	3.58801025272839	0.000333211190049153	0.00600271362516065	SEMA7A
ENSG00000138678	1013.45725397633	0.575995068306834	0.107528260209991	5.35668546279813	8.47624895569206e-08	7.69739509576808e-06	GPAT3
ENSG00000138685	111.820545462338	0.796171024494676	0.216301198861596	3.68084425183477	0.000232462974258256	0.00464419217237474	FGF2
ENSG00000138764	1394.69056110432	-0.725421173866164	0.103767069465254	-6.99086114317864	2.73204061758696e-12	8.17604971761125e-10	CCNG2
ENSG00000139438	110.054819313883	0.644034186097673	0.230313118730793	2.79634173531586	0.00516847178875086	0.0431854531682294	FAM222A
ENSG00000139625	481.061075386485	0.662847871485078	0.149459657329766	4.43496180392397	9.20886147903298e-06	0.000391416651387072	MAP3K12
ENSG00000139832	223.752836529584	-0.702294368111352	0.131565195400834	-5.33799509795659	9.39799993481737e-08	8.35225885116133e-06	RAB20
ENSG00000139998	173.784717788373	0.659348681712581	0.223364917241034	2.95189007233877	0.00315835347468563	0.0308876771795447	RAB15
ENSG00000140465	360.669505980543	2.02848327065129	0.196765628381042	10.3091342087606	6.40759510533365e-25	1.56601624374354e-21	CYP1A1
ENSG00000140807	271.664187357999	-0.524340219632122	0.183150744459974	-2.86288882514868	0.00419797831857929	0.0375131956512168	NKD1
ENSG00000140853	264.277989178847	0.836346524241429	0.222526537410957	3.75841252001726	0.000170994801114778	0.00363928557844282	NLRC5
ENSG00000140950	1704.72315267642	0.50021163434944	0.098096104405778	5.09919978351328	3.41092393562648e-07	2.56501479959111e-05	MEAK7
ENSG00000141574	198.450535370345	1.1314189276055	0.407247745017378	2.77820796173401	0.00546596228203913	0.0449539376914312	SECTM1
ENSG00000141622	166.123137833051	-0.861554552767533	0.249245179161934	-3.45665483145728	0.000546924911077982	0.00886199657021826	ARK2C
ENSG00000141642	130.477185015908	0.579763710011376	0.167549653423373	3.46025012983106	0.000539673833901253	0.00878024472544351	ELAC1
ENSG00000141854	123.987628569228	-0.717747695687649	0.179992518535957	-3.98765293983185	6.6730186112879e-05	0.00182903074609207	MISP3
ENSG00000141933	273.445612466684	0.507658410331115	0.1514991305662	3.35089982651276	0.00080549434754287	0.0116257570003628	TPGS1
ENSG00000142089	4993.19895999706	-0.533524945568471	0.113064041443963	-4.71878537822212	2.37256964341443e-06	0.000134329580119804	IFITM3
ENSG00000142279	394.429915328334	0.522146230380789	0.181588485578185	2.87543689082628	0.00403468792950437	0.0366980228737232	WTIP
ENSG00000142910	3901.27317094253	0.708332281334909	0.0900686079350961	7.86436359541981	3.70978574172861e-15	2.09231915833494e-12	TINAGL1
ENSG00000143590	269.670062966845	-0.637032342360015	0.226819552176317	-2.80854245697841	0.00497663198151844	0.0420618624651219	EFNA3
ENSG00000143816	714.637005085075	0.91561396196087	0.172351762180939	5.31247229720598	1.08147871309969e-07	9.43976419577016e-06	WNT9A
ENSG00000143951	58.7550177069764	-0.804209072794261	0.260417875378113	-3.08814850603704	0.00201407795364114	0.0226664920277772	WDPCP
ENSG00000144134	219.95902939467	0.668895587107554	0.163818518718266	4.08315001466907	4.44293215855586e-05	0.00139211874301417	RABL2A
ENSG00000144320	1207.53002455633	-0.617449606487299	0.166666304597096	-3.70470568709098	0.000211636316975918	0.00431632121298312	LNPK
ENSG00000144452	72.4417395316317	2.30778540392663	0.741838768645918	3.11089889267859	0.00186518790699088	0.0214182580016557	ABCA12
ENSG00000145103	121.196865221494	-0.617194319621568	0.183894142993662	-3.35624783679401	0.000790077329042429	0.0114483141828836	ILDR1
ENSG00000145358	163.782910554761	-0.756735498442198	0.248089061499939	-3.05025741105633	0.00228645308202493	0.024909768198227	DDIT4L
ENSG00000145632	3729.64438898645	0.504114932487303	0.109734014257602	4.59397148548569	4.34888830166674e-06	0.000216911898148439	PLK2
ENSG00000145687	51.1480217255383	-0.94879409459723	0.322790113355994	-2.93935302024209	0.00328898224437122	0.0316467425403278	SSBP2
ENSG00000145901	2238.49409193252	-0.502723257326567	0.13087758476427	-3.84117156678927	0.000122448490468545	0.00284561753443857	TNIP1
ENSG00000145949	27.1926374224798	1.02988811513826	0.359271634978316	2.86660012889805	0.00414906885862646	0.0372498386122849	MYLK4
ENSG00000146070	137.300807806054	1.07125877561431	0.325777559829081	3.28831358481643	0.00100789507209941	0.0139169240463896	PLA2G7
ENSG00000146072	3104.26015560715	0.703657899034002	0.17745585373358	3.96525605794006	7.331719950995e-05	0.00193201091723767	TNFRSF21
ENSG00000146278	952.769557781633	-0.676313541635046	0.12327207608506	-5.48634827216164	4.10327541741953e-08	4.09322657966259e-06	PNRC1
ENSG00000146373	1439.52312051379	-0.610602789988963	0.0982003469603008	-6.21792904902678	5.03759236416674e-10	8.79419695573108e-08	RNF217
ENSG00000146826	451.26704851404	0.656200445341668	0.124537618817164	5.2690942028131	1.37098596524666e-07	1.14880789682154e-05	TRAPPC14
ENSG00000147036	108.56731075032	-1.24119281861267	0.214304937893255	-5.79171357792468	6.9671886488678e-09	8.65820799550826e-07	LANCL3
ENSG00000147509	120.433674583719	0.847922452548267	0.179775634729564	4.71655935924685	2.39866407864028e-06	0.000134727237746298	RGS20
ENSG00000147883	400.113352776656	0.729865473133733	0.225868119221665	3.23137889335081	0.0012319451701543	0.0160437335480841	CDKN2B
ENSG00000148219	167.768391806482	0.782215992381625	0.180632128216677	4.33043667316657	1.4881393935113e-05	0.000580374363469407	ASTN2
ENSG00000148516	92.2098098426745	-0.783202312453306	0.245694562998675	-3.1877071388736	0.00143405701681049	0.0178818130055349	ZEB1
ENSG00000149292	200.177539637802	0.524626026647525	0.171083242244705	3.06649569977835	0.00216583923679706	0.0239697106176544	TTC12
ENSG00000150347	191.409091099237	-1.22775318240093	0.146728694528979	-8.36750566303472	5.88506959549319e-17	3.75211567601357e-14	ARID5B
ENSG00000150764	272.777080273219	-0.614433121727072	0.181812506376167	-3.37948765997329	0.000726210674143172	0.010745866120722	DIXDC1
ENSG00000151006	295.332854262984	-0.772235632114966	0.255841688746963	-3.01841203400879	0.00254103159841172	0.0268868411857276	PRSS53
ENSG00000151092	925.356511546309	-0.707306078508922	0.139738625340717	-5.06163615667706	4.15673722735795e-07	3.04771973509885e-05	NGLY1
ENSG00000151093	336.127014763437	-0.547874888337107	0.142613680090324	-3.84167134590532	0.000122199386363962	0.00284433619308117	OXSM
ENSG00000151640	198.145413382977	-0.94188302878987	0.291445971787076	-3.23175861040204	0.0012303093950231	0.0160366728609944	DPYSL4
ENSG00000151689	697.500812977255	0.651866952963651	0.118898926873714	5.48253016325385	4.19285483128806e-08	4.15432589500055e-06	INPP1
ENSG00000152229	1010.61482143827	0.574484977720608	0.0754782658904066	7.61126359944136	2.71429001198382e-14	1.28394673341067e-11	PSTPIP2
ENSG00000152284	621.659273741806	-0.712111225711641	0.161233009337837	-4.41665902432876	1.00238162887836e-05	0.000418652833026384	TCF7L1
ENSG00000152763	63.3047373777572	1.37227378466222	0.353712011132571	3.8796358095623	0.000104612979111245	0.00253964903751585	DNAI4
ENSG00000153093	73.0803833424844	-0.698919085134792	0.255199599054316	-2.7387154514535	0.00616797315957679	0.0490228500878233	ACOXL
ENSG00000153292	6466.34095165335	0.827484575167784	0.0655886860031964	12.6162700549826	1.71765992918539e-36	1.25938826007873e-32	ADGRF1
ENSG00000154065	281.464331317376	0.803776882155069	0.23773807384505	3.38093461074705	0.000722397318287038	0.0107002366417789	ANKRD29
ENSG00000154237	1001.87811660226	0.562064170114277	0.0938261736584225	5.99048376586785	2.09217760051665e-09	3.03759330039368e-07	LRRK1
ENSG00000154240	233.747766632557	-0.541861899664915	0.158194863962889	-3.42528123916863	0.000614163308213733	0.00957076594223824	CEP112
ENSG00000154319	159.934834256432	-0.516845538233699	0.162338883088085	-3.18374457432517	0.00145383237692576	0.018059078322508	FAM167A
ENSG00000154822	101.919687195776	0.672231700799726	0.200151304804729	3.358617629076	0.000783333746228115	0.0113777005339983	PLCL2
ENSG00000155066	839.010609987284	0.719027792265083	0.133771527319481	5.37504360362021	7.65641514060767e-08	7.10592858366271e-06	PROM2
ENSG00000155085	91.8041535589648	0.80376596632331	0.287044331635162	2.80014575360056	0.00510795372050234	0.0428997900099922	AK9
ENSG00000155093	122.16168701676	-0.512990924151363	0.181059345314389	-2.83327504173073	0.00460737244297885	0.0400326983946778	PTPRN2
ENSG00000155252	1105.21243718057	0.550804864120993	0.121385180568396	4.53766152953601	5.68814583455556e-06	0.000265640033496569	PI4K2A
ENSG00000156398	300.286260510276	0.521573694664882	0.128871854074057	4.04722736715774	5.18278929562453e-05	0.00155102902512323	SFXN2
ENSG00000156515	2326.80583306449	-0.542847597525136	0.16487489386772	-3.29248186179677	0.000993073032906679	0.0137511076058013	HK1
ENSG00000156869	427.310659449671	-0.535875031187676	0.1868568829439	-2.86783672479734	0.0041328875628287	0.0372035992764396	FRRS1
ENSG00000157036	292.06317971913	0.501962314950986	0.12705940528051	3.95061124237755	7.79518554751735e-05	0.00201615552828457	EXOG
ENSG00000157379	363.731862601308	0.570086285038893	0.123292901209675	4.62383705343579	3.76705830344832e-06	0.000191806051950577	DHRS1
ENSG00000157514	259.185516684245	-0.939038829673466	0.168250118010588	-5.58120755442424	2.38854402042981e-08	2.55661383325421e-06	TSC22D3
ENSG00000158062	496.754924070257	0.588842726557475	0.126205197728106	4.66575653901406	3.07483599954651e-06	0.000163367373541123	UBXN11
ENSG00000158079	384.693797265243	-0.56214769425219	0.182975385305733	-3.07225856260884	0.00212445616254149	0.0236905134353677	PTPDC1
ENSG00000158483	217.849900574284	0.909105276255783	0.205787422297361	4.41769115967706	9.9760828612076e-06	0.000417969368790709	FAM86C1P
ENSG00000158825	651.55136353598	-0.518074151139512	0.166398916030884	-3.11344667079056	0.0018491592494809	0.0213094793648967	CDA
ENSG00000159388	1556.13190608495	0.782018602865505	0.07524773423767	10.3925867109234	2.67984867414765e-25	7.85946019154024e-22	BTG2
ENSG00000159792	508.532917715686	0.711251348116237	0.12429163212207	5.72243952366557	1.05005227920297e-08	1.22206084303432e-06	PSKH1
ENSG00000160145	47.3163765953378	-1.16696286590901	0.365036357983563	-3.19684009657349	0.00138941926123552	0.0175228076459887	KALRN
ENSG00000160326	255.17560977957	0.667862087463491	0.16919864298952	3.94720711504085	7.9068153348483e-05	0.00203056987863775	SLC2A6
ENSG00000160606	204.02546911426	0.544896556276657	0.16595715896437	3.28335673903435	0.00102578767188494	0.0140712351922552	TLCD1
ENSG00000160613	850.233905217696	0.708693121297567	0.125875410693168	5.63011566274107	1.80088813038154e-08	2.00062299575113e-06	PCSK7
ENSG00000160818	680.858009923093	0.712050787858726	0.1099691976928	6.47500211693683	9.48106119748531e-11	1.90452440273869e-08	GPATCH4
ENSG00000161048	169.891451447608	0.562002656929252	0.144183165202127	3.89783825414981	9.70552033888168e-05	0.00240002951516629	NAPEPLD
ENSG00000161091	3097.26939880995	0.532629848989872	0.165485063583272	3.21859772390789	0.00128819067172314	0.0165267086702958	MFSD12
ENSG00000161509	240.138062668427	0.848508579494471	0.242067733724863	3.50525270938793	0.000456174061929829	0.00770660880661177	GRIN2C
ENSG00000161513	3204.49036458109	0.785344669760599	0.068461218904456	11.471380181773	1.83705650571586e-30	6.73464914995435e-27	FDXR
ENSG00000161980	184.868986456225	0.667472593271686	0.194188551611858	3.43723967108948	0.000587675340179915	0.009326483970128	POLR3K
ENSG00000162069	812.232748734493	0.653070484814934	0.191276371635121	3.41427683530473	0.000639515599217098	0.00987142815465213	BICDL2
ENSG00000162409	179.435918288555	-0.616426812617447	0.154269332432279	-3.99578323765708	6.44807131210971e-05	0.00178741999472168	PRKAA2
ENSG00000162636	1041.13156081856	-0.634202420169497	0.19638219410548	-3.22942934342029	0.00124037526967612	0.0161248785057896	EEIG2
ENSG00000162643	69.1570959766574	1.70535966790095	0.291896388881048	5.84234589005455	5.14707953505031e-09	6.62076967561208e-07	DNAI3
ENSG00000162775	1479.88137778032	-0.590959320603227	0.187545465718518	-3.15101897206186	0.00162701921341631	0.0194923282234778	RBM15
ENSG00000163032	381.129625434197	-0.801548451810605	0.149191073180029	-5.3726301093322	7.7596400802363e-08	7.15643787022548e-06	VSNL1
ENSG00000163235	3049.19137511449	0.565031927816899	0.0960038819880523	5.88551125346387	3.96825382822876e-09	5.33857560891253e-07	TGFA
ENSG00000163389	398.707497518836	0.523625942060467	0.181039211584504	2.89233441461411	0.00382390689748461	0.035353585180992	POGLUT1
ENSG00000163406	46.2235986050617	-1.33810978348274	0.382791687334963	-3.4956605061066	0.000472889946627	0.00792509505981524	SLC15A2
ENSG00000163516	1953.08870125941	-0.530075488345306	0.152430886491963	-3.47748084751351	0.00050614920966477	0.00833951911294853	ANKZF1
ENSG00000163644	159.380715675383	-0.65798451576578	0.166779601099747	-3.94523377815405	7.97221613748844e-05	0.0020437863188834	PPM1K
ENSG00000163710	83.3223489788945	-0.896827291156744	0.323532837312822	-2.77198227730314	0.00557160699208661	0.0454993516057857	PCOLCE2
ENSG00000163872	2814.22154159107	-0.889565747218407	0.320671511719816	-2.77407164249644	0.00553594854129721	0.0453261582409728	YEATS2
ENSG00000163964	344.269141768004	0.517620819153931	0.18384922682045	2.81546367154129	0.00487069034267695	0.0415254669680318	PIGX
ENSG00000164023	1602.9710395781	0.542445755284549	0.133092355972956	4.07570931718103	4.5874295692153e-05	0.00142046333833633	SGMS2
ENSG00000164045	512.594795212555	0.529008849044297	0.142816520412038	3.70411523483461	0.00021212981776557	0.0043203772884921	CDC25A
ENSG00000164105	299.043373105128	-0.747011298160426	0.265434204375135	-2.81429930976297	0.00488836900725366	0.0416277834624667	SAP30
ENSG00000164124	537.855237403872	-0.684351301201135	0.131307031599834	-5.21184046934164	1.86976307177169e-07	1.50649481782747e-05	TMEM144
ENSG00000164142	590.900034175374	-0.69850574705886	0.183260278557929	-3.81155017636876	0.000138098015273964	0.00312029167330879	FHIP1A
ENSG00000164171	4208.04354835681	0.650221056241044	0.1583361677077	4.1065857893024	4.01550365103231e-05	0.00127453128871727	ITGA2
ENSG00000164483	112.423688510386	0.661727558235401	0.223630045948199	2.95902795811561	0.00308611101381576	0.0304335789553425	SAMD3
ENSG00000164484	863.113488938213	0.648502286134886	0.140654784812024	4.61059527410723	4.01517570533649e-06	0.000202331740697781	TMEM200A
ENSG00000164543	749.37529915713	0.776285359859305	0.0890933897826241	8.71316448676312	2.95507383225962e-18	2.54901192213265e-15	STK17A
ENSG00000164603	261.022096116486	-0.702904703211101	0.13665600375327	-5.1436064563997	2.69513815340656e-07	2.08007925692389e-05	SAMTOR
ENSG00000164690	30.9364204550262	1.67235048558798	0.608766679046357	2.74711238829257	0.00601225282319137	0.047993290908698	SHH
ENSG00000164849	68.0670869823505	-0.991793870598052	0.316289563064737	-3.13571482089991	0.00171435820288185	0.0202194958303758	GPR146
ENSG00000164920	261.190515764714	-1.22899986576474	0.260880998568426	-4.7109596808845	2.46553014994355e-06	0.000136432204221782	OSR2
ENSG00000164938	1561.78204314896	0.855397745482293	0.0953679820900611	8.96944369310965	2.98015765800432e-19	3.64175265808128e-16	TP53INP1
ENSG00000164983	524.218368436374	-0.531242051714157	0.161320477469347	-3.29308504442717	0.000990944958827472	0.013747603478	TMEM65
ENSG00000165025	280.73173244903	0.600882235357749	0.174589844064601	3.44167920291752	0.000578115403176368	0.00921266222751207	SYK
ENSG00000165030	618.21847450174	-0.551969068446419	0.14572532833697	-3.78773597387316	0.000152026274510218	0.00337774740820884	NFIL3
ENSG00000165072	133.140967822125	0.697992571042783	0.223014831900333	3.1298033637275	0.00174923352081554	0.0205206082793912	MAMDC2
ENSG00000165185	1015.11061706841	-0.50326186649844	0.110038693981945	-4.57349908733934	4.79645769024677e-06	0.000232129556335903	KIAA1958
ENSG00000165271	992.900240236916	0.582681583940019	0.101704548855549	5.7291595164303	1.00929452117852e-08	1.19357216601305e-06	NOL6
ENSG00000165288	1660.89424789309	-0.599989043171877	0.0907384564646194	-6.61229060476496	3.78418186878987e-11	8.40776407938404e-09	BRWD3
ENSG00000165434	503.454547150028	-0.622295966836268	0.181496995743872	-3.4286846693289	0.000606513758223731	0.00950855432168198	PGM2L1
ENSG00000165507	328.483820013275	-0.80927432452959	0.188967466035291	-4.28261193055555	1.84712161386477e-05	0.000679164962961422	DEPP1
ENSG00000165617	54.9013363346966	-1.06898247241847	0.256443434552907	-4.16849226139156	3.06621169342558e-05	0.0010312598227613	DACT1
ENSG00000166016	458.15579659767	0.539707131557762	0.131094952647387	4.11691770475285	3.83973101167909e-05	0.00122938461911053	ABTB2
ENSG00000166147	100.47105677702	-0.909607105268025	0.307873554342632	-2.95448274929039	0.00313193662599863	0.0307472491203877	FBN1
ENSG00000166922	40.6726056996377	-1.18182031698302	0.346883813244753	-3.40696299988249	0.000656900313497954	0.0100278670517683	SCG5
ENSG00000166949	7079.89617730147	0.742478047071348	0.0746905237814279	9.94072620569798	2.76801770384203e-23	5.0410361683957e-20	SMAD3
ENSG00000166979	298.24442659001	0.660714971546494	0.167119904552338	3.95353846877991	7.70038768573583e-05	0.00200565692759556	EVA1C
ENSG00000167077	24.0515515971288	1.68856606555539	0.571539366894156	2.95441777655904	0.00313259616652068	0.0307472491203877	MEI1
ENSG00000167114	945.873435400504	0.718492553293405	0.108889031368484	6.59839236572876	4.1564006584866e-11	9.09693421732052e-09	SLC27A4
ENSG00000167196	1024.04052319657	0.608971506632971	0.0858474525798162	7.0936467924518	1.30623261022305e-12	4.25657666584683e-10	FBXO22
ENSG00000167207	252.827205860538	-0.702724304269437	0.214926145398838	-3.26960827853397	0.00107696510305544	0.0145420039329696	NOD2
ENSG00000167355	651.765340442693	-0.51559780808264	0.172324802040122	-2.9920116081874	0.00277145724548126	0.0282226729498175	OR51B5
ENSG00000167397	388.452690846153	-0.623897583520663	0.226525317506464	-2.75420686035617	0.00588345686790011	0.0472480895459404	VKORC1
ENSG00000167601	2748.52461335835	0.594483639661375	0.137460373578992	4.32476374232864	1.52695420805895e-05	0.000590798324722333	AXL
ENSG00000167619	154.992976070501	-1.11255351001747	0.25638251592993	-4.33942816257228	1.42853954577853e-05	0.000558616103981238	TMEM145
ENSG00000167656	19.330222283207	1.92510148243381	0.499314657664418	3.85548762265185	0.000115499174654067	0.00271423060437056	LY6D
ENSG00000167754	79.4557630639903	1.22513716353197	0.208644010802131	5.87190190038016	4.30823669624222e-09	5.72991446706866e-07	KLK5
ENSG00000167755	1303.21792107494	0.735205062278607	0.157899178775715	4.65616773930733	3.22149501789051e-06	0.000169928068137937	KLK6
ENSG00000167767	875.139502884792	1.60679245802858	0.530298461454057	3.0299775971871	0.00244571879260045	0.0261760863322841	KRT80
ENSG00000167771	418.871725965008	-0.78728546569493	0.196186568239401	-4.01294274506207	5.9966462128565e-05	0.00170416317956062	RCOR2
ENSG00000167772	1208.26669384037	-0.907344394126799	0.13374528803657	-6.78412232271466	1.16794342059075e-11	2.90283429144793e-09	ANGPTL4
ENSG00000168000	229.720760267014	-0.520726064630467	0.181129063262989	-2.8748896242808	0.00404168759827216	0.0366980228737232	BSCL2
ENSG00000168016	58.1392622911271	1.45702117398026	0.396846643166959	3.67149678362598	0.00024113411343006	0.00479131522945582	TRANK1
ENSG00000168491	62.3253153535241	-0.875526212597163	0.292748637367457	-2.99070977911404	0.00278329880507176	0.0282451859360362	CCDC110
ENSG00000168806	178.437229506372	0.591091879952477	0.196477574927145	3.00844450147381	0.0026258875795066	0.0274067867126944	LCMT2
ENSG00000168918	144.840818678588	0.976248835642789	0.228977746036357	4.26350967524932	2.01240782673099e-05	0.000734078317691124	INPP5D
ENSG00000169035	1084.15855464112	0.846348052477836	0.282283024619953	2.99822510977167	0.00271557010238176	0.027940489909127	KLK7
ENSG00000169087	165.864052386203	0.644398235411811	0.183647693464158	3.50888281391661	0.000449993127688526	0.00763738336160248	HSPBAP1
ENSG00000169126	455.721766886874	-0.856770424795726	0.132564554380114	-6.46304307212495	1.02618067439225e-10	2.00638845457173e-08	ODAD2
ENSG00000169306	66.3831264968499	-0.716584115921276	0.226539380319252	-3.16317681681404	0.00156057516500933	0.0188814143726871	IL1RAPL1
ENSG00000169403	207.666747529944	1.09194527790292	0.157151820548736	6.94834634489189	3.69592749922631e-12	1.06268785977754e-09	PTAFR
ENSG00000169499	1033.76370891832	-0.758409643016011	0.0969732964305175	-7.82080913954926	5.24848707995178e-15	2.85051164964492e-12	PLEKHA2
ENSG00000169710	42988.4042524766	-0.545310451648545	0.181814913922051	-2.99926139107782	0.00270635012687537	0.0279085219834742	FASN
ENSG00000169715	4030.01910746786	0.533199789772409	0.138114986155826	3.86054985496531	0.000113132154106031	0.00266891711620099	MT1E
ENSG00000169991	1547.44212430863	0.863206092716332	0.189937259726113	4.54469067291516	5.50159864086177e-06	0.000257749017474751	IFFO2
ENSG00000170345	548.583875155611	-1.57864180715152	0.313892006105284	-5.02925138724948	4.92398480756215e-07	3.50511229214036e-05	FOS
ENSG00000170379	63.1100890843586	-1.18225584741442	0.420907715692563	-2.80882436538169	0.00497227648059998	0.0420492862234822	TCAF2
ENSG00000170425	1723.37998777989	0.820048460749551	0.176377189884687	4.64940200762744	3.32898798902381e-06	0.000173107375429238	ADORA2B
ENSG00000170855	814.949836839807	0.594192176427465	0.105052480162194	5.65614610440491	1.54809698236782e-08	1.73292321751463e-06	TRIAP1
ENSG00000170949	1128.23772490482	-0.635014827996977	0.124000976876213	-5.12104697877416	3.03843931767159e-07	2.32060802887168e-05	ZNF160
ENSG00000171435	1680.2069275448	-0.618032940565209	0.154790586730052	-3.99270364962846	6.53241884070006e-05	0.00180398097702497	KSR2
ENSG00000171517	651.301247662914	-0.523027943274846	0.108145432716236	-4.83633871665411	1.32252486201396e-06	8.32339252213418e-05	LPAR3
ENSG00000171574	273.126930496585	0.568877109266303	0.146854571321616	3.87374464510503	0.000107175712278225	0.0025722170946774	ZNF584
ENSG00000171793	1203.9923736197	0.583391686601094	0.123281456077595	4.73219334977598	2.22106693046963e-06	0.000127724413601594	CTPS1
ENSG00000171951	1175.36561026175	-0.536674619119813	0.168433975781679	-3.18626106537697	0.00144124480025112	0.017956171411115	SCG2
ENSG00000171954	87.8719939047622	-0.788367356694967	0.257642988869919	-3.05992163867112	0.00221394909543364	0.0243406462799338	CYP4F22
ENSG00000172059	433.776015154483	-0.564623381951781	0.128258360368937	-4.40223452356349	1.07141650129787e-05	0.000438861775838881	KLF11
ENSG00000172086	147.791527524752	1.19025388614378	0.212163728643501	5.61007243676303	2.02241944795963e-08	2.22983148758497e-06	KRCC1
ENSG00000172183	107.635188635796	-0.713638868768522	0.219444968978429	-3.25201745153096	0.00114588985948716	0.01523420571126	ISG20
ENSG00000172197	571.467377832384	-0.838118706380538	0.17004840243095	-4.92870673525361	8.27757148174387e-07	5.46767154091406e-05	MBOAT1
ENSG00000172508	84.3671443902841	0.909850327761732	0.238457132559234	3.81557187238138	0.000135867900800862	0.00308966887408035	CARNS1
ENSG00000172667	1667.4558779085	0.938555915840643	0.125859844338861	7.4571514113247	8.84130836793697e-14	3.50402556506562e-11	ZMAT3
ENSG00000172831	1109.60392153742	0.678926242444085	0.100048535400653	6.78596882728232	1.15310048892152e-11	2.90283429144793e-09	CES2
ENSG00000173156	630.50419041697	0.511351475231896	0.129201117648731	3.9577945186368	7.5644987464721e-05	0.00197722067236168	RHOD
ENSG00000173221	686.81833071102	-0.507270193002806	0.149665926134619	-3.38934990818508	0.000700585500943005	0.0104830467202329	GLRX
ENSG00000173535	293.715700238378	0.92667056915358	0.13481762049585	6.87351227343538	6.26401172675574e-12	1.70102718446567e-09	TNFRSF10C
ENSG00000173727	113.73056088043	-0.675427085094351	0.229590379248756	-2.94187886837602	0.00326227508170232	0.0315559871660866	FAUP4
ENSG00000173890	310.379309460792	-0.630272736411129	0.180821159106195	-3.48561384921205	0.000491009233474456	0.00815360731365011	GPR160
ENSG00000174307	856.588077654148	0.692616506029432	0.100997405056415	6.85776536181845	6.99460175472062e-12	1.86488800238588e-09	PHLDA3
ENSG00000174808	207.974861000126	0.900310082519851	0.295387862765685	3.0478912508129	0.00230453309757218	0.0250694906103846	BTC
ENSG00000174840	1235.00987407153	0.503692447220947	0.0840818295410827	5.99050294183764	2.09193091184688e-09	3.03759330039368e-07	PDE12
ENSG00000175197	349.659943070533	-1.23827591194221	0.145500446772992	-8.51046123503772	1.73242820032687e-17	1.20972986331396e-14	DDIT3
ENSG00000175283	286.119275674526	0.648589650657315	0.172124117623127	3.76815091117811	0.000164461272112503	0.00357282976927074	DOLK
ENSG00000175305	244.116270309666	0.643256510076023	0.168439485189177	3.81891757359369	0.000134038537615622	0.00307115799311793	CCNE2
ENSG00000175318	169.991347608687	0.523007403829768	0.182301177846342	2.86891949908629	0.00411876612132463	0.037122056793549	GRAMD2A
ENSG00000175505	867.867745176786	0.82238326731844	0.206826208547724	3.97620433644742	7.00239632214255e-05	0.00186706482193706	CLCF1
ENSG00000176022	436.445692354431	0.610117860776901	0.133747331341094	4.56171988374799	5.07363056212721e-06	0.000242945022715526	B3GALT6
ENSG00000176383	151.868644922246	-0.765611911318343	0.263489792449756	-2.9056606109868	0.003664787130074	0.0342932263807847	B3GNT4
ENSG00000176396	287.813245741509	0.688725630224429	0.141097477353852	4.88120442080765	1.05439872188438e-06	6.78144862180374e-05	EID2
ENSG00000176438	102.721112688489	-0.907957420376948	0.238902703678892	-3.80053220995494	0.000144385647766949	0.00324734837247628	SYNE3
ENSG00000176697	622.010421255859	0.810598088194382	0.161325408084813	5.0246151416411	5.04443085515279e-07	3.57350406086766e-05	BDNF
ENSG00000177076	227.330008639768	0.994938905781007	0.165036299090659	6.02860650210328	1.65379400257165e-09	2.55276160565376e-07	ACER2
ENSG00000177494	419.083100684844	1.21930175590972	0.161800930023004	7.5358142609957	4.85296939365749e-14	2.09305715260569e-11	ZBED2
ENSG00000178038	1434.689539438	0.629753166688813	0.0974014225499642	6.46554383090008	1.00935140682811e-10	2.00015257158478e-08	ALS2CL
ENSG00000178127	153.26738956853	-0.550248761532375	0.177011258877883	-3.10855233175863	0.00188006347359766	0.0215384771694032	NDUFV2
ENSG00000178409	234.180412218765	0.642562557194607	0.163130966962451	3.93893672770609	8.18435082798231e-05	0.00209085924288384	BEND3
ENSG00000178537	130.428416822893	0.598596863284379	0.188411574855241	3.17707053690458	0.00148770847589359	0.0183102042834767	SLC25A20
ENSG00000178538	87.9977047711229	-0.83951046335607	0.300994105563043	-2.78912592585716	0.00528505111230842	0.0438258668557646	CA8
ENSG00000178685	129.271415742257	0.677802842855454	0.206276110021413	3.28590083837189	0.00101656790163196	0.0139709013210225	PARP10
ENSG00000178814	1218.22470232933	0.553508686858194	0.0970440992139215	5.70368205116783	1.1724668735959e-08	1.33279490189227e-06	OPLAH
ENSG00000178826	109.346917730622	0.740636118658119	0.202621612232411	3.65526712821036	0.000256914324761338	0.00504545670763042	TMEM139
ENSG00000178878	158.487701041343	-0.69227191769442	0.239362125498597	-2.89215311842841	0.00382611427183813	0.035353585180992	APOLD1
ENSG00000178896	490.207213395189	0.513935101975182	0.109837211692948	4.67906180477249	2.88190569627863e-06	0.000154234544270912	EXOSC4
ENSG00000179041	726.146717226233	0.639813898628623	0.139851073676857	4.57496593917463	4.76297468699479e-06	0.000231272386788383	RRS1
ENSG00000179094	5427.69986693474	-0.588056194243386	0.102230967932992	-5.7522315021886	8.80730793005343e-09	1.06735837591986e-06	PER1
ENSG00000179148	143.040790421929	0.502585531395923	0.174367647951948	2.88233245845254	0.00394742997618376	0.0362196622219341	ALOXE3
ENSG00000179163	852.391292862381	0.672222526754765	0.177180242669686	3.79400387213589	0.000148237360187048	0.00330860372874106	FUCA1
ENSG00000180008	1461.76992018905	0.53840121537284	0.0920925954816416	5.84630297970229	5.02618230042215e-09	6.52247232330888e-07	SOCS4
ENSG00000180035	518.11975983134	0.58565794104712	0.104509599028655	5.60386745801734	2.09621025947215e-08	2.26020788565438e-06	ZNF48
ENSG00000180155	174.797632519635	1.71368754277104	0.44952837835808	3.81218989784439	0.000137740985044539	0.00312029167330879	LYNX1
ENSG00000180535	98.8820797637621	0.94798623593138	0.262449224266389	3.61207482544953	0.000303756884418278	0.00560288170202468	BHLHA15
ENSG00000180626	125.989924200868	0.952529854402978	0.177922595120345	5.35361938577107	8.62121077492395e-08	7.75591624561257e-06	ZNF594
ENSG00000180801	66.0167113153584	-0.878994581274901	0.243786168392242	-3.60559660571322	0.000311436604362065	0.00570863295795665	ARSJ
ENSG00000180815	72.4967142213246	-0.901090519129123	0.294967030458485	-3.05488555018676	0.00225146421591724	0.0246384113897092	MAP3K15
ENSG00000180921	5809.54447648551	0.698570670560201	0.079024406920769	8.839935632299	9.57737634844748e-19	9.15915465459912e-16	FAM83H
ENSG00000181026	1882.29541177585	0.604032060659158	0.067666729186433	8.92657392963314	4.39405898399904e-19	4.95649853395092e-16	AEN
ENSG00000181027	532.18294312578	0.635546725346331	0.0975926043669674	6.51224269983154	7.40369656682685e-11	1.50788620077707e-08	FKRP
ENSG00000181638	297.418338052842	0.513607028847709	0.134585245618978	3.81622091251943	0.000135511189745194	0.00308966887408035	ZFP41
ENSG00000181690	43.1175065265113	-0.855820931001701	0.260586790291026	-3.28420688572093	0.00102269818088204	0.0140419907532342	PLAG1
ENSG00000181722	762.57698400486	-0.688562664716982	0.0911139085275278	-7.55716307032257	4.11955375008956e-14	1.88778550597854e-11	ZBTB20
ENSG00000181938	280.747541588464	0.517872236361413	0.169631532487291	3.05292435178709	0.00226623059998683	0.0247261945819992	GINS3
ENSG00000181982	235.430686192914	0.540311700642724	0.185496153988957	2.91279193138899	0.00358213195803047	0.0336936388919557	CCDC149
ENSG00000182057	28.6105044954447	1.9386347807111	0.416740185972567	4.65190266253496	3.28886322622702e-06	0.000171629503022751	OGFRP1
ENSG00000182372	1102.83880794049	0.519704748070409	0.128832015185782	4.03397204740585	5.48418447100628e-05	0.00159880876904247	CLN8
ENSG00000182389	92.4740312386726	-0.771018370762492	0.276103962670663	-2.79249295556892	0.00523036064453888	0.0435536675136389	CACNB4
ENSG00000182459	33.7903381556615	-1.05475094748396	0.352467947950442	-2.99247336847849	0.00276726809874833	0.0281995965253964	TEX19
ENSG00000182473	3872.7663169687	0.568400645501053	0.137423690954151	4.13611831813402	3.53230111599869e-05	0.00114343628178819	EXOC7
ENSG00000182504	675.362529655886	-0.536914420551432	0.101769061364206	-5.27581185631603	1.32169636428331e-07	1.12196260310789e-05	CEP97
ENSG00000182612	62.2661994081685	0.741162488170367	0.245524100239322	3.01869546593563	0.00253865576738771	0.0268868411857276	TSPAN10
ENSG00000182795	1535.99756856575	0.785977975303136	0.0858783028345211	9.15222995053403	5.57702209137484e-20	7.43467744981096e-17	C1orf116
ENSG00000183087	2197.81543678442	0.657237926702461	0.123406237622274	5.32580799290031	1.00505256290418e-07	8.82520406133344e-06	GAS6
ENSG00000183248	570.431799265962	-0.5001441240297	0.160202248410381	-3.12195446064221	0.00179654726090587	0.0209263434231789	PRR36
ENSG00000183298	171.323365521178	-0.51170884409768	0.172831913477915	-2.96073123186863	0.00306909638670597	0.0303269739990945	RPSAP19
ENSG00000183666	68.1026249091619	-0.67418118096607	0.240793034448449	-2.79983672497139	0.00511284604294628	0.0429162990118857	GUSBP1
ENSG00000183696	402.263404677179	-0.559144861991502	0.132274387509638	-4.22715895736627	2.3666048530779e-05	0.000831102726254383	UPP1
ENSG00000183760	156.178087813022	0.961277203471716	0.259748887925531	3.7007942984815	0.000214925653000323	0.0043712479550579	ACP7
ENSG00000183775	32.3313292707961	-1.23450759484073	0.398998057529365	-3.09401905985439	0.00197464800242603	0.0222911765262319	KCTD16
ENSG00000184182	135.4574077013	0.660031399015459	0.231268837199198	2.8539573554692	0.00431783269034601	0.03830411286826	UBE2F
ENSG00000184254	25008.578996782	1.61340729217225	0.162484083054314	9.92963287138054	3.09392563526741e-23	5.0410361683957e-20	ALDH1A3
ENSG00000184319	266.826174920349	0.556101435451212	0.1506719910271	3.69080830259414	0.000223542563392163	0.00449660925868681	RPL23AP82
ENSG00000184857	198.500149884367	0.53126149820039	0.142789246184739	3.72059880134847	0.000198750966137638	0.00409913385012986	TMEM186
ENSG00000184985	21.388510777057	1.37060842258357	0.477652509390219	2.86946764779549	0.00411163392323586	0.0371033845232804	SORCS2
ENSG00000185088	1437.07261905167	0.822735919556571	0.111165542517362	7.40099765561865	1.35165119025636e-13	5.08220847536391e-11	RPS27L
ENSG00000185100	227.043218631646	0.561843398453826	0.159187917706695	3.52943493795193	0.000416448089017002	0.00718446444393567	ADSS1
ENSG00000185432	75.3008695813336	1.10777546806403	0.382790993824743	2.89394339452827	0.00380436738405069	0.035196998939886	TMT1A
ENSG00000185477	43.9654104074164	-0.87593725985257	0.306702276652835	-2.85598551602559	0.00429034705671112	0.0381989370003715	GPRIN3
ENSG00000185551	3153.03657785198	0.965750293132029	0.0792254051157679	12.1899066558363	3.51824140818239e-34	1.71971640031955e-30	NR2F2
ENSG00000185920	350.670639710075	-0.932685984293452	0.132230529477274	-7.05348445612743	1.74492008819832e-12	5.44415067517875e-10	PTCH1
ENSG00000186153	126.360173620311	-0.624015252812995	0.177661328626925	-3.51238650321803	0.000444101641055855	0.00755487988914507	WWOX
ENSG00000186166	683.012803843921	0.674634420519344	0.113856412900485	5.92530893370935	3.11710822035615e-09	4.48130146502966e-07	CENATAC
ENSG00000186314	300.919202118269	-0.670857558320374	0.172322863144808	-3.89302699640403	9.90011303769537e-05	0.00242767989272182	PRELID2
ENSG00000186352	126.288078179453	-1.99913114153217	0.206460929819443	-9.68285449106753	3.56617318257221e-22	5.2294363549239e-19	ANKRD37
ENSG00000186480	2540.87364748356	-0.689620059493124	0.160430162750605	-4.29856859626306	1.71904699592608e-05	0.000644708571566754	INSIG1
ENSG00000186567	251.755139114611	0.744718593101397	0.199889389289768	3.72565345137866	0.000194809896533536	0.00402918522252155	CEACAM19
ENSG00000187231	506.927109887674	-0.770174451061116	0.168951822857501	-4.55854478534218	5.15092814546528e-06	0.000244444046359556	SESTD1
ENSG00000187325	261.091127360606	0.803641752817702	0.273117895709846	2.94247197068138	0.00325603260153737	0.0315559871660866	TAF9B
ENSG00000187486	114.340148912683	-0.536585019313842	0.193623852607863	-2.77127539859751	0.00558371787748531	0.0454993516057857	KCNJ11
ENSG00000187994	1243.05764270355	0.723320150285585	0.106139513139141	6.81480561661674	9.43913071910056e-12	2.47170380115876e-09	RINL
ENSG00000188051	112.865925179824	0.620223839311815	0.223263726334069	2.77798749262016	0.00546967235959864	0.0449592351351762	TMEM221
ENSG00000188153	1638.7293131779	0.593892833567679	0.0760902584339938	7.8051099548159	5.94496904179768e-15	3.00610434582487e-12	COL4A5
ENSG00000188177	507.618859191438	-0.587533646467251	0.118485794309695	-4.95868428692447	7.09721949775393e-07	4.84063380070063e-05	ZC3H6
ENSG00000188549	1017.82489551011	0.879859412914955	0.127529147389398	6.89928091676475	5.22664256501542e-12	1.47391320333435e-09	CCDC9B
ENSG00000188613	42.1922593594156	1.23595669981134	0.360714201786862	3.42641541056274	0.000611604226561921	0.00955118677135676	NANOS1
ENSG00000188690	581.146018694317	0.561769676008975	0.164276030188941	3.41966917122881	0.000626973345013848	0.00970848693905287	UROS
ENSG00000188760	92.6464455325108	0.683717116388947	0.235480452587299	2.90349839605254	0.00369018861052172	0.0344229807790652	TMEM198
ENSG00000188878	158.876709800142	0.504275220224797	0.159051102982742	3.17052325175962	0.00152164654105354	0.0185945207316742	FBF1
ENSG00000188994	3002.20081124973	-0.775942913373581	0.164956691225839	-4.70391899599424	2.55214539141102e-06	0.000140167265991203	ZNF292
ENSG00000189433	185.442772546848	0.700394115450828	0.194432791718139	3.60224275577014	0.000315483539890509	0.0057612087533679	GJB4
ENSG00000196072	975.990580704537	0.612141187149427	0.0901868103519131	6.78748017321849	1.1410893454694e-11	2.90283429144793e-09	BLOC1S2
ENSG00000196110	246.669333731961	-0.524218879728606	0.168819653168501	-3.1052005491646	0.00190150050123886	0.021742821875754	ZNF699
ENSG00000196159	206.080276155071	-0.713760349779875	0.257737070333656	-2.76933523321216	0.00561708070799025	0.0457096956170749	FAT4
ENSG00000196391	79.8829069293025	0.615120728435381	0.224474190027407	2.74027374087096	0.00613880324207614	0.048923592794459	ZNF774
ENSG00000196421	72.4103647036115	-0.863821051030317	0.29268551850542	-2.95136245701996	0.00316375416828125	0.0308876771795447	C20orf204
ENSG00000196562	441.235326803545	1.45177027090396	0.194296094961902	7.47194775679164	7.90163810472246e-14	3.31056060479e-11	SULF2
ENSG00000196584	462.329624885841	0.562722634309845	0.127624602463027	4.40920185802628	1.037522851236e-05	0.000427366154228224	XRCC2
ENSG00000196968	1080.53075655971	-0.959615516922984	0.209460284315783	-4.5813721682735	4.61934933208175e-06	0.000226548958547314	FUT11
ENSG00000197191	122.557714316485	1.05459204688784	0.216107483458723	4.87994228616922	1.06116889755897e-06	6.7951880846309e-05	CYSRT1
ENSG00000197362	296.883632554682	0.563215620709517	0.129087217061183	4.36306269150238	1.28254170870632e-05	0.000508302476120796	ZNF786
ENSG00000197444	328.503595217781	-0.699196803697449	0.203147706700887	-3.44181489937733	0.000577825492451376	0.00921266222751207	OGDHL
ENSG00000197558	191.209963560926	0.68468834439592	0.207708304562989	3.29639368939283	0.000979346718353349	0.0136512740284539	SSPOP
ENSG00000197774	1190.18349995144	0.546873448087982	0.0936922485251217	5.8369124094759	5.31770328130573e-09	6.78076529713628e-07	EME2
ENSG00000197782	316.205530602939	0.51722830688254	0.142878001732862	3.62006957410838	0.000294523811522793	0.00548083397483533	ZNF780A
ENSG00000197798	232.842069138196	0.732413680828281	0.19983622775751	3.66506958746751	0.000247271340287521	0.00489998234321109	FAM118B
ENSG00000197852	267.480357928809	1.26858894077546	0.14762816061076	8.59313653660057	8.46268773873818e-18	6.20484265004283e-15	INKA2
ENSG00000197982	522.478812147709	0.778059792864285	0.196990835689669	3.94972583440383	7.82407602654885e-05	0.00201953732026037	C1orf122
ENSG00000198121	376.444468758893	0.679491776208612	0.204589904132952	3.32123805956254	0.000896190608106441	0.0126728438546508	LPAR1
ENSG00000198156	23.8581524672961	1.05390424990375	0.374739332724254	2.81236624466973	0.00491784721351933	0.0417575631378387	NPIPB6
ENSG00000198157	104.915710233539	0.788910323062188	0.261550612461473	3.01628168880085	0.00255895412614054	0.027026764200929	HMGN5
ENSG00000198223	57.498387359223	0.978062958243809	0.259969184654622	3.76222650981961	0.000168407419779357	0.00360233507648577	CSF2RA
ENSG00000198246	185.25499644196	0.610386902485677	0.141483490471858	4.31419171558456	1.60187893314978e-05	0.000611717517596574	SLC29A3
ENSG00000198265	3827.77909586222	-0.713202510810439	0.144393944936736	-4.939282676451	7.84104766602704e-07	5.25027958788222e-05	HELZ
ENSG00000198520	108.350883055806	1.23495437925146	0.310460050263168	3.97782058659278	6.95498171226235e-05	0.00186109218665356	ARMH1
ENSG00000198546	492.001442175589	-0.617630244817012	0.145435622233256	-4.24676042452948	2.16883654536592e-05	0.000771937356826357	ZNF511
ENSG00000198551	396.037504992983	-0.517635391917985	0.11345894093874	-4.56231468084539	5.05927433619457e-06	0.000242945022715526	ZNF627
ENSG00000198576	413.21889879804	0.570500148622215	0.136487594684817	4.17986814068809	2.91678173817929e-05	0.000992382538484016	ARC
ENSG00000198753	236.01488537544	0.835771827063518	0.151417048869247	5.51966791919998	3.39640899828753e-08	3.43482355523368e-06	PLXNB3
ENSG00000198890	151.053873881366	0.865720528304718	0.183694464981875	4.71282860041613	2.4430167751489e-06	0.000135698477237816	PRMT6
ENSG00000198948	340.661640962544	0.559277713503031	0.126562629642695	4.41897987646081	9.91678797336462e-06	0.000416675584072833	MFAP3L
ENSG00000203867	166.90599581088	-0.619586936436897	0.208370753831273	-2.97348320263123	0.00294440522051901	0.0294923211432314	RBM20
ENSG00000204175	165.634838434498	0.697058603835126	0.154510284005134	4.51140588034882	6.43993577873969e-06	0.000292369096778448	GPRIN2
ENSG00000204822	39.3032021072371	1.20365703879411	0.28299221775478	4.2533220466052	2.10622327075898e-05	0.000760463601285777	MRPL53
ENSG00000204947	112.747099008944	0.701858951682718	0.180773691354916	3.88252818439573	0.000103376029941509	0.00251811645026957	ZNF425
ENSG00000205100	89.6912660304488	-0.545287946513612	0.190271687192736	-2.86583860457001	0.00415906225199923	0.0372790274225652	HSP90AA4P
ENSG00000205189	1149.05094490243	-0.744072600804001	0.137095701793157	-5.42739554247018	5.71823120201754e-08	5.51658831226219e-06	ZBTB10
ENSG00000205592	62.212409587428	1.36481028651939	0.435538634822719	3.13361474137632	0.00172667395515455	0.0203046887557228	MUC19
ENSG00000205913	67.7669065278832	1.40335580194618	0.2797991552726	5.0155826974493	5.28729761769899e-07	3.72754482047779e-05	SRRM2-AS1
ENSG00000206075	1364.46409679353	0.749676174756056	0.106089181131831	7.06647149839414	1.58922795041696e-12	5.06618231845965e-10	SERPINB5
ENSG00000206195	146.54370148091	0.763181377116635	0.194508786846941	3.92363445111189	8.72230510021943e-05	0.00219389162932449	DUXAP8
ENSG00000206417	224.342608233577	-0.706468531406686	0.139819680200329	-5.05271168117737	4.35581177909115e-07	3.14648393736909e-05	H1-10-AS1
ENSG00000206712	51.7339423620465	1.40779421268172	0.322273405597835	4.36832263608654	1.25204437669311e-05	0.000498912465756189	RNU6-26P
ENSG00000210077	39.0161464671434	0.895853499205293	0.307521320393505	2.91314273123879	0.00357811013543678	0.0336774114416206	MT-TV
ENSG00000210082	255581.151577355	-0.500317947518054	0.100822796371433	-4.96234944401732	6.96455479374329e-07	4.79475265236862e-05	MT-RNR2
ENSG00000210195	72.2157856836487	0.615253734630347	0.222971152336494	2.75934231035343	0.00579178316231056	0.0466908786652677	MT-TT
ENSG00000213145	61.8948721557633	-0.769826341386117	0.251004585179658	-3.06698119014483	0.00216232463641301	0.0239488885712691	CRIP1
ENSG00000213347	819.426779385513	-0.511262482660042	0.140718664283584	-3.63322438613913	0.000279901405447845	0.00533048598634702	MXD3
ENSG00000213390	1177.8702075806	-0.594212817851078	0.191797724299031	-3.09812235793081	0.00194751002598686	0.0220911699466302	ARHGAP19
ENSG00000213398	296.164536726321	0.720479381301323	0.145529639820798	4.95073980935092	7.39318932938472e-07	4.99602434682477e-05	LCAT
ENSG00000213672	1555.8119169509	-0.556457106134046	0.201366924556147	-2.76339874267132	0.00572028378618646	0.0462725665701561	NCKIPSD
ENSG00000213901	326.61631931608	0.503238197761379	0.132889180641718	3.78690120091986	0.000152537715927812	0.00337921665578768	SLC23A3
ENSG00000214922	146.748254448731	-0.722022722353051	0.235314784574993	-3.06832706519954	0.00215260879161254	0.0238760145520948	HLA-F-AS1
ENSG00000218537	76.396642110115	-0.949869670251008	0.330385376652673	-2.87503545064462	0.00403982136802998	0.0366980228737232	MIF-AS1
ENSG00000219891	40.6591164522173	-1.30531149560522	0.323374292662025	-4.03653452121955	5.42465467949993e-05	0.00158776719002369	ZSCAN12P1
ENSG00000221817	116.417015586814	0.52001223205204	0.182535904209492	2.84882162938879	0.00438814746731954	0.0387141211029236	PPP3CB-AS1
ENSG00000221818	39.208412206083	-0.95845563141355	0.324743726704057	-2.95142154443218	0.00316314892864841	0.0308876771795447	EBF2
ENSG00000221930	63.9508076643235	0.778786799777131	0.255917020553332	3.04312232962572	0.00234137132432035	0.0253948735945515	DENND10P1
ENSG00000222009	946.097017185795	0.695580544875313	0.181251155331673	3.83766130264088	0.000124211642249664	0.00287747159865572	BTBD19
ENSG00000223459	124.18500342475	-0.597707383048846	0.187301228863719	-3.19115569435873	0.00141704895366562	0.0177598474644833	TCAF1P1
ENSG00000223764	69.4317664681173	1.20688829522809	0.312456907836993	3.86257517423079	0.000112198023366958	0.00265366421718238	LINC02593
ENSG00000223839	65.9554524575337	-0.6666519840248	0.21988763072592	-3.03178483402622	0.00243112430874177	0.0260599465375652	FAM95B1
ENSG00000224818	35.0136513210842	0.959864824635435	0.30935571397936	3.10278679610708	0.00191707695631424	0.0218792466522413	ENSG00000224818
ENSG00000224877	755.932290541628	0.578452111143475	0.0982206433078665	5.8893129963561	3.87804352842807e-09	5.27790874061919e-07	NDUFAF8
ENSG00000225339	60.3531253192615	1.44621626097841	0.345829342856404	4.18187840578615	2.89110583771783e-05	0.000988232540892638	SMIM29-AS1
ENSG00000225614	745.675121594424	0.843254497309883	0.168214282774268	5.01297799094429	5.35940290979295e-07	3.76030068273702e-05	ZNF469
ENSG00000226180	61.7960266025994	0.9348228628845	0.256628579741313	3.64270754187559	0.000269785300153416	0.0052122946527664	ENSG00000226180
ENSG00000226328	96.3807642517386	0.588659556424808	0.201371820392421	2.9232469333478	0.00346401681130924	0.032814174755193	NUP50-DT
ENSG00000228672	69.8341855920657	0.684800914855602	0.23186409516879	2.95345820730496	0.00314235154336062	0.0308223699209633	PROB1
ENSG00000228705	56.5708919097289	-1.10633372170559	0.25080299556794	-4.41116629887258	1.02815313394348e-05	0.000424699649468936	LINC00659
ENSG00000229180	171.565220555442	0.510656785518284	0.163664729970927	3.12013948032051	0.0018076542288683	0.021004311895503	RABGEF1P1
ENSG00000229358	89.0560897418657	-0.731451740395642	0.191562929223129	-3.81833658193679	0.000134354538222691	0.0030735958634907	DPY19L1P1
ENSG00000229619	54.5817410361454	1.22819124883436	0.409246810302137	3.00110157957644	0.0026900481139249	0.0278200521036688	MBNL1-AS1
ENSG00000230316	260.247604307121	-0.601345335829673	0.214223017928941	-2.8070995434727	0.00499897914671678	0.0422020899294501	FEZF1-AS1
ENSG00000230487	56.9806928759556	1.20113592301828	0.331046889467256	3.62829545068746	0.000285298660483429	0.00537740302998586	PSMG3-AS1
ENSG00000230606	127.255293167014	0.8993254990131	0.222481859925131	4.04224191273724	5.29425705797657e-05	0.00156838354541754	APPAT
ENSG00000232187	439.084408923416	0.554194522388181	0.135562734821879	4.08810373379054	4.34913680570037e-05	0.00136857815705559	FTH1P7
ENSG00000232931	251.776835662717	0.53974977683151	0.176338944432385	3.06086541784008	0.00220698270728005	0.0242966925071732	LINC00342
ENSG00000233184	89.98121385413	0.637288023524796	0.210723263733744	3.0242888812221	0.00249218343605168	0.0265098989256917	DPH5-DT
ENSG00000233198	24.2266906979488	1.44293212999222	0.513025961891155	2.81259085733824	0.0049144137541774	0.0417525859161399	RNF224
ENSG00000233493	119.265089501532	0.830380042998721	0.222033242584579	3.73989062778473	0.000184100342893047	0.00386215654961895	TMEM238
ENSG00000233559	212.245881389685	0.606772368356329	0.147168989146585	4.12296348486815	3.74029009010943e-05	0.00120809722205649	LINC00513
ENSG00000233589	240.371793109706	0.78731259214563	0.254398021647487	3.09480626872401	0.00196941488266271	0.0222663838391411	DEPDC1-AS2
ENSG00000233593	51.3167994356228	-0.834427377585332	0.2950085031309	-2.82848585288094	0.00467687681313523	0.0405569021808486	LINC02609
ENSG00000233695	318.77478796216	0.535714436047028	0.191497601720849	2.79749945290675	0.00514998544331012	0.0430912208059311	GAS6-AS1
ENSG00000234420	476.973730863177	0.755491290320001	0.148978969223067	5.07112711451775	3.95466504280926e-07	2.92884889837147e-05	ZNF37BP
ENSG00000234546	36.9512174450875	1.30332214948169	0.303241364190088	4.29796954964461	1.72369835757793e-05	0.000644803895804151	LNCTAM34A
ENSG00000234975	284.244282098659	0.721734027208288	0.19823056583113	3.64088163791615	0.000271706033178229	0.00523541689269385	FTH1P2
ENSG00000235523	30.282977271534	3.50301773481841	0.469114857917846	7.46729223279447	8.18618340562344e-14	3.33450537389061e-11	ENSG00000235523
ENSG00000235706	131.307357046655	-0.662042968698678	0.170011038350213	-3.89411755332562	9.85568499833619e-05	0.00242489538281211	DICER1-AS1
ENSG00000235750	2522.03733496984	-0.635844737747104	0.0876499850156727	-7.25436219565136	4.03558900495042e-13	1.44336285777056e-10	KIAA0040
ENSG00000236017	59.8448814036721	0.963661653738257	0.245571660519233	3.92415660545156	8.70341072722612e-05	0.00219290059972584	ASMTL-AS1
ENSG00000236333	191.034162595065	0.704639865457038	0.173662060926709	4.05753485647287	4.95934172745107e-05	0.00149637421998647	TRHDE-AS1
ENSG00000237172	151.120591979661	0.694109406602889	0.191917409989222	3.61670890953493	0.000298372521450649	0.00553139652914325	B3GNT9
ENSG00000238227	946.984231659078	0.598519032070339	0.0911587855759151	6.56567579623914	5.17974034866944e-11	1.09821908711932e-08	TMEM250
ENSG00000239521	193.041823829451	0.84092006932219	0.155323214780923	5.4140011878345	6.16317567752478e-08	5.8307618151757e-06	CASTOR3P
ENSG00000239653	103.513810036197	-0.810600325356447	0.180195266289635	-4.49845515949092	6.84490294538261e-06	0.000306017246314301	PSMD6-AS2
ENSG00000240891	394.611911170461	0.716259960364776	0.121296747089587	5.90502200224515	3.52599688818115e-09	4.92430651126556e-07	PLCXD2
ENSG00000242265	359.70358876866	-0.746240913437973	0.120111940585778	-6.21287866800426	5.20226190754858e-10	8.97481983674027e-08	PEG10
ENSG00000242498	245.199203266712	0.554035617230843	0.145991546641613	3.79498423008638	0.000147652840962186	0.00330562024407557	ARPIN
ENSG00000242574	23.8827395262043	1.07569868001867	0.369863185335256	2.90836915559363	0.00363319178243346	0.0340646574792866	HLA-DMB
ENSG00000242612	222.691166453985	0.600114005811898	0.142652331396005	4.20682928865685	2.58978621415499e-05	0.000899920024748075	DECR2
ENSG00000242960	114.067531745396	0.696996894192006	0.202818846727768	3.43654894718707	0.000589175884313063	0.00934018937034244	FTH1P23
ENSG00000243364	104.964158036942	-0.786620409537559	0.18809210160656	-4.18210229360382	2.88825958771961e-05	0.000988232540892638	EFNA4
ENSG00000243477	339.58988310308	-0.697858173480494	0.162288430897406	-4.30011042451731	1.70713025011736e-05	0.000641880974044126	NAA80
ENSG00000243629	21.163691957668	2.05398748915055	0.495705323347934	4.14356552654743	3.41947305373772e-05	0.00111677400579087	LINC00880
ENSG00000244041	97.6246448958831	-1.05261244805322	0.22611175641409	-4.65527518226656	3.2354827948686e-06	0.000170054192487287	LINC01011
ENSG00000244045	188.315064654971	0.573749489468103	0.180178758421682	3.18433479336851	0.00145087101831324	0.0180454390267561	VMA12
ENSG00000244509	2210.23283851714	0.54398382531607	0.0816961652592695	6.65862129011433	2.76408133762894e-11	6.23576749769088e-09	APOBEC3C
ENSG00000244694	74.8834871287455	1.27717870682205	0.267158208945996	4.78060813426184	1.74765724512407e-06	0.000102510583369997	PTCHD4
ENSG00000245149	64.5720644931392	-0.709026269584011	0.237544922805062	-2.98480919403132	0.00283755263367986	0.0286569365153453	RNF139-DT
ENSG00000245573	53.8015443555499	0.883503077514383	0.300131547310155	2.94371946379023	0.00324293807596784	0.0314930092357565	BDNF-AS
ENSG00000247092	142.874755082739	-0.649713856406018	0.214838864584895	-3.02419144534848	0.00249298626694823	0.0265098989256917	SNHG10
ENSG00000247626	462.577667813968	0.728966814569195	0.139360945830376	5.23078262870332	1.68793895463529e-07	1.37510760170955e-05	MARS2
ENSG00000248019	92.0201669559914	-1.15407909699035	0.379881561669392	-3.03799713763085	0.0023815621675845	0.0256977392387484	FAM13A-AS1
ENSG00000248098	41.4579096597996	-0.869467887834603	0.284647292524708	-3.05454473191285	0.00225402398180788	0.0246480295818275	BCKDHA
ENSG00000249673	363.483910309354	0.785424543869005	0.164133824640293	4.78526924959129	1.70758265366083e-06	0.000101198897622753	NOP14-AS1
ENSG00000250562	41.8354666641026	1.1689656354934	0.356270866196599	3.28111486626116	0.00103397626102545	0.0141311077390017	RPL38P4
ENSG00000250899	159.120992558862	0.760592328385571	0.185015825707197	4.1109582138626	3.94020511011317e-05	0.00125606886379782	ENSG00000250899
ENSG00000251095	430.640034425624	1.33049145935194	0.15352326766386	8.66638314568091	4.46064085538072e-18	3.44267565806857e-15	ENSG00000251095
ENSG00000251611	22.9334557954563	-1.10487162561845	0.39676696221113	-2.7846865562121	0.00535794892828574	0.0443641801718702	FHIP1A-DT
ENSG00000253187	248.269620526509	0.577460167589988	0.158626386870887	3.64037899986973	0.000272237021388095	0.00523541689269385	HOXA10-AS
ENSG00000253368	2604.1101035655	0.599456197802459	0.102484969636476	5.84921086407876	4.93910628568765e-09	6.46670130118961e-07	TRNP1
ENSG00000254093	123.924749235195	0.578443319618366	0.200807047813484	2.88059271781957	0.00396928186941452	0.0363241143831638	PINX1
ENSG00000254470	679.667410344913	0.608564941395866	0.129830680189487	4.68737389735362	2.76733109660288e-06	0.000149191702943326	AP5B1
ENSG00000256043	54.8123698738753	1.00932188249239	0.351509466411576	2.87139317411895	0.00408666881903574	0.0369463079915784	CTSO
ENSG00000259205	35.4065190321774	1.10505794105488	0.329868894121922	3.34999134730917	0.000808140847987235	0.0116524851473794	PRKXP1
ENSG00000259439	116.131223081132	0.676289517251374	0.201369555467968	3.35844967070482	0.00078380993100126	0.0113777005339983	LINC01833
ENSG00000259976	599.44634968558	-0.520643089645501	0.101423373680109	-5.13336394515546	2.84608791707692e-07	2.18508027308984e-05	ENSG00000259976
ENSG00000260193	31.141742461093	1.18701067196082	0.40498777124483	2.93097904737284	0.0033789557082461	0.0322374798345613	LINC02846
ENSG00000260565	149.630941201804	0.890925517099856	0.175681245332275	5.07126139397977	3.95187525197993e-07	2.92884889837147e-05	ERVK13-1
ENSG00000260912	157.195261474637	0.704063222351036	0.182074019948576	3.86690656113315	0.000110224635836414	0.0026239189284175	ENSG00000260912
ENSG00000260948	82.9273784187314	0.577751562992479	0.198732565116487	2.9071811288393	0.00364701956734091	0.0341506353355601	ENSG00000260948
ENSG00000261087	113.475225902416	-0.642047639999223	0.219571665220109	-2.92409150040195	0.00345463181608717	0.0327464259541708	ZNNT1
ENSG00000261338	22.1244923740046	1.30160955158515	0.465289958881761	2.79741594835471	0.00515131683529714	0.0430912208059311	ENSG00000261338
ENSG00000261373	720.577631475326	0.826694990524115	0.182414163164731	4.53196712460072	5.84369459440571e-06	0.00027032156950273	VPS9D1-AS1
ENSG00000261512	43.6694287184685	0.873572389434626	0.316383930783887	2.76111491272715	0.00576044042632145	0.0465405500890235	ENSG00000261512
ENSG00000261659	48.0405773601209	1.22845050239409	0.410080394883015	2.99563333854216	0.00273875532888879	0.0280454665801852	ENSG00000261659
ENSG00000262160	333.139542373042	0.500307653447045	0.126019229983139	3.97008975149257	7.18455630420332e-05	0.00191097937375146	ENSG00000262160
ENSG00000262712	46.6458775694164	0.871346506171398	0.279876220534993	3.11332811521389	0.00184990229347474	0.0213094793648967	ENSG00000262712
ENSG00000266910	33.9707083106457	1.13258208272754	0.395790089979066	2.86157261488644	0.00421544925443618	0.0376037976486667	ENSG00000266910
ENSG00000267106	64.7570522235149	0.964611622694207	0.253056656939888	3.81184053547085	0.00013793585719254	0.00312029167330879	ZNF561-AS1
ENSG00000267128	52.1453629253515	1.77460407585816	0.379426476035511	4.67706970372851	2.91003362368901e-06	0.000155173574755548	RNF157-AS1
ENSG00000267221	48.7047108367202	-0.743504990939307	0.263843624284696	-2.8179759619169	0.00483274277821708	0.0413220641981197	C17orf113
ENSG00000267493	26.1884019000731	1.63380652172973	0.468035131043254	3.49077753648098	0.00048161709836342	0.00803462244641773	CIRBP-AS1
ENSG00000267598	54.576701667828	-0.909498515529371	0.270184373882291	-3.36621434637669	0.000762074662150147	0.0111750628457698	IER2-AS1
ENSG00000267858	55.3696743956981	1.19170592739299	0.298985634353397	3.98583005491297	6.72446306502698e-05	0.00183219761895199	MZF1-AS1
ENSG00000268223	242.063662559419	0.762066388413202	0.190387853755515	4.00270486473262	6.26224017040422e-05	0.00176256218538978	ARL14EPL
ENSG00000269352	156.531177619005	0.609176522227882	0.206990048637236	2.94302323342851	0.00325024024870636	0.031543033095321	PTOV1-AS2
ENSG00000269968	210.939131469904	-1.30979435580335	0.42217018311865	-3.10252691492246	0.00191876099255199	0.0218792466522413	ENSG00000269968
ENSG00000270127	39.1928697417339	1.59924455535543	0.433474683545612	3.68936091555425	0.000224818094575099	0.00451607197102637	ENSG00000270127
ENSG00000271303	170.221195964346	0.606936709222832	0.212838423105343	2.85163130024898	0.00434955187180786	0.0384740747394021	SRXN1
ENSG00000272033	20.6232223530978	-1.78245120745011	0.508503032747743	-3.50529120311923	0.000456108105551565	0.00770660880661177	ENSG00000272033
ENSG00000272695	20.3478340730124	1.63710030495404	0.545032187055125	3.00367637698517	0.00266738888546429	0.0276819466499988	GAS6-DT
ENSG00000272720	107.714297483047	0.930679662765761	0.236085894568907	3.94212311779652	8.07634978707679e-05	0.00206686899262991	ENSG00000272720
ENSG00000272734	687.28934523348	-0.745504491166515	0.205183322190353	-3.63335812681156	0.000279756299535936	0.00533048598634702	ADIRF-AS1
ENSG00000272758	57.5491258883676	-0.762614844960843	0.266093292027954	-2.86596794360651	0.00415736341311095	0.0372790274225652	WDR5B-DT
ENSG00000272909	32.7768241524922	-1.30327147051219	0.347665886370016	-3.7486320102316	0.000177801743331013	0.00375689447291926	ENSG00000272909
