pos	exo_depth	endo_depth	mix_depth
1	0	0	0
2	0	0	1
3	0	0	1
4	0	0	1
5	0	0	2
6	0	0	2
7	0	0	3
8	0	0	3
9	0	0	3
10	0	0	3
11	0	0	4
12	0	0	4
13	0	0	5
14	0	0	5
15	0	0	5
16	0	0	5
17	0	0	6
18	0	1	7
19	0	1	7
20	0	2	9
21	0	2	9
22	0	2	9
23	0	2	9
24	0	2	11
25	0	2	11
26	0	2	11
27	0	2	11
28	0	4	13
29	0	4	13
30	0	4	13
31	0	4	14
32	0	4	14
33	0	5	15
34	0	5	15
35	0	5	15
36	0	5	17
37	0	5	18
38	0	5	18
39	0	5	18
40	0	5	18
41	0	6	19
42	0	6	19
43	0	6	19
44	0	6	19
45	0	6	19
46	0	6	19
47	0	6	19
48	0	6	19
49	0	6	20
50	0	6	20
51	0	6	20
52	0	6	19
53	0	6	20
54	0	6	20
55	0	7	20
56	0	7	20
57	0	7	20
58	0	8	23
59	0	8	23
60	0	9	24
61	0	9	24
62	0	9	24
63	0	9	23
64	0	10	24
65	0	10	24
66	0	10	24
67	0	10	23
68	0	9	22
69	0	9	22
70	0	8	20
71	0	8	20
72	0	8	20
73	0	8	23
74	0	8	21
75	0	8	21
76	0	8	21
77	0	8	21
78	0	6	19
79	0	6	19
80	0	6	19
81	0	7	19
82	0	7	19
83	0	6	18
84	0	6	19
85	0	6	19
86	0	6	17
87	0	7	17
88	0	7	17
89	0	7	17
90	0	7	17
91	0	6	16
92	0	7	17
93	0	7	18
94	0	7	18
95	0	7	19
96	0	7	20
97	0	8	21
98	0	8	22
99	0	8	22
100	0	8	22
101	0	9	23
102	0	9	24
103	0	9	23
104	0	9	23
105	0	8	22
106	0	8	22
107	0	8	21
108	0	7	18
109	0	7	18
110	0	6	18
111	0	6	17
112	0	7	19
113	0	7	19
114	0	7	20
115	0	7	20
116	0	7	20
117	0	7	20
118	0	7	20
119	0	7	20
120	0	7	20
121	0	7	20
122	0	7	20
123	0	7	17
124	0	7	17
125	0	7	17
126	0	7	18
127	0	7	18
128	0	7	19
129	0	7	19
130	0	7	19
131	0	6	18
132	0	6	20
133	0	6	20
134	0	6	19
135	0	6	19
136	0	6	19
137	0	5	19
138	0	5	19
139	0	5	19
140	0	5	20
141	0	5	21
142	0	5	21
143	0	5	20
144	0	5	20
145	0	5	19
146	0	5	18
147	0	4	17
148	0	5	17
149	0	5	16
150	0	5	16
151	0	4	15
152	0	5	15
153	0	5	15
154	0	6	17
155	0	6	18
156	0	6	19
157	0	6	20
158	0	6	21
159	0	6	21
160	0	6	20
161	0	6	21
162	0	5	20
163	0	5	20
164	0	4	18
165	0	4	18
166	0	5	19
167	0	5	19
168	0	5	19
169	0	6	20
170	0	6	20
171	0	6	20
172	0	6	21
173	0	6	21
174	0	6	21
175	0	6	21
176	0	6	21
177	0	7	24
178	0	7	24
179	0	7	24
180	0	7	24
181	0	7	24
182	0	7	22
183	0	7	22
184	0	7	23
185	0	7	23
186	0	7	23
187	0	7	22
188	0	7	22
189	0	7	23
190	0	7	22
191	0	8	22
192	0	7	21
193	0	7	22
194	0	7	23
195	0	7	23
196	0	7	23
197	0	7	23
198	0	6	22
199	0	6	22
200	0	6	25
201	0	6	25
202	0	5	24
203	0	5	24
204	0	4	22
205	0	4	22
206	0	5	22
207	0	6	23
208	0	6	23
209	0	6	24
210	0	6	27
211	0	6	26
212	0	6	26
213	0	6	28
214	0	6	28
215	0	6	28
216	0	5	27
217	0	5	28
218	0	6	29
219	0	5	28
220	0	5	28
221	0	5	28
222	0	5	28
223	0	5	28
224	0	6	29
225	0	6	29
226	0	7	29
227	0	6	26
228	0	6	25
229	0	6	26
230	0	7	27
231	0	7	27
232	0	8	28
233	0	8	32
234	0	8	31
235	0	8	31
236	0	8	33
237	0	8	33
238	0	8	33
239	0	8	32
240	0	8	32
241	0	8	32
242	0	9	33
243	0	9	32
244	0	9	32
245	0	9	33
246	0	9	33
247	0	9	34
248	0	9	34
249	0	9	35
250	0	9	32
251	0	9	32
252	0	9	33
253	0	9	33
254	0	9	33
255	0	10	33
256	0	9	32
257	0	8	31
258	0	8	30
259	0	8	30
260	0	8	27
261	0	8	27
262	0	9	27
263	0	9	25
264	0	9	25
265	0	9	25
266	0	9	25
267	0	9	24
268	0	8	23
269	0	8	23
270	0	8	23
271	0	8	23
272	0	8	23
273	0	8	24
274	0	7	24
275	0	7	24
276	0	6	24
277	0	6	25
278	0	6	26
279	0	6	25
280	0	5	24
281	0	5	24
282	0	4	23
283	0	4	20
284	0	6	22
285	0	6	23
286	0	6	22
287	0	6	22
288	0	8	24
289	0	8	24
290	0	8	24
291	0	7	24
292	0	6	24
293	0	6	27
294	0	6	26
295	0	7	26
296	0	7	26
297	0	7	25
298	0	7	26
299	0	8	26
300	0	8	26
301	0	8	27
302	0	8	26
303	0	8	26
304	0	9	27
305	0	8	26
306	0	8	26
307	0	8	26
308	0	8	26
309	0	9	27
310	0	9	28
311	0	9	28
312	0	8	28
313	0	8	29
314	0	8	30
315	0	8	30
316	0	9	31
317	0	9	32
318	0	9	33
319	0	9	33
320	0	10	34
321	0	10	35
322	0	10	35
323	0	10	35
324	0	10	35
325	0	10	36
326	0	10	35
327	0	10	34
328	0	10	35
329	0	10	35
330	0	10	35
331	0	10	35
332	0	10	35
333	0	10	34
334	0	8	32
335	0	8	31
336	0	8	30
337	0	8	31
338	0	6	29
339	0	6	29
340	0	6	29
341	0	6	29
342	0	6	28
343	0	6	25
344	0	6	25
345	0	5	24
346	0	5	25
347	0	5	26
348	0	5	25
349	0	4	24
350	0	4	24
351	0	5	25
352	0	5	25
353	0	5	26
354	0	6	28
355	0	6	28
356	0	6	28
357	0	6	27
358	0	6	27
359	0	5	25
360	0	5	25
361	0	5	27
362	0	5	27
363	0	5	26
364	0	5	25
365	0	5	25
366	0	4	25
367	0	4	25
368	0	4	24
369	0	4	24
370	0	5	25
371	0	5	25
372	0	5	24
373	0	5	23
374	0	5	23
375	0	5	22
376	0	5	22
377	0	5	22
378	0	5	21
379	0	5	22
380	0	5	22
381	0	5	23
382	0	5	23
383	0	5	23
384	0	6	24
385	0	6	24
386	0	6	24
387	0	6	24
388	0	6	24
389	0	6	24
390	0	6	24
391	0	6	23
392	0	6	24
393	0	6	24
394	0	6	24
395	0	6	24
396	0	6	23
397	0	6	22
398	0	6	22
399	0	6	23
400	0	6	24
401	0	5	23
402	0	6	26
403	0	6	25
404	0	5	23
405	0	5	24
406	0	6	26
407	0	6	26
408	0	6	27
409	0	6	27
410	0	6	28
411	0	6	26
412	0	6	25
413	0	6	25
414	0	6	25
415	0	6	25
416	0	6	24
417	0	6	23
418	0	6	23
419	0	6	23
420	0	4	22
421	0	4	22
422	0	5	24
423	0	5	24
424	0	5	23
425	0	5	23
426	0	5	24
427	0	5	25
428	0	5	25
429	0	5	24
430	0	5	25
431	0	5	24
432	0	5	25
433	0	5	26
434	0	4	25
435	0	4	25
436	0	4	25
437	0	4	24
438	0	4	24
439	0	4	24
440	0	4	24
441	0	4	24
442	0	4	24
443	0	4	24
444	0	4	25
445	0	4	25
446	0	4	25
447	0	4	25
448	0	5	26
449	0	6	26
450	0	6	25
451	0	6	25
452	0	5	22
453	0	5	23
454	0	5	23
455	0	5	22
456	0	4	20
457	0	4	21
458	0	4	21
459	0	4	21
460	0	4	19
461	0	4	19
462	0	5	21
463	0	5	22
464	0	5	22
465	0	5	23
466	0	5	25
467	0	6	27
468	0	6	27
469	0	6	27
470	0	6	26
471	0	8	27
472	0	7	25
473	0	7	25
474	0	7	25
475	0	7	25
476	0	7	24
477	0	7	23
478	0	7	22
479	0	7	22
480	0	7	22
481	0	7	23
482	0	7	22
483	0	7	21
484	0	8	22
485	0	8	22
486	0	8	22
487	0	8	22
488	0	8	22
489	0	8	22
490	0	10	24
491	0	10	24
492	0	10	24
493	0	10	24
494	0	10	23
495	0	10	23
496	0	10	24
497	0	10	25
498	0	9	24
499	0	8	24
500	0	8	25
501	0	8	25
502	0	9	26
503	0	9	25
504	0	8	25
505	0	8	25
506	0	8	25
507	0	8	24
508	0	8	24
509	0	8	24
510	0	8	24
511	0	8	24
512	0	7	22
513	0	7	21
514	0	7	21
515	0	7	20
516	0	7	19
517	0	6	17
518	0	6	17
519	0	6	17
520	0	6	17
521	0	4	15
522	0	4	16
523	0	4	16
524	0	4	19
525	0	4	19
526	0	4	21
527	0	5	22
528	0	5	23
529	0	5	23
530	0	5	23
531	0	5	22
532	0	5	22
533	0	5	22
534	0	4	21
535	0	4	21
536	0	4	22
537	0	4	24
538	0	4	25
539	0	4	27
540	0	3	26
541	0	3	26
542	0	3	26
543	0	3	26
544	0	3	26
545	0	3	25
546	0	3	26
547	0	3	25
548	0	3	26
549	0	3	25
550	0	3	24
551	0	3	23
552	0	2	22
553	0	2	22
554	0	2	22
555	0	2	24
556	0	3	27
557	0	3	27
558	0	3	26
559	0	3	26
560	0	3	27
561	0	4	28
562	0	5	29
563	0	6	32
564	0	6	32
565	0	6	32
566	0	6	31
567	0	6	31
568	0	6	32
569	0	6	32
570	0	6	32
571	0	6	32
572	0	6	31
573	0	6	32
574	0	6	29
575	0	6	29
576	0	6	27
577	0	5	27
578	0	5	26
579	0	6	27
580	0	6	26
581	0	6	27
582	0	6	27
583	0	6	27
584	0	7	28
585	0	7	28
586	0	7	28
587	0	7	26
588	0	7	25
589	0	7	23
590	0	6	22
591	0	6	23
592	0	6	22
593	0	6	22
594	0	7	23
595	0	8	24
596	0	8	23
597	0	8	23
598	0	9	24
599	0	9	24
600	0	9	25
601	0	10	26
602	0	10	26
603	0	10	26
604	0	10	25
605	1	10	24
606	1	9	22
607	4	9	25
608	5	9	26
609	5	9	26
610	5	9	26
611	5	8	25
612	5	7	24
613	6	7	23
614	6	7	23
615	8	7	24
616	8	7	24
617	8	7	26
618	10	7	26
619	12	7	28
620	12	7	28
621	12	7	28
622	12	7	28
623	12	7	27
624	13	7	27
625	13	8	28
626	16	8	30
627	16	8	29
628	17	8	30
629	17	7	29
630	17	8	30
631	18	8	31
632	18	8	35
633	18	8	35
634	19	8	36
635	19	8	36
636	19	8	35
637	19	8	36
638	20	8	38
639	20	8	39
640	20	8	40
641	21	8	41
642	22	8	44
643	22	8	44
644	23	7	44
645	25	7	45
646	25	7	45
647	25	7	45
648	28	7	48
649	28	7	48
650	29	8	48
651	29	7	48
652	29	7	48
653	29	7	49
654	31	7	51
655	30	7	50
656	30	8	50
657	28	8	48
658	27	8	47
659	27	8	47
660	27	8	46
661	29	8	48
662	29	8	48
663	29	7	48
664	29	7	48
665	27	7	47
666	28	7	48
667	29	7	47
668	28	8	48
669	26	8	46
670	26	8	46
671	26	8	47
672	28	8	49
673	30	8	49
674	29	8	49
675	30	7	49
676	27	7	48
677	27	7	48
678	26	8	49
679	26	8	49
680	26	7	49
681	26	7	47
682	27	8	44
683	28	8	45
684	29	7	44
685	29	7	44
686	29	7	44
687	29	7	43
688	30	7	43
689	30	7	42
690	31	7	42
691	30	7	40
692	30	7	40
693	32	7	41
694	32	7	40
695	30	6	38
696	30	6	38
697	33	6	41
698	30	5	36
699	31	5	37
700	30	4	37
701	30	4	37
702	30	6	40
703	30	6	39
704	29	6	37
705	29	6	37
706	30	5	39
707	29	5	39
708	30	5	40
709	30	5	40
710	31	5	40
711	29	5	38
712	29	5	39
713	28	5	37
714	28	6	38
715	28	6	38
716	27	6	38
717	26	6	37
718	25	5	35
719	26	6	37
720	27	7	39
721	27	8	39
722	25	8	37
723	23	8	37
724	25	8	39
725	25	8	39
726	26	8	38
727	27	9	40
728	28	8	40
729	28	8	40
730	28	8	39
731	27	9	40
732	26	8	39
733	25	8	38
734	24	8	38
735	24	9	39
736	25	9	41
737	27	9	43
738	25	9	41
739	25	9	41
740	24	9	41
741	24	9	41
742	23	9	39
743	21	9	38
744	20	9	38
745	20	9	38
746	20	10	40
747	18	10	38
748	19	10	39
749	18	11	39
750	19	11	39
751	20	11	39
752	21	9	37
753	22	10	39
754	22	11	41
755	22	11	42
756	21	12	40
757	21	12	39
758	20	12	38
759	20	12	40
760	19	12	41
761	19	12	42
762	20	12	42
763	21	12	43
764	21	11	42
765	22	11	42
766	22	11	42
767	22	11	43
768	23	11	44
769	22	10	42
770	21	9	41
771	21	8	40
772	23	8	42
773	23	9	45
774	22	9	46
775	21	9	45
776	21	9	46
777	20	8	45
778	19	8	45
779	19	8	47
780	20	8	48
781	21	7	48
782	21	7	48
783	21	7	49
784	21	7	49
785	21	7	50
786	20	9	50
787	18	9	49
788	18	9	49
789	18	9	49
790	19	9	48
791	20	9	48
792	20	10	49
793	20	11	50
794	21	11	52
795	22	11	53
796	22	11	52
797	22	11	52
798	21	12	52
799	21	11	51
800	20	11	50
801	19	11	50
802	18	11	51
803	18	10	50
804	17	9	48
805	18	9	48
806	18	8	49
807	18	8	50
808	19	8	51
809	21	8	51
810	21	8	51
811	21	8	50
812	21	8	50
813	21	8	51
814	21	8	53
815	20	8	54
816	21	8	54
817	21	8	54
818	20	9	56
819	21	9	57
820	22	9	58
821	22	9	58
822	20	9	56
823	21	8	55
824	20	8	52
825	21	9	54
826	21	9	54
827	21	9	53
828	22	9	52
829	25	9	53
830	24	10	53
831	24	10	55
832	24	10	55
833	24	10	54
834	23	10	53
835	24	9	52
836	24	7	50
837	24	7	49
838	26	7	50
839	27	7	51
840	26	7	51
841	26	8	54
842	27	7	52
843	28	6	52
844	28	6	50
845	28	6	50
846	29	5	49
847	30	5	49
848	31	4	49
849	31	4	49
850	32	4	50
851	33	4	50
852	33	4	48
853	32	4	47
854	32	4	48
855	31	4	49
856	33	5	49
857	34	5	49
858	33	5	49
859	31	5	47
860	31	5	47
861	32	6	49
862	32	6	50
863	31	6	48
864	31	6	46
865	32	6	47
866	33	6	47
867	33	6	47
868	33	5	44
869	34	5	44
870	33	6	45
871	34	6	46
872	34	6	47
873	33	7	46
874	33	7	47
875	32	6	45
876	32	6	45
877	32	7	46
878	33	7	46
879	30	7	43
880	30	6	43
881	29	6	41
882	30	6	41
883	30	6	41
884	30	6	41
885	29	6	40
886	29	6	40
887	29	6	40
888	28	6	40
889	28	6	40
890	29	6	41
891	28	5	38
892	28	5	40
893	27	5	39
894	26	5	39
895	25	5	38
896	24	6	39
897	22	6	38
898	22	6	38
899	22	6	38
900	22	6	37
901	21	7	37
902	21	8	38
903	21	8	38
904	21	8	37
905	22	8	36
906	20	7	36
907	20	7	35
908	20	7	34
909	20	7	34
910	21	7	33
911	24	6	33
912	26	6	34
913	26	6	35
914	27	6	36
915	26	6	35
916	25	6	35
917	25	6	34
918	26	6	34
919	24	7	34
920	25	6	32
921	24	6	31
922	25	6	31
923	25	5	30
924	26	5	30
925	27	5	31
926	26	5	30
927	27	4	30
928	25	4	29
929	25	4	29
930	26	4	29
931	28	4	30
932	28	4	32
933	28	4	32
934	30	4	33
935	30	4	33
936	31	4	35
937	32	5	37
938	33	5	37
939	32	5	36
940	34	5	38
941	34	5	38
942	34	5	37
943	35	5	39
944	36	7	41
945	36	7	41
946	36	6	40
947	37	6	41
948	37	6	42
949	37	7	43
950	36	7	43
951	38	6	44
952	38	6	45
953	38	6	45
954	39	6	46
955	38	6	46
956	38	6	45
957	37	7	46
958	37	7	46
959	37	7	47
960	36	7	47
961	32	7	46
962	30	8	45
963	33	8	46
964	32	8	45
965	32	8	44
966	32	8	44
967	33	8	46
968	32	8	46
969	32	7	45
970	32	7	44
971	33	7	44
972	32	7	43
973	32	7	44
974	31	7	43
975	30	8	45
976	32	8	47
977	33	8	46
978	34	8	47
979	35	8	48
980	36	9	50
981	35	9	50
982	35	9	49
983	36	9	50
984	34	9	49
985	34	9	50
986	33	9	48
987	32	8	46
988	30	8	46
989	31	10	48
990	28	10	45
991	29	10	46
992	28	10	46
993	29	12	46
994	30	10	45
995	30	10	46
996	30	10	46
997	29	10	45
998	29	10	44
999	29	9	43
1000	31	9	45
1001	31	9	45
1002	31	8	43
1003	33	8	45
1004	32	8	44
1005	32	8	43
1006	32	8	42
1007	32	8	43
1008	32	8	45
1009	32	8	44
1010	32	8	44
1011	32	8	46
1012	33	7	46
1013	31	7	45
1014	34	9	49
1015	34	9	49
1016	36	9	50
1017	37	9	50
1018	37	9	50
1019	37	9	50
1020	38	9	52
1021	38	9	53
1022	39	10	55
1023	42	10	58
1024	42	10	58
1025	42	9	56
1026	41	9	56
1027	40	9	58
1028	39	9	57
1029	38	9	57
1030	38	9	57
1031	37	9	56
1032	36	9	55
1033	35	9	55
1034	36	9	55
1035	37	9	55
1036	37	10	56
1037	38	10	58
1038	38	10	58
1039	37	8	57
1040	37	8	58
1041	36	8	58
1042	36	9	58
1043	34	7	56
1044	32	7	55
1045	33	7	55
1046	33	7	55
1047	34	7	55
1048	35	7	56
1049	36	7	58
1050	34	7	56
1051	34	7	55
1052	34	7	56
1053	32	7	55
1054	32	7	55
1055	33	7	57
1056	33	7	57
1057	33	7	56
1058	33	7	54
1059	33	7	56
1060	34	7	57
1061	35	7	56
1062	34	8	56
1063	33	8	55
1064	30	6	51
1065	29	6	51
1066	28	7	52
1067	26	7	50
1068	26	8	51
1069	27	9	53
1070	25	9	51
1071	24	9	51
1072	23	8	50
1073	21	8	47
1074	21	8	47
1075	21	8	46
1076	20	9	45
1077	19	9	43
1078	20	10	46
1079	20	10	46
1080	18	9	43
1081	18	10	43
1082	20	10	45
1083	20	10	44
1084	20	10	45
1085	20	10	45
1086	20	9	44
1087	20	9	43
1088	20	9	42
1089	20	9	41
1090	20	9	40
1091	21	9	40
1092	21	8	39
1093	21	9	40
1094	21	10	41
1095	20	10	40
1096	21	10	41
1097	20	11	42
1098	19	11	41
1099	18	11	39
1100	18	11	39
1101	16	11	39
1102	16	11	38
1103	17	11	39
1104	17	11	39
1105	16	11	37
1106	16	11	38
1107	16	10	37
1108	16	10	37
1109	17	10	36
1110	16	10	35
1111	17	10	35
1112	17	9	36
1113	18	9	36
1114	18	9	36
1115	19	9	36
1116	20	8	36
1117	20	8	36
1118	20	7	36
1119	20	6	37
1120	20	6	37
1121	22	6	37
1122	22	7	38
1123	21	7	38
1124	22	8	40
1125	22	8	40
1126	24	7	41
1127	24	7	41
1128	23	6	38
1129	23	6	37
1130	23	6	37
1131	24	5	36
1132	22	5	35
1133	23	6	37
1134	23	6	37
1135	22	6	36
1136	22	6	36
1137	21	7	36
1138	22	7	37
1139	23	7	38
1140	24	7	40
1141	23	7	39
1142	23	8	40
1143	23	7	40
1144	25	6	41
1145	25	6	41
1146	24	7	43
1147	25	7	44
1148	25	8	45
1149	25	8	45
1150	27	8	47
1151	27	8	46
1152	28	8	47
1153	28	8	46
1154	28	10	49
1155	29	10	49
1156	30	10	49
1157	30	10	49
1158	31	10	51
1159	30	10	50
1160	30	10	51
1161	29	10	50
1162	30	10	49
1163	33	10	53
1164	33	10	53
1165	32	10	52
1166	31	10	51
1167	32	10	51
1168	33	10	50
1169	32	10	47
1170	32	11	48
1171	30	11	47
1172	31	10	47
1173	31	10	47
1174	31	9	46
1175	31	9	47
1176	29	9	45
1177	29	9	46
1178	30	9	46
1179	30	10	47
1180	30	10	47
1181	30	10	48
1182	31	10	48
1183	30	9	46
1184	30	9	45
1185	32	9	47
1186	32	9	48
1187	34	8	47
1188	34	8	47
1189	33	8	46
1190	32	8	44
1191	35	8	46
1192	36	7	46
1193	36	7	46
1194	34	7	44
1195	34	7	45
1196	34	6	42
1197	34	5	40
1198	33	6	41
1199	33	6	41
1200	31	6	39
1201	31	6	39
1202	30	6	39
1203	29	6	38
1204	31	4	36
1205	30	4	36
1206	29	4	37
1207	30	4	38
1208	30	5	38
1209	31	5	39
1210	32	5	39
1211	32	6	40
1212	31	6	39
1213	27	6	36
1214	27	6	37
1215	27	6	37
1216	27	6	37
1217	26	6	38
1218	26	6	39
1219	26	6	39
1220	27	5	39
1221	30	5	41
1222	29	5	39
1223	29	5	39
1224	29	5	39
1225	29	5	39
1226	29	5	39
1227	30	5	38
1228	29	5	38
1229	30	4	38
1230	31	4	40
1231	30	4	39
1232	29	4	40
1233	29	5	41
1234	29	5	43
1235	27	6	43
1236	27	6	42
1237	25	6	43
1238	24	6	42
1239	26	6	44
1240	26	6	44
1241	23	7	43
1242	22	7	42
1243	24	8	43
1244	26	8	46
1245	26	8	45
1246	26	8	46
1247	26	8	48
1248	26	6	47
1249	26	6	47
1250	26	6	47
1251	26	6	48
1252	26	6	47
1253	28	6	48
1254	26	6	47
1255	28	6	48
1256	28	6	46
1257	28	6	46
1258	27	5	46
1259	27	5	46
1260	27	5	46
1261	27	4	45
1262	26	4	46
1263	26	4	45
1264	26	4	44
1265	27	5	46
1266	29	5	48
1267	31	5	49
1268	32	5	52
1269	33	5	53
1270	32	6	54
1271	32	6	54
1272	33	6	55
1273	33	6	54
1274	32	8	56
1275	32	8	55
1276	32	8	55
1277	32	8	55
1278	33	8	56
1279	32	8	56
1280	32	8	54
1281	32	8	55
1282	33	8	54
1283	34	7	54
1284	34	7	53
1285	34	6	51
1286	34	6	52
1287	34	6	53
1288	34	6	54
1289	33	6	52
1290	33	6	52
1291	34	5	52
1292	35	5	53
1293	33	4	51
1294	32	4	51
1295	32	4	52
1296	32	4	51
1297	33	4	50
1298	33	4	48
1299	33	4	48
1300	33	5	49
1301	35	5	49
1302	36	5	49
1303	34	5	48
1304	35	5	49
1305	34	5	49
1306	34	5	49
1307	33	5	49
1308	33	5	48
1309	32	6	48
1310	31	6	47
1311	30	6	46
1312	31	6	45
1313	31	6	45
1314	31	7	46
1315	30	7	45
1316	28	8	44
1317	26	9	42
1318	24	9	40
1319	24	9	40
1320	24	8	38
1321	21	8	36
1322	22	8	37
1323	22	8	37
1324	22	6	34
1325	23	6	34
1326	23	6	34
1327	23	6	34
1328	22	6	33
1329	22	6	32
1330	21	6	34
1331	22	6	35
1332	21	6	34
1333	20	6	33
1334	21	6	34
1335	24	6	36
1336	25	6	37
1337	25	6	35
1338	26	6	35
1339	26	6	36
1340	27	7	39
1341	27	7	39
1342	26	8	40
1343	26	8	41
1344	26	8	39
1345	27	8	39
1346	28	8	41
1347	26	8	40
1348	27	8	40
1349	27	8	40
1350	29	8	41
1351	27	8	40
1352	26	8	40
1353	26	8	41
1354	29	8	44
1355	29	8	44
1356	29	8	45
1357	31	8	48
1358	32	8	50
1359	33	7	50
1360	34	7	51
1361	35	7	52
1362	34	7	51
1363	36	8	54
1364	36	7	53
1365	36	6	54
1366	35	5	53
1367	36	4	54
1368	37	4	54
1369	37	4	54
1370	37	4	55
1371	37	4	56
1372	35	4	55
1373	35	5	56
1374	35	5	57
1375	36	5	59
1376	37	6	61
1377	36	6	61
1378	37	6	62
1379	38	6	63
1380	39	6	63
1381	38	6	61
1382	39	6	62
1383	41	6	64
1384	39	6	62
1385	36	6	60
1386	36	6	59
1387	36	6	59
1388	35	6	58
1389	35	6	59
1390	35	6	60
1391	34	6	59
1392	35	5	58
1393	35	6	59
1394	34	6	58
1395	34	6	60
1396	34	6	58
1397	34	6	58
1398	33	7	62
1399	34	7	63
1400	32	6	61
1401	32	6	61
1402	32	6	62
1403	33	6	61
1404	30	6	58
1405	29	6	57
1406	32	6	59
1407	30	6	56
1408	30	6	53
1409	29	6	52
1410	30	6	53
1411	29	6	53
1412	29	7	56
1413	29	6	54
1414	30	7	56
1415	30	8	55
1416	30	8	54
1417	29	8	52
1418	28	8	52
1419	27	8	52
1420	27	8	51
1421	27	8	51
1422	27	8	50
1423	27	7	49
1424	27	7	49
1425	25	7	48
1426	24	6	47
1427	25	6	47
1428	24	6	46
1429	23	6	45
1430	24	6	46
1431	25	6	48
1432	24	6	48
1433	23	7	47
1434	24	8	48
1435	24	8	48
1436	23	8	47
1437	24	8	49
1438	24	8	49
1439	24	8	48
1440	23	7	44
1441	23	7	44
1442	23	7	44
1443	24	7	44
1444	25	7	45
1445	24	7	44
1446	23	7	44
1447	23	7	45
1448	23	6	41
1449	23	6	42
1450	27	6	46
1451	27	6	47
1452	27	6	46
1453	26	6	49
1454	25	7	49
1455	26	7	50
1456	25	7	47
1457	25	7	46
1458	25	7	48
1459	25	7	48
1460	23	7	46
1461	23	7	45
1462	24	6	43
1463	22	6	42
1464	23	5	42
1465	23	4	41
1466	24	4	42
1467	24	4	42
1468	24	4	43
1469	24	4	42
1470	24	4	42
1471	26	4	43
1472	27	4	44
1473	27	4	45
1474	27	4	44
1475	28	4	45
1476	28	4	44
1477	28	4	44
1478	28	4	44
1479	28	4	46
1480	30	4	45
1481	31	4	45
1482	32	4	45
1483	31	3	44
1484	30	2	43
1485	31	2	43
1486	32	2	43
1487	32	2	42
1488	32	2	42
1489	31	2	41
1490	31	4	43
1491	32	4	45
1492	31	4	44
1493	30	3	43
1494	30	3	43
1495	34	3	43
1496	34	4	45
1497	34	4	44
1498	35	4	45
1499	35	4	45
1500	32	4	42
1501	32	4	41
1502	32	4	41
1503	33	4	39
1504	33	3	39
1505	33	3	39
1506	32	3	40
1507	32	4	41
1508	32	4	40
1509	32	4	40
1510	32	4	40
1511	32	4	41
1512	33	4	43
1513	33	4	44
1514	31	4	42
1515	31	5	44
1516	32	5	45
1517	33	5	45
1518	33	5	43
1519	34	5	44
1520	35	5	45
1521	34	5	44
1522	34	5	44
1523	34	5	43
1524	34	5	43
1525	33	5	41
1526	34	5	42
1527	33	5	42
1528	33	6	43
1529	35	6	42
1530	31	6	40
1531	29	7	39
1532	28	8	40
1533	29	8	41
1534	29	8	41
1535	28	8	43
1536	27	8	44
1537	27	8	46
1538	27	8	46
1539	29	8	48
1540	30	6	47
1541	30	6	45
1542	31	6	46
1543	31	6	45
1544	30	6	44
1545	27	6	42
1546	28	5	41
1547	30	5	42
1548	31	5	43
1549	30	5	41
1550	29	5	40
1551	30	5	41
1552	30	6	43
1553	29	7	43
1554	29	9	44
1555	29	9	43
1556	28	9	42
1557	28	8	42
1558	27	8	42
1559	27	8	42
1560	28	8	43
1561	28	8	42
1562	26	8	39
1563	27	8	39
1564	27	9	40
1565	27	8	38
1566	25	8	37
1567	25	8	38
1568	25	8	38
1569	24	8	38
1570	24	9	39
1571	23	9	38
1572	23	11	40
1573	23	11	40
1574	23	11	41
1575	23	11	41
1576	24	11	41
1577	24	11	41
1578	24	10	40
1579	23	11	41
1580	25	11	42
1581	26	10	42
1582	26	9	40
1583	26	10	40
1584	26	10	40
1585	27	10	39
1586	27	10	39
1587	26	10	36
1588	26	11	38
1589	24	11	36
1590	23	11	35
1591	22	11	35
1592	21	11	34
1593	21	11	35
1594	21	11	35
1595	20	11	35
1596	19	12	37
1597	17	12	36
1598	15	12	35
1599	15	12	35
1600	16	12	37
1601	16	12	36
1602	17	11	35
1603	17	10	35
1604	18	8	34
1605	17	8	34
1606	18	8	35
1607	18	8	35
1608	18	8	34
1609	18	9	35
1610	17	9	34
1611	18	9	34
1612	19	9	36
1613	18	11	37
1614	18	10	37
1615	18	10	37
1616	19	11	38
1617	18	11	38
1618	18	11	39
1619	18	12	39
1620	18	11	38
1621	19	11	39
1622	19	9	37
1623	20	9	38
1624	21	9	38
1625	22	9	39
1626	21	9	39
1627	21	9	39
1628	22	9	40
1629	22	8	40
1630	21	8	39
1631	20	8	38
1632	22	8	40
1633	22	7	40
1634	24	8	42
1635	23	8	44
1636	23	8	43
1637	24	8	45
1638	25	7	45
1639	26	7	46
1640	27	7	47
1641	27	7	48
1642	27	7	48
1643	27	7	47
1644	28	7	49
1645	29	7	50
1646	30	6	48
1647	30	6	50
1648	30	6	49
1649	30	6	49
1650	29	6	47
1651	28	7	48
1652	28	7	48
1653	29	7	48
1654	30	7	49
1655	31	7	50
1656	30	7	49
1657	30	7	48
1658	31	7	49
1659	31	6	49
1660	31	6	49
1661	30	6	50
1662	29	6	48
1663	29	5	47
1664	29	6	47
1665	29	6	47
1666	28	5	45
1667	28	5	46
1668	28	5	46
1669	28	4	45
1670	27	4	44
1671	26	4	43
1672	25	4	43
1673	25	4	43
1674	24	4	42
1675	23	4	41
1676	23	4	40
1677	23	4	40
1678	22	4	40
1679	23	5	42
1680	22	6	44
1681	22	6	45
1682	22	6	46
1683	22	6	46
1684	20	5	44
1685	21	5	42
1686	21	5	43
1687	21	5	42
1688	21	6	42
1689	20	6	41
1690	21	6	41
1691	21	6	40
1692	21	6	40
1693	21	6	40
1694	20	7	40
1695	19	7	39
1696	19	7	39
1697	19	7	37
1698	20	8	38
1699	21	8	39
1700	21	8	40
1701	21	8	40
1702	22	8	40
1703	23	8	40
1704	22	8	40
1705	21	8	39
1706	22	8	40
1707	24	8	42
1708	24	9	44
1709	24	9	43
1710	24	10	45
1711	25	10	46
1712	25	10	47
1713	26	9	47
1714	26	8	46
1715	27	9	48
1716	28	9	49
1717	28	10	48
1718	28	10	47
1719	28	10	47
1720	28	10	48
1721	28	10	48
1722	28	10	47
1723	28	10	47
1724	28	10	47
1725	28	10	48
1726	27	10	48
1727	27	10	48
1728	28	11	48
1729	26	10	44
1730	26	9	42
1731	26	10	42
1732	24	10	39
1733	24	11	41
1734	25	11	42
1735	24	11	41
1736	24	11	43
1737	24	11	44
1738	23	10	42
1739	24	10	43
1740	22	10	42
1741	24	11	47
1742	25	11	47
1743	25	11	47
1744	27	11	49
1745	29	11	52
1746	30	11	53
1747	30	11	53
1748	31	10	54
1749	32	10	56
1750	32	10	55
1751	33	10	55
1752	31	10	54
1753	29	10	53
1754	30	10	53
1755	32	10	54
1756	32	10	54
1757	31	10	53
1758	30	9	50
1759	31	9	51
1760	31	8	49
1761	30	8	47
1762	30	8	46
1763	31	8	46
1764	33	9	49
1765	33	8	48
1766	33	8	48
1767	34	7	48
1768	34	7	48
1769	35	7	49
1770	36	7	49
1771	40	7	54
1772	40	7	56
1773	39	7	55
1774	39	8	56
1775	39	8	56
1776	39	8	56
1777	39	8	56
1778	38	7	55
1779	39	7	56
1780	39	7	57
1781	39	6	59
1782	41	7	62
1783	41	6	61
1784	42	7	64
1785	44	7	64
1786	45	7	62
1787	44	7	61
1788	46	7	63
1789	46	7	63
1790	46	7	63
1791	45	6	59
1792	46	6	61
1793	46	6	61
1794	44	5	58
1795	42	5	56
1796	40	5	54
1797	40	5	54
1798	38	5	52
1799	38	6	53
1800	38	6	53
1801	37	5	52
1802	38	6	53
1803	38	6	55
1804	36	6	53
1805	34	6	55
1806	33	6	54
1807	33	6	54
1808	33	6	54
1809	33	6	53
1810	34	6	54
1811	34	6	54
1812	34	6	54
1813	32	6	53
1814	31	5	52
1815	31	6	53
1816	30	6	52
1817	30	6	51
1818	30	7	52
1819	30	9	53
1820	32	9	55
1821	29	9	52
1822	29	9	50
1823	29	9	50
1824	30	8	50
1825	32	8	51
1826	33	8	52
1827	34	8	54
1828	34	8	55
1829	33	8	54
1830	34	8	54
1831	35	8	52
1832	33	7	50
1833	32	7	48
1834	30	6	44
1835	30	6	45
1836	30	7	46
1837	30	7	45
1838	29	7	44
1839	28	7	43
1840	28	7	43
1841	27	7	44
1842	26	7	44
1843	26	7	45
1844	27	7	45
1845	27	7	44
1846	28	7	45
1847	28	7	47
1848	29	7	48
1849	28	6	45
1850	29	6	46
1851	29	6	47
1852	30	5	48
1853	30	6	48
1854	31	6	49
1855	31	6	46
1856	31	6	46
1857	30	6	45
1858	30	6	46
1859	29	7	47
1860	28	7	47
1861	29	7	48
1862	29	7	48
1863	29	7	50
1864	28	9	50
1865	27	8	49
1866	27	8	49
1867	26	8	50
1868	26	7	50
1869	25	5	48
1870	23	5	47
1871	23	5	46
1872	23	6	47
1873	23	6	48
1874	22	6	47
1875	20	6	45
1876	20	6	45
1877	19	7	45
1878	19	7	44
1879	20	7	47
1880	20	7	48
1881	19	8	48
1882	20	8	49
1883	20	8	49
1884	21	8	52
1885	19	8	51
1886	18	8	51
1887	18	8	51
1888	18	8	51
1889	18	8	51
1890	19	8	52
1891	21	8	52
1892	21	8	52
1893	21	8	52
1894	20	8	51
1895	21	8	52
1896	20	8	51
1897	20	8	50
1898	19	8	49
1899	18	8	48
1900	18	8	47
1901	18	8	46
1902	17	8	45
1903	17	7	43
1904	16	7	42
1905	17	7	43
1906	17	7	45
1907	17	7	45
1908	17	7	44
1909	17	6	44
1910	18	6	44
1911	17	6	43
1912	18	6	44
1913	19	6	44
1914	19	4	42
1915	20	4	41
1916	21	4	41
1917	21	4	40
1918	21	4	39
1919	21	4	39
1920	21	4	38
1921	22	4	38
1922	22	3	38
1923	24	3	39
1924	26	3	41
1925	27	4	44
1926	26	4	43
1927	26	3	42
1928	27	3	42
1929	26	4	41
1930	25	4	39
1931	27	3	41
1932	27	3	40
1933	27	3	41
1934	27	4	39
1935	28	4	40
1936	28	3	38
1937	30	3	40
1938	30	3	41
1939	31	3	43
1940	31	3	43
1941	29	3	41
1942	30	3	42
1943	32	3	42
1944	32	3	43
1945	31	3	42
1946	31	3	42
1947	32	4	43
1948	32	5	44
1949	32	5	44
1950	31	5	44
1951	32	5	45
1952	31	5	46
1953	32	5	47
1954	32	6	48
1955	31	6	47
1956	31	6	45
1957	31	6	45
1958	31	6	45
1959	31	7	45
1960	31	7	47
1961	31	7	47
1962	30	7	46
1963	29	7	44
1964	30	7	45
1965	30	7	45
1966	31	7	48
1967	32	7	49
1968	32	7	50
1969	34	7	52
1970	33	7	51
1971	31	7	51
1972	32	8	52
1973	31	8	51
1974	29	8	49
1975	31	7	48
1976	31	7	49
1977	31	7	48
1978	30	7	48
1979	30	6	46
1980	33	6	48
1981	31	6	45
1982	32	6	45
1983	33	6	45
1984	34	5	46
1985	34	5	47
1986	35	6	49
1987	34	6	48
1988	33	6	47
1989	32	7	46
1990	31	8	46
1991	31	8	46
1992	29	8	43
1993	27	8	42
1994	27	8	42
1995	27	8	42
1996	27	8	42
1997	26	7	40
1998	26	6	39
1999	26	7	40
2000	26	8	41
2001	25	8	40
2002	25	8	38
2003	24	8	38
2004	24	8	38
2005	24	8	39
2006	24	8	39
2007	24	8	39
2008	24	8	39
2009	24	7	38
2010	23	7	35
2011	23	8	36
2012	23	9	37
2013	23	11	39
2014	22	11	38
2015	21	11	38
2016	19	11	36
2017	18	11	35
2018	18	11	34
2019	16	11	32
2020	16	11	32
2021	16	11	31
2022	15	10	30
2023	14	10	29
2024	14	11	30
2025	11	11	28
2026	11	11	28
2027	11	11	29
2028	11	11	29
2029	11	11	29
2030	8	11	27
2031	8	11	28
2032	6	11	28
2033	5	11	28
2034	3	11	27
2035	2	11	25
2036	1	10	24
2037	0	10	23
2038	0	10	22
2039	0	9	21
2040	0	8	21
2041	0	8	23
2042	0	8	23
2043	0	8	23
2044	0	8	22
2045	0	8	25
2046	0	8	25
2047	0	8	25
2048	0	8	25
2049	0	7	24
2050	0	6	23
2051	0	6	23
2052	0	6	24
2053	0	6	23
2054	0	5	23
2055	0	6	23
2056	0	6	23
2057	0	6	23
2058	0	6	23
2059	0	6	23
2060	0	6	24
2061	0	5	23
2062	0	4	22
2063	0	2	21
2064	0	2	22
2065	0	2	23
2066	0	2	22
2067	0	3	23
2068	0	4	24
2069	0	5	25
2070	0	5	25
2071	0	5	25
2072	0	5	24
2073	0	5	25
2074	0	5	25
2075	0	5	26
2076	0	5	25
2077	0	5	24
2078	0	6	26
2079	0	6	26
2080	0	6	26
2081	0	7	28
2082	0	7	27
2083	0	7	26
2084	0	7	26
2085	0	7	26
2086	0	7	25
2087	0	7	26
2088	0	7	26
2089	0	7	27
2090	0	7	26
2091	0	7	24
2092	0	7	24
2093	0	7	24
2094	0	7	24
2095	0	8	22
2096	0	8	23
2097	0	8	23
2098	0	8	23
2099	0	8	24
2100	0	8	24
2101	0	8	24
2102	0	8	23
2103	0	8	25
2104	0	8	24
2105	0	7	23
2106	0	7	23
2107	0	7	23
2108	0	7	23
2109	0	7	23
2110	0	8	23
2111	0	8	23
2112	0	8	23
2113	0	8	22
2114	0	8	21
2115	0	8	20
2116	0	8	21
2117	0	7	20
2118	0	6	21
2119	0	5	20
2120	0	5	20
2121	0	5	20
2122	0	5	20
2123	0	5	19
2124	0	4	18
2125	0	4	17
2126	0	4	17
2127	0	4	17
2128	0	3	15
2129	0	3	16
2130	0	3	17
2131	0	2	15
2132	0	2	16
2133	0	3	18
2134	0	3	17
2135	0	3	17
2136	0	3	19
2137	0	4	19
2138	0	4	19
2139	0	4	18
2140	0	4	19
2141	0	4	19
2142	0	4	19
2143	0	4	19
2144	0	4	20
2145	0	3	19
2146	0	3	18
2147	0	3	18
2148	0	4	19
2149	0	4	19
2150	0	5	20
2151	0	5	20
2152	0	5	21
2153	0	5	19
2154	0	5	19
2155	0	5	19
2156	0	5	19
2157	0	5	21
2158	0	6	22
2159	0	6	22
2160	0	5	21
2161	0	5	21
2162	0	5	22
2163	0	5	23
2164	0	5	23
2165	0	5	24
2166	0	5	24
2167	0	5	24
2168	0	5	22
2169	0	5	22
2170	0	6	23
2171	0	6	23
2172	0	6	24
2173	0	6	24
2174	0	6	24
2175	0	6	24
2176	0	6	24
2177	0	6	25
2178	0	6	25
2179	0	6	24
2180	0	6	24
2181	0	6	23
2182	0	6	22
2183	0	5	20
2184	0	7	22
2185	0	6	21
2186	0	6	19
2187	0	6	19
2188	0	6	19
2189	0	6	19
2190	0	6	19
2191	0	6	19
2192	0	6	19
2193	0	6	19
2194	0	6	18
2195	0	6	18
2196	0	6	18
2197	0	6	18
2198	0	5	18
2199	0	5	18
2200	0	4	18
2201	0	4	18
2202	0	4	17
2203	0	4	18
2204	0	5	19
2205	0	5	19
2206	0	6	20
2207	0	6	18
2208	0	5	17
2209	0	5	18
2210	0	5	18
2211	0	5	19
2212	0	5	18
2213	0	5	17
2214	0	5	17
2215	0	5	16
2216	0	5	15
2217	0	5	15
2218	0	5	15
2219	0	5	15
2220	0	4	15
2221	0	4	16
2222	0	4	15
2223	0	4	15
2224	0	4	15
2225	0	5	16
2226	0	5	17
2227	0	5	17
2228	0	5	17
2229	0	5	17
2230	0	5	16
2231	0	5	16
2232	0	5	16
2233	0	6	18
2234	0	4	16
2235	0	5	18
2236	0	5	19
2237	0	5	19
2238	0	5	19
2239	0	5	19
2240	0	5	19
2241	0	5	19
2242	0	5	21
2243	0	5	22
2244	0	5	22
2245	0	5	22
2246	0	6	23
2247	0	7	24
2248	0	7	24
2249	0	7	23
2250	0	7	22
2251	0	7	22
2252	0	7	25
2253	0	7	24
2254	0	6	23
2255	0	7	24
2256	0	6	23
2257	0	7	24
2258	0	7	24
2259	0	7	23
2260	0	7	23
2261	0	8	23
2262	0	8	23
2263	0	8	24
2264	0	8	24
2265	0	8	25
2266	0	8	25
2267	0	8	25
2268	0	8	26
2269	0	8	26
2270	0	8	25
2271	0	8	24
2272	0	9	26
2273	0	9	26
2274	0	9	27
2275	0	8	26
2276	0	9	26
2277	0	9	25
2278	0	9	25
2279	0	10	27
2280	0	10	27
2281	0	11	28
2282	0	11	28
2283	0	10	26
2284	0	10	28
2285	0	9	26
2286	0	9	25
2287	0	9	26
2288	0	9	26
2289	0	9	26
2290	0	9	25
2291	0	9	25
2292	0	10	24
2293	0	10	24
2294	0	10	24
2295	0	10	25
2296	0	9	24
2297	0	9	24
2298	0	9	23
2299	0	9	23
2300	0	9	23
2301	0	9	24
2302	0	9	21
2303	0	9	21
2304	0	9	21
2305	0	8	21
2306	0	8	21
2307	0	8	22
2308	0	8	23
2309	0	8	24
2310	0	8	24
2311	0	7	23
2312	0	8	24
2313	0	8	23
2314	0	8	24
2315	0	8	23
2316	0	8	24
2317	0	8	25
2318	0	8	24
2319	0	8	25
2320	0	8	25
2321	0	8	25
2322	0	7	23
2323	0	8	24
2324	0	8	24
2325	0	8	24
2326	0	7	23
2327	0	7	23
2328	0	7	25
2329	0	6	25
2330	0	6	26
2331	0	5	27
2332	0	5	27
2333	0	5	27
2334	0	5	25
2335	0	6	26
2336	0	6	26
2337	0	6	26
2338	0	6	26
2339	0	6	27
2340	0	6	27
2341	0	7	28
2342	0	6	28
2343	0	6	27
2344	0	6	27
2345	0	6	26
2346	0	6	26
2347	0	6	27
2348	0	7	28
2349	0	8	29
2350	0	8	29
2351	0	8	28
2352	0	8	28
2353	0	8	28
2354	0	8	28
2355	0	8	28
2356	0	8	28
2357	0	8	27
2358	0	9	27
2359	0	9	26
2360	0	9	27
2361	0	9	27
2362	0	8	27
2363	0	8	27
2364	0	8	26
2365	0	9	28
2366	0	10	29
2367	0	10	29
2368	0	10	29
2369	0	10	28
2370	0	11	29
2371	0	11	29
2372	0	11	29
2373	0	11	29
2374	0	12	29
2375	0	12	31
2376	0	12	31
2377	0	12	31
2378	0	12	29
2379	0	12	27
2380	0	12	27
2381	0	12	26
2382	0	13	27
2383	0	13	27
2384	0	14	29
2385	0	13	29
2386	0	13	30
2387	0	13	29
2388	0	13	29
2389	0	13	28
2390	0	13	28
2391	0	12	27
2392	0	13	27
2393	0	13	28
2394	0	13	28
2395	0	13	28
2396	0	13	28
2397	0	12	26
2398	0	11	25
2399	0	11	25
2400	0	11	25
2401	0	11	25
2402	0	11	27
2403	0	11	27
2404	0	11	27
2405	0	11	26
2406	0	12	28
2407	0	11	27
2408	0	10	27
2409	0	10	27
2410	0	10	29
2411	0	10	30
2412	0	10	29
2413	0	10	29
2414	0	10	29
2415	0	9	27
2416	0	8	25
2417	0	8	25
2418	0	8	25
2419	0	8	26
2420	0	7	25
2421	0	7	25
2422	0	7	25
2423	0	6	24
2424	0	5	23
2425	0	5	21
2426	0	5	21
2427	0	5	22
2428	0	6	23
2429	0	6	24
2430	0	6	23
2431	0	7	23
2432	0	6	22
2433	0	7	23
2434	0	7	22
2435	0	7	21
2436	0	8	21
2437	0	9	22
2438	0	9	22
2439	0	9	23
2440	0	9	23
2441	0	9	26
2442	0	8	25
2443	0	9	25
2444	0	9	25
2445	0	9	25
2446	0	9	25
2447	0	9	25
2448	0	9	25
2449	0	8	25
2450	0	8	25
2451	0	8	25
2452	0	8	23
2453	0	8	23
2454	0	9	24
2455	0	9	24
2456	0	8	22
2457	0	9	24
2458	0	9	24
2459	0	9	24
2460	0	9	21
2461	0	9	20
2462	0	9	21
2463	0	9	21
2464	0	9	21
2465	0	10	23
2466	0	10	24
2467	0	10	23
2468	0	10	23
2469	0	11	23
2470	0	11	23
2471	0	11	23
2472	0	11	23
2473	0	11	24
2474	0	11	24
2475	0	11	25
2476	0	11	25
2477	0	11	24
2478	0	10	23
2479	0	10	24
2480	0	10	24
2481	0	9	23
2482	0	9	23
2483	0	8	22
2484	0	7	21
2485	0	7	21
2486	0	6	21
2487	0	5	21
2488	0	5	22
2489	0	5	21
2490	0	5	21
2491	0	5	18
2492	0	5	18
2493	0	4	18
2494	0	4	19
2495	0	4	19
2496	0	4	19
2497	0	4	19
2498	0	4	19
2499	0	4	19
2500	0	4	19
2501	0	4	20
2502	0	4	20
2503	0	4	20
2504	0	3	19
2505	0	3	19
2506	0	3	19
2507	0	2	17
2508	0	2	16
2509	0	2	16
2510	0	2	16
2511	0	2	16
2512	0	2	15
2513	0	2	16
2514	0	2	16
2515	0	1	14
2516	0	1	13
2517	0	1	13
2518	0	2	16
2519	0	1	15
2520	0	1	15
2521	0	1	16
2522	0	1	17
2523	0	1	16
2524	0	1	17
2525	0	1	16
2526	0	1	16
2527	0	1	16
2528	0	1	16
2529	0	1	14
2530	0	1	14
2531	0	2	16
2532	0	2	17
2533	0	2	18
2534	0	2	19
2535	0	2	19
2536	0	2	18
2537	0	2	19
2538	0	2	18
2539	0	2	18
2540	0	2	19
2541	0	2	19
2542	0	2	20
2543	0	2	19
2544	0	2	18
2545	0	2	18
2546	0	2	18
2547	0	2	18
2548	0	2	18
2549	0	4	19
2550	0	6	21
2551	0	6	20
2552	0	6	20
2553	0	6	20
2554	0	6	21
2555	0	6	21
2556	0	6	21
2557	0	6	21
2558	0	6	22
2559	0	6	22
2560	0	7	23
2561	0	7	24
2562	0	7	24
2563	0	7	23
2564	0	7	23
2565	0	7	24
2566	0	7	26
2567	0	7	26
2568	0	6	24
2569	0	6	24
2570	0	6	24
2571	0	6	23
2572	0	6	23
2573	0	6	24
2574	0	6	23
2575	0	6	23
2576	0	6	23
2577	0	6	24
2578	0	6	24
2579	0	6	24
2580	0	6	24
2581	0	5	22
2582	0	5	22
2583	0	5	21
2584	0	5	20
2585	0	5	20
2586	0	5	20
2587	0	5	18
2588	0	5	18
2589	0	5	19
2590	0	5	19
2591	0	5	19
2592	0	6	19
2593	0	7	20
2594	0	7	22
2595	0	7	22
2596	0	7	22
2597	0	7	22
2598	0	7	23
2599	0	5	22
2600	0	3	20
2601	0	3	21
2602	0	3	21
2603	0	3	21
2604	0	3	21
2605	0	4	23
2606	0	4	23
2607	0	4	24
2608	0	4	24
2609	0	4	24
2610	0	3	23
2611	0	3	23
2612	0	3	23
2613	0	3	23
2614	0	3	23
2615	0	3	22
2616	0	3	21
2617	0	3	22
2618	0	3	21
2619	0	3	21
2620	0	3	21
2621	0	4	22
2622	0	4	21
2623	0	4	20
2624	0	4	20
2625	0	5	21
2626	0	5	21
2627	0	5	20
2628	0	5	20
2629	0	5	20
2630	0	5	20
2631	0	5	20
2632	0	5	20
2633	0	6	23
2634	0	6	23
2635	0	6	24
2636	0	6	24
2637	0	6	24
2638	0	7	25
2639	0	7	24
2640	0	7	24
2641	0	7	24
2642	0	6	23
2643	0	5	22
2644	0	5	20
2645	0	5	20
2646	0	5	20
2647	0	5	20
2648	0	5	19
2649	0	5	19
2650	0	5	19
2651	0	5	19
2652	0	5	19
2653	0	5	20
2654	0	5	21
2655	0	4	21
2656	0	4	21
2657	0	4	21
2658	0	4	22
2659	0	4	22
2660	0	4	24
2661	0	4	23
2662	0	4	23
2663	0	4	23
2664	0	5	24
2665	0	5	24
2666	0	5	23
2667	0	5	22
2668	0	5	22
2669	0	5	22
2670	0	5	22
2671	0	4	21
2672	0	4	21
2673	0	4	21
2674	0	4	21
2675	0	3	21
2676	0	3	21
2677	0	3	21
2678	0	3	21
2679	0	3	21
2680	0	3	22
2681	0	3	23
2682	0	3	22
2683	0	2	19
2684	0	3	20
2685	0	3	20
2686	0	3	23
2687	0	3	23
2688	0	2	22
2689	0	2	23
2690	0	2	22
2691	0	2	22
2692	0	2	22
2693	0	2	22
2694	0	2	22
2695	0	2	22
2696	0	2	22
2697	0	2	23
2698	0	2	23
2699	0	2	22
2700	0	3	25
2701	0	3	24
2702	0	3	25
2703	0	3	24
2704	0	3	23
2705	0	3	21
2706	0	4	22
2707	0	5	22
2708	0	5	20
2709	0	5	20
2710	0	5	18
2711	0	5	19
2712	0	5	21
2713	0	5	22
2714	0	4	22
2715	0	4	23
2716	0	4	23
2717	0	4	23
2718	0	4	23
2719	0	5	24
2720	0	5	26
2721	0	5	26
2722	0	5	27
2723	0	5	27
2724	0	5	27
2725	0	7	28
2726	0	7	28
2727	0	9	30
2728	0	9	30
2729	0	9	31
2730	0	9	30
2731	0	9	29
2732	0	9	29
2733	0	9	31
2734	0	9	31
2735	0	9	30
2736	0	9	28
2737	0	9	28
2738	0	9	29
2739	0	9	28
2740	0	10	30
2741	0	10	31
2742	0	10	31
2743	0	10	31
2744	0	10	31
2745	0	10	31
2746	0	10	31
2747	0	10	30
2748	0	11	33
2749	0	11	33
2750	0	10	31
2751	0	10	31
2752	0	10	30
2753	0	10	30
2754	0	10	31
2755	0	10	31
2756	0	9	30
2757	0	8	30
2758	0	8	30
2759	0	8	30
2760	0	8	30
2761	0	8	29
2762	0	8	28
2763	0	8	27
2764	0	8	26
2765	0	8	25
2766	0	9	26
2767	0	9	27
2768	0	9	27
2769	0	8	26
2770	0	8	24
2771	0	8	24
2772	0	8	23
2773	0	8	25
2774	0	9	27
2775	0	7	26
2776	0	7	27
2777	0	5	26
2778	0	5	27
2779	0	5	26
2780	0	5	27
2781	0	5	27
2782	0	5	27
2783	0	5	25
2784	0	4	24
2785	0	4	24
2786	0	4	23
2787	0	5	25
2788	0	5	24
2789	0	5	24
2790	0	4	22
2791	0	4	21
2792	0	4	21
2793	0	4	21
2794	0	6	23
2795	0	6	23
2796	0	6	24
2797	0	6	24
2798	0	5	22
2799	0	5	22
2800	0	5	21
2801	0	5	21
2802	0	5	22
2803	0	5	23
2804	0	5	22
2805	0	5	22
2806	0	5	22
2807	0	5	22
2808	0	5	22
2809	0	5	22
2810	0	5	22
2811	0	6	23
2812	0	6	22
2813	0	6	22
2814	0	7	23
2815	0	7	23
2816	0	7	23
2817	0	7	23
2818	0	7	23
2819	0	7	23
2820	0	7	24
2821	0	7	24
2822	0	8	26
2823	0	8	25
2824	0	7	23
2825	0	7	22
2826	0	7	21
2827	0	7	20
2828	0	7	19
2829	0	7	19
2830	0	7	18
2831	0	7	18
2832	0	7	18
2833	0	7	18
2834	0	7	18
2835	0	8	19
2836	0	9	20
2837	0	8	19
2838	0	9	21
2839	0	9	21
2840	0	10	23
2841	0	11	24
2842	0	11	24
2843	0	11	24
2844	0	9	23
2845	0	9	23
2846	0	9	22
2847	0	9	23
2848	0	9	23
2849	0	9	25
2850	0	9	26
2851	0	9	26
2852	0	9	26
2853	0	9	25
2854	0	9	24
2855	0	9	24
2856	0	9	24
2857	0	9	23
2858	0	9	23
2859	0	9	23
2860	0	10	27
2861	0	9	26
2862	0	9	26
2863	0	9	26
2864	0	8	25
2865	0	8	25
2866	0	7	24
2867	0	7	23
2868	0	7	24
2869	0	7	24
2870	0	7	25
2871	0	7	26
2872	0	7	26
2873	0	7	25
2874	0	7	25
2875	0	8	28
2876	0	8	28
2877	0	8	28
2878	0	8	28
2879	0	8	28
2880	0	9	30
2881	0	9	30
2882	0	9	30
2883	0	9	31
2884	0	10	32
2885	0	9	32
2886	0	8	32
2887	0	8	31
2888	0	7	29
2889	0	7	29
2890	0	6	27
2891	0	5	26
2892	0	5	26
2893	0	5	26
2894	0	5	25
2895	0	5	25
2896	0	5	25
2897	0	5	24
2898	0	5	23
2899	0	5	21
2900	0	5	20
2901	0	5	20
2902	0	5	19
2903	0	5	19
2904	0	5	19
2905	0	5	19
2906	0	5	19
2907	0	5	19
2908	0	5	19
2909	0	5	19
2910	0	4	15
2911	0	4	15
2912	0	4	15
2913	0	4	15
2914	0	4	15
2915	0	4	15
2916	0	4	15
2917	0	4	15
2918	0	4	14
2919	0	4	14
2920	0	4	12
2921	0	4	11
2922	0	3	9
2923	0	3	9
2924	0	3	9
2925	0	2	6
2926	0	2	6
2927	0	2	6
2928	0	2	6
2929	0	2	6
2930	0	1	4
2931	0	1	4
2932	0	1	4
2933	0	1	3
2934	0	0	2
2935	0	0	1
2936	0	0	0
