n_cells	1000
n_runs	3
top_by_tie_aware_mean_rank
barcode	mean_score	max_score	mean_probability	mean_rank	top50_runs	top100_runs	score_seed0	score_seed1	score_seed2	rank_seed0	rank_seed1	rank_seed2
GCGAATCATTTAACTG-1	0.14033994151975135	0.15812917594654788	2.5188927799387793e-19	36.0	2	3	0.11267605633802813	0.15812917594654788	0.1502145922746781	66.0	15.5	26.5
TCGTATGACCGTTTTG-1	0.1451885824074277	0.18592964824120603	1.945044413465577e-17	41.666666666666664	2	2	0.08296943231441047	0.16666666666666669	0.18592964824120603	111.0	10.0	4.0
TCTTCACGTACATAGA-1	0.12744425207576204	0.16666666666666669	1.899528187698123e-18	52.666666666666664	1	3	0.10299003322259134	0.11267605633802813	0.16666666666666669	82.5	65.0	10.5
AACTATTGAGACATTT-1	0.11396692173659857	0.12959381044487428	2.0940664417059674e-22	67.0	1	2	0.11796733212341201	0.12959381044487428	0.09433962264150943	58.0	36.0	107.0
CAACCTCTTCATTAGT-1	0.10985852402105341	0.12359550561797751	6.426805286191673e-22	73.66666666666667	0	3	0.12359550561797751	0.10299003322259134	0.10299003322259134	51.0	78.5	91.5
AGTAAATCGTCATCCG-1	0.10891215526046986	0.12359550561797751	3.016462851523973e-23	79.0	1	2	0.12359550561797751	0.12359550561797751	0.07954545454545456	51.0	44.0	142.0
ATTAATTGGATTGGCT-1	0.12111558152537355	0.1759036144578313	1.0103467967983518e-19	80.0	2	2	0.0445859872611465	0.1759036144578313	0.14285714285714285	200.5	5.0	34.5
GTTATTACGTGCTTCT-1	0.11728046583047436	0.1968503937007873	7.136940325618396e-17	84.5	1	2	0.06463878326996199	0.0903522205206738	0.1968503937007873	153.0	98.5	2.0
ACCACGGAGATCCGCG-1	0.10211584872531972	0.13599999999999995	5.999155215773247e-24	96.33333333333333	1	2	0.13599999999999995	0.10299003322259134	0.06735751295336787	37.5	78.5	173.0
GGCACACTGGTGTATC-1	0.09841470094397031	0.14285714285714285	1.2452480908283924e-22	100.33333333333333	1	1	0.06203473945409428	0.14285714285714285	0.0903522205206738	160.5	24.5	116.0
TCCCCAAGAACGAACG-1	0.10061774917296963	0.18592964824120603	1.2988416277591485e-23	121.16666666666667	1	1	0.04275286757038581	0.18592964824120603	0.07317073170731708	205.0	2.0	156.5
TCGAAATTGTAGAAGC-1	0.08459028943997986	0.12959381044487428	1.9163776688140026e-20	122.5	1	1	0.05953827460510329	0.06463878326996199	0.12959381044487428	165.5	152.5	49.5
ATATTATTCACCGTGA-1	0.08901140024406938	0.14285714285714285	2.109684412469565e-24	127.16666666666667	1	1	0.14285714285714285	0.06463878326996199	0.05953827460510329	31.5	152.5	197.5
ACGGAGCCTGACTGGA-1	0.09561027004626654	0.16666666666666669	1.681244533751184e-27	134.0	1	2	0.16666666666666669	0.11267605633802813	0.007488087134104833	10.5	65.0	326.5
TATGTCCGCGAGTGAG-1	0.0884596005302782	0.14285714285714285	4.389504460757977e-21	136.5	1	2	0.14285714285714285	0.004554326610279766	0.11796733212341201	31.5	309.5	68.5
TGACCCTTTAAAAAAC-1	0.07762269284988363	0.12959381044487428	3.016462851523973e-23	142.66666666666666	1	1	0.12959381044487428	0.023728813559322038	0.07954545454545456	43.5	242.5	142.0
AGTCACTGAGAGAAGG-1	0.06809989904932824	0.10299003322259134	2.947514770377912e-24	160.83333333333334	0	1	0.0392749244712991	0.10299003322259134	0.06203473945409428	215.0	78.5	189.0
CCGCACGGACTGTTGA-1	0.0653469213823641	0.08656716417910448	7.59008653555503e-23	161.0	0	0	0.0392749244712991	0.07019867549668873	0.08656716417910448	215.0	140.5	127.5
GGACCCCTCTGTGTTC-1	0.06593456126081058	0.11796733212341201	4.1746849615418855e-24	167.33333333333334	0	1	0.11796733212341201	0.015197568389057751	0.06463878326996199	58.0	262.5	181.5
AGGACCAGTTTCCGCT-1	0.06427097740362823	0.11796733212341201	5.999155215773247e-24	174.33333333333334	0	1	0.11796733212341201	0.007488087134104833	0.06735751295336787	58.0	292.0	173.0
TTAGAGAACATAAGTG-1	0.06245955579243881	0.11796733212341201	2.347190923300667e-27	178.16666666666666	0	1	0.05953827460510329	0.11796733212341201	0.009873060648801129	165.5	54.5	314.5
GGTAGCTCTAAGTGCT-1	0.09716507263577741	0.16666666666666669	6.985810527993362e-28	187.0	1	2	0.12359550561797751	0.16666666666666669	0.0012330456226880395	51.0	10.0	500.0
CTCGAGTGAACGTTCT-1	0.05226082140830434	0.08656716417910448	7.59008653555503e-23	188.33333333333334	0	0	0.04648648648648649	0.023728813559322038	0.08656716417910448	195.0	242.5	127.5
AGAAGCGCACGATACA-1	0.055500480381477514	0.08296943231441047	8.754993788406795e-24	190.5	0	0	0.013333333333333334	0.08296943231441047	0.07019867549668873	292.5	114.5	164.5
AACCTCTCCCCCGGTT-1	0.05624822778062689	0.13599999999999995	4.2883640531454e-20	192.5	1	1	0.020308692120227456	0.012435991221653255	0.13599999999999995	266.5	270.5	40.5
GTAAGTAATAGATTCC-1	0.05338753242493908	0.08656716417910448	7.59008653555503e-23	195.0	0	0	0.011560693641618497	0.06203473945409428	0.08656716417910448	300.0	157.5	127.5
ACCTCAGTTATCGGTC-1	0.06433574090307792	0.11796733212341201	7.640007521185518e-28	195.33333333333334	0	1	0.07317073170731708	0.11796733212341201	0.001869158878504673	131.5	54.5	400.0
AGCTCTGCGGCTTGCA-1	0.05464921787212886	0.0903522205206738	2.947514770377912e-24	195.83333333333334	0	1	0.011560693641618497	0.0903522205206738	0.06203473945409428	300.0	98.5	189.0
GAAAAGCACTACAATC-1	0.07916820252623122	0.12359550561797751	6.985810527993362e-28	205.33333333333334	0	2	0.12359550561797751	0.11267605633802813	0.0012330456226880395	51.0	65.0	500.0
CTCTGTGGCTTGCTTA-1	0.0772921446947094	0.11796733212341201	6.985810527993362e-28	206.83333333333334	0	2	0.11267605633802813	0.11796733212341201	0.0012330456226880395	66.0	54.5	500.0
