n_cells	1000
n_runs	9
top_by_tie_aware_mean_rank
barcode	mean_score	max_score	mean_probability	mean_rank	top50_runs	top100_runs	score_seed0	score_seed1	score_seed2	score_seed3	score_seed4	score_seed5	score_seed6	score_seed7	score_seed8	rank_seed0	rank_seed1	rank_seed2	rank_seed3	rank_seed4	rank_seed5	rank_seed6	rank_seed7	rank_seed8
TCGTATGACCGTTTTG-1	0.1501751002079917	0.18592964824120603	2.2772034536659287e-05	38.77777777777778	5	8	0.13653136531365312	0.11475409836065571	0.18181818181818188	0.13653136531365312	0.18181818181818188	0.1645569620253165	0.08296943231441047	0.16666666666666669	0.18592964824120603	51.0	67.5	9.5	58.5	14.0	23.5	111.0	10.0	4.0
GTTATTACGTGCTTCT-1	0.10115239496802347	0.20197044334975364	0.00010849208025697663	129.66666666666666	2	5	0.12499999999999997	0.12499999999999997	0.20197044334975364	0.004807692307692307	0.06603773584905662	0.03571428571428572	0.06463878326996199	0.0903522205206738	0.1968503937007873	63.5	52.0	4.0	350.0	197.5	246.5	153.0	98.5	2.0
TCTTCACGTACATAGA-1	0.11046672038871137	0.18181818181818188	1.9690559417681652e-05	142.11111111111111	3	7	0.11475409836065571	0.13653136531365312	0.18181818181818188	0.12499999999999997	0.0011325028312570782	0.05263157894736842	0.10299003322259134	0.11267605633802813	0.16666666666666669	75.0	38.0	9.5	71.5	715.0	212.0	82.5	65.0	10.5
ATATTATTCACCGTGA-1	0.09009543645937751	0.18181818181818188	2.342988398889913e-05	147.33333333333334	3	3	0.1645569620253165	0.06603773584905662	0.06122448979591837	0.06122448979591837	0.18181818181818188	0.008962868117797696	0.14285714285714285	0.06463878326996199	0.05953827460510329	28.5	183.0	214.0	200.5	14.0	304.5	31.5	152.5	197.5
AGTAAATCGTCATCCG-1	0.10605584447983457	0.18181818181818188	6.802012520915583e-05	149.83333333333334	3	5	0.11475409836065571	0.14960629921259844	0.09734513274336284	0.18181818181818188	0.08310991957104558	0.0011325028312570782	0.12359550561797751	0.12359550561797751	0.07954545454545456	75.0	26.5	130.0	14.5	162.5	703.0	51.0	44.0	142.0
GCGAATCATTTAACTG-1	0.11131757223186702	0.22580645161290316	8.316149789662014e-05	157.11111111111111	4	5	0.08310991957104558	0.22580645161290316	0.18181818181818188	0.012048192771084336	0.0011325028312570782	0.07692307692307691	0.11267605633802813	0.15812917594654788	0.1502145922746781	134.0	1.0	9.5	297.5	715.0	149.0	66.0	15.5	26.5
GGCACACTGGTGTATC-1	0.09777157839261409	0.22580645161290316	0.0001253768998646827	174.44444444444446	3	3	0.07125307125307123	0.13653136531365312	0.09734513274336284	0.0011325028312570782	0.05263157894736842	0.22580645161290316	0.06203473945409428	0.14285714285714285	0.0903522205206738	162.0	38.0	130.0	703.5	230.5	5.0	160.5	24.5	116.0
AACTATTGAGACATTT-1	0.09126716479497166	0.14960629921259844	1.831419803643007e-05	179.44444444444446	3	4	0.14960629921259844	0.13653136531365312	0.10559006211180126	0.08310991957104558	0.0011325028312570782	0.0035335689045936395	0.11796733212341201	0.12959381044487428	0.09433962264150943	39.5	38.0	109.5	155.0	715.0	357.0	58.0	36.0	107.0
TCCCCAAGAACGAACG-1	0.0934043241103807	0.18592964824120603	2.0425030561718028e-05	180.0	2	3	0.07125307125307123	0.1645569620253165	0.10559006211180126	0.07125307125307123	0.12499999999999997	0.0011325028312570782	0.04275286757038581	0.18592964824120603	0.07317073170731708	162.0	16.0	109.5	181.5	84.5	703.0	205.0	2.0	156.5
ACGGAGCCTGACTGGA-1	0.09454781115394834	0.22580645161290316	1.8583930459425895e-05	192.55555555555554	2	5	0.22580645161290316	0.12499999999999997	0.007518796992481203	0.11475409836065571	0.08988764044943821	0.0011325028312570782	0.16666666666666669	0.11267605633802813	0.007488087134104833	6.0	52.0	334.0	85.0	151.0	703.0	10.5	65.0	326.5
ATTAATTGGATTGGCT-1	0.0847141296085259	0.18181818181818188	0.00012539364799615458	242.94444444444446	3	4	0.06122448979591837	0.18181818181818188	0.13653136531365312	0.0011325028312570782	0.0011325028312570782	0.017241379310344827	0.0445859872611465	0.1759036144578313	0.14285714285714285	185.0	6.5	56.5	703.5	715.0	280.0	200.5	5.0	34.5
TGAATTTGACCACCAC-1	0.08836716732952897	0.2544378698224852	1.993649073487082e-05	245.5	2	2	0.2544378698224852	0.0011325028312570782	0.09734513274336284	0.09734513274336284	0.04518664047151277	0.06603773584905662	0.14285714285714285	0.0006101281269066504	0.0903522205206738	2.0	692.5	130.0	117.5	242.0	173.5	31.5	704.5	116.0
GCGGGTCCAGTGCAGA-1	0.08251973659791367	0.1645569620253165	6.924130897274982e-05	249.72222222222223	2	5	0.13653136531365312	0.12499999999999997	0.0011325028312570782	0.017241379310344827	0.1645569620253165	0.07125307125307123	0.13599999999999995	0.0903522205206738	0.0006101281269066504	51.0	52.0	745.0	276.0	31.0	160.5	37.5	98.5	796.0
TGACCCTTTAAAAAAC-1	0.05345104457582005	0.12959381044487428	0.00012537583120553775	249.88888888888889	1	1	0.08988764044943821	0.01914580265095729	0.08310991957104558	0.0011325028312570782	0.006134969325153375	0.048780487804878044	0.12959381044487428	0.023728813559322038	0.07954545454545456	118.5	261.0	162.0	703.5	353.0	223.0	43.5	242.5	142.0
CGATATGGACGAGCGG-1	0.08703049121035827	0.18181818181818188	4.065463730319906e-05	251.94444444444446	3	3	0.18181818181818188	0.06603773584905662	0.0011325028312570782	0.1645569620253165	0.08988764044943821	0.08988764044943821	0.14285714285714285	0.04648648648648649	0.0006101281269066504	19.0	183.0	745.0	28.5	151.0	128.0	31.5	185.5	796.0
GAAAAGCACTACAATC-1	0.06749305718071574	0.12499999999999997	6.499688280635487e-05	253.66666666666666	0	4	0.12499999999999997	0.09734513274336284	0.0023094688221709007	0.01914580265095729	0.12499999999999997	0.0011325028312570782	0.12359550561797751	0.11267605633802813	0.0012330456226880395	63.5	110.5	439.0	266.5	84.5	703.0	51.0	65.0	500.0
CAACCTCTTCATTAGT-1	0.07344481955694662	0.12359550561797751	0.00012537656442948906	255.5	0	5	0.11475409836065571	0.09734513274336284	0.11475409836065571	0.0011325028312570782	0.0011325028312570782	0.0023094688221709007	0.12359550561797751	0.10299003322259134	0.10299003322259134	75.0	110.5	88.5	703.5	715.0	386.0	51.0	78.5	91.5
ACCACGGAGATCCGCG-1	0.07500152298480266	0.18181818181818188	0.00012541220203760118	259.94444444444446	2	3	0.18181818181818188	0.08988764044943821	0.08988764044943821	0.0011325028312570782	0.0011325028312570782	0.004807692307692307	0.13599999999999995	0.10299003322259134	0.06735751295336787	19.0	127.0	147.5	703.5	715.0	338.5	37.5	78.5	173.0
CACTAATGTGCTTAGT-1	0.04491527383257164	0.11475409836065571	5.323251673948351e-05	263.5	0	0	0.06122448979591837	0.06603773584905662	0.021148036253776436	0.025477707006369428	0.11475409836065571	0.0011325028312570782	0.0392749244712991	0.05263157894736842	0.02255639097744361	185.0	183.0	282.5	252.5	104.5	703.0	215.0	175.5	270.5
CTGCCACGCCCGCTTG-1	0.056826721966116184	0.18592964824120603	9.787579935804053e-05	266.44444444444446	2	2	0.18181818181818188	0.0023094688221709007	0.0023094688221709007	0.007518796992481203	0.11475409836065571	0.013698630136986304	0.18592964824120603	0.001869158878504673	0.0012330456226880395	19.0	366.5	439.0	321.0	104.5	289.0	1.5	357.5	500.0
CCTGTAATCGGCTCGC-1	0.05175957251617372	0.1645569620253165	0.00012538908217525892	269.05555555555554	2	3	0.1645569620253165	0.008962868117797696	0.021148036253776436	0.0011325028312570782	0.0035335689045936395	0.11475409836065571	0.12959381044487428	0.005988023952095809	0.016166281755196302	28.5	296.5	282.5	703.5	395.0	88.5	43.5	297.5	286.0
AAGACTGGGAAAACGC-1	0.04826660752405229	0.11475409836065571	1.8104814617119567e-05	270.05555555555554	0	1	0.008962868117797696	0.07125307125307123	0.041825095057034224	0.11475409836065571	0.08310991957104558	0.0011325028312570782	0.006729475100942126	0.06735751295336787	0.0392749244712991	334.5	172.5	248.5	85.0	162.5	703.0	339.0	147.5	238.0
GTCTCGCTGTATCCGC-1	0.058163904927006675	0.14960629921259844	2.8663478761084843e-05	270.3333333333333	1	3	0.03571428571428572	0.10559006211180126	0.0011325028312570782	0.14960629921259844	0.006134969325153375	0.09734513274336284	0.023728813559322038	0.10299003322259134	0.0012330456226880395	245.0	89.0	745.0	45.0	353.0	119.0	258.5	78.5	500.0
GGTAGCTCTAAGTGCT-1	0.0887484049808395	0.18181818181818188	0.00010850245674982183	271.3333333333333	3	5	0.13653136531365312	0.18181818181818188	0.0011325028312570782	0.004807692307692307	0.0011325028312570782	0.18181818181818188	0.12359550561797751	0.16666666666666669	0.0012330456226880395	51.0	6.5	745.0	350.0	715.0	13.5	51.0	10.0	500.0
TTAGAGAACATAAGTG-1	0.04533291234505667	0.11796733212341201	0.00012537598450247276	274.5	0	2	0.04518664047151277	0.11475409836065571	0.012048192771084336	0.0011325028312570782	0.04518664047151277	0.0023094688221709007	0.05953827460510329	0.11796733212341201	0.009873060648801129	222.5	67.5	314.5	703.5	242.0	386.0	165.5	54.5	314.5
AGAGGCGAACTAGTTA-1	0.046415214527964904	0.13653136531365312	0.00012537565332951288	275.27777777777777	0	2	0.048780487804878044	0.0035335689045936395	0.023255813953488372	0.0011325028312570782	0.13653136531365312	0.13653136531365312	0.02617801047120419	0.0025188916876574307	0.0392749244712991	213.5	340.0	277.5	703.5	62.0	53.5	250.0	339.5	238.0
TGTGTAGAAGTGGCAC-1	0.041370322617488735	0.09433962264150943	0.00012537572806309595	277.1111111111111	0	1	0.07692307692307691	0.013698630136986304	0.006134969325153375	0.0011325028312570782	0.08988764044943821	0.06122448979591837	0.09433962264150943	0.023728813559322038	0.005263157894736842	148.0	276.0	348.5	703.5	151.0	186.0	92.0	242.5	346.5
CAAAAACCGTCCACGG-1	0.0841570502372106	0.1645569620253165	1.7417642708779297e-05	279.1111111111111	2	6	0.0011325028312570782	0.10559006211180126	0.13653136531365312	0.10559006211180126	0.1645569620253165	0.0011325028312570782	0.0006101281269066504	0.11267605633802813	0.12959381044487428	706.0	89.0	56.5	100.0	31.0	703.0	712.0	65.0	49.5
CTCTAGTTTGAATCCA-1	0.060687731496613835	0.13653136531365312	6.49959671317775e-05	280.55555555555554	0	3	0.0011325028312570782	0.12499999999999997	0.06122448979591837	0.01914580265095729	0.13653136531365312	0.041825095057034224	0.0006101281269066504	0.11796733212341201	0.04275286757038581	706.0	52.0	214.0	266.5	62.0	231.5	712.0	54.5	226.5
CGCAACATCTCGGATG-1	0.05998606377953272	0.14960629921259844	2.866346560434616e-05	282.55555555555554	1	2	0.08988764044943821	0.0011325028312570782	0.041825095057034224	0.14960629921259844	0.03867403314917127	0.11475409836065571	0.06735751295336787	0.0006101281269066504	0.036027263875365145	118.5	692.5	248.5	45.0	255.5	88.5	144.5	704.5	245.5
