n_cells	1000
selected_features	500000
top_by_mean_mix_rank
barcode	n_fragment	mean_mix_rank	mean_entropy_rank	mix_top50_k	entropy_top50_k	mix_score_k6	neighbor_entropy_k6	neighbor_balance_k6	mix_rank_k6	entropy_rank_k6	mix_score_k8	neighbor_entropy_k8	neighbor_balance_k8	mix_rank_k8	entropy_rank_k8	mix_score_k10	neighbor_entropy_k10	neighbor_balance_k10	mix_rank_k10	entropy_rank_k10	mix_score_k12	neighbor_entropy_k12	neighbor_balance_k12	mix_rank_k12	entropy_rank_k12
CGAGCGATACACATCG-1	10432	88.25	530.25	0	1	0.9858842909238096	1.325725602112749	0.4782608695652174	83.0	854.0	0.9868106163800994	1.8306606079040504	0.38461538461538464	67.0	294.0	0.983545206243564	1.4086572972289582	0.45454545454545453	90.0	970.0	0.9792522461222514	2.3412759226160755	0.4444444444444444	113.0	3.0
GAGGATGCAGACACCT-1	10438	95.25	250.25	2	0	0.9771215189691523	1.5902223618523075	0.4117647058823529	176.0	305.0	0.9917561691293042	1.8905044046958053	0.5	35.0	154.0	0.9797893866680818	2.060742866866128	0.4166666666666667	134.0	77.0	0.9900057891131361	2.0026730158640147	0.42857142857142855	36.0	465.0
ATACTGGTAGCAACAC-1	10255	97.0	199.75	2	1	0.9926173834422565	1.5528049001689679	0.5	27.0	410.0	0.9817698839339448	1.8372127890947794	0.4375	119.0	278.0	0.9718936409553272	2.060742866866128	0.4166666666666667	203.0	75.0	0.9889514851584246	2.2511636808428146	0.4	39.0	36.0
GTAATGACTTAGGGAA-1	9741	101.25	155.25	1	1	0.9878545686952738	1.6623595623216596	0.4	61.0	138.0	0.9725591955812497	2.029133840807794	0.45454545454545453	211.0	2.0	0.9943491546699886	2.0087880182031395	0.4	18.0	160.0	0.9791757981807817	2.072069469319154	0.4166666666666667	115.0	321.0
GCGGATGATTATATCG-1	10137	105.25	406.0	1	0	0.9921103260278032	1.5247322715282499	0.3888888888888889	31.0	482.0	0.9813449494299517	1.7858547759428953	0.4	128.0	403.0	0.9842895573303342	2.020114620656166	0.5	81.0	139.0	0.9717589733612939	1.94282921907226	0.42857142857142855	181.0	600.0
TCCGGGTCTAGGCTTG-1	10440	110.75	549.5	2	0	0.9714523829096782	1.3737740876446551	0.45454545454545453	234.0	790.0	0.977761954306904	1.736307381380249	0.4666666666666667	167.0	520.0	0.9933229193333865	1.7886955947560512	0.4375	20.0	632.0	0.9934235635224832	2.1041118600903017	0.5	22.0	256.0
CTCAGGGATCCTCCTG-1	9997	113.75	489.25	0	0	0.9858212119048285	1.6397063574156066	0.4444444444444444	84.0	191.0	0.9878007063544781	1.7082309386007413	0.3125	60.0	584.0	0.9803647346004877	1.729221763677763	0.5	127.0	726.0	0.9716265319418509	2.0070774714128454	0.45454545454545453	184.0	456.0
TGGCATGAGCTACGAG-1	10613	115.75	477.25	1	1	0.982424483236229	1.626879517226252	0.47058823529411764	122.0	226.0	0.9817357920158813	1.9957508689598193	0.5	120.0	13.0	0.9745584041269768	1.615811314526082	0.47619047619047616	175.0	864.0	0.9880213387689911	1.8155263854132975	0.42857142857142855	46.0	806.0
GGGTGATAGGGCTAGA-1	10305	129.75	449.75	1	0	0.9810919380791435	1.5557091179814708	0.5	136.0	398.0	0.9680414522759535	1.6265410814680037	0.42105263157894735	264.0	739.0	0.9952323163954002	2.083396071772181	0.4166666666666667	10.0	57.0	0.9799135218366335	1.9418624178476889	0.4666666666666667	109.0	605.0
GCAATTCTGCTTTAGC-1	10258	134.75	255.25	1	0	0.9852977520719634	1.6561811609831874	0.4666666666666667	87.0	146.0	0.9742887605913576	1.7079725388478848	0.3333333333333333	196.0	587.0	0.9716888287653588	2.0730362705437253	0.45454545454545453	206.0	65.0	0.987696862541254	2.119246082581055	0.45454545454545453	50.0	223.0
GCGACGATCTACTCAC-1	10122	135.0	337.75	1	0	0.9686308568104455	1.6788343658892402	0.4375	261.0	92.0	0.9880704528862251	1.8905044046958053	0.5	57.0	155.0	0.971934353787006	1.9069792082633858	0.46153846153846156	202.0	378.0	0.9943093066846295	1.875370182205052	0.4	20.0	726.0
GGGTCATATCGTGTGT-1	10353	138.0	317.0	0	0	0.9679523700178998	1.6441108129644375	0.3333333333333333	271.0	184.0	0.9856578647904	1.7405483661307897	0.42857142857142855	75.0	509.0	0.9823825000913183	2.0898810398247725	0.3333333333333333	103.0	55.0	0.9805244673339009	1.979116408732738	0.4	103.0	520.0
AACTATCAGATCATAT-1	10459	138.25	432.25	1	1	0.9919774723351643	1.5530317699666059	0.4117647058823529	32.0	406.0	0.9825716104846908	1.7858547759428953	0.4	111.0	402.0	0.9825186353138264	1.612278731247256	0.3684210526315789	101.0	873.0	0.9591279314450214	2.2314146937492643	0.45454545454545453	309.0	48.0
TACCCAGATTCGAACT-1	10376	154.5	558.5	2	0	0.9924052273532411	1.4384910487920628	0.45	29.0	686.0	0.9944453139787792	1.8099448195859296	0.4666666666666667	19.0	353.0	0.9638422089872266	1.8419872103570771	0.375	293.0	523.0	0.9627045778693505	1.90413838945023	0.4	277.0	672.0
CGACATCACCTGTTTC-1	10170	154.75	684.5	0	0	0.9868748410590398	1.6533403421700315	0.47058823529411764	69.0	161.0	0.9613892004953213	1.3623123014889402	0.4090909090909091	352.0	967.0	0.9828267011054479	1.6343595735990168	0.2777777777777778	97.0	844.0	0.9810019157312944	1.8413903748459726	0.5	101.0	766.0
GGGGCAAACAGGAATC-1	10048	155.0	496.0	1	0	0.9831588141313248	1.6768969493013082	0.42857142857142855	115.0	102.0	0.9775224935263106	1.6652003811348153	0.4117647058823529	170.0	667.0	0.9913936275781827	1.8669477975645283	0.4	27.0	468.0	0.9591874851594374	1.8575901416546523	0.26666666666666666	308.0	747.0
ATTGTAATCCTTGTGT-1	10100	156.75	568.5	1	0	0.9928994943027702	1.515479124580578	0.3157894736842105	26.0	502.0	0.9809107023676699	1.681675184702396	0.5	136.0	634.0	0.9552600996977626	1.7393065281473175	0.3125	398.0	707.0	0.9848519177625504	2.017807238354768	0.38461538461538464	67.0	431.0
CGCACGCGTACTGCAG-1	10909	163.25	528.0	1	0	0.9863754492763476	1.4681626582624647	0.42105263157894735	76.0	630.0	0.9826175600517535	1.7925032147937778	0.4117647058823529	109.0	388.0	0.9527717682928053	1.5766517760972298	0.25	426.0	900.0	0.9881347826303742	2.1334135038472373	0.4166666666666667	42.0	194.0
AGAGCCCCCATACACC-1	10263	166.25	285.5	0	1	0.9730003927466987	1.709476590723003	0.5	217.0	47.0	0.9867522542767139	1.7015191007505117	0.35294117647058826	68.0	594.0	0.9772195854658623	1.944766635660192	0.46153846153846156	154.0	299.0	0.9675941831913453	2.1276684672215787	0.38461538461538464	226.0	202.0
ACCGGGCCGAGCACAC-1	10163	170.0	223.0	2	0	0.9764662673305746	1.6378676839210302	0.35294117647058826	182.0	200.0	0.9903115077559441	1.9056386271865584	0.2857142857142857	43.0	123.0	0.9503862519807766	1.9673564415668976	0.5	449.0	243.0	0.9983406650113139	2.0707288882423267	0.3333333333333333	6.0	326.0
AGAGGCGAACTAGTTA-1	10207	171.0	38.25	0	3	0.9587169621930417	1.7576200052094748	0.46153846153846156	362.0	6.0	0.9842970158053157	2.0026730158640147	0.5	91.0	9.0	0.9799753938341137	2.050979901148777	0.5	132.0	94.0	0.9812584076117145	2.239837078389788	0.4	99.0	44.0
ATGCGCCGTCGAGAGT-1	10044	171.5	178.25	0	1	0.9841753050239517	1.7321259814902659	0.42857142857142855	105.0	20.0	0.9708410022035895	1.8047966184713753	0.3333333333333333	232.0	361.0	0.9749593248603863	2.006480635901741	0.38461538461538464	172.0	169.0	0.9724563662549895	2.153162490940787	0.4166666666666667	177.0	163.0
CTCTGTGGCTTGCTTA-1	10462	179.5	325.5	1	0	0.9675176284509084	1.5799613037172076	0.3888888888888889	274.0	327.0	0.9678545034468305	1.71408754118701	0.5	269.0	571.0	0.9917953204061642	1.9909764476975214	0.46153846153846156	25.0	200.0	0.9749742586706338	2.1276684672215787	0.38461538461538464	150.0	204.0
GTAGAGAATCGCTCGG-1	10068	180.5	230.75	1	1	0.979282350178508	1.7108767566603877	0.4	159.0	41.0	0.9695627032595787	1.8206745865278515	0.4666666666666667	253.0	316.0	0.9640843796674028	1.8533138128101034	0.375	289.0	498.0	0.9942490209106722	2.2110688711446103	0.3333333333333333	21.0	68.0
CGGCCGAGCCGCGTCC-1	10022	187.25	234.5	1	0	0.9791454000303812	1.6523735409454607	0.4375	162.0	163.0	0.9585620846804602	1.8674812340762856	0.46153846153846156	378.0	207.0	0.9895985423096645	2.0433012620739763	0.4166666666666667	40.0	100.0	0.9731736663117948	2.000365633562616	0.45454545454545453	169.0	468.0
CGATCGACAGGCTCGG-1	10287	189.75	402.0	2	1	0.9559408299078633	1.3941199102493096	0.2857142857142857	392.0	763.0	0.9922306285070276	2.000365633562616	0.45454545454545453	31.0	11.0	0.9947770539567057	1.9763756617185255	0.5	15.0	225.0	0.9582091865754765	1.9390215990345334	0.3076923076923077	321.0	609.0
TCGACATCACGAAACG-1	9712	192.5	273.25	0	0	0.980023351346056	1.620764514887127	0.5	151.0	237.0	0.9604945313165154	1.8791778022427787	0.42857142857142855	365.0	180.0	0.9756084220601045	1.875370182205052	0.47058823529411764	163.0	456.0	0.9818331986499373	2.1192460825810553	0.45454545454545453	91.0	220.0
GGTAGCTCTAAGTGCT-1	10241	196.0	299.75	1	1	0.947383605039041	1.5068219579292763	0.4117647058823529	477.0	525.0	0.9866224452512778	1.7184919967358412	0.4444444444444444	69.0	562.0	0.9716619876870703	2.0375562254483177	0.42857142857142855	208.0	108.0	0.991272621394786	2.3351609202769503	0.375	30.0	4.0
CACGGTTGACCTAGTG-1	10267	196.5	301.5	0	0	0.984044782048308	1.6029844743367272	0.35294117647058826	107.0	273.0	0.9706567197543345	1.9046718259619873	0.46153846153846156	237.0	126.0	0.967769148212893	1.86464041526313	0.35714285714285715	250.0	475.0	0.9706003275742198	2.066324432693496	0.42857142857142855	192.0	332.0
TCGCGCGCCGCGAATT-1	9887	198.75	162.25	1	0	0.9906338005941684	1.7046983553219153	0.4666666666666667	41.0	56.0	0.9882185701449019	1.8296938066794795	0.4666666666666667	55.0	296.0	0.9778333473221157	2.029133840807794	0.5	147.0	122.0	0.9349144486178492	2.1457069075248345	0.5	552.0	175.0
