barcode	score_5kb_seed1	score_5kb_seed2	score_10kb_seed1	score_10kb_seed2	rank_5kb_seed1	rank_5kb_seed2	rank_10kb_seed1	rank_10kb_seed2	mean_rank	mean_score
AAGCGCAGTATACCCC-1	0.63636364	0.671875	0.671875	0.63636364	64	16	30	65	43.750	0.65411932
CCTCTTTGTCCAACGG-1	0.63636364	0.63636364	0.70967742	0.70967742	94	84	10	10	49.500	0.67302053
AACAATAAAAACACGC-1	0.63636364	0.75	0.60294118	0.671875	60	1	145	21	56.750	0.66529495
GCCATGTGCTCATGGA-1	0.70967742	0.63636364	0.63636364	0.63636364	10	67	77	75	57.250	0.65469208
TCAAATATCGCACCCA-1	0.83928571	0.671875	0.60294118	0.671875	2	29	197	31	64.750	0.69649422
TATCGACACGCCAATG-1	0.63636364	0.671875	0.63636364	0.63636364	75	23	82	82	65.500	0.64524148
ATAAGGGGTCCGACCT-1	0.63636364	0.57142857	0.671875	0.63636364	50	259	21	52	95.500	0.62900771
CGTGTACTTGACTGGT-1	0.671875	0.60294118	0.671875	0.57142857	19	136	27	272	113.500	0.62952994
TCTTCTTATAAACGAT-1	0.63636364	0.63636364	0.60294118	0.63636364	87	79	199	94	114.750	0.62800802
GTTAGGGTTATATGAC-1	0.671875	0.671875	0.57142857	0.671875	38	38	363	41	120.000	0.64676339
GCGCTCTACCAATATT-1	0.63636364	0.60294118	0.57142857	0.63636364	52	124	259	54	122.250	0.61177426
TATGGTGCAAATACGG-1	0.60294118	0.60294118	0.57142857	0.671875	127	113	251	15	126.500	0.61229648
GAGAGGCGGACATAAT-1	0.57142857	0.57142857	0.671875	0.671875	254	245	20	16	133.750	0.62165179
TTGGTACTCTCGTTCG-1	0.671875	0.70967742	0.63636364	0.54166667	21	7	69	441	134.500	0.63989568
GTAATATGCTTGACAG-1	0.54166667	0.671875	0.671875	0.70967742	476	22	34	7	134.750	0.64877352
CAGACGGCTTGAAATT-1	0.63636364	0.60294118	0.63636364	0.63636364	107	213	114	107	135.250	0.62800802
GGAATCATCAGGGATC-1	0.60294118	0.60294118	0.671875	0.671875	230	224	54	43	137.750	0.63740809
ATATCTCCCATCCAGT-1	0.60294118	0.57142857	0.75	0.63636364	176	307	3	77	140.750	0.64018335
CGCCACGCCTCTACTG-1	0.60294118	0.57142857	0.671875	0.671875	190	318	37	28	143.250	0.62952994
GGGTATTTAGGGCTCC-1	0.60294118	0.671875	0.54166667	0.63636364	124	12	392	48	144.000	0.61321162
GTACTGAATATATCCA-1	0.60294118	0.671875	0.60294118	0.60294118	194	25	187	173	144.750	0.62017463
GAAGACAAAGTTCTGA-1	0.60294118	0.60294118	0.63636364	0.60294118	184	172	80	170	151.500	0.61129679
CGCACGCGTACTGCAG-1	0.57142857	0.60294118	0.60294118	0.60294118	245	112	126	123	151.500	0.59506303
GAACAAGAGAAGAACA-1	0.63636364	0.63636364	0.63636364	0.54166667	59	54	66	429	152.000	0.61268939
TGCGCTGATGACATGG-1	0.70967742	0.70967742	0.60294118	0.57142857	14	10	218	368	152.500	0.64843115
AACCTGCCCCTGCCTG-1	0.63636364	0.60294118	0.63636364	0.60294118	105	210	108	205	157.000	0.61965241
AGGCGTAGGCTTTTTG-1	0.60294118	0.60294118	0.60294118	0.60294118	165	156	159	157	159.250	0.60294118
TTATCCAGAGTTTGTA-1	0.63636364	0.671875	0.57142857	0.60294118	99	35	350	195	169.750	0.6206521
AGGAACCTGCATACAA-1	0.671875	0.60294118	0.60294118	0.60294118	37	212	220	210	169.750	0.62017463
CGGAAGTTTCAGGCTC-1	0.57142857	0.57142857	0.63636364	0.63636364	279	274	68	60	170.250	0.6038961
GAGGCGGTGAGCATAT-1	0.671875	0.57142857	0.70967742	0.60294118	43	396	16	234	172.250	0.63898054
GATCCCCACAGCAATC-1	0.60294118	0.57142857	0.63636364	0.60294118	167	294	74	158	173.250	0.60341864
CCAGGTTCGGCTTGCA-1	0.60294118	0.60294118	0.57142857	0.60294118	147	132	273	141	173.250	0.59506303
CGCCATGTCCTCTTGT-1	0.75	0.70967742	0.57142857	0.57142857	5	9	343	343	175.000	0.65063364
TGACACACAAGCACTA-1	0.60294118	0.54166667	0.60294118	0.70967742	136	423	137	4	175.000	0.61430661
GTCGTGATCCGCTGTG-1	0.57142857	0.60294118	0.63636364	0.63636364	338	186	87	91	175.500	0.61177426
GGCCCGAGCGAGGCCG-1	0.60294118	0.54166667	0.671875	0.63636364	162	453	29	64	177.000	0.61321162
AAGGTAATCCCCGCGT-1	0.60294118	0.63636364	0.60294118	0.57142857	174	66	171	304	178.750	0.60341864
TGAGTAATATCATCCC-1	0.671875	0.63636364	0.57142857	0.60294118	41	103	371	225	185.000	0.6206521
CCCCCGTCTGGTACGT-1	0.60294118	0.63636364	0.60294118	0.54166667	138	51	138	422	187.250	0.59597816
CAATTGCACCAGAACC-1	0.60294118	0.60294118	0.57142857	0.63636364	187	174	313	85	189.750	0.60341864
AGAGCCCCCATACACC-1	0.63636364	0.60294118	0.60294118	0.54166667	58	133	142	426	189.750	0.59597816
GTGCTTAGGGAGGGCA-1	0.54166667	0.63636364	0.60294118	0.671875	482	72	183	27	191.000	0.61321162
CATCTGACACCGCCGG-1	0.57142857	0.60294118	0.671875	0.63636364	385	222	53	112	193.000	0.6206521
AAACAGCGCAATACAG-1	0.671875	0.671875	0.60294118	0.51351351	18	15	140	601	193.500	0.61505117
TGCATGATGTCTGTGC-1	0.60294118	0.60294118	0.57142857	0.57142857	135	125	260	258	194.500	0.58718487
ACGGAGCCTGACTGGA-1	0.60294118	0.57142857	0.671875	0.63636364	231	382	55	115	195.750	0.6206521
GTGCATGGATATCGGC-1	0.57142857	0.57142857	0.79310345	0.79310345	397	388	1	1	196.750	0.68226601
TCTGTTAACGGCTAAG-1	0.57142857	0.57142857	0.60294118	0.63636364	288	285	152	62	196.750	0.59554049
CAGGAAGTCGAAAAAC-1	0.57142857	0.57142857	0.671875	0.60294118	306	301	33	165	201.250	0.60441833
TTCTGAGAATCGGCGG-1	0.63636364	0.60294118	0.671875	0.51351351	55	129	24	602	202.500	0.60617333
ATTATGAATTTTATCG-1	0.57142857	0.63636364	0.57142857	0.63636364	330	75	318	87	202.500	0.6038961
TGAAACAGCAGGTGAC-1	0.63636364	0.63636364	0.57142857	0.57142857	84	77	326	328	203.750	0.6038961
AGCTTTATCCAGAATC-1	0.60294118	0.63636364	0.57142857	0.57142857	170	62	299	300	207.750	0.59554049
TGAACGATCAAATTCC-1	0.57142857	0.57142857	0.671875	0.57142857	271	270	25	268	208.500	0.59654018
AATGATCTTCCTTAGT-1	0.60294118	0.60294118	0.57142857	0.57142857	152	137	277	273	209.750	0.58718487
GGTATTCTACGACAAC-1	0.70967742	0.60294118	0.57142857	0.60294118	16	227	374	226	210.750	0.62174709
CTCCTGTCTTTAGCCC-1	0.57142857	0.57142857	0.60294118	0.60294118	280	275	146	144	211.250	0.58718487
TGCGGGCGGTGGAGAT-1	0.51351351	0.671875	0.60294118	0.671875	649	20	169	24	215.500	0.61505117
GTGCACGCGTTCTTAC-1	0.54166667	0.57142857	0.70967742	0.70967742	508	338	9	8	215.750	0.63311252
CGCGAAAAAACGTCAA-1	0.70967742	0.60294118	0.57142857	0.60294118	17	233	384	230	216.000	0.62174709
GGCAACGGCCCAATGT-1	0.63636364	0.63636364	0.54166667	0.60294118	98	88	502	191	219.750	0.60433378
CGCTTACCTGTAAGTG-1	0.57142857	0.57142857	0.57142857	0.671875	290	287	289	22	222.000	0.59654018
GAGCTCACCAGAATTT-1	0.63636364	0.51351351	0.63636364	0.671875	85	689	91	29	223.500	0.61452895
GGTGGGTTGGAAAACA-1	0.63636364	0.63636364	0.54166667	0.63636364	118	108	557	119	225.500	0.61268939
CCTTCCCCCTATATAT-1	0.60294118	0.57142857	0.57142857	0.57142857	133	258	257	256	226.000	0.57930672
CTGAAACATGCTAAGT-1	0.60294118	0.60294118	0.57142857	0.57142857	163	154	295	293	226.250	0.58718487
GCGACGATCTACTCAC-1	0.57142857	0.54166667	0.63636364	0.63636364	301	465	75	72	228.250	0.59645563
GGACGCCAGAGATCGT-1	0.54166667	0.57142857	0.671875	0.671875	503	336	45	30	228.500	0.61421131
GTCTCGCTGTATCCGC-1	0.63636364	0.51351351	0.60294118	0.60294118	47	612	133	131	230.750	0.58893988
AATACGGAGTTCACAT-1	0.57142857	0.57142857	0.63636364	0.60294118	336	330	86	176	232.000	0.59554049
GGTGCCGTCCCCGCGT-1	0.54166667	0.60294118	0.57142857	0.60294118	422	119	258	135	233.500	0.5797444
TAATGAGAATAGAGAG-1	0.60294118	0.57142857	0.57142857	0.57142857	143	269	269	265	236.500	0.57930672
AAACACAATAAGTGGT-1	0.63636364	0.54166667	0.63636364	0.60294118	103	540	105	200	237.000	0.60433378
TTCTGCAAATATAGGG-1	0.60294118	0.63636364	0.57142857	0.54166667	158	56	288	446	237.000	0.58810001
CTTAGCAGAGCCATGT-1	0.63636364	0.63636364	0.54166667	0.60294118	110	95	531	216	238.000	0.60433378
GCGTGTCTAGTCCAGT-1	0.70967742	0.57142857	0.60294118	0.51351351	6	241	128	579	238.500	0.59939017
TGGTTACAGGCAGTAT-1	0.63636364	0.57142857	0.57142857	0.57142857	68	295	298	298	239.750	0.58766234
GTTGAATACAAACAAG-1	0.671875	0.75	0.51351351	0.57142857	26	2	629	303	240.000	0.62670427
AGGATAGGTGGGGTCG-1	0.57142857	0.60294118	0.60294118	0.57142857	319	170	179	308	244.000	0.58718487
AGTTCCCATTCCCTTT-1	0.671875	0.60294118	0.60294118	0.51351351	25	158	165	630	244.500	0.59781772
AGTAGTCGGTGACCTC-1	0.54166667	0.63636364	0.54166667	0.60294118	411	44	396	129	245.000	0.58065954
ATCTGACCACTTTGAA-1	0.63636364	0.60294118	0.51351351	0.60294118	63	152	617	153	246.250	0.58893988
AACTGGATCTACTCGG-1	0.51351351	0.60294118	0.60294118	0.60294118	606	116	134	132	247.000	0.58058426
TCTGCAAAACGCTAAC-1	0.57142857	0.51351351	0.671875	0.60294118	250	601	18	127	249.000	0.58993957
CGAACATATTTCAGAG-1	0.57142857	0.57142857	0.60294118	0.57142857	287	284	151	285	251.750	0.57930672
CTGGTTCAATTACGCT-1	0.671875	0.57142857	0.60294118	0.54166667	29	319	185	480	253.250	0.59697785
TACGACGATCGGCCTT-1	0.54166667	0.57142857	0.60294118	0.60294118	441	277	149	148	253.750	0.5797444
TGAGGGTCTTCCCTGA-1	0.60294118	0.60294118	0.48684211	0.63636364	129	114	733	49	256.250	0.58227202
GCCATAGGTCAGATTT-1	0.54166667	0.60294118	0.63636364	0.60294118	531	201	102	193	256.750	0.59597816
CTTGAGAATATACGCA-1	0.57142857	0.54166667	0.57142857	0.63636364	270	428	270	59	256.750	0.58022186
CCGGCCCGGCCTAATC-1	0.54166667	0.63636364	0.60294118	0.60294118	533	89	210	196	257.000	0.59597816
GATTATTTCTAAGGCA-1	0.57142857	0.54166667	0.60294118	0.63636364	308	473	174	74	257.250	0.58810001
CACTGGTCCACGAATA-1	0.57142857	0.63636364	0.57142857	0.57142857	327	74	317	317	258.750	0.58766234
GCAATTCTGCTTTAGC-1	0.60294118	0.63636364	0.54166667	0.54166667	148	53	415	427	260.750	0.58065954
AGCCGGTTAAGGCGCC-1	0.63636364	0.63636364	0.60294118	0.48684211	65	58	157	764	261.000	0.59062764
GTTGCGGTTCCGCTCG-1	0.63636364	0.54166667	0.60294118	0.60294118	101	538	212	198	262.250	0.59597816
TCCTATACGGTGCCCT-1	0.60294118	0.57142857	0.60294118	0.60294118	228	376	225	220	262.250	0.59506303
ACGAACCGTCCCCTTA-1	0.63636364	0.46153846	0.70967742	0.60294118	46	873	6	130	263.750	0.60263017
GAGGCTACTCCATCAG-1	0.57142857	0.671875	0.57142857	0.57142857	351	31	337	338	264.250	0.59654018
CTCAATCCGGACTCGG-1	0.60294118	0.60294118	0.54166667	0.60294118	202	190	482	185	264.750	0.58762255
GCACTTCGGCGATATG-1	0.57142857	0.57142857	0.63636364	0.60294118	376	368	110	207	265.250	0.59554049
GTCGACGCGCAGATGC-1	0.57142857	0.54166667	0.57142857	0.60294118	259	415	254	134	265.500	0.57186625
GTTGATTACTGCTAAC-1	0.63636364	0.63636364	0.57142857	0.51351351	72	64	302	633	267.750	0.58941734
GAGTAAACGCTGTGCT-1	0.57142857	0.60294118	0.60294118	0.60294118	392	226	230	224	268.000	0.59506303
TAATATGTGAAAAGTT-1	0.63636364	0.51351351	0.60294118	0.57142857	57	627	141	267	273.000	0.58106172
ACTTCTTACGCTCTCA-1	0.48684211	0.57142857	0.63636364	0.63636364	750	240	58	47	273.750	0.58274949
GGGATGTTGTAACCCC-1	0.57142857	0.60294118	0.57142857	0.57142857	318	168	309	306	275.250	0.57930672
GTATTCCCTGTTCGCG-1	0.57142857	0.60294118	0.60294118	0.60294118	404	234	239	232	277.250	0.59506303
CGGCCGGGGGCCACAG-1	0.57142857	0.70967742	0.48684211	0.60294118	251	4	727	128	277.500	0.59272232
AGTATCAAACATCTTG-1	0.60294118	0.671875	0.54166667	0.57142857	213	36	508	356	278.250	0.59697785
AAAGCTTACGGCTCAT-1	0.57142857	0.60294118	0.63636364	0.57142857	390	225	121	385	280.250	0.59554049
TGGATGCCGAGGCTTA-1	0.54166667	0.57142857	0.671875	0.60294118	530	353	49	192	281.000	0.59697785
TGTATCCGAGGATCGG-1	0.60294118	0.54166667	0.57142857	0.57142857	149	432	274	269	281.000	0.57186625
CACTAATGTGCTTAGT-1	0.70967742	0.671875	0.51351351	0.54166667	9	21	633	464	281.750	0.60918315
TAGTTCCCAGAACTTC-1	0.63636364	0.46153846	0.63636364	0.60294118	51	877	62	139	282.250	0.58430173
GTGATTCATTAGAGCT-1	0.57142857	0.57142857	0.57142857	0.57142857	284	280	286	281	282.750	0.57142857
AACTATTGAGACATTT-1	0.54166667	0.63636364	0.57142857	0.54166667	419	48	253	415	283.750	0.57278139
CCCACATGAGTAATTT-1	0.54166667	0.54166667	0.60294118	0.671875	468	471	173	25	284.250	0.58953738
GTAAGTAATAGATTCC-1	0.60294118	0.671875	0.48684211	0.57142857	130	14	740	253	284.250	0.58327171
CTTGTACTGAACCCCT-1	0.63636364	0.54166667	0.57142857	0.60294118	90	522	340	189	285.250	0.58810001
ATCATACTCAGGTTCC-1	0.54166667	0.51351351	0.63636364	0.63636364	421	615	60	51	286.750	0.58197686
AGTCATTGGTTGGTTG-1	0.54166667	0.63636364	0.671875	0.57142857	585	111	57	401	288.500	0.60533347
CCAGTAACTGTTTCTT-1	0.57142857	0.63636364	0.60294118	0.51351351	300	61	164	629	288.500	0.58106172
TGCAACCGTCAGTATT-1	0.54166667	0.54166667	0.60294118	0.60294118	432	439	144	143	289.500	0.57230392
AGCTTCTAAAGACTTC-1	0.70967742	0.54166667	0.63636364	0.54166667	13	529	98	519	289.750	0.6073436
TACTCCTATGTTCTGC-1	0.63636364	0.51351351	0.54166667	0.60294118	44	599	391	125	289.750	0.57362125
GGACGTCACGATTACG-1	0.60294118	0.57142857	0.54166667	0.54166667	125	242	395	404	291.500	0.56442577
ACATCAGCGCGTGGCG-1	0.54166667	0.54166667	0.60294118	0.60294118	438	443	147	145	293.250	0.57230392
CAACCTCTTCATTAGT-1	0.60294118	0.63636364	0.48684211	0.60294118	172	65	774	164	293.750	0.58227202
ATGTTAGCGGAACGAT-1	0.63636364	0.63636364	0.51351351	0.54166667	62	57	612	447	294.500	0.58197686
CTTCCAATACTAAGAA-1	0.54166667	0.57142857	0.54166667	0.70967742	456	291	430	5	295.500	0.59110983
GAAGCCGGACACTACA-1	0.63636364	0.63636364	0.48684211	0.63636364	116	106	844	118	296.000	0.59898325
CCATAGAACCAGTGGC-1	0.60294118	0.60294118	0.57142857	0.51351351	154	141	279	611	296.250	0.57270611
CAGATAGTTTTCGGGT-1	0.57142857	0.57142857	0.60294118	0.60294118	381	370	222	214	296.750	0.58718487
GGCTCTTGCCCCTCCA-1	0.57142857	0.54166667	0.60294118	0.57142857	293	451	154	289	296.750	0.57186625
CTGGACTACTTTGGTC-1	0.60294118	0.63636364	0.54166667	0.57142857	219	93	515	364	297.750	0.58810001
TGTCACCTCCAGCGGA-1	0.54166667	0.57142857	0.57142857	0.60294118	454	290	296	154	298.500	0.57186625
GGTTAGTGACCGGAAC-1	0.57142857	0.57142857	0.54166667	0.57142857	265	263	407	259	298.500	0.5639881
GTAGAGAATCGCTCGG-1	0.671875	0.57142857	0.63636364	0.48684211	27	312	79	777	298.750	0.59162733
CGTCGGGCGGAAACGG-1	0.54166667	0.60294118	0.57142857	0.60294118	502	187	327	182	299.500	0.5797444
GGGTTCCCCTGATTTA-1	0.57142857	0.51351351	0.57142857	0.671875	275	630	276	20	300.250	0.58206141
GGAATCGTGGACTGAA-1	0.671875	0.60294118	0.54166667	0.54166667	34	189	480	501	301.000	0.58953738
CGCGGGACCGAGCGTC-1	0.60294118	0.54166667	0.63636364	0.54166667	179	476	78	471	301.000	0.58065954
CACGCACTCTCGGTAC-1	0.57142857	0.60294118	0.54166667	0.54166667	263	121	406	418	302.000	0.56442577
GGGGCAAACAGGAATC-1	0.48684211	0.63636364	0.671875	0.57142857	803	70	35	311	304.750	0.59162733
GTTGGGCCGAGCTTCC-1	0.48684211	0.60294118	0.60294118	0.60294118	780	144	148	147	304.750	0.57391641
ATAGGAGTAGAGTATT-1	0.51351351	0.63636364	0.60294118	0.57142857	664	71	182	313	307.500	0.58106172
CCAGTTACTGTATTGC-1	0.63636364	0.51351351	0.60294118	0.57142857	74	669	180	310	308.250	0.58106172
CCGCACGGACTGTTGA-1	0.60294118	0.57142857	0.60294118	0.57142857	232	384	232	387	308.750	0.58718487
AACATGGAGCGCCGGG-1	0.671875	0.671875	0.60294118	0.41463415	33	27	194	982	309.000	0.59033133
ATCAGCTCGTTAACGA-1	0.60294118	0.60294118	0.57142857	0.54166667	204	193	335	508	310.000	0.5797444
CACGGACAGCCCGCCT-1	0.51351351	0.54166667	0.60294118	0.60294118	589	402	127	124	310.500	0.56526563
TTTTCCGGTGGTACAT-1	0.70967742	0.70967742	0.57142857	0.41463415	7	5	262	969	310.750	0.60135439
CCCGGTCCGGACCTTC-1	0.57142857	0.48684211	0.671875	0.60294118	285	779	28	151	310.750	0.58327171
CACAATTTATACGTGG-1	0.63636364	0.63636364	0.48684211	0.54166667	49	47	741	414	312.750	0.57530901
TGACCCTTTAAAAAAC-1	0.57142857	0.51351351	0.60294118	0.57142857	255	614	135	252	314.000	0.56482796
CATAGGTGAACCCGTC-1	0.63636364	0.63636364	0.57142857	0.51351351	111	96	365	695	316.750	0.58941734
TGCCGTCCTGCGCCCC-1	0.54166667	0.54166667	0.671875	0.671875	579	591	56	45	317.750	0.60677083
AGGGAGTCGCGGGATA-1	0.63636364	0.57142857	0.57142857	0.57142857	114	389	378	390	317.750	0.58766234
AAGCTTCCACCTATAG-1	0.51351351	0.57142857	0.60294118	0.60294118	646	299	167	160	318.000	0.57270611
ATACTCTGTCCTGCTA-1	0.671875	0.51351351	0.54166667	0.63636364	31	683	471	90	318.750	0.5908547
ACCGGGCCGAGCACAC-1	0.57142857	0.60294118	0.48684211	0.63636364	294	153	763	66	319.000	0.57439387
CGAGGGGGTGATACCG-1	0.57142857	0.57142857	0.60294118	0.54166667	315	311	177	473	319.000	0.57186625
GAGAACACAATGGTAC-1	0.57142857	0.57142857	0.57142857	0.54166667	281	276	281	440	319.500	0.5639881
CGTTTGTAAAACCTTG-1	0.54166667	0.57142857	0.57142857	0.57142857	442	278	282	277	319.750	0.5639881
AAGTCAACCATTGTTG-1	0.57142857	0.57142857	0.60294118	0.54166667	317	313	178	474	320.500	0.57186625
GGAAAGAAAACAGTGG-1	0.48684211	0.63636364	0.60294118	0.63636364	854	98	223	110	321.250	0.59062764
AGACCATTCCTCCTCA-1	0.54166667	0.57142857	0.57142857	0.671875	536	357	353	40	321.500	0.5890997
AGTGCTTCCGAAAAGC-1	0.51351351	0.63636364	0.54166667	0.57142857	598	45	397	248	322.000	0.5657431
GTTGCCGGAGTACACT-1	0.63636364	0.57142857	0.54166667	0.51351351	48	252	401	589	322.500	0.5657431
AGCGTCGCTGAGTACG-1	0.671875	0.51351351	0.60294118	0.54166667	24	651	163	455	323.250	0.58249909
GCGCTTCTTATTTCCT-1	0.60294118	0.60294118	0.54166667	0.54166667	185	173	461	477	324.000	0.57230392
CTGCCACGCCCGCTTG-1	0.57142857	0.51351351	0.60294118	0.60294118	307	655	172	166	325.000	0.57270611
CTTAAGCGTGTAGCGT-1	0.48684211	0.60294118	0.63636364	0.60294118	825	194	94	188	325.250	0.58227202
ACAACCTACAGCCCTA-1	0.70967742	0.57142857	0.54166667	0.51351351	8	271	416	607	325.500	0.58407154
CACGCGTTGGTTAGGG-1	0.63636364	0.54166667	0.60294118	0.54166667	86	514	198	504	325.500	0.58065954
TAATGTGGGAATTCGT-1	0.54166667	0.54166667	0.63636364	0.63636364	544	546	109	106	326.250	0.58901515
AAGGTGGGTAAGAGCG-1	0.51351351	0.54166667	0.63636364	0.671875	677	505	92	32	326.500	0.5908547
GACGTGGCTCAGGCAT-1	0.54166667	0.54166667	0.57142857	0.60294118	439	444	280	146	327.250	0.56442577
CAGTATTGGATGCGAC-1	0.63636364	0.54166667	0.63636364	0.54166667	106	550	113	546	328.750	0.58901515
TAGTTCTCGCTTAAGG-1	0.60294118	0.46153846	0.671875	0.60294118	197	897	44	177	328.750	0.58482395
ACCTTGCGTACAACTC-1	0.60294118	0.60294118	0.54166667	0.57142857	222	211	520	369	330.500	0.5797444
TACTAGCCTCTATTTT-1	0.70967742	0.63636364	0.48684211	0.54166667	11	68	776	468	330.750	0.59363746
AGAGAAACCGCCGCGT-1	0.63636364	0.54166667	0.57142857	0.60294118	119	586	386	233	331.000	0.58810001
GATAATTGCAAAGTTA-1	0.57142857	0.60294118	0.54166667	0.63636364	407	236	561	120	331.000	0.58810001
ATCGATCCGTACTCTG-1	0.70967742	0.671875	0.48684211	0.54166667	12	28	794	492	331.500	0.6025153
AAGACTGGGAAAACGC-1	0.60294118	0.4375	0.671875	0.63636364	218	958	51	102	332.250	0.58716995
GGCTGGGTAGGTCTGA-1	0.671875	0.60294118	0.54166667	0.54166667	39	218	530	548	333.750	0.58953738
CCGCAGGCCAGAAGCT-1	0.63636364	0.48684211	0.57142857	0.57142857	53	762	261	260	334.000	0.56651572
GGAACGACTGGGCCTT-1	0.60294118	0.57142857	0.57142857	0.57142857	226	372	366	376	335.000	0.57930672
TTGCTTCGTTGTCCCT-1	0.60294118	0.60294118	0.51351351	0.60294118	224	215	691	213	335.750	0.58058426
TCCACAGAGTGTGAGA-1	0.57142857	0.51351351	0.57142857	0.57142857	252	606	248	245	337.750	0.55694981
TAGTCGATAGCGCAAG-1	0.54166667	0.54166667	0.54166667	0.70967742	459	458	432	6	338.750	0.58366935
GACATTCTCGATCTTC-1	0.63636364	0.60294118	0.54166667	0.54166667	104	204	513	535	339.000	0.58065954
CGTAGGCAAAGCGGCT-1	0.54166667	0.63636364	0.51351351	0.63636364	515	80	666	96	339.250	0.58197686
TCCACAACACTACAAT-1	0.57142857	0.57142857	0.51351351	0.63636364	323	316	639	84	340.500	0.57318357
GTAATCATAATGTAAA-1	0.54166667	0.54166667	0.54166667	0.60294118	417	413	399	133	340.500	0.55698529
TAGCCTATCTCCACAA-1	0.63636364	0.57142857	0.57142857	0.51351351	78	320	314	652	341.000	0.57318357
TTGATGGATATCTTTT-1	0.57142857	0.60294118	0.51351351	0.54166667	256	117	579	412	341.000	0.55738748
GTCTGGATACCGATTT-1	0.63636364	0.51351351	0.57142857	0.54166667	56	623	264	423	341.500	0.5657431
TTAAAGAGCAACAGGT-1	0.57142857	0.57142857	0.60294118	0.54166667	341	335	196	497	342.250	0.57186625
TCGGGCTTCGGTGGGC-1	0.46153846	0.63636364	0.60294118	0.63636364	930	101	228	111	342.500	0.58430173
ACTTTCGAGACCCAAG-1	0.48684211	0.57142857	0.60294118	0.57142857	753	243	132	246	343.500	0.55816011
GATTCTGATCTGGAAG-1	0.57142857	0.54166667	0.54166667	0.57142857	269	427	412	266	343.500	0.55654762
GTCGACTGTTCATGGG-1	0.54166667	0.54166667	0.60294118	0.70967742	561	571	233	14	344.750	0.59898798
ATAATGTAACTATATG-1	0.60294118	0.54166667	0.51351351	0.57142857	131	414	580	254	344.750	0.55738748
CAACCTGGTAGAATCG-1	0.60294118	0.54166667	0.671875	0.51351351	195	491	40	656	345.500	0.58249909
GAGACAGGCACCTCAT-1	0.63636364	0.671875	0.54166667	0.51351351	112	39	536	701	347.000	0.5908547
TACAATGCACGTGGCA-1	0.54166667	0.51351351	0.60294118	0.63636364	474	661	176	78	347.250	0.57362125
AGGGTAGGAGCTCGTT-1	0.54166667	0.57142857	0.51351351	0.63636364	444	281	607	61	348.250	0.5657431
GCGGATGATTATATCG-1	0.54166667	0.48684211	0.63636364	0.63636364	461	790	73	71	348.750	0.57530901
GTGAAGATGGAGCGGT-1	0.60294118	0.54166667	0.57142857	0.51351351	132	417	256	592	349.250	0.55738748
GCGGGTCCAGTGCAGA-1	0.57142857	0.671875	0.54166667	0.51351351	303	19	446	635	350.750	0.57462094
CCTGACGTTACCTGGC-1	0.54166667	0.60294118	0.57142857	0.57142857	520	198	344	348	352.500	0.57186625
AGCCATCGTGCATCTC-1	0.60294118	0.57142857	0.57142857	0.54166667	209	346	341	516	353.000	0.57186625
TCTTCCGGCGCAAGCG-1	0.54166667	0.51351351	0.60294118	0.60294118	457	647	158	156	354.500	0.56526563
TGTGACATTCACCTAA-1	0.54166667	0.57142857	0.63636364	0.54166667	501	334	89	495	354.750	0.57278139
TCTTGCTGGGGCCAAA-1	0.60294118	0.60294118	0.51351351	0.57142857	210	197	668	345	355.000	0.57270611
GTAGTGAAGCGAGTCT-1	0.46153846	0.54166667	0.63636364	0.63636364	883	424	63	55	356.250	0.5689831
GCTCGAGAATAGGAAC-1	0.63636364	0.60294118	0.54166667	0.51351351	88	192	484	664	357.000	0.57362125
CCTAAGGATTCACCAC-1	0.57142857	0.63636364	0.51351351	0.54166667	296	59	624	451	357.500	0.5657431
GCTACAACGCTAACAG-1	0.60294118	0.57142857	0.60294118	0.48684211	178	308	175	775	359.000	0.56603826
ACTTCATCATGACTTC-1	0.63636364	0.54166667	0.57142857	0.48684211	45	408	250	734	359.250	0.55907524
CGCCACATAAGGAATG-1	0.57142857	0.63636364	0.57142857	0.51351351	353	81	338	666	359.500	0.57318357
CAAAACGATGATACAA-1	0.57142857	0.60294118	0.48684211	0.60294118	320	171	779	168	359.500	0.56603826
AGTAAAAATTTGAAGG-1	0.60294118	0.57142857	0.54166667	0.60294118	244	398	564	236	360.500	0.5797444
CTATCCCAGACATAGT-1	0.60294118	0.60294118	0.46153846	0.57142857	155	143	870	276	361.000	0.55971235
AGTGAAGGGCAGAGTG-1	0.48684211	0.63636364	0.51351351	0.63636364	760	50	583	53	361.500	0.56827072
TAACTGAGCGTATGCG-1	0.63636364	0.60294118	0.57142857	0.51351351	117	232	383	715	361.750	0.58106172
CGATATGGACGAGCGG-1	0.57142857	0.51351351	0.57142857	0.63636364	342	690	328	92	363.000	0.57318357
TGTCTGATTAAGCCAG-1	0.60294118	0.60294118	0.51351351	0.51351351	137	127	589	599	363.000	0.55822734
GCCAGCGCACGGGATG-1	0.57142857	0.63636364	0.54166667	0.54166667	357	85	496	518	364.000	0.57278139
ATTGAGGTTTGTGAGC-1	0.54166667	0.54166667	0.57142857	0.60294118	487	486	315	172	365.000	0.56442577
AACCATCGCCCAAGTC-1	0.63636364	0.57142857	0.57142857	0.51351351	96	350	345	672	365.750	0.57318357
GTCACGTCGAGAAGCG-1	0.57142857	0.63636364	0.54166667	0.54166667	361	87	497	520	366.250	0.57278139
TCACAATGCGCTCCGC-1	0.51351351	0.57142857	0.60294118	0.60294118	702	355	211	197	366.250	0.57270611
TAAAGATTAACGTGTC-1	0.60294118	0.48684211	0.57142857	0.60294118	182	806	311	167	366.500	0.56603826
AAATAAGATTCCTGCG-1	0.57142857	0.41463415	0.75	0.63636364	374	986	4	105	367.250	0.59310659
AATGGCCGGCGTTGAT-1	0.57142857	0.57142857	0.51351351	0.70967742	383	375	698	13	367.250	0.59151202
AATGCCCTTCGTAAAC-1	0.54166667	0.57142857	0.671875	0.54166667	539	359	50	529	369.250	0.58165923
GACGGAGGCCTACGGT-1	0.54166667	0.57142857	0.60294118	0.60294118	588	401	245	243	369.250	0.5797444
CGACTAGGCTTGTCGT-1	0.63636364	0.51351351	0.54166667	0.63636364	109	733	529	108	369.750	0.58197686
TCAAGGTGCACAGACA-1	0.51351351	0.48684211	0.671875	0.671875	639	788	31	23	370.250	0.5860264
GATGTGGGCGTCTGAC-1	0.54166667	0.54166667	0.57142857	0.57142857	452	450	291	288	370.250	0.55654762
GAGAATATGCCGACGC-1	0.54166667	0.63636364	0.51351351	0.63636364	559	102	705	116	370.500	0.58197686
AATCGGGTGTCCCGGT-1	0.57142857	0.60294118	0.60294118	0.51351351	372	205	217	690	371.000	0.57270611
CCTGTAAAGCTTTGGA-1	0.46153846	0.57142857	0.60294118	0.63636364	905	315	181	83	371.000	0.56806796
CCAGCCGGATTGCCAT-1	0.48684211	0.54166667	0.60294118	0.60294118	770	431	143	142	371.500	0.55859778
TTTGAACCATAATGTC-1	0.54166667	0.57142857	0.54166667	0.54166667	418	253	402	413	371.500	0.54910714
ATCGGTGCGATGAGCT-1	0.60294118	0.51351351	0.60294118	0.57142857	211	715	209	352	371.750	0.57270611
ATGGAGTCCGAGAATG-1	0.60294118	0.60294118	0.51351351	0.54166667	189	178	642	479	372.000	0.56526563
GGGCGGCTGGCCTTAT-1	0.54166667	0.48684211	0.70967742	0.57142857	433	775	7	275	372.500	0.57740369
AAGATTTTACGTCTGA-1	0.48684211	0.60294118	0.54166667	0.63636364	799	163	453	76	372.750	0.5669534
CTCGCGTTAGACTGTG-1	0.51351351	0.51351351	0.63636364	0.70967742	688	700	95	9	373.000	0.59326702
AGTTTCGTGTGGACTG-1	0.51351351	0.63636364	0.51351351	0.57142857	610	49	582	255	374.000	0.55870481
AGATCGGGCTATATCG-1	0.57142857	0.60294118	0.51351351	0.57142857	335	183	657	325	375.000	0.56482796
TTGGCTCCAGGTGGAG-1	0.48684211	0.60294118	0.63636364	0.54166667	798	161	76	467	375.500	0.5669534
CCATTTCTGATGACTC-1	0.51351351	0.60294118	0.57142857	0.54166667	631	145	285	443	376.000	0.55738748
TTACCACTACTTTCTG-1	0.48684211	0.60294118	0.54166667	0.63636364	800	169	456	80	376.250	0.5669534
TACGCTAGCCAACCAG-1	0.57142857	0.54166667	0.671875	0.51351351	328	487	39	654	377.000	0.57462094
GTATGCTGGGTATGGT-1	0.60294118	0.60294118	0.51351351	0.57142857	225	217	692	374	377.000	0.57270611
GATGAACACGAGGAAA-1	0.54166667	0.57142857	0.54166667	0.57142857	464	300	445	302	377.750	0.55654762
TTTCCACACCAATCTC-1	0.54166667	0.51351351	0.57142857	0.57142857	410	607	249	247	378.250	0.54950933
CTCTAGTTTGAATCCA-1	0.60294118	0.54166667	0.63636364	0.54166667	238	583	123	572	379.000	0.58065954
AGTCTGCGTGAGTTGT-1	0.48684211	0.48684211	0.70967742	0.70967742	752	757	5	3	379.250	0.59825976
GGTCTGGATAGGTACA-1	0.54166667	0.51351351	0.671875	0.57142857	488	677	38	316	379.750	0.57462094
CCGGGATCCAGGGCTT-1	0.63636364	0.63636364	0.54166667	0.46153846	80	76	468	895	379.750	0.5689831
GCACATGATGTAGAAC-1	0.60294118	0.57142857	0.54166667	0.51351351	166	293	435	625	379.750	0.55738748
GTCCGTCTAAGATCTC-1	0.54166667	0.51351351	0.60294118	0.63636364	518	704	205	98	381.250	0.57362125
TCGTGCTGTTTCAGGC-1	0.57142857	0.54166667	0.63636364	0.51351351	322	481	81	644	382.000	0.5657431
AATGACAAATTAGTTA-1	0.51351351	0.48684211	0.671875	0.63636364	640	789	32	70	382.750	0.57714856
CCCAGGACGCGTGGCT-1	0.57142857	0.54166667	0.57142857	0.57142857	348	515	333	335	382.750	0.5639881
TAGCAGGTACCACCTG-1	0.57142857	0.57142857	0.63636364	0.46153846	297	292	72	870	382.750	0.56018981
GACCACGACTAAGCGG-1	0.57142857	0.671875	0.57142857	0.51351351	400	41	381	712	383.500	0.58206141
AGATAAACCAGTCAAA-1	0.63636364	0.671875	0.4375	0.54166667	79	24	948	484	383.750	0.57185133
GCAGTGGAATACCCGA-1	0.48684211	0.54166667	0.70967742	0.57142857	786	454	8	291	384.750	0.57740369
AAGCCTGGCACGAGGG-1	0.63636364	0.60294118	0.51351351	0.51351351	76	176	641	649	385.500	0.56658296
CTACGTAGGTTTATTA-1	0.57142857	0.57142857	0.48684211	0.57142857	267	265	749	261	385.500	0.55028195
ACCAAGCAGAGCACCC-1	0.54166667	0.60294118	0.54166667	0.57142857	517	196	492	344	387.250	0.56442577
CCGTGAGCTGCGAATA-1	0.54166667	0.57142857	0.63636364	0.51351351	489	323	85	653	387.500	0.5657431
TATGCACGACGCACTT-1	0.57142857	0.4375	0.60294118	0.57142857	247	931	129	244	387.750	0.54582458
GCTGAAGAGTACTGCG-1	0.57142857	0.51351351	0.60294118	0.57142857	340	688	195	329	388.000	0.56482796
ACTTTCACGGAGGCGT-1	0.671875	0.60294118	0.46153846	0.57142857	40	219	917	377	388.250	0.5769458
TGAGGTACGACCTATG-1	0.57142857	0.48684211	0.57142857	0.671875	355	823	342	34	388.500	0.57539356
CGGCCCTAACCAGAGC-1	0.57142857	0.60294118	0.46153846	0.57142857	278	140	868	274	390.000	0.5518342
GGTAGCTCTAAGTGCT-1	0.60294118	0.60294118	0.54166667	0.46153846	151	135	418	859	390.750	0.55227187
GGAACCGGACCAGATT-1	0.60294118	0.60294118	0.46153846	0.54166667	144	131	864	425	391.000	0.55227187
ACACCTGTAAAGAGTT-1	0.51351351	0.51351351	0.63636364	0.57142857	619	622	64	263	392.000	0.55870481
CATCATTGTAGAGAGG-1	0.54166667	0.57142857	0.51351351	0.57142857	429	272	596	271	392.000	0.54950933
GCCATTGAAGTTCTAA-1	0.79310345	0.70967742	0.51351351	0.48684211	4	11	716	839	392.500	0.62578412
GTTGTGGGTTGTGCCC-1	0.54166667	0.57142857	0.60294118	0.57142857	562	386	234	388	392.500	0.57186625
CATCTGGAAAGTAGGC-1	0.51351351	0.54166667	0.54166667	0.60294118	612	418	404	137	392.750	0.54994701
TGCTCCTTTATGGGAG-1	0.60294118	0.60294118	0.54166667	0.54166667	234	228	549	566	394.250	0.57230392
GCATGCACGTCAATAA-1	0.57142857	0.46153846	0.671875	0.54166667	262	875	23	417	394.250	0.56162717
AATGGGCCCGAGGAGT-1	0.63636364	0.63636364	0.51351351	0.48684211	77	73	646	783	394.750	0.56827072
AGCAATAGACGCTGGA-1	0.60294118	0.48684211	0.54166667	0.57142857	140	766	409	264	394.750	0.55071963
GGTTCCTCTATTGGTG-1	0.46153846	0.54166667	0.671875	0.671875	928	561	52	42	395.750	0.58673878
AGATATACCTCAGTAA-1	0.70967742	0.57142857	0.48684211	0.57142857	15	369	831	373	397.000	0.58484417
AATCCGAGCTGCGCCG-1	0.60294118	0.60294118	0.54166667	0.54166667	237	230	554	570	397.750	0.57230392
GCTTTGGGGGGATACG-1	0.48684211	0.54166667	0.63636364	0.60294118	817	503	90	181	397.750	0.5669534
ACAAGCAGTCAGTCTC-1	0.63636364	0.51351351	0.54166667	0.54166667	66	646	429	450	397.750	0.55830262
TATTAAGATGCACGGA-1	0.54166667	0.63636364	0.63636364	0.48684211	553	99	118	822	398.000	0.57530901
TACGCGATTTGTAATA-1	0.63636364	0.671875	0.46153846	0.51351351	69	17	879	627	398.000	0.57082265
CTCGCGATCGGGCCGT-1	0.60294118	0.51351351	0.63636364	0.48684211	150	628	65	751	398.500	0.55991511
TTATTTAGGGGGTCCG-1	0.60294118	0.54166667	0.57142857	0.48684211	145	429	271	749	398.500	0.55071963
GATCAAACCTGCAGTG-1	0.671875	0.51351351	0.54166667	0.57142857	36	712	498	351	399.250	0.57462094
AGCAGGCTCCCCGTCG-1	0.57142857	0.60294118	0.48684211	0.57142857	325	177	784	314	400.000	0.55816011
TTGCCGCATTTCGGTA-1	0.671875	0.54166667	0.63636364	0.41463415	32	501	88	981	400.500	0.56613486
ATTAATTGGATTGGCT-1	0.57142857	0.54166667	0.54166667	0.57142857	329	489	466	319	400.750	0.55654762
TACACTAGTTTCGATA-1	0.54166667	0.54166667	0.51351351	0.63636364	458	457	623	67	401.250	0.55830262
ACCACGGAGATCCGCG-1	0.54166667	0.57142857	0.54166667	0.57142857	491	326	467	322	401.500	0.55654762
GGGGCCAACTGATATA-1	0.46153846	0.57142857	0.60294118	0.57142857	890	283	150	283	401.500	0.5518342
GTGAGAGTGTCGTGCA-1	0.54166667	0.54166667	0.57142857	0.671875	580	592	389	46	401.750	0.58165923
ACTGCAGTCGATTTAG-1	0.51351351	0.54166667	0.63636364	0.60294118	721	557	115	215	402.000	0.57362125
AAATCCGGTAGTGCCG-1	0.54166667	0.54166667	0.63636364	0.54166667	509	509	93	500	402.750	0.56534091
TCTATGAAAAGGCGTG-1	0.54166667	0.54166667	0.57142857	0.60294118	532	536	349	194	402.750	0.56442577
TCAGTTTTCTCTCCAT-1	0.60294118	0.60294118	0.54166667	0.48684211	191	179	464	781	403.750	0.55859778
CTACAGATCAATATCG-1	0.54166667	0.60294118	0.4375	0.60294118	425	123	930	138	404.000	0.54626225
CTTGAGTGTCAAGTCA-1	0.57142857	0.48684211	0.57142857	0.57142857	282	777	283	278	405.000	0.55028195
GGGCGGGTGTTCATTT-1	0.51351351	0.54166667	0.63636364	0.60294118	723	562	117	219	405.250	0.57362125
AAATATCCGCACTAAA-1	0.63636364	0.54166667	0.63636364	0.46153846	93	524	96	908	405.250	0.5689831
AAACCGTTACCCTTCT-1	0.60294118	0.60294118	0.51351351	0.51351351	181	167	636	642	406.500	0.55822734
TTGTGGTCTTCGGGGG-1	0.63636364	0.51351351	0.60294118	0.54166667	113	737	227	555	408.000	0.57362125
GTCGTACTTCCCTCAT-1	0.57142857	0.57142857	0.48684211	0.54166667	253	244	730	406	408.250	0.54284148
GCATTACCCGGAATCT-1	0.57142857	0.57142857	0.51351351	0.57142857	332	327	654	323	409.000	0.55694981
GCGTTACGCCTACGGA-1	0.48684211	0.63636364	0.54166667	0.57142857	802	69	459	309	409.750	0.55907524
CTATCTTATGCAATTT-1	0.54166667	0.60294118	0.48684211	0.57142857	448	148	760	284	410.000	0.55071963
AGGTGTTTAGGTGATG-1	0.60294118	0.63636364	0.51351351	0.46153846	141	52	591	857	410.250	0.5535892
TCGACATCACGAAACG-1	0.54166667	0.57142857	0.70967742	0.51351351	555	379	13	702	412.250	0.58407154
ATGGTGATTGAACGAC-1	0.51351351	0.51351351	0.63636364	0.63636364	712	728	107	103	412.500	0.57493857
CTCGTAGCGCGGTCTG-1	0.54166667	0.54166667	0.60294118	0.60294118	581	593	242	237	413.250	0.57230392
GAAGCATATGAGACCA-1	0.63636364	0.63636364	0.48684211	0.48684211	67	60	766	765	414.500	0.56160287
GTCGGTCGACTTCCAT-1	0.57142857	0.54166667	0.57142857	0.57142857	377	548	362	372	414.750	0.5639881
GGGGGTTCTGGGGAGG-1	0.57142857	0.671875	0.4375	0.57142857	347	30	951	334	415.500	0.56305804
CCCTGTACCCTTAATT-1	0.54166667	0.51351351	0.54166667	0.60294118	446	640	426	150	415.500	0.54994701
CTCTTTCAATAATCCG-1	0.671875	0.51351351	0.60294118	0.48684211	28	674	184	780	416.500	0.56879295
ATCTTTGTCCACGATA-1	0.54166667	0.48684211	0.60294118	0.60294118	494	811	190	174	417.250	0.55859778
AGTCAGGGGATCATTT-1	0.57142857	0.60294118	0.51351351	0.51351351	289	150	611	620	417.500	0.55034919
GGTTGGCTTGGCCATT-1	0.54166667	0.51351351	0.54166667	0.60294118	451	641	427	152	417.750	0.54994701
ACTAACTAACAGTGCA-1	0.54166667	0.57142857	0.54166667	0.60294118	550	373	533	217	418.250	0.56442577
CCTAGAACCAAGCTAA-1	0.57142857	0.54166667	0.54166667	0.57142857	346	513	481	333	418.250	0.55654762
GCTTTAACAAATGCTA-1	0.54166667	0.54166667	0.63636364	0.54166667	524	530	99	521	418.500	0.56534091
TAATACGTAAAGACAA-1	0.54166667	0.63636364	0.51351351	0.57142857	540	92	682	362	419.000	0.5657431
CAAGCGTAGATTGGTG-1	0.48684211	0.51351351	0.57142857	0.671875	767	625	266	18	419.000	0.5609148
GCGCCCCTACCGCTCG-1	0.48684211	0.54166667	0.671875	0.57142857	813	496	43	326	419.500	0.56795309
TATAAGCCTGGAGGAA-1	0.51351351	0.57142857	0.54166667	0.57142857	644	297	439	299	419.750	0.54950933
GCTCTATTGTTCGCTC-1	0.54166667	0.57142857	0.54166667	0.54166667	466	303	448	462	419.750	0.54910714
GACGCAGCCTAGCAAA-1	0.57142857	0.57142857	0.60294118	0.51351351	382	374	224	700	420.000	0.56482796
CTAGACACTCCATTGT-1	0.54166667	0.671875	0.57142857	0.51351351	560	40	373	708	420.250	0.57462094
GGTCTTAGGCTCCGCA-1	0.60294118	0.54166667	0.4375	0.63636364	180	479	944	79	420.500	0.55461787
GCTGTTTCCAGCTCTG-1	0.51351351	0.57142857	0.54166667	0.54166667	609	257	403	416	421.250	0.54206885
TTGGCGAGGCTCCATG-1	0.63636364	0.51351351	0.54166667	0.57142857	102	720	510	357	422.250	0.5657431
TGGAATCTTCCAAGAT-1	0.51351351	0.46153846	0.671875	0.63636364	668	895	41	89	423.250	0.57082265
TTCATGTTTCGTAACT-1	0.54166667	0.60294118	0.51351351	0.51351351	415	115	577	586	423.250	0.54290872
ACCTCAGTTATCGGTC-1	0.48684211	0.54166667	0.57142857	0.60294118	790	456	297	155	424.500	0.55071963
AGCTCACCAGTGGGAA-1	0.51351351	0.54166667	0.57142857	0.60294118	678	508	331	183	425.000	0.55738748
AAAAGGCGTAAGGTCT-1	0.54166667	0.51351351	0.60294118	0.54166667	453	643	155	449	425.000	0.54994701
CGACAGGAAGGCTTCT-1	0.57142857	0.51351351	0.48684211	0.60294118	249	600	725	126	425.000	0.54368134
ACTACCAACGACTCTG-1	0.51351351	0.51351351	0.57142857	0.60294118	630	639	284	149	425.500	0.55034919
CACACACGTAACTAAG-1	0.51351351	0.51351351	0.57142857	0.63636364	658	664	310	81	428.250	0.55870481
GGATGGGTACAGTGGC-1	0.48684211	0.51351351	0.57142857	0.63636364	766	624	265	58	428.250	0.55203696
TGATGGTGTATAGCAC-1	0.48684211	0.48684211	0.671875	0.70967742	831	824	48	11	428.500	0.58880916
GCAAAGGCGATGCGTA-1	0.54166667	0.60294118	0.57142857	0.48684211	473	162	307	772	428.500	0.55071963
GGCTATCATAACGAGT-1	0.51351351	0.51351351	0.63636364	0.63636364	736	742	122	117	429.250	0.57493857
GCGACGCGGTGCTCTC-1	0.48684211	0.46153846	0.63636364	0.671875	764	876	61	17	429.500	0.5641548
GAACTTGTCAGAAAGT-1	0.46153846	0.63636364	0.57142857	0.54166667	898	63	300	457	429.500	0.55274933
GGGTCATATCGTGTGT-1	0.4375	0.51351351	0.671875	0.60294118	944	618	22	136	430.000	0.55645742
GTCCTACCGACGTGCA-1	0.57142857	0.51351351	0.54166667	0.63636364	373	729	516	104	430.500	0.5657431
TCCATTCGCCTAACAG-1	0.54166667	0.48684211	0.60294118	0.60294118	514	821	201	187	430.750	0.55859778
CACTGTTTTCATCGTC-1	0.63636364	0.54166667	0.51351351	0.51351351	61	446	604	614	431.250	0.55126433
GGTGTTCCACCCTCAG-1	0.57142857	0.60294118	0.48684211	0.54166667	312	165	778	470	431.250	0.55071963
TATTTGTCAACGCGGG-1	0.83928571	0.60294118	0.51351351	0.41463415	1	147	608	971	431.750	0.59259364
TGCTTTACCGTGTGAT-1	0.51351351	0.46153846	0.63636364	0.70967742	701	912	103	12	432.000	0.58027326
GGACATTAGAGTTTAC-1	0.63636364	0.671875	0.48684211	0.46153846	70	18	770	876	433.500	0.5641548
TTGTGGTCGGACCTCG-1	0.57142857	0.51351351	0.60294118	0.51351351	299	650	162	628	434.750	0.55034919
GCCTGCTACGTTTGTT-1	0.57142857	0.54166667	0.54166667	0.51351351	274	438	419	609	435.000	0.54206885
TAGCGGAGGCAGATGC-1	0.57142857	0.51351351	0.57142857	0.54166667	310	660	308	469	436.750	0.54950933
TGTCCCGCACCCACTG-1	0.57142857	0.54166667	0.57142857	0.46153846	248	404	247	848	436.750	0.53651557
TCTAGTTTCATGGCCC-1	0.54166667	0.57142857	0.54166667	0.60294118	571	393	556	231	437.750	0.56442577
TTAAATCCACTAAGCA-1	0.48684211	0.57142857	0.51351351	0.63636364	785	289	615	63	438.000	0.55203696
TGGGCCTCGATGCTAG-1	0.57142857	0.54166667	0.51351351	0.54166667	277	440	600	435	438.000	0.54206885
CGTAACATTCCGGGGT-1	0.60294118	0.63636364	0.54166667	0.48684211	241	110	563	843	439.250	0.5669534
GGACATTACTCTCGCG-1	0.54166667	0.57142857	0.60294118	0.46153846	450	286	153	868	439.250	0.54439372
CGGCCGAGCCGCGTCC-1	0.48684211	0.57142857	0.57142857	0.57142857	807	322	316	315	440.000	0.55028195
GCGGTCCACGGTGCAG-1	0.57142857	0.51351351	0.54166667	0.54166667	276	632	420	433	440.250	0.54206885
CGTGGGACGCCTCGGC-1	0.57142857	0.51351351	0.60294118	0.57142857	396	743	235	389	440.750	0.56482796
TCCTAGTAAGATTGAT-1	0.54166667	0.57142857	0.60294118	0.51351351	526	351	208	679	441.000	0.55738748
TATAACGCACGGTGGA-1	0.51351351	0.51351351	0.57142857	0.57142857	618	621	263	262	441.000	0.54247104
AAAAAAACTCGGGTAC-1	0.51351351	0.51351351	0.60294118	0.60294118	684	697	200	186	441.750	0.55822734
AGGCTCGTCGCCCCTG-1	0.48684211	0.51351351	0.60294118	0.63636364	811	680	189	88	442.000	0.55991511
TAGAAAGACGTTATAG-1	0.671875	0.54166667	0.46153846	0.54166667	20	442	871	439	443.000	0.5541867
ATAGCTTGCCTGTCAA-1	0.48684211	0.51351351	0.60294118	0.671875	828	705	206	36	443.750	0.56879295
CTCCAGGAAACCAATA-1	0.51351351	0.48684211	0.671875	0.54166667	596	756	19	405	444.000	0.55347432
CTGCCACCTACGGCTA-1	0.54166667	0.54166667	0.54166667	0.57142857	492	492	469	324	444.250	0.54910714
AGAGTTTCGGGTCGGG-1	0.46153846	0.54166667	0.54166667	0.63636364	885	426	410	57	444.500	0.54530886
TAAGCCGCCCTCGGGA-1	0.48684211	0.671875	0.54166667	0.57142857	848	37	523	371	444.750	0.56795309
AACCTCTCCCCCGGTT-1	0.54166667	0.46153846	0.63636364	0.60294118	545	914	111	209	444.750	0.56062749
TAACCCGCCGGTGTTT-1	0.51351351	0.48684211	0.60294118	0.60294118	650	800	170	163	445.750	0.55155949
AAGCAAGCCTACGTCG-1	0.60294118	0.57142857	0.51351351	0.54166667	214	361	677	532	446.000	0.55738748
AGTTCGACTATCCTTT-1	0.51351351	0.63636364	0.51351351	0.51351351	597	43	570	582	448.000	0.54422604
GCTATTGGACACACCC-1	0.54166667	0.57142857	0.54166667	0.54166667	499	332	472	490	448.250	0.54910714
CCATGGGCAGGCTCAT-1	0.46153846	0.63636364	0.54166667	0.57142857	910	78	478	331	449.250	0.55274933
TGCACCGCGTGAACAT-1	0.48684211	0.54166667	0.60294118	0.60294118	844	542	215	202	450.750	0.55859778
TTCCCGTTCCTGGGAA-1	0.63636364	0.48684211	0.57142857	0.54166667	100	828	352	524	451.000	0.55907524
GTCTCTTGCAACAAGT-1	0.57142857	0.57142857	0.46153846	0.60294118	365	352	907	190	453.500	0.5518342
ACTTCCACGCGAGACG-1	0.63636364	0.54166667	0.57142857	0.51351351	120	588	387	720	453.750	0.5657431
CGTTAGCATATAGTTC-1	0.57142857	0.51351351	0.57142857	0.57142857	371	725	356	363	453.750	0.55694981
TTCACTTTGCACGTGC-1	0.54166667	0.54166667	0.63636364	0.51351351	522	526	97	671	454.000	0.55830262
TATAGTAGGACGCCGA-1	0.48684211	0.57142857	0.57142857	0.57142857	819	337	330	330	454.000	0.55028195
AGTCACTTCCTTGTCT-1	0.60294118	0.60294118	0.51351351	0.48684211	196	182	656	787	455.250	0.55155949
TATGTGTCTTACGCGA-1	0.60294118	0.54166667	0.48684211	0.54166667	160	452	762	448	455.500	0.54327915
GATTCCAGTAATGGTC-1	0.54166667	0.54166667	0.54166667	0.54166667	463	464	442	456	456.250	0.54166667
CCCCTATGAAGTCACA-1	0.57142857	0.48684211	0.57142857	0.57142857	344	818	332	332	456.500	0.55028195
CTCTACTCTACCAGAA-1	0.60294118	0.54166667	0.51351351	0.51351351	157	449	606	617	457.250	0.54290872
CGCAATACTGACTCCA-1	0.48684211	0.54166667	0.60294118	0.63636364	872	595	243	121	457.750	0.5669534
TACAAAGCCATAAGCA-1	0.671875	0.671875	0.48684211	0.4375	35	32	810	955	458.000	0.56702303
ATGTAGCAATATCCAT-1	0.671875	0.4375	0.54166667	0.54166667	23	939	425	445	458.000	0.54817708
TTTTCTGCACGGTAGA-1	0.60294118	0.48684211	0.70967742	0.51351351	239	861	15	718	458.250	0.57824355
AATTGCCGCGCCCATT-1	0.48684211	0.54166667	0.60294118	0.60294118	850	551	221	211	458.250	0.55859778
GGCACAAAGGTGAAAA-1	0.57142857	0.54166667	0.51351351	0.60294118	379	552	690	212	458.250	0.55738748
ATGCAGCGAACTTAGT-1	0.54166667	0.57142857	0.54166667	0.54166667	513	340	483	506	460.500	0.54910714
GCTTCGGGATTACTAA-1	0.60294118	0.60294118	0.51351351	0.51351351	227	220	697	699	460.750	0.55822734
TCTTGTCTTCAATTTT-1	0.54166667	0.54166667	0.54166667	0.51351351	423	420	405	595	460.750	0.53462838
GGCGAGTTGAATAGCA-1	0.57142857	0.57142857	0.51351351	0.57142857	384	378	701	381	461.000	0.55694981
TCACTCTTGTATTCAC-1	0.54166667	0.57142857	0.54166667	0.57142857	554	377	537	378	461.500	0.55654762
GATATCCGTAGAACTC-1	0.57142857	0.57142857	0.63636364	0.4375	387	380	120	960	461.750	0.55418019
AACTATCAGATCATAT-1	0.60294118	0.671875	0.46153846	0.46153846	128	13	856	851	462.000	0.54947327
GCTGACGGCAGGTGGC-1	0.51351351	0.54166667	0.57142857	0.51351351	603	412	252	584	462.750	0.53503057
CACGCCGTACTTAGGG-1	0.57142857	0.57142857	0.54166667	0.46153846	283	279	424	866	463.000	0.53651557
CAGGTTACGACGTTAG-1	0.57142857	0.4375	0.54166667	0.671875	364	952	501	37	463.500	0.55561756
ACATGAAGGGACCTAA-1	0.41463415	0.54166667	0.60294118	0.671875	992	584	238	44	464.500	0.55777925
CGCTTGCAAGGGGCGA-1	0.51351351	0.57142857	0.60294118	0.46153846	613	260	136	855	466.000	0.53735543
CGTGTTAATTGTACAT-1	0.60294118	0.51351351	0.48684211	0.57142857	164	644	764	294	466.500	0.54368134
CCAAATAAAGTCGTTA-1	0.60294118	0.63636364	0.46153846	0.46153846	123	42	855	847	466.750	0.54059543
TCGAAATTGTAGAAGC-1	0.60294118	0.57142857	0.51351351	0.54166667	229	381	703	556	467.250	0.55738748
CGGCACCTCGGTATTG-1	0.48684211	0.51351351	0.60294118	0.60294118	815	686	193	179	468.250	0.55155949
GTGGCGTGACGGCGGT-1	0.63636364	0.4375	0.54166667	0.57142857	91	949	491	342	468.250	0.54673972
TTTCGGTGACGGCCAA-1	0.671875	0.51351351	0.4375	0.57142857	22	638	936	280	469.000	0.54857927
GGACCCCTCTGTGTTC-1	0.57142857	0.57142857	0.48684211	0.51351351	266	264	748	600	469.500	0.53580319
TCAAGCGGGGCAGAAC-1	0.60294118	0.60294118	0.54166667	0.46153846	223	214	527	915	469.750	0.55227187
TGCTAATTCAGGGTAG-1	0.57142857	0.57142857	0.54166667	0.4375	268	266	411	934	469.750	0.53050595
TGTAAAAACGGAATCA-1	0.54166667	0.57142857	0.54166667	0.54166667	521	349	495	517	470.500	0.54910714
TTTTTCGTTGGGAATT-1	0.54166667	0.48684211	0.63636364	0.57142857	548	844	116	375	470.750	0.55907524
ACACAATTTACAGTTC-1	0.671875	0.54166667	0.54166667	0.51351351	42	580	551	711	471.000	0.56718046
TACGTTCACACTCCAT-1	0.51351351	0.57142857	0.51351351	0.54166667	616	261	588	420	471.250	0.53503057
CAAATAACAGATCTCC-1	0.48684211	0.48684211	0.60294118	0.63636364	808	808	186	86	472.000	0.55324726
TAAATGATCAAAGTTC-1	0.54166667	0.54166667	0.57142857	0.54166667	516	521	339	513	472.250	0.54910714
AGGCACATTCGCGTAT-1	0.51351351	0.57142857	0.54166667	0.60294118	734	387	545	227	473.250	0.55738748
GGTCGGCCACGTCAAT-1	0.46153846	0.46153846	0.671875	0.671875	911	904	46	33	473.500	0.56670673
TCTGGTGTCGGCGTGG-1	0.57142857	0.57142857	0.60294118	0.48684211	409	400	241	844	473.500	0.55816011
GCTGTGTTTTCGCATT-1	0.54166667	0.51351351	0.54166667	0.57142857	475	662	457	307	475.250	0.54206885
GGGTCCGGATAACTGG-1	0.60294118	0.54166667	0.51351351	0.54166667	207	519	665	511	475.500	0.54994701
CCGGATATCTTAAAAG-1	0.60294118	0.63636364	0.46153846	0.51351351	215	91	913	688	476.750	0.5535892
CTGATAGTGCCTCTTT-1	0.54166667	0.48684211	0.60294118	0.60294118	574	862	240	235	477.750	0.55859778
GAACAGTCCGTCAGTC-1	0.51351351	0.48684211	0.60294118	0.57142857	647	795	168	301	477.750	0.54368134
ATCCCGCGGCGGTGTA-1	0.60294118	0.60294118	0.46153846	0.48684211	153	138	866	755	478.000	0.53856573
GGCCGTCTAGTGGAAT-1	0.60294118	0.63636364	0.51351351	0.46153846	221	94	686	914	478.750	0.5535892
TAGCATGTCACCCCAT-1	0.60294118	0.60294118	0.48684211	0.51351351	212	202	822	683	479.750	0.55155949
CCATGTATTGATATGA-1	0.51351351	0.60294118	0.51351351	0.51351351	615	122	587	596	480.000	0.53587043
AATCGATTATTTGACG-1	0.57142857	0.57142857	0.57142857	0.48684211	375	367	360	820	480.500	0.55028195
AGGCGAGTGGCTCGGG-1	0.51351351	0.54166667	0.51351351	0.57142857	623	435	595	270	480.750	0.53503057
GACGACCTCATGATGC-1	0.51351351	0.48684211	0.54166667	0.63636364	638	787	434	69	482.000	0.54459648
ACGCCTTCTACTTATT-1	0.51351351	0.48684211	0.57142857	0.63636364	683	819	334	95	482.750	0.55203696
CTCTTGGGACTCAACC-1	0.51351351	0.63636364	0.48684211	0.57142857	694	83	811	346	483.500	0.55203696
AATTTAGTCGCACTTG-1	0.79310345	0.75	0.4375	0.4375	3	3	966	963	483.750	0.60452586
TTTAGCGAGTGTGAAC-1	0.60294118	0.48684211	0.57142857	0.48684211	146	767	272	750	483.750	0.53701349
CGACTAACAAGCTCAC-1	0.60294118	0.51351351	0.4375	0.57142857	134	616	928	257	483.750	0.53134582
TTTCAAGCACTACGTT-1	0.57142857	0.57142857	0.46153846	0.57142857	354	343	902	339	484.500	0.54395604
CATCACGGAACGCCAG-1	0.51351351	0.63636364	0.54166667	0.54166667	731	104	544	561	485.000	0.55830262
GGCCCTGGGTGTGTGA-1	0.54166667	0.51351351	0.60294118	0.57142857	565	745	237	393	485.000	0.55738748
CAGTAAGAATCTAACT-1	0.60294118	0.60294118	0.46153846	0.48684211	159	149	875	758	485.250	0.53856573
GATGAAGCTGGGAGAC-1	0.60294118	0.60294118	0.48684211	0.48684211	192	181	785	784	485.500	0.54489164
GACTATAATGATTTTT-1	0.51351351	0.54166667	0.54166667	0.54166667	629	448	423	442	485.500	0.53462838
GTAAAAAGTCGGTGTA-1	0.51351351	0.54166667	0.54166667	0.63636364	725	566	539	113	485.750	0.55830262
GGCACTTAGAAACAAC-1	0.57142857	0.4375	0.63636364	0.54166667	366	954	101	522	485.750	0.54673972
GTGTTCGAGAGGAAGC-1	0.51351351	0.48684211	0.60294118	0.60294118	704	829	213	199	486.250	0.55155949
AAGGGGATACGAGTGA-1	0.60294118	0.46153846	0.54166667	0.57142857	208	907	490	341	486.500	0.54439372
CTCAAAGTGAATAATC-1	0.54166667	0.48684211	0.57142857	0.60294118	543	839	361	204	486.750	0.55071963
CACCTTTTACGCCAAT-1	0.60294118	0.60294118	0.4375	0.48684211	139	128	933	747	486.750	0.53255611
ATATAGCCCACACGGA-1	0.48684211	0.48684211	0.60294118	0.63636364	827	822	203	97	487.250	0.55324726
CTCTACTCCGGAAGTC-1	0.48684211	0.60294118	0.57142857	0.54166667	845	208	358	538	487.250	0.55071963
ACTGCCCATAAACAGA-1	0.63636364	0.60294118	0.48684211	0.46153846	81	184	790	897	488.000	0.54692134
GTACCCTGGACGAGAC-1	0.57142857	0.60294118	0.51351351	0.46153846	298	157	625	872	488.000	0.53735543
TTTCCCATGAACATGC-1	0.63636364	0.48684211	0.51351351	0.54166667	71	796	627	460	488.500	0.54459648
CATAATATAGGATCAA-1	0.63636364	0.54166667	0.51351351	0.51351351	95	525	669	670	489.750	0.55126433
CATTGCGCACGGCGAC-1	0.46153846	0.60294118	0.54166667	0.54166667	899	159	443	459	490.000	0.53695324
GGACGTTAATCGGCCC-1	0.51351351	0.57142857	0.51351351	0.57142857	665	324	652	320	490.250	0.54247104
CATGTCCAGTGTCCTT-1	0.60294118	0.54166667	0.48684211	0.51351351	156	441	756	613	491.500	0.53624087
TTTTGGTCGCCTAGGC-1	0.57142857	0.51351351	0.63636364	0.46153846	324	672	83	889	492.000	0.54571105
GAGAGTGTACTAGAGA-1	0.63636364	0.60294118	0.4375	0.46153846	54	126	932	856	492.000	0.53458582
CGATCGACAGGCTCGG-1	0.41463415	0.41463415	0.75	0.671875	981	969	2	19	492.750	0.56278582
ACATTGAGCTTAAAGT-1	0.57142857	0.57142857	0.54166667	0.48684211	349	341	486	800	494.000	0.54284148
ACTCTATAATAGTACT-1	0.51351351	0.60294118	0.54166667	0.54166667	714	209	517	539	494.750	0.54994701
GCATGGCGGGCCTGGA-1	0.57142857	0.60294118	0.48684211	0.46153846	260	120	745	854	494.750	0.53068758
CCTTCAAAGGGAAGAA-1	0.51351351	0.54166667	0.54166667	0.54166667	637	459	433	452	495.250	0.53462838
AGCGACATCGTTTTTA-1	0.57142857	0.57142857	0.46153846	0.51351351	264	262	860	597	495.750	0.52947728
TAAAAGGGTCGTCCAA-1	0.54166667	0.54166667	0.51351351	0.51351351	414	411	576	583	496.000	0.52759009
GGCACTCCTTTATGGA-1	0.48684211	0.4375	0.63636364	0.63636364	834	953	100	100	496.750	0.54926734
GTTTGTAAAGATCGAG-1	0.60294118	0.60294118	0.48684211	0.48684211	201	188	800	798	496.750	0.54489164
GCATAAGGGAAACACT-1	0.54166667	0.48684211	0.54166667	0.57142857	462	791	437	297	496.750	0.535401
ATAGGGCATCCTAAGT-1	0.51351351	0.51351351	0.54166667	0.54166667	592	602	393	402	497.250	0.52759009
TCAAAGAGAACGTCAT-1	0.48684211	0.48684211	0.60294118	0.60294118	814	813	191	178	499.000	0.54489164
CCCGGGTGAACCACTC-1	0.48684211	0.60294118	0.51351351	0.60294118	855	221	699	222	499.250	0.55155949
GTTTATCATCGATACA-1	0.54166667	0.51351351	0.54166667	0.54166667	460	648	436	453	499.250	0.53462838
TATCAGAAAGCTGGGA-1	0.57142857	0.57142857	0.48684211	0.48684211	258	254	743	742	499.250	0.52913534
TAGATCCCTGAGAAAG-1	0.51351351	0.48684211	0.57142857	0.57142857	634	784	294	292	501.000	0.53580319
CGCTCGTAGAGTTCAT-1	0.48684211	0.57142857	0.54166667	0.54166667	795	302	447	461	501.250	0.535401
AGAGCCCTTGGTTGTT-1	0.48684211	0.51351351	0.57142857	0.60294118	816	687	324	180	501.750	0.54368134
AGTGAGACACATACGA-1	0.54166667	0.46153846	0.63636364	0.51351351	440	881	70	616	501.750	0.53827057
GATACGCCGTCTTTGT-1	0.51351351	0.54166667	0.51351351	0.57142857	636	455	622	296	502.250	0.53503057
GGATGCTGGAGCTAGC-1	0.46153846	0.57142857	0.57142857	0.57142857	922	365	359	366	503.000	0.54395604
TATGTCCGCGAGTGAG-1	0.57142857	0.48684211	0.70967742	0.51351351	408	864	17	724	503.250	0.5703654
ATCAATCTACAACATA-1	0.671875	0.51351351	0.51351351	0.51351351	30	678	650	655	503.250	0.55310389
ATGGCAGGTCCCTGTT-1	0.60294118	0.57142857	0.48684211	0.51351351	205	342	803	665	503.750	0.54368134
CAGCAAAAAGATCAAT-1	0.54166667	0.57142857	0.51351351	0.54166667	511	339	662	505	504.250	0.54206885
CAAACCACTTTCTATC-1	0.63636364	0.57142857	0.54166667	0.4375	115	391	552	962	505.000	0.54673972
TGAGAGCGCTGGTATT-1	0.57142857	0.57142857	0.54166667	0.4375	313	309	455	945	505.500	0.53050595
TTAACTTCAGCAATTA-1	0.54166667	0.60294118	0.46153846	0.51351351	426	130	863	603	505.500	0.52991495
GTCACTTATTGGCAGA-1	0.57142857	0.57142857	0.4375	0.51351351	257	251	927	588	505.750	0.52346766
TATTCCGTACACCTTA-1	0.54166667	0.57142857	0.54166667	0.51351351	519	347	493	669	507.000	0.54206885
AAAATTTGATATAATG-1	0.51351351	0.51351351	0.51351351	0.57142857	600	609	571	250	507.500	0.52799228
TCGACCAACTATGGGA-1	0.60294118	0.60294118	0.48684211	0.46153846	188	175	782	888	508.250	0.53856573
CGCGTCGCCACGTTAG-1	0.51351351	0.51351351	0.54166667	0.60294118	679	694	479	184	509.000	0.54290872
GAGTACCACACCAAAT-1	0.48684211	0.63636364	0.51351351	0.57142857	858	100	700	380	509.500	0.55203696
AGTAAATCGTCATCCG-1	0.48684211	0.57142857	0.48684211	0.75	846	364	829	2	510.250	0.5737782
AAACTAGGGCGTGACG-1	0.54166667	0.70967742	0.48684211	0.46153846	427	6	750	858	510.250	0.54993116
CTGGAATAAATTAGTA-1	0.54166667	0.54166667	0.54166667	0.57142857	557	565	538	382	510.500	0.54910714
CTCTAACCCCGAGCGC-1	0.54166667	0.51351351	0.54166667	0.60294118	552	735	535	221	510.750	0.54994701
ACCAAAAGTTATCGGT-1	0.54166667	0.57142857	0.51351351	0.51351351	467	304	632	640	510.750	0.53503057
ATACTATAACTATTCA-1	0.54166667	0.54166667	0.51351351	0.54166667	471	474	635	466	511.500	0.53462838
AGCACGTTTTAATGCA-1	0.60294118	0.54166667	0.48684211	0.51351351	171	468	772	636	511.750	0.53624087
ATCCACCATTTAAAGA-1	0.60294118	0.60294118	0.48684211	0.51351351	240	237	850	721	512.000	0.55155949
TTGGAACGAATTATAG-1	0.48684211	0.51351351	0.63636364	0.54166667	806	676	84	483	512.250	0.54459648
TCATAGCCAGTGTATA-1	0.51351351	0.671875	0.54166667	0.48684211	700	34	504	812	512.500	0.55347432
TTCGCCAACCAGCCGC-1	0.48684211	0.48684211	0.63636364	0.54166667	776	773	67	434	512.500	0.53792863
AGGGAGTGTACAATCC-1	0.51351351	0.54166667	0.57142857	0.57142857	728	569	370	384	512.750	0.54950933
TACGTTTACTCGCATT-1	0.60294118	0.60294118	0.48684211	0.51351351	242	238	851	722	513.250	0.55155949
AATGGTTTGGCTCTAG-1	0.60294118	0.57142857	0.51351351	0.46153846	193	321	649	892	513.750	0.53735543
ATCGCGCAGTCACATA-1	0.46153846	0.46153846	0.60294118	0.671875	913	908	204	35	515.000	0.54947327
ATCAACCCTAAGTATA-1	0.51351351	0.51351351	0.54166667	0.57142857	654	658	450	305	516.750	0.53503057
ACGTGCGGCCAAGTCT-1	0.54166667	0.57142857	0.37209302	0.54166667	413	247	999	410	517.250	0.50671373
TCCACGAGGAAGTTGC-1	0.48684211	0.57142857	0.4375	0.671875	797	306	941	26	517.500	0.54191142
GCCCTATCGTACGAGA-1	0.60294118	0.60294118	0.48684211	0.48684211	220	206	827	818	517.750	0.54489164
TGCCCCACAGGCTAGC-1	0.60294118	0.46153846	0.54166667	0.54166667	199	901	476	496	518.000	0.53695324
TTGCTGCTGTGCTCAG-1	0.48684211	0.48684211	0.54166667	0.63636364	791	786	431	68	519.000	0.53792863
CCTTTGGTCCGCTAGT-1	0.54166667	0.48684211	0.51351351	0.63636364	507	817	661	93	519.500	0.54459648
GGGACGTTTAGGATAC-1	0.54166667	0.57142857	0.48684211	0.57142857	538	358	825	358	519.750	0.54284148
CTCTCAAGGCAGCCAT-1	0.54166667	0.54166667	0.51351351	0.57142857	527	533	673	353	521.500	0.54206885
GGTCCTGGGACGTTGC-1	0.60294118	0.51351351	0.54166667	0.54166667	233	741	548	565	521.750	0.54994701
TTCACGAACGCCCCCC-1	0.51351351	0.54166667	0.54166667	0.51351351	625	437	417	608	521.750	0.52759009
TAAAACGTTAAGAGCA-1	0.54166667	0.60294118	0.48684211	0.54166667	537	203	824	528	523.000	0.54327915
GACATACGACCTAATT-1	0.63636364	0.46153846	0.57142857	0.48684211	82	898	323	789	523.000	0.53904319
ACATTATCGTAGGCCT-1	0.46153846	0.57142857	0.57142857	0.51351351	891	288	292	621	523.000	0.52947728
GGCGACCTCTACGTAG-1	0.51351351	0.57142857	0.57142857	0.4375	620	268	268	936	523.000	0.52346766
CCCCTTCGATGGGGGG-1	0.60294118	0.37209302	0.60294118	0.48684211	168	998	160	767	523.250	0.51620437
CAGCTGGTCGTTACTA-1	0.54166667	0.60294118	0.4375	0.54166667	486	180	947	482	523.750	0.53094363
GCGAATCATTTAACTG-1	0.60294118	0.57142857	0.48684211	0.4375	142	267	751	935	523.750	0.52467796
GGAAAAGTGTGCTGGT-1	0.54166667	0.51351351	0.54166667	0.54166667	483	673	463	478	524.250	0.53462838
TCAGCCCTTGAGATGA-1	0.54166667	0.57142857	0.51351351	0.46153846	416	250	578	853	524.250	0.5220368
AAGTAATAACTATAGA-1	0.54166667	0.54166667	0.51351351	0.54166667	485	485	647	481	524.500	0.53462838
TTGTAATGTCTATTTT-1	0.48684211	0.54166667	0.57142857	0.54166667	810	490	320	485	526.250	0.535401
TGATCGGAGTGGAGAG-1	0.4375	0.4375	0.671875	0.60294118	956	943	36	171	526.500	0.53745404
ATACTGGTAGCAACAC-1	0.48684211	0.60294118	0.51351351	0.51351351	772	134	594	606	526.500	0.52920258
GTCAAAGCCCGTTCGG-1	0.48684211	0.57142857	0.48684211	0.57142857	783	282	759	282	526.500	0.52913534
TATGTGATGGATCCTC-1	0.46153846	0.57142857	0.51351351	0.54166667	879	246	574	408	526.750	0.5220368
GGCACACTGGTGTATC-1	0.48684211	0.46153846	0.671875	0.54166667	774	879	26	432	527.750	0.54048056
TTGATATTCGTCACGA-1	0.60294118	0.57142857	0.48684211	0.48684211	198	331	792	790	527.750	0.53701349
CTAGTATCTCATCCTT-1	0.54166667	0.51351351	0.57142857	0.57142857	578	749	388	399	528.500	0.54950933
TATTTGGGACATCAAC-1	0.46153846	0.54166667	0.60294118	0.57142857	933	570	231	386	530.000	0.54439372
GCGCTATGCTCCTATC-1	0.54166667	0.54166667	0.54166667	0.57142857	576	589	560	398	530.750	0.54910714
AATTGGTCAAGGCGTC-1	0.57142857	0.48684211	0.57142857	0.48684211	291	782	290	760	530.750	0.52913534
TTTAGGTTAGTAACCA-1	0.51351351	0.48684211	0.54166667	0.63636364	699	826	500	99	531.000	0.54459648
AGTGACTAATAATAAT-1	0.57142857	0.4375	0.60294118	0.51351351	333	946	188	657	531.000	0.53134582
AAGGGGATACACTTCT-1	0.54166667	0.48684211	0.51351351	0.57142857	449	781	609	286	531.250	0.52836271
CACGGTCCCGTTTGAT-1	0.51351351	0.57142857	0.51351351	0.57142857	713	366	685	367	532.750	0.54247104
GAATATTTATAGCGCT-1	0.54166667	0.54166667	0.51351351	0.60294118	582	594	719	238	533.250	0.54994701
CGGCCACCCACATAGC-1	0.57142857	0.48684211	0.60294118	0.46153846	302	793	166	875	534.000	0.53068758
TGGTGACGCCTGTGTT-1	0.46153846	0.54166667	0.57142857	0.57142857	915	527	346	349	534.250	0.53651557
TGAGACAACGCCAGTC-1	0.51351351	0.48684211	0.57142857	0.54166667	632	778	287	444	535.250	0.52836271
CTTGGGCTTCAGCGCT-1	0.54166667	0.54166667	0.54166667	0.54166667	542	544	519	540	536.250	0.54166667
CAAAAACCGTCCACGG-1	0.51351351	0.54166667	0.54166667	0.54166667	676	502	474	493	536.250	0.53462838
CTCTGTGGCTTGCTTA-1	0.51351351	0.54166667	0.48684211	0.54166667	599	409	731	407	536.500	0.52092224
CAGTAAGAACGCACTA-1	0.54166667	0.54166667	0.51351351	0.60294118	587	597	722	242	537.000	0.54994701
CCGTGTTAGCCCTTGG-1	0.46153846	0.51351351	0.54166667	0.60294118	897	652	441	159	537.250	0.52991495
GCGGAGATTTAGACTG-1	0.57142857	0.54166667	0.46153846	0.54166667	314	477	886	472	537.250	0.52907509
GCTTGCACGCCTTCTC-1	0.57142857	0.4375	0.57142857	0.48684211	246	929	246	729	537.500	0.51679981
GGAGATCGCGAAATCC-1	0.57142857	0.54166667	0.57142857	0.4375	350	516	336	953	538.750	0.53050595
TCATCCCAAACTTCAC-1	0.51351351	0.4375	0.63636364	0.51351351	590	930	59	578	539.250	0.52522267
TGGGTCCTTCCGACGA-1	0.54166667	0.60294118	0.51351351	0.48684211	512	191	663	799	541.250	0.53624087
GAACTGGATCGCGCCC-1	0.46153846	0.48684211	0.57142857	0.60294118	902	799	303	162	541.500	0.53068758
CTATCAGTTATTAGCT-1	0.51351351	0.48684211	0.60294118	0.54166667	673	814	192	489	542.000	0.53624087
CCCCTAAAATAACGGC-1	0.48684211	0.51351351	0.54166667	0.54166667	756	611	398	411	544.000	0.52092224
GCGATAAGTGAATGTC-1	0.46153846	0.54166667	0.54166667	0.57142857	906	488	465	318	544.250	0.52907509
AAGCTCATAACGTGTA-1	0.57142857	0.60294118	0.48684211	0.48684211	359	199	815	806	544.750	0.53701349
CCGGACTCGACGCTCG-1	0.51351351	0.57142857	0.48684211	0.51351351	605	249	739	587	545.000	0.52132443
CTGTTACCGTAATACT-1	0.57142857	0.51351351	0.54166667	0.54166667	378	732	525	547	545.500	0.54206885
GGTATTCAACGGAGAC-1	0.60294118	0.63636364	0.46153846	0.46153846	235	105	922	921	545.750	0.54059543
AAGTAGCCGGGAGTTA-1	0.51351351	0.51351351	0.60294118	0.54166667	710	723	216	536	546.250	0.54290872
ACTCTTGTAGCACGGG-1	0.4375	0.46153846	0.63636364	0.60294118	967	913	106	201	546.750	0.53458582
TCTCCGAGACTGTTGG-1	0.51351351	0.57142857	0.54166667	0.51351351	689	344	489	667	547.250	0.53503057
GTTGTGTGATGTACTC-1	0.54166667	0.60294118	0.48684211	0.46153846	436	142	755	862	548.750	0.5232471
GCCGAGCGCTAGCCAT-1	0.48684211	0.46153846	0.70967742	0.57142857	867	922	14	394	549.250	0.55737164
CTGGTTGGAACCGGAA-1	0.57142857	0.57142857	0.51351351	0.46153846	331	325	653	893	550.500	0.52947728
TGCGTCGAGCTGAAAC-1	0.39285714	0.54166667	0.63636364	0.54166667	997	549	112	545	550.750	0.52813853
CCGTACGCGTCGCACG-1	0.57142857	0.671875	0.46153846	0.46153846	358	33	904	909	551.000	0.54159512
TCTTCACGTACATAGA-1	0.51351351	0.48684211	0.54166667	0.54166667	617	761	408	421	551.750	0.52092224
CCTGTGGATCGTTGTC-1	0.57142857	0.51351351	0.51351351	0.48684211	261	619	585	743	552.000	0.52132443
ACATCACTTCCATTTC-1	0.4375	0.54166667	0.60294118	0.48684211	941	406	130	731	552.000	0.51723749
AGCGTGGGTTTTTTGT-1	0.57142857	0.48684211	0.60294118	0.41463415	295	785	156	973	552.250	0.5189615
AGGTCTTGTGTACACG-1	0.57142857	0.671875	0.4375	0.46153846	337	26	949	898	552.500	0.53558551
TTAGGCGGATAGAACG-1	0.60294118	0.51351351	0.57142857	0.46153846	217	726	357	912	553.000	0.53735543
ATCATCTGTTGAACTA-1	0.51351351	0.60294118	0.48684211	0.54166667	693	195	809	515	553.000	0.53624087
CCACGATTCATCCACA-1	0.4375	0.54166667	0.60294118	0.48684211	942	407	131	733	553.250	0.51723749
ATGGACCTCGTTACCC-1	0.57142857	0.54166667	0.48684211	0.48684211	273	436	753	753	553.750	0.52169486
GATTGCTCTCGCCCCC-1	0.4375	0.51351351	0.60294118	0.60294118	978	753	244	241	554.000	0.53922397
CTGGCTCTAGAGGAGC-1	0.48684211	0.48684211	0.54166667	0.671875	840	831	509	39	554.750	0.54680647
ATTCCTGGGAGTGTCG-1	0.57142857	0.48684211	0.57142857	0.54166667	403	858	385	573	554.750	0.54284148
CCGTAATGGACAGGAA-1	0.57142857	0.48684211	0.48684211	0.54166667	272	769	752	428	555.250	0.52169486
AAAAAAGCCAGCACCT-1	0.51351351	0.54166667	0.60294118	0.51351351	727	567	229	703	556.500	0.54290872
TACAACATCCCATTAC-1	0.60294118	0.54166667	0.54166667	0.4375	216	543	514	958	557.750	0.53094363
TCTGCGATAGGCGTAG-1	0.48684211	0.54166667	0.57142857	0.48684211	773	434	275	752	558.500	0.52169486
ATAGCATAGTTAACGA-1	0.57142857	0.51351351	0.57142857	0.48684211	363	714	348	811	559.000	0.53580319
GTACTTAAGATCTTAA-1	0.54166667	0.63636364	0.46153846	0.46153846	445	55	872	867	559.750	0.52527681
TCGTATAGAGCTGTGA-1	0.57142857	0.70967742	0.41463415	0.41463415	286	8	976	970	560.000	0.52759357
TTCCCCATGCATCACC-1	0.51351351	0.51351351	0.54166667	0.57142857	695	707	494	347	560.750	0.53503057
TGAGCCTCACGCTTCG-1	0.37209302	0.41463415	0.60294118	0.60294118	998	968	139	140	561.250	0.49815238
TTGTCCATTCTTGCCC-1	0.54166667	0.54166667	0.51351351	0.51351351	480	482	638	646	561.500	0.52759009
TTTCGATAGAGGCCCT-1	0.57142857	0.46153846	0.57142857	0.54166667	393	920	375	559	561.750	0.53651557
TAATACGACCACGTTT-1	0.48684211	0.46153846	0.51351351	0.63636364	754	871	572	50	561.750	0.52456443
GAGTCTCCTATCACAT-1	0.51351351	0.63636364	0.48684211	0.51351351	691	82	807	668	562.000	0.53755819
GCTATACTTGAACGGC-1	0.48684211	0.48684211	0.57142857	0.63636364	873	865	390	122	562.500	0.5453691
GTCGGTCACCCGATTA-1	0.57142857	0.48684211	0.57142857	0.51351351	370	838	355	689	563.000	0.53580319
CCTTTGCATTGCTATA-1	0.60294118	0.54166667	0.39285714	0.51351351	169	462	995	626	563.000	0.51274462
TATTTGGTTGTCTGCG-1	0.51351351	0.48684211	0.57142857	0.57142857	707	834	354	359	563.500	0.53580319
GATCTAACCTATCTGT-1	0.46153846	0.54166667	0.54166667	0.51351351	877	405	394	581	564.250	0.51459633
CGTTCAGAGTATTAGG-1	0.51351351	0.57142857	0.51351351	0.54166667	703	356	674	525	564.500	0.53503057
CAGCCCCAATTTCACA-1	0.46153846	0.51351351	0.51351351	0.63636364	903	654	628	73	564.500	0.53123228
AGTAAAGATAGCGCGC-1	0.51351351	0.51351351	0.54166667	0.54166667	659	665	458	476	564.500	0.52759009
ATCCTAAGTATCCGCG-1	0.51351351	0.48684211	0.54166667	0.54166667	627	774	421	436	564.500	0.52092224
TAGTTCTTTAACAAGA-1	0.48684211	0.48684211	0.57142857	0.57142857	809	810	319	321	564.750	0.52913534
CCCTTACCATAATTTT-1	0.54166667	0.51351351	0.54166667	0.51351351	481	671	462	647	565.250	0.52759009
GCCGCGATAAGCAAAA-1	0.57142857	0.57142857	0.51351351	0.4375	334	329	655	949	566.750	0.52346766
CGATAGTTGGACGAAA-1	0.51351351	0.57142857	0.48684211	0.54166667	667	328	787	486	567.000	0.52836271
GTTATTACGTGCTTCT-1	0.48684211	0.46153846	0.63636364	0.57142857	857	915	119	379	567.500	0.53904319
AATCTTAGGGTATTCT-1	0.57142857	0.46153846	0.57142857	0.48684211	305	890	304	771	567.500	0.52280943
AACACCCCCCAGGCTG-1	0.63636364	0.54166667	0.51351351	0.37209302	89	520	667	999	568.750	0.51590921
CATCTAATTGTTGTCG-1	0.54166667	0.48684211	0.54166667	0.54166667	500	815	473	491	569.750	0.52796053
CGACATCACCTGTTTC-1	0.46153846	0.60294118	0.51351351	0.51351351	892	151	614	622	569.750	0.52287667
TCAACACCATTCATGG-1	0.54166667	0.51351351	0.57142857	0.48684211	493	681	321	786	570.250	0.52836271
TTCTCAACCACACACT-1	0.57142857	0.57142857	0.54166667	0.46153846	405	395	558	925	570.750	0.53651557
TACCGTAAAGCTTCAC-1	0.46153846	0.54166667	0.57142857	0.57142857	937	578	379	391	571.250	0.53651557
AGCGTATTCGCCAGGA-1	0.54166667	0.51351351	0.54166667	0.54166667	535	719	507	526	571.750	0.53462838
GATAGAGCCCAGTACC-1	0.48684211	0.54166667	0.60294118	0.46153846	792	461	161	873	571.750	0.5232471
AAAGAGCATCGAAACC-1	0.51351351	0.46153846	0.70967742	0.51351351	696	909	11	673	572.250	0.54956073
TGCGTACATCCAGTTG-1	0.46153846	0.46153846	0.57142857	0.60294118	907	896	322	175	575.000	0.52436167
CTCCGCAGACTCTCGC-1	0.48684211	0.54166667	0.54166667	0.54166667	820	506	477	498	575.250	0.52796053
ACTGACGGGACATATG-1	0.63636364	0.57142857	0.4375	0.41463415	73	310	942	977	575.500	0.51498159
TCGTTTGTGGTCAGGC-1	0.54166667	0.54166667	0.48684211	0.54166667	505	507	796	499	576.750	0.52796053
CCTTAACCATTAACGG-1	0.51351351	0.60294118	0.39285714	0.51351351	608	118	993	590	577.250	0.50570634
AACAAATGTCTGCAAC-1	0.60294118	0.51351351	0.48684211	0.46153846	126	608	729	850	578.250	0.51620881
CAGATGCATGCGAAGC-1	0.60294118	0.48684211	0.54166667	0.46153846	175	805	452	884	579.000	0.5232471
GAGAGCTGGACCTCAC-1	0.60294118	0.48684211	0.51351351	0.48684211	161	783	616	761	580.250	0.52253473
GGATGGCCGTACGAGC-1	0.57142857	0.60294118	0.4375	0.51351351	406	235	967	719	581.750	0.53134582
TTTATGATGTTAGCGA-1	0.60294118	0.57142857	0.4375	0.51351351	243	397	968	725	583.250	0.53134582
GTTCCCCCGATGAGCG-1	0.46153846	0.57142857	0.51351351	0.57142857	921	363	684	365	583.250	0.52947728
CATTTCTTATGTAATT-1	0.51351351	0.60294118	0.46153846	0.51351351	652	160	883	638	583.250	0.52287667
GGGCGAGATGTTCAGT-1	0.57142857	0.60294118	0.41463415	0.46153846	311	164	977	885	584.250	0.51263559
TCCATCGACTGAACAG-1	0.57142857	0.54166667	0.41463415	0.54166667	345	512	984	503	586.000	0.51734901
CGCGCACCACCTGTTT-1	0.60294118	0.4375	0.54166667	0.48684211	177	942	454	774	586.750	0.51723749
CGAGCAATAGAGGTGG-1	0.48684211	0.54166667	0.51351351	0.51351351	759	416	581	591	586.750	0.51388395
GTGATTACTAGGATCA-1	0.54166667	0.57142857	0.48684211	0.4375	420	255	744	930	587.250	0.50935934
GGCCCTTGTCTCCCCA-1	0.54166667	0.57142857	0.51351351	0.51351351	558	383	704	705	587.500	0.53503057
GCGTAACTATAACCAA-1	0.48684211	0.54166667	0.48684211	0.63636364	853	559	833	109	588.500	0.53792863
AGGCCTAGGCGGCGTA-1	0.57142857	0.46153846	0.57142857	0.48684211	339	899	325	793	589.000	0.52280943
GGGTGATAGGGCTAGA-1	0.4375	0.48684211	0.51351351	0.63636364	945	765	590	56	589.000	0.51855481
AGTACCGAACCATGTG-1	0.4375	0.57142857	0.57142857	0.46153846	946	273	278	860	589.250	0.5104739
CCCGACCCACCCTAGT-1	0.54166667	0.54166667	0.51351351	0.54166667	551	560	696	552	589.750	0.53462838
GGGGATTCTGGGATTG-1	0.54166667	0.54166667	0.51351351	0.4375	424	421	586	932	590.750	0.50858671
AACCGAGCGTACCTCT-1	0.48684211	0.51351351	0.54166667	0.54166667	796	656	449	463	591.000	0.52092224
AGGACCAGTTTCCGCT-1	0.57142857	0.54166667	0.48684211	0.54166667	394	573	837	563	591.750	0.535401
CCTGTAATCGGCTCGC-1	0.57142857	0.54166667	0.54166667	0.46153846	380	553	528	916	594.250	0.52907509
GAAAAGCACTACAATC-1	0.57142857	0.57142857	0.46153846	0.46153846	309	305	885	880	594.750	0.51648352
GAAGTAGGAGGCGAAA-1	0.48684211	0.48684211	0.51351351	0.671875	839	830	675	38	595.500	0.53976818
TGTGTAGAAGTGGCAC-1	0.48684211	0.46153846	0.54166667	0.57142857	784	884	428	287	595.750	0.51536895
AATGACAATCGATTGA-1	0.51351351	0.54166667	0.46153846	0.57142857	672	497	893	327	597.250	0.5220368
CGTGTCACGCTCCGCC-1	0.54166667	0.54166667	0.54166667	0.48684211	534	537	505	815	597.750	0.52796053
TGACTACGCTCGTAAC-1	0.54166667	0.60294118	0.48684211	0.48684211	541	207	828	819	598.750	0.52957301
TAATACAACGTAAGAT-1	0.48684211	0.4375	0.57142857	0.54166667	768	936	267	424	598.750	0.50935934
TAGGTCTTAAAAGTTG-1	0.54166667	0.4375	0.51351351	0.54166667	430	937	597	431	598.750	0.50858671
TAAACGCAATTTGCAT-1	0.48684211	0.63636364	0.54166667	0.46153846	852	97	532	917	599.500	0.53160272
CGACAGGATGGCACTC-1	0.51351351	0.54166667	0.51351351	0.51351351	653	472	634	641	600.000	0.5205518
GAAGGGCGTAATGAGA-1	0.57142857	0.54166667	0.48684211	0.51351351	367	534	819	681	600.250	0.52836271
GCAGAACAAGCCTCTT-1	0.48684211	0.63636364	0.46153846	0.48684211	758	46	858	739	600.250	0.51789658
GAATTGGGCAGCTTGT-1	0.46153846	0.57142857	0.54166667	0.48684211	895	298	440	768	600.250	0.51536895
CCTGGAGTGGTGGGGG-1	0.51351351	0.51351351	0.51351351	0.51351351	611	617	584	593	601.250	0.51351351
CCCCTTGCTAGCCAGA-1	0.48684211	0.51351351	0.54166667	0.51351351	769	626	413	604	603.000	0.51388395
CGATGCCAGTCTAAGA-1	0.54166667	0.60294118	0.4375	0.51351351	546	216	958	693	603.250	0.52390534
CATACACATCTCACGA-1	0.54166667	0.54166667	0.51351351	0.54166667	563	577	708	567	603.750	0.53462838
GTCCTGCGCGCGATGC-1	0.57142857	0.60294118	0.4375	0.39285714	316	166	945	994	605.250	0.50118172
CCCATATACAGTAACC-1	0.41463415	0.57142857	0.57142857	0.4375	980	256	255	931	605.500	0.49874782
AGTCACTGAGAGAAGG-1	0.57142857	0.60294118	0.4375	0.48684211	398	229	964	833	606.000	0.52467796
ATGCGCCGTCGAGAGT-1	0.51351351	0.48684211	0.57142857	0.51351351	660	807	312	645	606.000	0.52132443
AACGCAATAACTAGGT-1	0.51351351	0.51351351	0.48684211	0.57142857	661	670	781	312	606.000	0.52132443
AAGCTATAGAACCTCA-1	0.57142857	0.60294118	0.46153846	0.4375	362	200	906	956	606.000	0.51835205
GACCGGCGTAGTACTG-1	0.54166667	0.60294118	0.48684211	0.4375	497	185	791	952	606.250	0.51723749
ATGCCGGCACAAGCTT-1	0.54166667	0.51351351	0.51351351	0.48684211	435	634	602	756	606.750	0.51388395
TCACCGAAGCGGCGAG-1	0.57142857	0.4375	0.60294118	0.46153846	360	951	207	910	607.000	0.51835205
AGAGGGAACTCAGCTA-1	0.60294118	0.54166667	0.48684211	0.46153846	206	518	805	904	608.250	0.5232471
CCCTTGAACGTATCGT-1	0.48684211	0.46153846	0.54166667	0.63636364	860	919	541	114	608.500	0.53160272
CGTATGGCAAGTGCCC-1	0.63636364	0.48684211	0.54166667	0.4375	108	842	526	959	608.750	0.5255931
GACGTTTGAGCACACA-1	0.41463415	0.46153846	0.60294118	0.57142857	987	906	202	340	608.750	0.51263559
GCCTGGGGTTGATACG-1	0.54166667	0.51351351	0.4375	0.54166667	434	633	934	438	609.750	0.50858671
GCTTGCCTTCGTCAAT-1	0.51351351	0.48684211	0.60294118	0.51351351	706	833	214	687	610.000	0.52920258
ACTCTGTATACGAGCG-1	0.54166667	0.46153846	0.54166667	0.57142857	567	924	553	397	610.250	0.52907509
TTAACTAGACCGCCAA-1	0.57142857	0.57142857	0.46153846	0.48684211	368	354	910	814	611.500	0.52280943
TGGCATGAGCTACGAG-1	0.60294118	0.48684211	0.48684211	0.46153846	122	755	723	846	611.500	0.50954096
GTATGTAAACCGTTAA-1	0.54166667	0.63636364	0.48684211	0.46153846	572	107	847	924	612.500	0.53160272
CCTCCGCAGTCACGAC-1	0.51351351	0.4375	0.54166667	0.57142857	682	948	485	336	612.750	0.51602719
CCTCGTATTGGGGATA-1	0.4375	0.57142857	0.54166667	0.48684211	951	296	438	766	612.750	0.50935934
ACTCTAAAAACATCAA-1	0.48684211	0.51351351	0.54166667	0.51351351	779	636	422	615	613.000	0.51388395
CACAGACGACCGATGG-1	0.51351351	0.48684211	0.51351351	0.60294118	717	841	689	208	613.750	0.52920258
CTGGAGGTAGATTTAG-1	0.51351351	0.48684211	0.63636364	0.51351351	745	863	125	723	614.000	0.53755819
CGAGACCCCGTAGGAT-1	0.48684211	0.48684211	0.51351351	0.63636364	842	835	678	101	614.000	0.53089034
GGTGACGTCAGCTCCG-1	0.63636364	0.54166667	0.46153846	0.41463415	83	500	895	980	614.500	0.51355073
ACTATCGTGGCACCAG-1	0.60294118	0.57142857	0.41463415	0.41463415	186	314	979	979	614.500	0.50090951
TGAGTGTTCTGAAACG-1	0.51351351	0.51351351	0.51351351	0.60294118	748	751	720	240	614.750	0.53587043
AGCTCTGCGGCTTGCA-1	0.48684211	0.54166667	0.54166667	0.54166667	849	547	524	544	616.000	0.52796053
CACACACAGGCCGAGA-1	0.51351351	0.54166667	0.54166667	0.46153846	655	475	451	883	616.000	0.51459633
TTCCCTGGTCTAACAC-1	0.4375	0.51351351	0.51351351	0.57142857	948	637	605	279	617.250	0.5089889
GGTGGTGTGTAGAGAC-1	0.51351351	0.51351351	0.54166667	0.54166667	708	722	511	533	618.500	0.52759009
CTTTTATGAAACCATT-1	0.54166667	0.51351351	0.46153846	0.54166667	469	657	884	465	618.750	0.51459633
ACTCTATAATTCTCCT-1	0.51351351	0.46153846	0.54166667	0.60294118	747	927	566	239	619.750	0.52991495
TAGATTACTACGGCCG-1	0.51351351	0.54166667	0.48684211	0.48684211	601	410	734	735	620.000	0.5072161
GTTATCCCACGGTCCA-1	0.54166667	0.4375	0.57142857	0.54166667	568	967	382	571	622.000	0.52306548
GTGGGTGAAGGTGAAC-1	0.48684211	0.48684211	0.57142857	0.57142857	865	854	380	392	622.750	0.52913534
TTCGAGACGTAGAAAA-1	0.51351351	0.60294118	0.46153846	0.46153846	626	139	867	861	623.250	0.5098829
CTGCCTTACATGGCCT-1	0.51351351	0.54166667	0.48684211	0.54166667	680	511	801	502	623.500	0.52092224
TGCTTGGGGCTCCTAC-1	0.48684211	0.57142857	0.48684211	0.57142857	868	390	842	395	623.750	0.52913534
GTAATGACTTAGGGAA-1	0.54166667	0.54166667	0.51351351	0.51351351	549	558	694	696	624.250	0.52759009
GACGCTCGTACTATCT-1	0.48684211	0.4375	0.57142857	0.57142857	836	956	351	355	624.500	0.51679981
TGGTTGGGAAGTTGGT-1	0.41463415	0.51351351	0.63636364	0.51351351	989	721	104	686	625.000	0.5195062
CATTCCGATCGTTTCT-1	0.51351351	0.51351351	0.48684211	0.51351351	593	603	726	580	625.500	0.50684566
GACCTAGAGCATTTAC-1	0.57142857	0.57142857	0.51351351	0.39285714	401	392	712	998	625.750	0.51230695
ACGAGGCCTTCCGCAC-1	0.4375	0.41463415	0.57142857	0.57142857	950	970	293	290	625.750	0.49874782
GAAATCGCTATAGGTC-1	0.46153846	0.39285714	0.60294118	0.57142857	924	992	219	370	626.250	0.50719134
CCGCCTAGCAGCATAT-1	0.63636364	0.54166667	0.41463415	0.46153846	92	523	985	906	626.500	0.51355073
AATTGCTTACCGCCAC-1	0.54166667	0.51351351	0.46153846	0.57142857	529	716	909	354	627.000	0.5220368
GACGTCGCGTACGCCG-1	0.51351351	0.51351351	0.46153846	0.54166667	614	620	859	419	628.000	0.50755804
ATTACAACCGTAGGGT-1	0.46153846	0.54166667	0.51351351	0.51351351	887	430	593	605	628.750	0.50755804
TAGCGGTGTTGGATCC-1	0.46153846	0.39285714	0.57142857	0.60294118	931	993	368	223	628.750	0.50719134
CGGCGCCACACTTCTC-1	0.48684211	0.41463415	0.70967742	0.51351351	838	982	12	684	629.000	0.5311668
GGTTGTAATACGCACT-1	0.54166667	0.51351351	0.51351351	0.51351351	504	691	660	661	629.000	0.5205518
GATTGTTCGGGATATC-1	0.51351351	0.54166667	0.51351351	0.48684211	651	469	630	770	630.000	0.51388395
TTACGTGGCAATTAAT-1	0.63636364	0.51351351	0.46153846	0.51351351	121	750	926	726	630.750	0.53123228
TAGTGGTCGGGCGCCA-1	0.60294118	0.54166667	0.4375	0.4375	173	470	940	944	631.750	0.50490196
ACGGCTCATAATAGGT-1	0.57142857	0.51351351	0.51351351	0.46153846	326	675	648	891	635.000	0.51499851
AAGGTCAAGAAGTTAT-1	0.48684211	0.63636364	0.48684211	0.48684211	830	86	817	808	635.250	0.52422249
ATTCAGCAGTGCCAGC-1	0.51351351	0.57142857	0.48684211	0.48684211	663	317	783	779	635.500	0.51465657
TGTGCGTTCATTTTGG-1	0.57142857	0.4375	0.57142857	0.48684211	388	963	369	827	636.750	0.51679981
CAGATTACGGACCGTG-1	0.54166667	0.46153846	0.57142857	0.46153846	470	892	306	881	637.250	0.50904304
GCAAGGAACTAATGGA-1	0.54166667	0.54166667	0.48684211	0.48684211	496	495	789	788	642.000	0.51425439
TCGCCGACTCCATTGG-1	0.4375	0.48684211	0.54166667	0.60294118	972	847	534	218	642.750	0.51723749
ATTGTGCCGTGTTGTG-1	0.51351351	0.54166667	0.51351351	0.54166667	733	572	706	562	643.250	0.52759009
ACTTCCTGTGATAATA-1	0.48684211	0.51351351	0.51351351	0.54166667	801	663	637	475	644.000	0.51388395
TCGCGCGCCGCGAATT-1	0.54166667	0.51351351	0.51351351	0.51351351	523	709	670	675	644.250	0.5205518
ATCCAAAACTACGGTG-1	0.54166667	0.54166667	0.51351351	0.51351351	569	582	714	714	644.750	0.52759009
TTCAATCATTCGAATC-1	0.46153846	0.33333333	0.63636364	0.51351351	894	1000	71	624	647.250	0.48618724
GAGGATAGCTCGACTC-1	0.48684211	0.54166667	0.51351351	0.57142857	874	596	721	400	647.750	0.52836271
GATGGTTTTCAGGCTT-1	0.48684211	0.46153846	0.51351351	0.57142857	788	888	620	295	647.750	0.50833066
CAAGAACTCAGGCTCT-1	0.54166667	0.54166667	0.51351351	0.51351351	573	585	718	717	648.250	0.52759009
AGCCTGCGGTTCTACC-1	0.51351351	0.51351351	0.54166667	0.54166667	738	744	550	569	650.250	0.52759009
GTTGAGCTCGCGAAAA-1	0.54166667	0.48684211	0.41463415	0.54166667	428	770	974	430	650.500	0.4962024
TTGCCCCGGAATTTAT-1	0.48684211	0.57142857	0.48684211	0.54166667	851	371	832	551	651.250	0.52169486
CCGCAGATCTTACTGT-1	0.51351351	0.54166667	0.48684211	0.51351351	669	493	788	659	652.250	0.51388395
ACGACGATCAGACAGT-1	0.48684211	0.46153846	0.51351351	0.54166667	755	872	575	409	652.750	0.50089019
CTCAGATTTCCGGATG-1	0.54166667	0.51351351	0.46153846	0.48684211	412	610	857	736	653.750	0.50089019
GAATGTGGGCTTACGA-1	0.54166667	0.54166667	0.48684211	0.48684211	510	510	799	797	654.000	0.51425439
GGAACTCTCTTCGTAT-1	0.51351351	0.41463415	0.671875	0.46153846	686	981	47	905	654.750	0.51539028
GTCCAAAAGATTATAG-1	0.48684211	0.54166667	0.51351351	0.54166667	847	545	688	541	655.250	0.52092224
GCCCAGATGCAAGCGC-1	0.51351351	0.46153846	0.54166667	0.48684211	607	874	400	740	655.250	0.50089019
CCAATAGCGAAGACTA-1	0.51351351	0.54166667	0.51351351	0.48684211	674	499	658	791	655.500	0.51388395
CTCACTCGTGAGGACT-1	0.51351351	0.51351351	0.46153846	0.54166667	642	649	878	454	655.750	0.50755804
ATGTAACACTCATATT-1	0.51351351	0.51351351	0.54166667	0.46153846	648	653	444	878	655.750	0.50755804
GTTTTATGCAGGGACC-1	0.57142857	0.48684211	0.46153846	0.51351351	304	803	882	637	656.500	0.50833066
TTCTAGCTCGGGGTTC-1	0.51351351	0.48684211	0.57142857	0.51351351	722	846	367	698	658.250	0.52132443
AAACCAGCTTCGTCGT-1	0.51351351	0.57142857	0.54166667	0.46153846	746	399	565	927	659.250	0.5220368
TTTCGCGGGGAATCTA-1	0.48684211	0.48684211	0.54166667	0.54166667	824	820	487	509	660.000	0.51425439
GTAGGAAGCAAACTAT-1	0.4375	0.4375	0.54166667	0.60294118	970	960	518	203	662.750	0.50490196
GTTACTAACCATTGCG-1	0.48684211	0.60294118	0.48684211	0.4375	789	155	765	943	663.000	0.50353135
CTGCACTCGATCCCTG-1	0.48684211	0.41463415	0.60294118	0.54166667	864	988	236	568	664.000	0.51152102
CCACAAGGTGCTACTC-1	0.54166667	0.46153846	0.54166667	0.54166667	586	928	567	576	664.250	0.52163462
CCGATGCAGGATTATA-1	0.46153846	0.54166667	0.46153846	0.60294118	934	574	921	228	664.250	0.51692119
CATCCCATCCCGGGTC-1	0.51351351	0.51351351	0.48684211	0.48684211	595	605	728	732	665.000	0.50017781
CACGGTTGACCTAGTG-1	0.51351351	0.46153846	0.54166667	0.48684211	621	878	414	748	665.250	0.50089019
TCGAAACTCACATTAG-1	0.51351351	0.51351351	0.54166667	0.51351351	718	731	522	692	665.750	0.5205518
TGGCGGTCTTTGCTGA-1	0.51351351	0.48684211	0.48684211	0.54166667	645	794	769	458	666.500	0.5072161
AAGGTCTTGAGCCTGC-1	0.51351351	0.51351351	0.54166667	0.48684211	685	698	488	801	668.000	0.51388395
AGGGCTGACTAGTGTG-1	0.60294118	0.51351351	0.48684211	0.41463415	200	693	798	983	668.500	0.50448274
GAACGAATTACCCGGA-1	0.48684211	0.54166667	0.48684211	0.48684211	763	422	747	745	669.250	0.50054825
GCACCCGTGGTGCGTG-1	0.46153846	0.48684211	0.57142857	0.54166667	925	843	364	549	670.250	0.51536895
GGGGTAGACAATAATC-1	0.54166667	0.54166667	0.48684211	0.48684211	525	531	818	809	670.750	0.51425439
CATTACATCCGAGTGG-1	0.51351351	0.48684211	0.48684211	0.51351351	604	758	738	585	671.250	0.50017781
CTCTGTTGTGTCATTA-1	0.57142857	0.57142857	0.39285714	0.41463415	356	348	997	984	671.250	0.48758711
ACATCATTCTCGTGGA-1	0.60294118	0.41463415	0.46153846	0.51351351	183	972	888	643	671.500	0.49815682
TTAATCTCCAACTCGA-1	0.51351351	0.46153846	0.60294118	0.48684211	724	916	226	823	672.250	0.51620881
AGATAATAGCCCCGGG-1	0.48684211	0.54166667	0.51351351	0.46153846	778	445	603	864	672.500	0.50089019
CCGTGAATTGACGACT-1	0.54166667	0.54166667	0.51351351	0.48684211	566	581	711	836	673.500	0.52092224
ACCGCAGACCGGTAAT-1	0.51351351	0.51351351	0.51351351	0.54166667	720	734	693	550	674.250	0.5205518
AATCGAGAGCCCATAT-1	0.48684211	0.4375	0.671875	0.46153846	812	947	42	896	674.250	0.51443889
AACACATACGCCAGTT-1	0.63636364	0.51351351	0.46153846	0.41463415	97	711	905	985	674.500	0.50651244
CGCAACATCTCGGATG-1	0.60294118	0.51351351	0.46153846	0.46153846	203	695	899	903	675.000	0.5098829
CATCCGTACATCTGAC-1	0.54166667	0.41463415	0.54166667	0.54166667	577	989	562	574	675.500	0.50990854
CTCAGAGATCTGAGGT-1	0.48684211	0.54166667	0.4375	0.51351351	761	419	929	594	675.750	0.49488057
GCGAGCTACTTGACCG-1	0.54166667	0.54166667	0.46153846	0.51351351	547	554	915	694	677.500	0.51459633
CATGTACCTGGATCTC-1	0.51351351	0.51351351	0.48684211	0.54166667	690	701	806	514	677.750	0.51388395
GAATTAGCGCCATAGC-1	0.48684211	0.57142857	0.54166667	0.39285714	843	362	512	996	678.250	0.49819862
GCTCCCCGTCTTGTTA-1	0.57142857	0.48684211	0.46153846	0.54166667	391	848	918	557	678.500	0.51536895
TCCCTCAGCCCATGGC-1	0.48684211	0.54166667	0.51351351	0.51351351	833	532	672	678	678.750	0.51388395
ACATGTCAGCGCTGGT-1	0.46153846	0.57142857	0.48684211	0.46153846	880	248	736	852	679.000	0.4953369
GTGAAGGACCAATTGA-1	0.51351351	0.51351351	0.54166667	0.51351351	729	739	543	706	679.250	0.5205518
GTCGGCAAAGGCATTG-1	0.46153846	0.54166667	0.4375	0.57142857	912	517	952	337	679.500	0.50303342
ACTATTTCCTTGTCGC-1	0.54166667	0.60294118	0.4375	0.46153846	583	239	969	928	679.750	0.51091158
AGATAATAGTGCTGGT-1	0.51351351	0.51351351	0.54166667	0.48684211	698	713	499	810	680.000	0.51388395
CGTGGATTAAGCCAAG-1	0.46153846	0.51351351	0.51351351	0.51351351	888	631	599	610	682.000	0.50051975
GCGACACGCCGGGCAC-1	0.46153846	0.46153846	0.48684211	0.57142857	878	870	732	249	682.250	0.4953369
CGTGCGCCCCGAAGCG-1	0.57142857	0.54166667	0.46153846	0.48684211	399	579	923	834	683.750	0.51536895
ATGGTAGGAGTGAAAC-1	0.51351351	0.51351351	0.46153846	0.54166667	671	684	892	488	683.750	0.50755804
CTGGTCTCAAGCTGAC-1	0.54166667	0.48684211	0.51351351	0.48684211	490	809	651	785	683.750	0.5072161
TGAAGATAGGCTTAAG-1	0.54166667	0.54166667	0.46153846	0.46153846	479	480	889	887	683.750	0.50160256
GAGGATGCAGACACCT-1	0.41463415	0.4375	0.51351351	0.57142857	979	933	573	251	684.000	0.48426906
TCGTACACTCCATGTA-1	0.51351351	0.60294118	0.4375	0.48684211	726	223	962	826	684.250	0.5101992
AACCCTCTTACTTGGA-1	0.54166667	0.51351351	0.46153846	0.48684211	455	645	877	763	685.000	0.50089019
ATGTAAGCTGGTGATC-1	0.51351351	0.54166667	0.48684211	0.46153846	643	463	767	874	686.750	0.50089019
TGTAGTTATACTACTT-1	0.51351351	0.48684211	0.51351351	0.48684211	624	771	598	754	686.750	0.50017781
AGAGATAGTAACACTC-1	0.51351351	0.48684211	0.51351351	0.54166667	709	836	679	534	689.500	0.51388395
CAGATATCCAAGTCGC-1	0.4375	0.48684211	0.51351351	0.54166667	947	776	601	437	690.250	0.49488057
CTCCGGTTCTAATGGG-1	0.51351351	0.46153846	0.51351351	0.51351351	635	887	618	623	690.750	0.50051975
TGGACCTTTATGCCGT-1	0.57142857	0.46153846	0.51351351	0.41463415	292	886	613	972	690.750	0.49027867
CCTGACAACTGTACAT-1	0.51351351	0.46153846	0.51351351	0.57142857	739	923	710	396	692.000	0.51499851
AACCTATTCACCAATC-1	0.46153846	0.48684211	0.57142857	0.48684211	900	798	301	769	692.000	0.50166281
CGAGTTCTTTACGCAG-1	0.46153846	0.46153846	0.54166667	0.57142857	932	917	540	383	693.000	0.50904304
CTCAGGGATCCTCCTG-1	0.51351351	0.51351351	0.54166667	0.4375	670	682	470	950	693.000	0.50154842
ACCGCCATGTAATACT-1	0.46153846	0.54166667	0.48684211	0.51351351	901	466	771	634	693.000	0.50089019
CATCAGTCAACGTTTT-1	0.4375	0.48684211	0.51351351	0.60294118	976	857	713	229	693.750	0.5101992
CGAACCGAAAACAGTT-1	0.46153846	0.46153846	0.54166667	0.54166667	908	900	475	494	694.250	0.50160256
AGAGGCGAACTAGTTA-1	0.51351351	0.51351351	0.48684211	0.48684211	628	635	757	757	694.250	0.50017781
AGCGTGGGCAACTCGT-1	0.48684211	0.60294118	0.51351351	0.4375	869	231	715	965	695.000	0.5101992
CACGGTTTTCATACAA-1	0.4375	0.46153846	0.51351351	0.54166667	940	869	569	403	695.250	0.48855466
ACGCTTCCGGTTGGTG-1	0.51351351	0.57142857	0.48684211	0.48684211	732	385	836	829	695.500	0.51465657
GACGGACGTGATTTCC-1	0.57142857	0.46153846	0.54166667	0.46153846	395	921	547	919	695.500	0.50904304
ACCCTTTGCGTCGTCA-1	0.48684211	0.41463415	0.57142857	0.51351351	818	976	329	660	695.750	0.49660458
CAAGTTCCCGTTAGTG-1	0.51351351	0.57142857	0.41463415	0.48684211	675	333	983	792	695.750	0.49660458
GAACTATCGCTGAAAC-1	0.4375	0.46153846	0.57142857	0.51351351	954	891	305	639	697.250	0.49599514
GTTCCCCTTCCCTTGA-1	0.4375	0.48684211	0.46153846	0.60294118	952	797	880	161	697.500	0.49720544
CTATTTCGGAATATAA-1	0.54166667	0.51351351	0.48684211	0.48684211	506	692	797	796	697.750	0.5072161
CCATCCTTTTGGTCAA-1	0.46153846	0.48684211	0.48684211	0.60294118	923	840	830	206	699.750	0.50954096
TTGTCTCAAACAGGAT-1	0.51351351	0.51351351	0.46153846	0.54166667	687	699	901	512	699.750	0.50755804
ACCGGTGGAGGACGGT-1	0.54166667	0.46153846	0.51351351	0.48684211	484	894	644	782	701.000	0.50089019
CCGCCTCAAACGTTGA-1	0.48684211	0.48684211	0.54166667	0.54166667	862	850	542	558	703.000	0.51425439
TTCGACAAAAATGCAA-1	0.4375	0.57142857	0.4375	0.54166667	966	360	957	531	703.500	0.49702381
TCCCGAAAGGTACAGT-1	0.48684211	0.4375	0.54166667	0.54166667	835	955	503	523	704.000	0.50191886
CCATAGTTTATGATCG-1	0.54166667	0.54166667	0.4375	0.39285714	443	447	935	992	704.250	0.47842262
GTGATGTCGTTACTGG-1	0.4375	0.48684211	0.51351351	0.57142857	968	837	680	360	711.250	0.50232105
CGTGCATAAGCGGAAT-1	0.48684211	0.51351351	0.48684211	0.48684211	757	613	737	738	711.250	0.49350996
CTACGGGGCAAAAAGA-1	0.51351351	0.54166667	0.48684211	0.48684211	697	528	816	807	712.000	0.5072161
TTTGTAACTAGCCAAT-1	0.57142857	0.51351351	0.41463415	0.46153846	321	666	978	886	712.750	0.49027867
TAGAATAAGGATGGCG-1	0.54166667	0.54166667	0.48684211	0.48684211	575	587	849	842	713.250	0.51425439
GAAGCGAGTCCAGCAA-1	0.51351351	0.54166667	0.4375	0.48684211	657	478	943	776	713.500	0.49488057
CCAAAAGGCTTTCAGT-1	0.51351351	0.54166667	0.46153846	0.4375	622	433	865	938	714.500	0.48855466
TCATGCAAGAACTGCC-1	0.51351351	0.51351351	0.48684211	0.48684211	656	659	777	773	716.250	0.50017781
GAGGTTCGAATGTTCT-1	0.37209302	0.51351351	0.48684211	0.57142857	999	708	814	350	717.750	0.4859693
ACGCCGTTTGCGATTA-1	0.46153846	0.48684211	0.57142857	0.51351351	936	852	376	710	718.500	0.50833066
ATTGTGTGGATAAGTT-1	0.46153846	0.63636364	0.4375	0.46153846	918	90	955	911	718.500	0.49923514
TCTTGATTGAGACCGA-1	0.54166667	0.51351351	0.48684211	0.46153846	498	685	793	899	718.750	0.50089019
CTAGGTGGGACTACGC-1	0.48684211	0.57142857	0.46153846	0.48684211	826	345	903	802	719.000	0.50166281
CCGAGCGGCGACCGCT-1	0.48684211	0.46153846	0.57142857	0.48684211	829	910	347	805	722.750	0.50166281
GGTGTTGACAGAAACT-1	0.51351351	0.54166667	0.41463415	0.54166667	744	590	991	575	725.000	0.50287025
CGCGGTACGGTCAGCA-1	0.51351351	0.51351351	0.46153846	0.54166667	716	730	914	542	725.500	0.50755804
ATCTAGAGCGCCTCGA-1	0.54166667	0.51351351	0.48684211	0.41463415	477	667	780	978	725.500	0.48916411
GAGGGGCATTGGTCGG-1	0.54166667	0.54166667	0.4375	0.48684211	556	564	961	824	726.250	0.50191886
TACAAGAGATCTGGTT-1	0.54166667	0.54166667	0.35227273	0.41463415	465	467	1000	975	726.750	0.46256005
CCAAAAAATTACTGTG-1	0.4375	0.51351351	0.51351351	0.54166667	969	724	681	537	727.750	0.50154842
TAAGCGCGCTCGGTGG-1	0.51351351	0.54166667	0.4375	0.46153846	641	460	939	871	727.750	0.48855466
CCGTAATCATGTAAAA-1	0.48684211	0.46153846	0.51351351	0.48684211	749	866	568	728	727.750	0.48718405
CGGCGGTTGCTGTGTG-1	0.51351351	0.46153846	0.48684211	0.48684211	591	868	724	730	728.250	0.48718405
TCCCCAAGAACGAACG-1	0.46153846	0.60294118	0.4375	0.4375	889	146	937	941	728.250	0.48486991
ATAAGATGTGATCAGC-1	0.4375	0.35227273	0.57142857	0.54166667	973	999	377	564	728.250	0.47571699
AGTCAATCGGCTCCGT-1	0.51351351	0.54166667	0.41463415	0.51351351	705	539	987	685	729.000	0.49583196
GCTGTCAGGGTACCCA-1	0.46153846	0.54166667	0.46153846	0.48684211	884	425	861	746	729.000	0.48789642
CATTGGAATCCTTCGA-1	0.4375	0.54166667	0.51351351	0.48684211	961	504	659	794	729.500	0.49488057
AATGATTAGCGGAAGG-1	0.48684211	0.54166667	0.4375	0.54166667	856	563	960	554	733.250	0.50191886
TCGCGTGGACCGCCGG-1	0.54166667	0.48684211	0.48684211	0.46153846	472	804	775	882	733.250	0.49422233
CTAAGACAGACAAGCC-1	0.54166667	0.54166667	0.39285714	0.4375	495	494	996	951	734.000	0.47842262
TCCGCGGACGCGGCCT-1	0.51351351	0.51351351	0.46153846	0.54166667	730	740	920	560	737.500	0.50755804
GGCCACCAGGAACGTG-1	0.57142857	0.39285714	0.51351351	0.48684211	402	995	717	840	738.500	0.49116033
AGTGCAGGATAGTCGA-1	0.41463415	0.39285714	0.63636364	0.48684211	993	996	124	841	738.500	0.48267426
TGCGGTCGTTTCGAGG-1	0.54166667	0.48684211	0.51351351	0.48684211	564	853	709	831	739.250	0.5072161
ACCTATAATTTGTAAC-1	0.46153846	0.54166667	0.48684211	0.54166667	939	598	853	577	741.750	0.50792848
AATAGCCGAAGGTCGC-1	0.46153846	0.51351351	0.51351351	0.51351351	916	710	671	676	743.250	0.50051975
TTCTACTCCGATTACC-1	0.51351351	0.57142857	0.48684211	0.41463415	742	394	848	989	743.250	0.49660458
ATCGCTACTATAGGAA-1	0.57142857	0.48684211	0.4375	0.48684211	369	832	956	817	743.500	0.4956532
GTTAACCGCATTTGGC-1	0.54166667	0.51351351	0.41463415	0.4375	431	629	975	940	743.750	0.47682858
TCGCGATTATCATCGC-1	0.51351351	0.54166667	0.48684211	0.48684211	735	575	839	830	744.750	0.5072161
TGAATTTGACCACCAC-1	0.54166667	0.51351351	0.46153846	0.4375	478	668	887	946	744.750	0.48855466
CCGAGACATACTAAAG-1	0.4375	0.54166667	0.46153846	0.51351351	957	484	890	651	745.500	0.48855466
TTTGGTTAGTCAGATT-1	0.48684211	0.48684211	0.48684211	0.51351351	793	792	768	632	746.250	0.49350996
CCTACTGCGCATTCCG-1	0.51351351	0.41463415	0.51351351	0.51351351	681	978	664	663	746.500	0.48879367
TATTACCTCGACCCAA-1	0.48684211	0.46153846	0.51351351	0.51351351	804	893	643	650	747.500	0.4938519
CCTGCACGACCTGCTT-1	0.46153846	0.41463415	0.4375	0.60294118	904	973	946	169	748.000	0.47915345
TTGAGATTCCGTATGT-1	0.4375	0.4375	0.54166667	0.54166667	971	961	521	543	749.000	0.48958333
GATGCGTGTAGGGGTG-1	0.51351351	0.51351351	0.48684211	0.48684211	692	702	808	803	751.250	0.50017781
CGAGCGATACACATCG-1	0.51351351	0.4375	0.48684211	0.48684211	602	934	735	737	752.000	0.48117443
GTATTGCAGCGAACGA-1	0.48684211	0.48684211	0.48684211	0.48684211	762	760	746	744	753.000	0.48684211
CTCCTGCGGAATGTTG-1	0.51351351	0.51351351	0.41463415	0.46153846	594	604	971	849	754.500	0.47579991
ACGACGTCATATAAAT-1	0.51351351	0.51351351	0.48684211	0.46153846	666	679	786	894	756.250	0.4938519
CCGAGATCACTGTTAG-1	0.51351351	0.51351351	0.51351351	0.46153846	711	727	683	913	758.500	0.50051975
GGGGAGGTAAATGCTA-1	0.41463415	0.4375	0.57142857	0.51351351	991	964	372	707	758.500	0.48426906
CCAGTAGGTCCCGGAT-1	0.51351351	0.46153846	0.48684211	0.48684211	633	885	761	759	759.500	0.48718405
GAATTGGAGATGAATA-1	0.51351351	0.51351351	0.48684211	0.51351351	740	746	843	713	760.500	0.50684566
CTATCCCAACAGGTAG-1	0.54166667	0.46153846	0.46153846	0.46153846	437	880	869	863	762.250	0.48157051
ACCAAAAACTACGAGG-1	0.46153846	0.51351351	0.48684211	0.54166667	929	736	834	553	763.000	0.50089019
AATCTATAAGTCAGAG-1	0.51351351	0.4375	0.51351351	0.51351351	715	959	687	691	763.000	0.49451014
CTACGGTGACGGCAGC-1	0.48684211	0.54166667	0.41463415	0.4375	751	403	970	929	763.250	0.47016073
ATTACGTGAGTCCAAC-1	0.51351351	0.46153846	0.54166667	0.48684211	741	925	555	838	764.750	0.50089019
CTTCAGCGAATTCTGA-1	0.51351351	0.54166667	0.41463415	0.4375	662	483	980	947	768.000	0.47682858
AACACTCGCAACGAGA-1	0.4375	0.63636364	0.39285714	0.41463415	977	109	998	990	768.500	0.47033873
ATATTATTCACCGTGA-1	0.48684211	0.4375	0.48684211	0.51351351	777	938	754	612	770.250	0.48117443
TTAAGGTGTAAGGGTT-1	0.46153846	0.41463415	0.48684211	0.57142857	920	985	826	361	773.000	0.48361082
ACTACTGGCGGCACAG-1	0.46153846	0.54166667	0.51351351	0.4375	919	541	676	957	773.250	0.48855466
TTGCGATTATCTCCGC-1	0.46153846	0.4375	0.51351351	0.51351351	896	941	626	631	773.500	0.48151637
TCGTATGACCGTTTTG-1	0.54166667	0.48684211	0.46153846	0.39285714	447	780	874	993	773.500	0.47072609
TCAAACAATTATCTAG-1	0.41463415	0.54166667	0.48684211	0.51351351	990	568	835	704	774.250	0.48916411
CAAACCTTGCATTCGC-1	0.57142857	0.46153846	0.4375	0.48684211	389	918	963	828	774.500	0.48932728
TTGGTTGGTACCGCGT-1	0.57142857	0.51351351	0.41463415	0.41463415	386	738	988	988	775.000	0.47855259
TCGCCTTGAGTGGGGC-1	0.57142857	0.46153846	0.46153846	0.4375	352	905	900	954	777.750	0.48300137
CACAGCTGACGGATTA-1	0.48684211	0.41463415	0.48684211	0.54166667	823	979	802	507	777.750	0.48249626
TTCTGTATGAACGCTC-1	0.4375	0.4375	0.51351351	0.51351351	949	940	610	619	779.500	0.47550676
TACCCAGATTCGAACT-1	0.46153846	0.48684211	0.48684211	0.48684211	881	759	742	741	780.750	0.48051619
TCGGGCCGTTACTAAT-1	0.46153846	0.51351351	0.54166667	0.41463415	917	718	506	986	781.750	0.4828382
AGGGAGATCCCTACTT-1	0.48684211	0.51351351	0.4375	0.51351351	822	696	950	662	782.500	0.48784228
CGACGGCTTTCTGAGT-1	0.4375	0.54166667	0.48684211	0.48684211	964	535	820	813	783.000	0.48821272
TTACAGCCTCATATGT-1	0.48684211	0.51351351	0.54166667	0.4375	871	748	559	966	786.000	0.49488057
TGGCAGAACCTAGACG-1	0.4375	0.48684211	0.46153846	0.54166667	959	812	891	487	787.250	0.48188681
ACACCAGAAGCGCCCG-1	0.54166667	0.51351351	0.48684211	0.4375	584	752	852	967	788.750	0.49488057
ACCGGTGGACATTACC-1	0.60294118	0.4375	0.41463415	0.4375	236	966	989	964	788.750	0.47314383
TCAACTTAAGGTACTA-1	0.48684211	0.46153846	0.46153846	0.51351351	782	883	873	618	789.000	0.48085814
AGAAGCGCACGATACA-1	0.46153846	0.48684211	0.51351351	0.51351351	927	845	695	697	791.000	0.4938519
CCCGCCTACTATCTAG-1	0.4375	0.41463415	0.54166667	0.48684211	955	971	460	778	791.000	0.47016073
TCATAGGACAGCCTCA-1	0.46153846	0.46153846	0.51351351	0.48684211	893	889	621	762	791.250	0.48085814
AATTCATGTTATTATG-1	0.46153846	0.48684211	0.4375	0.51351351	882	763	931	598	793.500	0.47484852
TTTTGGGGGAGTTTAG-1	0.4375	0.54166667	0.51351351	0.46153846	974	576	707	920	794.250	0.48855466
TTAGAGAACATAAGTG-1	0.51351351	0.54166667	0.46153846	0.41463415	719	555	916	987	794.250	0.4828382
CGCCCTCGGCTACGAC-1	0.48684211	0.48684211	0.54166667	0.46153846	863	851	546	918	794.500	0.49422233
GCTAAGTTTGAGCGTC-1	0.4375	0.51351351	0.48684211	0.51351351	965	717	821	682	796.250	0.48784228
TGTTCTAGGGTTAACT-1	0.57142857	0.41463415	0.46153846	0.39285714	343	977	898	995	803.250	0.46011458
ATCTTCGCGCTAACAG-1	0.46153846	0.51351351	0.48684211	0.48684211	914	706	812	804	809.000	0.48718405
CAAGAGGGGTAAGCGC-1	0.41463415	0.41463415	0.51351351	0.51351351	983	974	640	648	811.250	0.46407383
ACCATCATTTCACAAT-1	0.4375	0.54166667	0.46153846	0.46153846	960	498	894	900	813.000	0.4755609
CTTGTCAGGGGATACG-1	0.46153846	0.54166667	0.4375	0.48684211	926	556	959	821	815.500	0.48188681
TCGTAACTCTGATTCC-1	0.54166667	0.46153846	0.48684211	0.46153846	570	926	846	923	816.250	0.48789642
GGCATCGAGACAGACG-1	0.48684211	0.41463415	0.46153846	0.54166667	841	984	912	530	816.750	0.47617034
CGCCAATTCTCAGAAT-1	0.41463415	0.41463415	0.48684211	0.54166667	986	980	804	510	820.000	0.46444427
CGCGCTTATATATGAA-1	0.48684211	0.46153846	0.48684211	0.46153846	781	882	758	865	821.500	0.47419028
ACGAATCCTTGAGAAG-1	0.48684211	0.48684211	0.4375	0.51351351	832	825	954	677	822.000	0.48117443
ATTTTAGCGTCCCATG-1	0.46153846	0.48684211	0.48684211	0.48684211	909	816	795	795	828.750	0.48051619
CGCCCTCCAAACACAG-1	0.39285714	0.41463415	0.48684211	0.54166667	996	983	823	527	832.250	0.45900002
TAAAAGTTGCTCGATA-1	0.48684211	0.4375	0.51351351	0.4375	805	944	645	948	835.500	0.4688389
CTATGGCATATGTCGG-1	0.46153846	0.4375	0.51351351	0.4375	886	935	592	933	836.500	0.46251299
CTCGAGTGAACGTTCT-1	0.54166667	0.46153846	0.46153846	0.37209302	528	911	908	1000	836.750	0.45920915
GTTGATGTAGGGGCGG-1	0.48684211	0.51351351	0.41463415	0.51351351	875	754	992	727	837.000	0.48212582
CCTAACATCTGATCAG-1	0.48684211	0.4375	0.51351351	0.48684211	859	962	702	825	837.000	0.48117443
GATTTTGGGCGCGGCC-1	0.4375	0.48684211	0.51351351	0.41463415	953	802	631	976	840.500	0.46312244
TTGTGTTAGTCTCCTA-1	0.48684211	0.48684211	0.46153846	0.51351351	870	859	924	716	842.250	0.48718405
CGTGTGGATCTGGCAG-1	0.48684211	0.39285714	0.51351351	0.41463415	787	990	619	974	842.500	0.45196173
GTAAGGAATGCAGAAC-1	0.51351351	0.4375	0.48684211	0.48684211	737	965	840	832	843.500	0.48117443
GCAGGGTAAATACGAG-1	0.39285714	0.51351351	0.46153846	0.46153846	995	642	876	869	845.500	0.45736189
CATTCTTGTGCTACAG-1	0.48684211	0.48684211	0.46153846	0.39285714	765	764	862	991	845.500	0.45701995
ATCTCCTCTATCTACG-1	0.48684211	0.48684211	0.48684211	0.48684211	866	855	841	835	849.250	0.48684211
CTAATTCAACCGCTAG-1	0.41463415	0.4375	0.48684211	0.51351351	988	950	813	674	856.250	0.46312244
ATGCTAGCCTAACGTC-1	0.37209302	0.51351351	0.48684211	0.48684211	1000	747	845	837	857.250	0.46482269
ATTGTAATCCTTGTGT-1	0.41463415	0.48684211	0.48684211	0.46153846	982	801	773	879	858.750	0.4624642
ATGCACGAACCGACTC-1	0.46153846	0.46153846	0.46153846	0.46153846	876	867	854	845	860.500	0.46153846
AGTGCGACCAAACCCT-1	0.48684211	0.48684211	0.41463415	0.4375	771	768	973	937	862.250	0.45645459
AACTGATACCCTTATT-1	0.51351351	0.48684211	0.46153846	0.46153846	743	860	925	926	863.500	0.48085814
TTTACCCTGGTGTGGT-1	0.4375	0.48684211	0.41463415	0.51351351	963	827	986	680	864.000	0.46312244
TGGTGTACATTTTTCT-1	0.46153846	0.41463415	0.48684211	0.51351351	935	987	838	709	867.250	0.46913206
CGGATAGCTTGCGACG-1	0.48684211	0.48684211	0.39285714	0.4375	775	772	994	939	870.000	0.45101034
CTAGTAAAAGAAAGTA-1	0.48684211	0.4375	0.46153846	0.48684211	837	957	911	816	880.250	0.46818067
AACCAGTCACGACTAC-1	0.48684211	0.46153846	0.46153846	0.46153846	821	903	897	902	880.750	0.46786437
GTCACGGCATCAACCC-1	0.4375	0.51351351	0.4375	0.46153846	962	703	953	907	881.250	0.46251299
GGTTCATAAGAAGAAT-1	0.48684211	0.39285714	0.46153846	0.46153846	794	991	881	877	885.750	0.45069404
TATCATGCTGCCCTTT-1	0.48684211	0.48684211	0.46153846	0.4375	861	849	919	961	897.500	0.46818067
AACTGGGTTAGGTAAA-1	0.41463415	0.41463415	0.41463415	0.51351351	984	975	982	658	899.750	0.43935399
CGTCGAGAGGATAGGG-1	0.41463415	0.46153846	0.46153846	0.46153846	985	902	896	901	921.000	0.44981238
GTCCCCCCAACCTTAG-1	0.4375	0.4375	0.41463415	0.46153846	958	945	981	890	943.500	0.43779315
TTCAGTAAGGAGTCTA-1	0.46153846	0.48684211	0.41463415	0.39285714	938	856	990	997	945.250	0.43896796
TCCGGGTCTAGGCTTG-1	0.4375	0.4375	0.41463415	0.41463415	943	932	972	968	953.750	0.42606707
CAGACGCTGCCCAAGC-1	0.4375	0.39285714	0.4375	0.46153846	975	994	965	922	964.000	0.4323489
AATCCGCGTTGAACCT-1	0.39285714	0.37209302	0.4375	0.4375	994	997	938	942	967.750	0.40998754
