MEME version 4

ALPHABET= ACGT

strands: + -

Background letter frequencies
A 0.25 C 0.25 G 0.25 T 0.25

MOTIF MA0106.3 TP53
letter-probability matrix: alength= 4 w= 18 nsites= 17412 E= 0
 0.433264  0.059557  0.376924  0.130255
 0.761994  0.008407  0.176330  0.053269
 0.002186  0.956520  0.000632  0.040663
 0.882014  0.015081  0.048274  0.054631
 0.080989  0.017713  0.006489  0.894809
 0.000392  0.000098  0.999510  0.000000
 0.012530  0.616957  0.005597  0.364916
 0.056923  0.801279  0.019330  0.122468
 0.060438  0.626814  0.113539  0.199208
 0.221360  0.084727  0.572168  0.121745
 0.151020  0.031856  0.751980  0.065144
 0.440121  0.001611  0.546496  0.011771
 0.000000  0.999742  0.000207  0.000052
 0.892179  0.017257  0.010837  0.079727
 0.091727  0.005931  0.004473  0.897869
 0.015589  0.001573  0.979597  0.003242
 0.039609  0.150415  0.005227  0.804749
 0.071456  0.445777  0.040049  0.442718
URL http://jaspar.elixir.no/matrix/MA0106.3

MOTIF MA0024.3 E2F1
letter-probability matrix: alength= 4 w= 12 nsites= 1023 E= 0
 0.248289  0.112414  0.086999  0.552297
 0.235122  0.044878  0.097561  0.622439
 0.204724  0.035433  0.142717  0.617126
 0.053254  0.070020  0.875740  0.000986
 0.000000  0.032587  0.967413  0.000000
 0.000000  0.996672  0.000000  0.003328
 0.000000  0.000990  0.999010  0.000000
 0.003295  0.968699  0.028007  0.000000
 0.000000  0.857355  0.068351  0.074294
 0.628297  0.205036  0.023981  0.142686
 0.614458  0.096386  0.069880  0.219277
 0.558324  0.066818  0.126840  0.248018
URL http://jaspar.elixir.no/matrix/MA0024.3

MOTIF MA2339.1 Nanog
letter-probability matrix: alength= 4 w= 7 nsites= 8664 E= 0
 0.055402  0.018929  0.903740  0.021930
 0.016505  0.842336  0.010734  0.130425
 0.807018  0.046168  0.042128  0.104686
 0.918629  0.023777  0.022622  0.034972
 0.027124  0.011080  0.014312  0.947484
 0.040166  0.856533  0.017198  0.086103
 0.932133  0.015120  0.020776  0.031971
URL http://jaspar.elixir.no/matrix/MA2339.1

MOTIF MA0489.3 Jun
letter-probability matrix: alength= 4 w= 8 nsites= 94103 E= 0
 0.012391  0.007609  0.007630  0.972371
 0.010287  0.015600  0.945007  0.029106
 0.948376  0.015866  0.018246  0.017513
 0.041019  0.755608  0.158900  0.044473
 0.032241  0.009777  0.010722  0.947260
 0.039223  0.937430  0.013050  0.010297
 0.951043  0.019415  0.012189  0.017353
 0.052868  0.155542  0.138572  0.653019
URL http://jaspar.elixir.no/matrix/MA0489.3

MOTIF MA0488.2 JUN
letter-probability matrix: alength= 4 w= 10 nsites= 20968 E= 0
 0.788153  0.034767  0.177079  0.000000
 0.000000  0.000000  0.000000  1.000000
 0.000000  0.000000  0.994325  0.005675
 0.999952  0.000000  0.000000  0.000048
 0.000000  0.163964  0.215185  0.620851
 0.000000  0.028997  0.971003  0.000000
 0.044735  0.168399  0.000000  0.786866
 0.329264  0.670736  0.000000  0.000000
 1.000000  0.000000  0.000000  0.000000
 0.009681  0.176650  0.048455  0.765214
URL http://jaspar.elixir.no/matrix/MA0488.2

MOTIF MA0018.5 CREB1
letter-probability matrix: alength= 4 w= 8 nsites= 79544 E= 0
 0.024024  0.012195  0.013942  0.949839
 0.021724  0.028890  0.912137  0.037250
 0.924080  0.021975  0.025294  0.028651
 0.027482  0.177814  0.079692  0.715013
 0.017814  0.023823  0.935344  0.023019
 0.111749  0.015476  0.015174  0.857601
 0.044416  0.904933  0.027369  0.023283
 0.953171  0.012798  0.015363  0.018669
URL http://jaspar.elixir.no/matrix/MA0018.5

MOTIF MA0139.2 CTCF
letter-probability matrix: alength= 4 w= 15 nsites= 913 E= 0
 0.307777  0.053669  0.491785  0.146769
 0.061336  0.876232  0.023001  0.039430
 0.008762  0.989047  0.000000  0.002191
 0.814896  0.014239  0.071194  0.099671
 0.043812  0.578313  0.365827  0.012048
 0.117325  0.474781  0.052632  0.355263
 0.933114  0.012061  0.035088  0.019737
 0.005488  0.000000  0.991218  0.003293
 0.365532  0.003293  0.621295  0.009879
 0.059276  0.013172  0.553238  0.374314
 0.013187  0.000000  0.978022  0.008791
 0.061538  0.008791  0.851648  0.078022
 0.114411  0.806381  0.005501  0.073707
 0.409241  0.014301  0.557756  0.018702
 0.090308  0.530837  0.338106  0.040749
URL http://jaspar.elixir.no/matrix/MA0139.2

MOTIF MA1929.2 CTCF
letter-probability matrix: alength= 4 w= 31 nsites= 6766 E= 0
 0.133757  0.567396  0.182530  0.116317
 0.135087  0.059858  0.047148  0.757907
 0.024091  0.019509  0.924032  0.032368
 0.042418  0.808158  0.035619  0.113804
 0.673810  0.092669  0.057641  0.175879
 0.245049  0.170706  0.490984  0.093260
 0.087496  0.145729  0.084393  0.682383
 0.167455  0.114839  0.262046  0.455661
 0.106414  0.587201  0.112918  0.193467
 0.114543  0.578333  0.080402  0.226722
 0.303725  0.273574  0.168637  0.254064
 0.217706  0.283033  0.307272  0.191989
 0.242241  0.341117  0.212977  0.203665
 0.289536  0.208691  0.211203  0.290570
 0.231895  0.211499  0.323973  0.232634
 0.122229  0.365061  0.139226  0.373485
 0.219184  0.205735  0.335353  0.239728
 0.243719  0.116908  0.465859  0.173515
 0.107892  0.749039  0.076559  0.066509
 0.033107  0.934230  0.011676  0.020987
 0.633018  0.052764  0.138191  0.176027
 0.063996  0.524830  0.366982  0.044192
 0.184895  0.406148  0.091339  0.317617
 0.770322  0.036063  0.116317  0.077298
 0.031038  0.016849  0.943985  0.008129
 0.368608  0.012711  0.603754  0.014928
 0.073160  0.037541  0.515371  0.373928
 0.034289  0.011233  0.934969  0.019509
 0.051286  0.056311  0.798995  0.093408
 0.152823  0.696867  0.036358  0.113952
 0.404523  0.068874  0.455808  0.070795
URL http://jaspar.elixir.no/matrix/MA1929.2

MOTIF MA1930.2 CTCF
letter-probability matrix: alength= 4 w= 33 nsites= 2576 E= 0
 0.113742  0.581134  0.155280  0.149845
 0.093944  0.041537  0.055901  0.808618
 0.015916  0.013587  0.961180  0.009317
 0.033385  0.826475  0.009705  0.130435
 0.770963  0.049301  0.060171  0.119565
 0.172748  0.142081  0.565217  0.119953
 0.061335  0.107919  0.069488  0.761258
 0.134317  0.125776  0.346273  0.393634
 0.175854  0.517469  0.127329  0.179348
 0.192935  0.438276  0.162655  0.206134
 0.277174  0.308230  0.241848  0.172748
 0.208075  0.331910  0.298913  0.161102
 0.181289  0.441770  0.217780  0.159161
 0.257764  0.234472  0.145963  0.361801
 0.218556  0.283385  0.210016  0.288043
 0.230202  0.350155  0.191770  0.227873
 0.175466  0.303183  0.152562  0.368789
 0.217391  0.177795  0.404115  0.200699
 0.234472  0.116460  0.482143  0.166925
 0.069099  0.805124  0.060171  0.065606
 0.014752  0.976320  0.003494  0.005435
 0.739907  0.037655  0.106755  0.115683
 0.049301  0.546972  0.373059  0.030668
 0.135093  0.394410  0.067935  0.402562
 0.845885  0.020963  0.082298  0.050854
 0.012422  0.003494  0.980978  0.003106
 0.442547  0.005435  0.543090  0.008929
 0.065606  0.027562  0.468944  0.437888
 0.024068  0.005435  0.959627  0.010870
 0.046196  0.053571  0.821817  0.078416
 0.130047  0.711568  0.033385  0.125000
 0.396351  0.063665  0.450699  0.089286
 0.108307  0.507376  0.287267  0.097050
URL http://jaspar.elixir.no/matrix/MA1930.2

MOTIF MA0480.3 Foxo1
letter-probability matrix: alength= 4 w= 7 nsites= 14116 E= 0
 0.099957  0.034075  0.826721  0.039246
 0.066945  0.039317  0.072613  0.821125
 0.879003  0.066166  0.033862  0.020969
 0.897067  0.060145  0.027203  0.015585
 0.918957  0.027416  0.035988  0.017640
 0.020757  0.900397  0.025220  0.053627
 0.944460  0.019623  0.010839  0.025078
URL http://jaspar.elixir.no/matrix/MA0480.3

MOTIF MA0058.4 MAX
letter-probability matrix: alength= 4 w= 6 nsites= 6915 E= 0
 0.005640  0.994360  0.000000  0.000000
 0.982145  0.000000  0.012427  0.005428
 0.000000  0.966817  0.000984  0.032199
 0.045298  0.005370  0.946716  0.002616
 0.009686  0.022319  0.002807  0.965188
 0.000000  0.003891  0.990921  0.005188
URL http://jaspar.elixir.no/matrix/MA0058.4

MOTIF MA0476.2 FOS
letter-probability matrix: alength= 4 w= 8 nsites= 29396 E= 0
 0.000000  0.000000  0.000000  1.000000
 0.000000  0.000000  0.922166  0.077834
 1.000000  0.000000  0.000000  0.000000
 0.033950  0.478943  0.381208  0.105899
 0.000000  0.000000  0.000000  1.000000
 0.000000  1.000000  0.000000  0.000000
 1.000000  0.000000  0.000000  0.000000
 0.008777  0.198088  0.052320  0.740815
URL http://jaspar.elixir.no/matrix/MA0476.2

MOTIF MA1951.2 FOS
letter-probability matrix: alength= 4 w= 13 nsites= 2303 E= 0
 0.113765  0.158055  0.557099  0.171081
 0.707829  0.035881  0.240913  0.015377
 0.001761  0.005869  0.009390  0.982981
 0.021861  0.021300  0.923206  0.033632
 0.969275  0.008116  0.020290  0.002319
 0.005698  0.947578  0.001140  0.045584
 0.028868  0.001155  0.961894  0.008083
 0.013937  0.000000  0.016841  0.969222
 0.061247  0.909800  0.012249  0.016704
 0.989343  0.000000  0.010657  0.000000
 0.009684  0.175841  0.024975  0.789501
 0.122518  0.733656  0.073608  0.070218
 0.476914  0.041104  0.453266  0.028716
URL http://jaspar.elixir.no/matrix/MA1951.2

MOTIF MA0148.5 FOXA1
letter-probability matrix: alength= 4 w= 8 nsites= 322803 E= 0
 0.072137  0.018386  0.872396  0.037081
 0.034265  0.043159  0.018872  0.903703
 0.922169  0.045378  0.016242  0.016211
 0.913560  0.041542  0.011691  0.033206
 0.969340  0.007596  0.011313  0.011750
 0.022912  0.845540  0.014885  0.116662
 0.956943  0.011382  0.009994  0.021682
 0.131037  0.071369  0.084519  0.713076
URL http://jaspar.elixir.no/matrix/MA0148.5

MOTIF MA0035.5 GATA1
letter-probability matrix: alength= 4 w= 7 nsites= 71828 E= 0
 0.055034  0.869007  0.037757  0.038202
 0.018294  0.008284  0.009077  0.964345
 0.691819  0.009885  0.011917  0.286379
 0.940441  0.017987  0.013755  0.027816
 0.030712  0.017236  0.008604  0.943448
 0.035738  0.917985  0.020479  0.025798
 0.102982  0.042114  0.010650  0.844253
URL http://jaspar.elixir.no/matrix/MA0035.5

MOTIF MA0037.5 Gata3
letter-probability matrix: alength= 4 w= 8 nsites= 24868 E= 0
 0.081068  0.155179  0.102582  0.661171
 0.038041  0.792263  0.087060  0.082636
 0.031929  0.037317  0.011259  0.919495
 0.039569  0.030481  0.038604  0.891346
 0.923838  0.022760  0.021232  0.032170
 0.017171  0.011340  0.011702  0.959788
 0.011822  0.958622  0.010254  0.019302
 0.124658  0.036312  0.024449  0.814581
URL http://jaspar.elixir.no/matrix/MA0037.5

MOTIF MA0143.5 SOX2
letter-probability matrix: alength= 4 w= 7 nsites= 85754 E= 0
 0.973890  0.005084  0.004874  0.016151
 0.015241  0.913730  0.014495  0.056534
 0.951408  0.014052  0.006414  0.028127
 0.942522  0.020314  0.023346  0.013819
 0.056149  0.008536  0.010845  0.924470
 0.115750  0.009329  0.855610  0.019311
 0.172260  0.073046  0.634536  0.120158
URL http://jaspar.elixir.no/matrix/MA0143.5

MOTIF MA1494.2 HNF4A
letter-probability matrix: alength= 4 w= 14 nsites= 650 E= 0
 0.326154  0.107692  0.500000  0.066154
 0.452632  0.010526  0.526316  0.010526
 0.004525  0.003017  0.981900  0.010558
 0.002981  0.001490  0.025335  0.970194
 0.111607  0.726562  0.045759  0.116071
 0.010340  0.961595  0.005908  0.022157
 0.989362  0.000000  0.010638  0.000000
 0.990868  0.001522  0.003044  0.004566
 0.992378  0.000000  0.007622  0.000000
 0.000000  0.000000  0.998466  0.001534
 0.004178  0.000000  0.906685  0.089136
 0.000000  0.005891  0.035346  0.958763
 0.002878  0.936691  0.010072  0.050360
 0.699248  0.007519  0.279699  0.013534
URL http://jaspar.elixir.no/matrix/MA1494.2

MOTIF MA0114.5 HNF4A
letter-probability matrix: alength= 4 w= 9 nsites= 46504 E= 0
 0.031567  0.891171  0.026600  0.050662
 0.931554  0.027030  0.022815  0.018601
 0.864807  0.029460  0.077735  0.027998
 0.930329  0.011698  0.040792  0.017181
 0.015397  0.019697  0.936006  0.028901
 0.019934  0.014945  0.046964  0.918158
 0.059565  0.812919  0.039265  0.088250
 0.029309  0.910481  0.013827  0.046383
 0.788190  0.059823  0.063134  0.088853
URL http://jaspar.elixir.no/matrix/MA0114.5

MOTIF MA1516.2 KLF3
letter-probability matrix: alength= 4 w= 10 nsites= 43259 E= 0
 0.178391  0.061375  0.614161  0.146074
 0.561930  0.013951  0.419423  0.004696
 0.030448  0.913408  0.041258  0.014886
 0.006751  0.980041  0.005618  0.007589
 0.602825  0.015928  0.371806  0.009440
 0.048158  0.921384  0.000447  0.030011
 0.086544  0.006809  0.881937  0.024709
 0.004645  0.994643  0.000713  0.000000
 0.001914  0.997418  0.000669  0.000000
 0.001726  0.969889  0.001076  0.027308
URL http://jaspar.elixir.no/matrix/MA1516.2

MOTIF MA0147.4 MYC
letter-probability matrix: alength= 4 w= 8 nsites= 4942 E= 0
 0.088628  0.757993  0.095508  0.057871
 0.008903  0.979361  0.006273  0.005463
 0.930797  0.011938  0.034399  0.022865
 0.010927  0.915621  0.014164  0.059288
 0.034197  0.031769  0.926346  0.007689
 0.011938  0.032780  0.012748  0.942533
 0.004654  0.011331  0.974707  0.009308
 0.084783  0.566775  0.242412  0.106030
URL http://jaspar.elixir.no/matrix/MA0147.4

MOTIF MA1115.2 POU5F1
letter-probability matrix: alength= 4 w= 7 nsites= 13114 E= 0
 0.967897  0.009303  0.017462  0.005338
 0.006329  0.009913  0.005109  0.978649
 0.054674  0.014641  0.882339  0.048345
 0.040644  0.786183  0.041787  0.131386
 0.896447  0.010066  0.008998  0.084490
 0.805246  0.052616  0.078237  0.063901
 0.936404  0.020589  0.019597  0.023410
URL http://jaspar.elixir.no/matrix/MA1115.2

MOTIF MA0137.4 STAT1
letter-probability matrix: alength= 4 w= 9 nsites= 3629 E= 0
 0.000000  0.014329  0.000000  0.985671
 0.000000  0.001653  0.030311  0.968035
 0.099476  0.898870  0.001653  0.000000
 0.030036  0.553596  0.000000  0.416368
 0.479195  0.000000  0.451088  0.069716
 0.044916  0.000000  0.955084  0.000000
 0.007991  0.001929  0.944062  0.046018
 0.997520  0.000000  0.002480  0.000000
 0.998622  0.001378  0.000000  0.000000
URL http://jaspar.elixir.no/matrix/MA0137.4

MOTIF MA0108.3 TBP
letter-probability matrix: alength= 4 w= 7 nsites= 389 E= 0
 0.041131  0.118252  0.046272  0.794344
 0.904884  0.000000  0.005141  0.089974
 0.007712  0.025707  0.005141  0.961440
 0.910026  0.000000  0.012853  0.077121
 0.688946  0.000000  0.000000  0.311054
 0.925450  0.007712  0.051414  0.015424
 0.570694  0.005141  0.113111  0.311054
URL http://jaspar.elixir.no/matrix/MA0108.3

MOTIF MA0769.3 TCF7
letter-probability matrix: alength= 4 w= 7 nsites= 14994 E= 0
 0.016807  0.958984  0.013739  0.010471
 0.016407  0.008337  0.004468  0.970788
 0.020141  0.016540  0.017740  0.945578
 0.024010  0.004135  0.005536  0.966320
 0.017740  0.018541  0.931839  0.031879
 0.972189  0.004202  0.007670  0.015940
 0.294851  0.057023  0.081366  0.566760
URL http://jaspar.elixir.no/matrix/MA0769.3

