##FastQC	0.12.1
>>Basic Statistics	pass
#Measure	Value
Filename	deg_simple_q1_sampleA_fq_gz.gz
File type	Conventional base calls
Encoding	Sanger / Illumina 1.9
Total Sequences	1000048
Total Bases	107 Mbp
Sequences flagged as poor quality	0
Sequence length	107
%GC	48
>>END_MODULE
>>Per base sequence quality	pass
#Base	Mean	Median	Lower Quartile	Upper Quartile	10th Percentile	90th Percentile
1	31.471378373838057	31.0	31.0	34.0	30.0	34.0
2	31.03717921539766	31.0	31.0	34.0	27.0	34.0
3	29.31949566420812	31.0	28.0	34.0	16.0	34.0
4	33.68726001151945	35.0	33.0	37.0	28.0	37.0
5	34.78634225557173	35.0	35.0	37.0	32.0	37.0
6	35.18201526326736	37.0	35.0	37.0	32.0	37.0
7	35.368237324608415	37.0	35.0	37.0	33.0	37.0
8	35.43494712253812	37.0	35.0	37.0	33.0	37.0
9	37.13717641553205	39.0	37.0	39.0	33.0	39.0
10-11	37.15105874918004	39.0	37.0	39.0	33.0	39.0
12-13	37.086086867830346	39.0	37.0	39.0	33.0	39.0
14-15	37.8316850791162	40.0	38.0	40.0	33.0	40.0
16-17	37.72320628609826	40.0	37.0	40.0	33.0	40.0
18-19	37.811795533814376	40.0	37.5	40.0	33.0	40.0
20-21	37.836915828040254	40.0	37.0	40.0	33.0	40.0
22-23	37.781148504871766	40.0	37.0	40.0	33.0	40.0
24-25	37.64647146936947	40.0	37.0	40.0	33.0	40.0
26-27	37.484782230452936	40.0	37.0	40.0	32.0	40.0
28-29	37.36233210805881	40.0	37.0	40.0	32.0	40.0
30-31	37.24802559477145	40.0	37.0	40.0	32.0	40.0
32-33	37.136088467753545	40.0	36.5	40.0	31.0	40.0
34-35	36.88001525926755	39.0	36.0	40.0	31.0	40.0
36-37	36.79319442666752	39.0	36.0	40.0	30.5	40.0
38-39	36.64055825320385	39.0	36.0	40.0	30.0	40.0
40-41	36.498139089323715	39.0	35.0	40.0	30.0	40.0
42-43	36.433212205814115	39.0	35.0	40.0	30.0	40.0
44-45	36.330353643025134	39.0	35.0	40.0	30.0	40.0
46-47	36.388442854742976	39.0	35.0	40.0	30.0	40.0
48-49	36.41043179927364	39.0	35.0	40.0	30.0	40.0
50-51	36.31660780282546	39.0	35.0	40.0	30.0	40.0
52-53	36.09134461545846	39.0	35.0	40.0	30.0	40.0
54-55	35.90417459961922	38.5	35.0	40.0	29.0	40.0
56-57	35.71965495656208	38.0	34.5	40.0	29.0	40.0
58-59	35.44748652064701	38.0	34.0	40.0	28.5	40.0
60-61	35.17469961441851	37.0	34.0	40.0	28.0	40.0
62-63	34.95260677487481	37.0	34.0	40.0	28.0	40.0
64-65	34.70231528886613	36.5	34.0	39.5	28.0	40.0
66-67	34.35955224149241	36.0	33.0	39.0	27.0	40.0
68-69	34.060488596547366	35.5	33.0	39.0	26.5	40.0
70-71	33.762952378285846	35.0	33.0	38.5	26.0	40.0
72-73	33.37306359294754	35.0	32.5	37.5	26.0	40.0
74-75	33.00565922835703	35.0	32.0	37.0	26.0	39.0
76-77	31.976102147096938	34.0	30.5	36.0	24.5	39.0
78-79	32.417805945314626	35.0	32.0	36.0	25.5	39.0
80-81	32.312371006191704	35.0	32.0	36.0	25.0	37.5
82-83	32.063303461433854	35.0	32.0	35.0	25.0	37.0
84-85	31.733359298753662	35.0	32.0	35.0	24.0	37.0
86-87	31.520570512615393	34.0	31.0	35.0	24.0	36.0
88-89	31.32702380285746	34.0	31.0	35.0	24.0	36.0
90-91	31.094342471561365	34.0	31.0	35.0	23.0	36.0
92-93	30.884333551989506	34.0	31.0	35.0	21.5	35.0
94-95	30.724410728285044	34.0	31.0	35.0	20.0	35.0
96-97	30.534047365726444	34.0	31.0	35.0	20.0	35.0
98-99	30.321298577668273	34.0	31.0	35.0	18.5	35.0
100-101	30.084238956530086	34.0	30.5	35.0	17.0	35.0
102-103	29.806755275746767	34.0	30.0	35.0	7.0	35.0
104-105	29.467047581716077	34.0	30.0	35.0	4.0	35.0
106-107	28.588337759787528	33.5	28.5	35.0	4.0	35.0
>>END_MODULE
>>Per sequence quality scores	pass
#Quality	Count
4	37.0
5	10.0
6	33.0
7	77.0
8	237.0
9	509.0
10	932.0
11	1447.0
12	1754.0
13	2032.0
14	2237.0
15	2657.0
16	2887.0
17	3107.0
18	3536.0
19	3779.0
20	4100.0
21	4480.0
22	5000.0
23	5996.0
24	7423.0
25	9374.0
26	11936.0
27	15084.0
28	18830.0
29	23252.0
30	28658.0
31	35086.0
32	44086.0
33	56280.0
34	74467.0
35	108541.0
36	175820.0
37	243664.0
38	102284.0
39	416.0
>>END_MODULE
>>Per base sequence content	fail
#Base	G	A	T	C
1	25.00174998950006	12.849522902862583	11.99112805323168	50.15759905440568
2	20.43525451535295	20.360027809872506	39.679086075556825	19.52563159921772
3	25.387935258460175	23.4502088920621	25.732822152758196	25.42903369671953
4	26.576824312433	31.323796457770026	19.956542085979873	22.142837143817097
5	27.934221829320364	31.60194286411452	21.47260859608367	18.991226710481445
6	21.652282342729894	33.73411449661866	22.57053918465832	22.043063975993128
7	19.512363406556485	16.351315136873428	40.575652368686306	23.56066908788378
8	20.482716829592178	20.758903572628515	29.20809801129546	29.55028158648385
9	21.034090363662543	20.347423323680463	31.428791418011937	27.189694894645054
10-11	25.388231364894487	29.834417947938498	21.037740188470956	23.739610498696063
12-13	23.09384149560821	23.64976481128906	27.841863590547653	25.414530102555076
14-15	23.83865574452426	25.071246580164154	26.623322080540134	24.466775594771452
16-17	25.03679823368478	25.27258691582804	25.37193214725693	24.318682703230245
18-19	24.52587275810761	25.49532622434123	25.39858086811833	24.580220149432826
20-21	24.437377005903716	25.680067356766873	25.622420123834054	24.26013551349535
22-23	24.40808469682387	25.908178443308376	25.575690911590815	24.108045948276942
24-25	24.33641659712281	25.88556539530995	25.645407830346656	24.13261017722058
26-27	24.204391303825883	25.92886039783436	25.775600933162067	24.09114736517769
28-29	24.396279998439496	25.594517029000368	25.7228584832901	24.286344489270036
30-31	24.25927009284718	25.68150351533261	25.673903336728415	24.385323055091796
32-33	24.21852344429667	25.80432587022389	25.836874893753187	24.14027579172625
34-35	24.673465673647666	25.92025582772027	25.295185831080108	24.111092667551958
36-37	24.434777130697725	25.75806361294658	25.440378861814633	24.366780394541063
38-39	24.305719784030043	25.839548460996564	25.72345385939554	24.131277895577856
40-41	24.437162382427584	25.760583267168123	25.57578733267868	24.22646701772561
42-43	24.267617992865055	25.66840748694385	25.845906155703837	24.218068364487266
44-45	24.244590827843957	25.791582815644414	25.856480381985676	24.107345974525956
46-47	24.352531078508232	25.73336479848967	25.68556709277955	24.22853703022255
48-49	24.210050022623925	25.685129956327074	25.83792269867181	24.266897322377186
50-51	24.254247923223645	25.847922223694376	25.821073499008797	24.076756354073183
52-53	24.490973444070953	25.88614344791587	25.497601801561267	24.125281306451914
54-55	24.249481521776087	25.700070597034923	25.679171474798057	24.371276406390933
56-57	24.116342415564052	25.843009535542294	25.93325520375022	24.107392845143433
58-59	24.391979184999123	25.75001399932803	25.744814248916054	24.113192566756798
60-61	24.164790090075677	25.733664784090365	25.86655840519655	24.23498672063741
62-63	24.143991088427754	25.899956802073497	25.96405372542118	23.991998384077565
64-65	24.261535446298577	25.873758059613138	25.863608546789752	24.00109794729853
66-67	24.231386893429114	25.856808873174085	25.755563732940818	24.15624050045598
68-69	24.096543365918436	26.036550245588213	25.886757435643087	23.980148952850264
70-71	24.387379405788522	25.835059917123974	25.7522138937331	24.025346783354397
72-73	24.284496486416895	25.91306912921636	25.801624422839915	24.00080996152683
74-75	24.179017015406416	26.11585636279	25.87245770148264	23.832668920320938
76-77	24.34801130823747	25.86794322680776	25.811992051833087	23.972053413121674
78-79	24.294328226870928	25.73402063917443	26.021159153633853	23.950491980320788
80-81	24.170939794889847	25.929455386141463	26.020801001551924	23.878803817416763
82-83	24.25193590707646	25.904456586083867	25.905706526086746	23.937900980752925
84-85	24.183639185319105	25.876107946818554	25.928205446138584	24.012047421723757
86-87	24.14789090123674	25.989402508679582	26.026100747164136	23.83660584291954
88-89	24.244586259859528	25.911106266899186	25.801561525046797	24.042745948194487
90-91	24.176239540502056	25.92900540774043	25.84805929315393	24.046695758603587
92-93	24.085893877093902	26.09734732732829	25.995802201494328	23.820956594083484
94-95	24.346031390493255	25.93545509815529	25.7584635937475	23.960049917603953
96-97	24.243136329456185	25.883557589235718	25.87055821320577	24.002747868102333
98-99	24.115042477961058	26.018601107146853	25.960803881413693	23.905552533478396
100-101	24.226400264395636	25.99602106565242	25.775374706317344	24.0022039636346
102-103	24.138750011875175	25.92837596145144	25.898225524270103	24.034648502403286
104-105	24.299710749276873	26.0476651191628	25.85791464478661	23.794709486773716
106-107	24.51336380736757	25.858194738478986	25.638489685262762	23.989951768890684
>>END_MODULE
>>Per sequence GC content	pass
#GC Content	Count
0	2.0
1	1.0
2	2.5
3	3.5
4	2.5
5	4.0
6	6.0
7	7.0
8	6.0
9	4.5
10	8.0
11	12.0
12	11.0
13	10.0
14	17.5
15	22.5
16	31.0
17	59.5
18	97.5
19	166.5
20	311.0
21	533.5
22	860.5
23	1316.5
24	1922.5
25	2674.0
26	3633.5
27	4845.5
28	6167.5
29	7578.5
30	9107.0
31	10592.0
32	12162.5
33	13746.0
34	15383.5
35	17575.5
36	19567.0
37	21471.0
38	23809.5
39	26128.5
40	27768.5
41	29347.0
42	31198.0
43	32443.5
44	32951.5
45	33485.0
46	33992.0
47	33543.5
48	33033.5
49	32947.5
50	33361.0
51	33532.0
52	32959.5
53	32036.5
54	31087.5
55	30821.5
56	30037.0
57	28125.5
58	26620.5
59	25566.5
60	23985.0
61	22439.5
62	20235.0
63	17412.5
64	15082.0
65	13086.0
66	11384.0
67	9759.0
68	8154.5
69	6693.5
70	5254.0
71	4025.5
72	3321.0
73	2741.0
74	2264.5
75	1867.0
76	1586.5
77	1340.5
78	1059.0
79	894.5
80	738.0
81	540.5
82	383.5
83	295.5
84	232.0
85	162.5
86	116.0
87	88.0
88	59.0
89	43.5
90	30.0
91	19.5
92	13.5
93	10.0
94	7.0
95	4.0
96	2.0
97	1.0
98	1.0
99	0.5
100	0.0
>>END_MODULE
>>Per base N content	pass
#Base	N-Count
1	0.004199798409676336
2	0.040298065692846746
3	9.999520023038894E-4
4	0.0
5	0.008099611218661503
6	9.999520023038894E-5
7	0.0
8	0.0
9	0.0
10-11	0.0
12-13	0.0
14-15	0.0
16-17	0.0
18-19	0.0
20-21	0.0
22-23	0.001049949602419084
24-25	0.00794961841831592
26-27	0.04359790730044958
28-29	0.0370982192854743
30-31	0.007149656816472809
32-33	0.0017999136041470009
34-35	0.0
36-37	0.0
38-39	1.499928003455834E-4
40-41	0.0025998752059901123
42-43	0.004049805609330752
44-45	0.001049949602419084
46-47	0.0
48-49	4.999760011519447E-5
50-51	4.999760011519447E-5
52-53	0.002649872806105307
54-55	5.999712013823336E-4
56-57	0.0
58-59	0.0
60-61	0.0
62-63	0.0
64-65	0.0
66-67	0.0
68-69	0.0
70-71	0.0
72-73	4.999760011519447E-5
74-75	0.00424979600979153
76-77	0.0068996688158968365
78-79	7.999616018431116E-4
80-81	0.0
82-83	0.0
84-85	0.0
86-87	0.0
88-89	0.0
90-91	0.0
92-93	0.0
94-95	0.0
96-97	0.0
98-99	0.0
100-101	0.003149848807257252
102-103	0.0062497000143993085
104-105	0.005049757611634642
106-107	0.0070996592163576145
>>END_MODULE
>>Sequence Length Distribution	pass
#Length	Count
107	1000048.0
>>END_MODULE
>>Sequence Duplication Levels	pass
#Total Deduplicated Percentage	83.21907247024507
#Duplication Level	Percentage of total
1	76.22526732922725
2	8.496446248129207
3	3.6215807568002725
4	2.0956960133012807
5	1.4582209933898078
6	1.0442001489116595
7	0.8716508268398119
8	0.6567303423742488
9	0.5176907982019939
>10	4.5591949363909485
>50	0.3286742403841289
>100	0.12464736604941536
>500	0.0
>1k	0.0
>5k	0.0
>10k+	0.0
>>END_MODULE
>>Overrepresented sequences	pass
>>END_MODULE
>>Adapter Content	pass
#Position	Illumina Universal Adapter	Illumina Small RNA 3' Adapter	Illumina Small RNA 5' Adapter	Nextera Transposase Sequence	PolyA	PolyG
1	0.02639873286082268	0.0	0.0	0.0	0.007799625617970337	0.0
2	0.026498728061053068	1.999904004607779E-4	0.0	0.0	0.009599539222117339	0.0
3	0.026598723261283458	1.999904004607779E-4	0.0	0.0	0.010699486424651617	0.0
4	0.027098699262435404	1.999904004607779E-4	0.0	9.999520023038894E-5	0.012499400028798617	0.0
5	0.027198694462665794	1.999904004607779E-4	0.0	9.999520023038894E-5	0.01409932323248484	0.0
6	0.02739868486312657	1.999904004607779E-4	0.0	9.999520023038894E-5	0.014699294433867175	0.0
7	0.02739868486312657	1.999904004607779E-4	0.0	9.999520023038894E-5	0.016399212837783787	0.0
8	0.02749868006335696	1.999904004607779E-4	0.0	9.999520023038894E-5	0.021098987248612068	0.0
9	0.027998656064508902	1.999904004607779E-4	0.0	9.999520023038894E-5	0.02999856006911668	0.0
10-11	0.028448634465545655	1.999904004607779E-4	0.0	9.999520023038894E-5	0.037848183287202214	1.999904004607779E-4
12-13	0.029448586467849543	1.999904004607779E-4	0.0	9.999520023038894E-5	0.04294793849895205	2.4998800057597235E-4
14-15	0.03109850727165096	2.9998560069116685E-4	0.0	9.999520023038894E-5	0.05414740092475562	3.999808009215558E-4
16-17	0.032198454474185234	2.9998560069116685E-4	0.0	9.999520023038894E-5	0.06474689214917684	7.499640017279171E-4
18-19	0.033198406476489126	2.9998560069116685E-4	0.0	9.999520023038894E-5	0.07289650096795353	8.499592019583059E-4
20-21	0.03414836087867783	2.9998560069116685E-4	0.0	9.999520023038894E-5	0.08259603539030128	0.001149944802649473
22-23	0.035298305681327295	2.9998560069116685E-4	0.0	9.999520023038894E-5	0.09259555541334016	0.0015499256035710284
24-25	0.03599827208294002	2.9998560069116685E-4	0.0	9.999520023038894E-5	0.10269507063660945	0.0019499064044925843
26-27	0.037348207286050275	2.9998560069116685E-4	0.0	9.999520023038894E-5	0.11414452106298897	0.002549877605874918
28-29	0.03854814968881494	2.9998560069116685E-4	0.0	9.999520023038894E-5	0.12404404588579748	0.0032998416076028348
30-31	0.039948082492040383	2.9998560069116685E-4	0.0	9.999520023038894E-5	0.13399356830872117	0.003849815208869974
32-33	0.04104802969457466	2.9998560069116685E-4	0.0	9.999520023038894E-5	0.14319312672991696	0.0053497432123258085
34-35	0.042247972097339326	2.9998560069116685E-4	0.0	9.999520023038894E-5	0.1545425819560661	0.0061997024142841145
36-37	0.0433979168999888	2.9998560069116685E-4	0.0	9.999520023038894E-5	0.1615922435723085	0.007249652016703198
38-39	0.04419787850183191	2.9998560069116685E-4	0.0	9.999520023038894E-5	0.16869190278866614	0.008649584819928644
40-41	0.045047837703790214	2.9998560069116685E-4	0.0	1.4999280034558342E-4	0.17684151160744283	0.009599539222117339
42-43	0.04574780410540294	3.999808009215558E-4	0.0	2.9998560069116685E-4	0.18584107962817786	0.011199462425803561
44-45	0.04669775850759164	3.999808009215558E-4	0.0	2.9998560069116685E-4	0.19379069804649376	0.012099419227877061
46-47	0.04764771290978033	3.999808009215558E-4	0.0	2.9998560069116685E-4	0.2015903236644641	0.013249364030526536
48-49	0.04849767211173864	3.999808009215558E-4	0.0	3.4998320080636134E-4	0.20918995888197367	0.014399308833176007
50-51	0.049597619314272916	3.999808009215558E-4	0.0	3.999808009215558E-4	0.2159896324976401	0.015849239236516648
52-53	0.05039758091611603	3.999808009215558E-4	0.0	3.999808009215558E-4	0.2235392701150345	0.017549157640433258
54-55	0.051297537718189526	4.999760011519447E-4	0.0	3.999808009215558E-4	0.23388877333887972	0.018699102443082732
56-57	0.05209749932003264	5.999712013823337E-4	0.0	3.999808009215558E-4	0.2449882405644529	0.020149032846423373
58-59	0.05369742252371886	5.999712013823337E-4	0.0	3.999808009215558E-4	0.255037758187607	0.022198934451146346
60-61	0.05459737932579236	5.999712013823337E-4	0.0	3.999808009215558E-4	0.2643373118090332	0.023448874454026207
62-63	0.05629729772970897	5.999712013823337E-4	0.0	3.999808009215558E-4	0.27453682223253284	0.02539878085851879
64-65	0.05749724013247364	5.999712013823337E-4	0.0	3.999808009215558E-4	0.282286450250388	0.028148648864854485
66-67	0.0587471801353535	6.999664016127226E-4	0.0	3.999808009215558E-4	0.29788570148632865	0.03029854566980785
68-69	0.06044709853927012	6.999664016127226E-4	0.0	3.999808009215558E-4	0.31168503911812234	0.031648480872918106
70-71	0.06199702414284114	6.999664016127226E-4	0.0	3.999808009215558E-4	0.32123458074012445	0.03379837767787146
72-73	0.06374694014687295	6.999664016127226E-4	0.0	5.499736012671392E-4	0.32758427595475414	0.035498296081788075
74-75	0.06534686335055917	6.999664016127226E-4	0.0	6.999664016127226E-4	0.3343839495704206	0.03759819528662624
76-77	0.06699678415436058	6.999664016127226E-4	0.0	6.999664016127226E-4	0.3417835943874694	0.040098075292385967
78-79	0.06829672175735566	6.999664016127226E-4	0.0	6.999664016127226E-4	0.35188310961073865	0.04299793609906724
80-81	0.06934667135977474	7.499640017279171E-4	0.0	6.999664016127226E-4	0.35933275202790266	0.04534782330448138
82-83	0.07254651776714718	7.999616018431116E-4	0.0	8.499592019583059E-4	0.36573244484264755	0.04774770811001072
84-85	0.07574636417451963	8.499592019583059E-4	0.0	8.999568020735004E-4	0.37578196246580164	0.050897556917267966
86-87	0.07969617458362	8.999568020735004E-4	0.0	8.999568020735004E-4	0.39048125689966884	0.05354742972337328
88-89	0.08549589619698254	8.999568020735004E-4	0.0	8.999568020735004E-4	0.40193070732604835	0.055947314528902614
90-91	0.09104562980976913	8.999568020735004E-4	0.0	8.999568020735004E-4	0.4139801289538102	0.059547141737196614
92-93	0.10064516903188647	8.999568020735004E-4	0.0	8.999568020735004E-4	0.4250295985792682	0.06349695214629697
94-95	0.10954474185239109	8.999568020735004E-4	0.0	8.999568020735004E-4	0.43632905620530216	0.066846791354015
96	0.11729436987024623	8.999568020735004E-4	0.0	8.999568020735004E-4	0.44347871302177494	0.06969665456058109
>>END_MODULE
