expected_celltype	AIIamacrine	Astrocyte	Cone	GABAamacrine	Horizontal	Microglia	Mullerglia	Retinalganglioncell	Rod	best_observed_label	diagonal_rank	n_markers
AIIamacrine	0.781246	-0.441276	-0.064598	0.503153	-0.156139	-0.163941	-0.650863	0.450592	-0.258174	AIIamacrine	1	7
Astrocyte	-0.336394	1.735998	-0.494491	-0.216692	-0.610588	0.010459	0.244788	-0.092373	-0.240708	Astrocyte	1	7
Cone	-0.202236	-0.522492	2.314956	-0.056104	-0.297573	0.013980	-0.583295	-0.274193	-0.393043	Cone	1	8
GABAamacrine	0.089528	0.552047	-0.215478	0.915652	0.008374	-0.218559	0.175123	-0.763981	-0.542707	GABAamacrine	1	9
Horizontal	0.657321	-0.470969	-0.189450	-0.118020	1.358449	-0.238593	-0.191737	0.253990	-1.060991	Horizontal	1	8
Microglia	0.030104	-0.443024	-0.420099	-0.042181	0.018475	1.885124	-0.095456	-0.601185	-0.331758	Microglia	1	10
Mullerglia	-0.266127	1.312428	-0.582773	-0.268594	-0.584663	0.365676	1.146563	-0.123776	-0.998735	Astrocyte	2	8
Retinalganglioncell	-0.240685	-0.060051	-0.368210	-0.017550	0.037696	-0.370323	-0.454686	2.162578	-0.688770	Retinalganglioncell	1	9
Rod	-0.510275	0.016213	0.272178	-1.005208	-0.601299	0.402924	0.303655	-1.106341	2.228153	Rod	1	10
