## LogoData
# First column is position number, counting from zero
# Subsequent columns are raw symbol counts
# Entropy is mean entropy measured in nats.
# Low and High are the 95% confidence limits.
# Weight is the fraction of non-gap symbols in the column.
#	
#	A 	C 	G 	T 	Entropy	Low	High	Weight
1 	25656 	25191 	23949 	25184 	0.0003 	0.0002 	0.0005 	1.0000
2 	25546 	25428 	23812 	25193 	0.0004 	0.0002 	0.0006 	1.0000
3 	25517 	25282 	23804 	25377 	0.0004 	0.0002 	0.0006 	1.0000
4 	25519 	25197 	24028 	25236 	0.0003 	0.0001 	0.0004 	1.0000
5 	25839 	25412 	23849 	24878 	0.0005 	0.0003 	0.0006 	1.0000
6 	25877 	25411 	23699 	24993 	0.0005 	0.0003 	0.0007 	1.0000
7 	25682 	25111 	23935 	25252 	0.0004 	0.0002 	0.0005 	1.0000
8 	25922 	25167 	23701 	25190 	0.0005 	0.0003 	0.0007 	1.0000
9 	26042 	25053 	23840 	25044 	0.0005 	0.0003 	0.0007 	1.0000
10 	25644 	24874 	24330 	25131 	0.0002 	0.0001 	0.0003 	1.0000
11 	25766 	25217 	24023 	24974 	0.0003 	0.0002 	0.0005 	1.0000
12 	25507 	25549 	24105 	24819 	0.0003 	0.0001 	0.0004 	1.0000
13 	25497 	25425 	24035 	25023 	0.0003 	0.0001 	0.0004 	1.0000
14 	25242 	25603 	23922 	25213 	0.0003 	0.0002 	0.0005 	1.0000
15 	25407 	25572 	24141 	24859 	0.0003 	0.0001 	0.0004 	1.0000
16 	25396 	25478 	24104 	25000 	0.0003 	0.0001 	0.0004 	1.0000
17 	25679 	25385 	23531 	25385 	0.0006 	0.0004 	0.0008 	1.0000
18 	26088 	25043 	23990 	24859 	0.0005 	0.0003 	0.0006 	1.0000
19 	25632 	25201 	24024 	25123 	0.0003 	0.0001 	0.0004 	1.0000
20 	25674 	25045 	24131 	25130 	0.0003 	0.0001 	0.0004 	1.0000
21 	25257 	25421 	24157 	25145 	0.0002 	0.0001 	0.0003 	1.0000
22 	25342 	25170 	24272 	25196 	0.0002 	0.0001 	0.0003 	1.0000
23 	25576 	25507 	24073 	24824 	0.0003 	0.0002 	0.0005 	1.0000
24 	25399 	25584 	24166 	24830 	0.0003 	0.0001 	0.0004 	1.0000
25 	25351 	25527 	24332 	24770 	0.0002 	0.0001 	0.0003 	1.0000
26 	25218 	25496 	24307 	24959 	0.0002 	0.0001 	0.0003 	1.0000
27 	25277 	25929 	23773 	25001 	0.0005 	0.0003 	0.0007 	1.0000
28 	25569 	25344 	24296 	24771 	0.0002 	0.0001 	0.0003 	1.0000
29 	25920 	25203 	24041 	24816 	0.0004 	0.0002 	0.0006 	1.0000
30 	25720 	24944 	24456 	24860 	0.0002 	0.0001 	0.0003 	1.0000
31 	25324 	25392 	24359 	24905 	0.0002 	0.0001 	0.0003 	1.0000
32 	25177 	25703 	23732 	25368 	0.0005 	0.0003 	0.0007 	1.0000
33 	24902 	26067 	23693 	25315 	0.0006 	0.0004 	0.0008 	1.0000
34 	25251 	25651 	23781 	25297 	0.0004 	0.0003 	0.0006 	1.0000
35 	25504 	25531 	23974 	24969 	0.0003 	0.0002 	0.0005 	1.0000
36 	26246 	24805 	24259 	24670 	0.0005 	0.0003 	0.0006 	1.0000
37 	25447 	25365 	24544 	24623 	0.0002 	0.0001 	0.0003 	1.0000
38 	25470 	25519 	23770 	25221 	0.0004 	0.0003 	0.0006 	1.0000
39 	25551 	25538 	24045 	24847 	0.0003 	0.0002 	0.0005 	1.0000
40 	25664 	24775 	24034 	25508 	0.0004 	0.0002 	0.0005 	1.0000
41 	25498 	24906 	24079 	25498 	0.0003 	0.0001 	0.0004 	1.0000
42 	23327 	26155 	24246 	26253 	0.0013 	0.0010 	0.0016 	1.0000
43 	20583 	27128 	24195 	28074 	0.0070 	0.0063 	0.0077 	1.0000
44 	24638 	23124 	32886 	19333 	0.0190 	0.0178 	0.0203 	1.0000
45 	22393 	34167 	24623 	18798 	0.0249 	0.0235 	0.0263 	1.0000
46 	28705 	22374 	25263 	23639 	0.0045 	0.0039 	0.0050 	1.0000
47 	19677 	40568 	20123 	19611 	0.0582 	0.0560 	0.0604 	1.0000
48 	31740 	16356 	22830 	29055 	0.0295 	0.0281 	0.0310 	1.0000
49 	19139 	26257 	40460 	14125 	0.0761 	0.0737 	0.0785 	1.0000
50 	17020 	31255 	21034 	30672 	0.0309 	0.0294 	0.0325 	1.0000
# End LogoData
