## LogoData
# First column is position number, counting from zero
# Subsequent columns are raw symbol counts
# Entropy is mean entropy measured in nats.
# Low and High are the 95% confidence limits.
# Weight is the fraction of non-gap symbols in the column.
#	
#	A 	C 	G 	T 	Entropy	Low	High	Weight
1 	14027 	42561 	24570 	18779 	0.0881 	0.0855 	0.0907 	1.0000
2 	29363 	23926 	15303 	31345 	0.0332 	0.0317 	0.0347 	1.0000
3 	20437 	21148 	38843 	19509 	0.0469 	0.0449 	0.0488 	1.0000
4 	24002 	26772 	21112 	28051 	0.0058 	0.0052 	0.0065 	1.0000
5 	19357 	26199 	32499 	21881 	0.0195 	0.0183 	0.0207 	1.0000
6 	19704 	34294 	21626 	24313 	0.0240 	0.0226 	0.0254 	1.0000
7 	28678 	25593 	25573 	20093 	0.0079 	0.0071 	0.0087 	1.0000
8 	26548 	25341 	24945 	23103 	0.0012 	0.0009 	0.0016 	1.0000
9 	25714 	25317 	23662 	25244 	0.0005 	0.0003 	0.0007 	1.0000
10 	25894 	25249 	23677 	25117 	0.0005 	0.0003 	0.0007 	1.0000
11 	25338 	25088 	24084 	25427 	0.0002 	0.0001 	0.0004 	1.0000
12 	25348 	24812 	24421 	25356 	0.0001 	0.0001 	0.0003 	1.0000
13 	24984 	25755 	24249 	24949 	0.0002 	0.0001 	0.0004 	1.0000
14 	25040 	25768 	23686 	25443 	0.0005 	0.0003 	0.0007 	1.0000
15 	25394 	25339 	23839 	25364 	0.0004 	0.0002 	0.0005 	1.0000
16 	25606 	24937 	24379 	25015 	0.0002 	0.0001 	0.0003 	1.0000
17 	25580 	24809 	24715 	24833 	0.0001 	0.0000 	0.0002 	1.0000
18 	25276 	25248 	24332 	25080 	0.0001 	0.0001 	0.0002 	1.0000
19 	25384 	25790 	23949 	24814 	0.0004 	0.0002 	0.0006 	1.0000
20 	24954 	25806 	23714 	25456 	0.0005 	0.0003 	0.0007 	0.9999
21 	25129 	25474 	23718 	25616 	0.0005 	0.0003 	0.0007 	1.0000
22 	25498 	25305 	24029 	25105 	0.0003 	0.0001 	0.0004 	1.0000
23 	25364 	25141 	24625 	24807 	0.0001 	0.0000 	0.0002 	1.0000
24 	25165 	25381 	24182 	25209 	0.0002 	0.0001 	0.0003 	1.0000
25 	25357 	25342 	24144 	25092 	0.0002 	0.0001 	0.0003 	1.0000
26 	25056 	25232 	24314 	25335 	0.0001 	0.0001 	0.0003 	1.0000
27 	25081 	25440 	24069 	25347 	0.0003 	0.0001 	0.0004 	1.0000
28 	25546 	25312 	24088 	24991 	0.0003 	0.0001 	0.0004 	1.0000
29 	25186 	25521 	24164 	25066 	0.0002 	0.0001 	0.0003 	1.0000
30 	25322 	25232 	24114 	25267 	0.0002 	0.0001 	0.0003 	1.0000
31 	25481 	25513 	23737 	25205 	0.0004 	0.0003 	0.0006 	1.0000
32 	25062 	25399 	24095 	25380 	0.0002 	0.0001 	0.0004 	1.0000
33 	25293 	25202 	23990 	25452 	0.0003 	0.0001 	0.0004 	1.0000
34 	25160 	25391 	24219 	25167 	0.0002 	0.0001 	0.0003 	1.0000
35 	25113 	25469 	24069 	25285 	0.0003 	0.0001 	0.0004 	1.0000
36 	25330 	25075 	24165 	25366 	0.0002 	0.0001 	0.0003 	1.0000
37 	25334 	25140 	24496 	24967 	0.0001 	0.0000 	0.0002 	1.0000
38 	25618 	25433 	24122 	24764 	0.0003 	0.0001 	0.0004 	1.0000
39 	25468 	25371 	23706 	25392 	0.0005 	0.0003 	0.0006 	1.0000
40 	25289 	25543 	23775 	25330 	0.0004 	0.0002 	0.0006 	1.0000
41 	25414 	25230 	23970 	25323 	0.0003 	0.0001 	0.0004 	1.0000
42 	25479 	25218 	23748 	25490 	0.0004 	0.0003 	0.0006 	1.0000
43 	25712 	24798 	24274 	25152 	0.0002 	0.0001 	0.0004 	1.0000
44 	25331 	25248 	24229 	25127 	0.0002 	0.0001 	0.0003 	1.0000
45 	25252 	25439 	23991 	25254 	0.0003 	0.0001 	0.0004 	1.0000
46 	25808 	25042 	23968 	25117 	0.0004 	0.0002 	0.0005 	1.0000
47 	25580 	24930 	24109 	25317 	0.0003 	0.0001 	0.0004 	1.0000
48 	25503 	25338 	24192 	24903 	0.0002 	0.0001 	0.0003 	1.0000
49 	25488 	25542 	23570 	25335 	0.0006 	0.0004 	0.0008 	1.0000
50 	25517 	25055 	23835 	25529 	0.0004 	0.0002 	0.0006 	1.0000
51 	25200 	25336 	23647 	25753 	0.0005 	0.0003 	0.0007 	1.0000
52 	25462 	25231 	23847 	25396 	0.0004 	0.0002 	0.0005 	1.0000
53 	25450 	25174 	24065 	25247 	0.0003 	0.0001 	0.0004 	1.0000
54 	25693 	25213 	23642 	25388 	0.0005 	0.0003 	0.0007 	1.0000
55 	25537 	24931 	24115 	25353 	0.0003 	0.0001 	0.0004 	1.0000
56 	25353 	25296 	23935 	25352 	0.0003 	0.0002 	0.0005 	1.0000
57 	25356 	25231 	23939 	25410 	0.0003 	0.0002 	0.0005 	1.0000
58 	25374 	25388 	23891 	25283 	0.0003 	0.0002 	0.0005 	1.0000
59 	25385 	25078 	23749 	25723 	0.0005 	0.0003 	0.0007 	1.0000
60 	25529 	25239 	23731 	25437 	0.0004 	0.0003 	0.0006 	1.0000
61 	25368 	24837 	24198 	25533 	0.0002 	0.0001 	0.0004 	1.0000
62 	25325 	25152 	24060 	25399 	0.0003 	0.0001 	0.0004 	1.0000
63 	25671 	24976 	23733 	25556 	0.0005 	0.0003 	0.0007 	1.0000
64 	25505 	25087 	23871 	25473 	0.0004 	0.0002 	0.0005 	1.0000
65 	25609 	25072 	23699 	25555 	0.0005 	0.0003 	0.0007 	1.0000
66 	25521 	24978 	23790 	25647 	0.0004 	0.0003 	0.0006 	1.0000
67 	25492 	25005 	24107 	25332 	0.0002 	0.0001 	0.0004 	1.0000
68 	25582 	25177 	23798 	25379 	0.0004 	0.0002 	0.0006 	1.0000
69 	25435 	25210 	23650 	25641 	0.0005 	0.0003 	0.0007 	1.0000
70 	25444 	25079 	23667 	25744 	0.0005 	0.0003 	0.0007 	1.0000
71 	25365 	25069 	23898 	25604 	0.0004 	0.0002 	0.0005 	1.0000
72 	25288 	25246 	23661 	25741 	0.0005 	0.0003 	0.0007 	1.0000
73 	25559 	25173 	23785 	25419 	0.0004 	0.0002 	0.0006 	1.0000
74 	25607 	24865 	23741 	25723 	0.0005 	0.0003 	0.0007 	1.0000
75 	25681 	24773 	24003 	25478 	0.0004 	0.0002 	0.0005 	1.0000
76 	25925 	24866 	23626 	25519 	0.0006 	0.0004 	0.0008 	1.0000
77 	25702 	24893 	23775 	25565 	0.0005 	0.0003 	0.0007 	1.0000
78 	25535 	24953 	23753 	25694 	0.0005 	0.0003 	0.0007 	1.0000
79 	25729 	25191 	23517 	25499 	0.0006 	0.0004 	0.0008 	1.0000
80 	25448 	25338 	23699 	25451 	0.0005 	0.0003 	0.0006 	1.0000
81 	25672 	25092 	23627 	25544 	0.0005 	0.0003 	0.0008 	1.0000
82 	25311 	24987 	23726 	25912 	0.0005 	0.0003 	0.0007 	1.0000
83 	25732 	24732 	24153 	25319 	0.0003 	0.0002 	0.0005 	1.0000
84 	25905 	24790 	23916 	25324 	0.0004 	0.0003 	0.0006 	1.0000
85 	25812 	24961 	23912 	25251 	0.0004 	0.0002 	0.0006 	1.0000
86 	25635 	25162 	23571 	25568 	0.0006 	0.0004 	0.0008 	1.0000
87 	25598 	24924 	23772 	25641 	0.0005 	0.0003 	0.0007 	1.0000
88 	25441 	25186 	23961 	25348 	0.0003 	0.0002 	0.0005 	1.0000
89 	25641 	25020 	23792 	25482 	0.0004 	0.0003 	0.0006 	1.0000
90 	25673 	25099 	23722 	25442 	0.0005 	0.0003 	0.0007 	1.0000
91 	25590 	25024 	23612 	25709 	0.0006 	0.0004 	0.0008 	1.0000
92 	25457 	24727 	23965 	25787 	0.0004 	0.0002 	0.0006 	1.0000
93 	25712 	25117 	23547 	25560 	0.0006 	0.0004 	0.0008 	1.0000
94 	26005 	24398 	23844 	25686 	0.0007 	0.0004 	0.0009 	1.0000
95 	25931 	24797 	23946 	25262 	0.0004 	0.0003 	0.0006 	1.0000
96 	25740 	24821 	23760 	25613 	0.0005 	0.0003 	0.0007 	1.0000
97 	25617 	24956 	23982 	25381 	0.0003 	0.0002 	0.0005 	1.0000
98 	25611 	25043 	23604 	25678 	0.0006 	0.0004 	0.0008 	1.0000
99 	25557 	24939 	23499 	25940 	0.0007 	0.0005 	0.0009 	1.0000
100 	25458 	25246 	23435 	25796 	0.0007 	0.0005 	0.0009 	1.0000
101 	25694 	24916 	23645 	25681 	0.0006 	0.0004 	0.0008 	1.0000
102 	25477 	25086 	23741 	25632 	0.0005 	0.0003 	0.0006 	1.0000
103 	25818 	24879 	23621 	25618 	0.0006 	0.0004 	0.0008 	1.0000
104 	25888 	24642 	23928 	25476 	0.0005 	0.0003 	0.0007 	1.0000
105 	25684 	25078 	23655 	25519 	0.0005 	0.0003 	0.0007 	1.0000
106 	25705 	24998 	23800 	25433 	0.0004 	0.0003 	0.0006 	1.0000
107 	25762 	25198 	23561 	25414 	0.0006 	0.0004 	0.0008 	1.0000
108 	25913 	24786 	23668 	25568 	0.0006 	0.0004 	0.0008 	1.0000
109 	25799 	24829 	23614 	25693 	0.0006 	0.0004 	0.0009 	1.0000
110 	25839 	24783 	23605 	25708 	0.0007 	0.0004 	0.0009 	1.0000
111 	25629 	24757 	23792 	25758 	0.0005 	0.0003 	0.0007 	1.0000
112 	25786 	24808 	23587 	25755 	0.0007 	0.0004 	0.0009 	1.0000
113 	25779 	24684 	23643 	25830 	0.0007 	0.0004 	0.0009 	1.0000
114 	25826 	24857 	23556 	25697 	0.0007 	0.0005 	0.0009 	1.0000
115 	25688 	24724 	23638 	25886 	0.0007 	0.0004 	0.0009 	1.0000
116 	25991 	24483 	23957 	25503 	0.0005 	0.0003 	0.0007 	1.0000
117 	25794 	24774 	23797 	25570 	0.0005 	0.0003 	0.0007 	1.0000
118 	25747 	24827 	23613 	25749 	0.0006 	0.0004 	0.0009 	1.0000
119 	25569 	24786 	23827 	25754 	0.0005 	0.0003 	0.0007 	1.0000
120 	25606 	24957 	23585 	25788 	0.0006 	0.0004 	0.0008 	1.0000
121 	25968 	24835 	23547 	25586 	0.0007 	0.0005 	0.0009 	1.0000
122 	25804 	24739 	23683 	25710 	0.0006 	0.0004 	0.0008 	1.0000
123 	26021 	24427 	23731 	25755 	0.0007 	0.0005 	0.0010 	1.0000
124 	25960 	24460 	23925 	25591 	0.0006 	0.0004 	0.0008 	1.0000
125 	25815 	24538 	23950 	25632 	0.0005 	0.0003 	0.0007 	1.0000
126 	25809 	24550 	23831 	25746 	0.0006 	0.0004 	0.0008 	1.0000
127 	25687 	24969 	23858 	25422 	0.0004 	0.0002 	0.0006 	1.0000
128 	25919 	24770 	23811 	25435 	0.0005 	0.0003 	0.0007 	1.0000
129 	25544 	24955 	23869 	25568 	0.0004 	0.0002 	0.0006 	1.0000
130 	25642 	24895 	23783 	25616 	0.0005 	0.0003 	0.0007 	1.0000
131 	25664 	24765 	23688 	25819 	0.0006 	0.0004 	0.0008 	1.0000
132 	25573 	24771 	23701 	25891 	0.0006 	0.0004 	0.0008 	1.0000
133 	26008 	24734 	23530 	25664 	0.0008 	0.0005 	0.0010 	1.0000
134 	26047 	24457 	23751 	25681 	0.0007 	0.0005 	0.0009 	1.0000
135 	25926 	24906 	23596 	25507 	0.0006 	0.0004 	0.0009 	1.0000
136 	25770 	24808 	23504 	25854 	0.0007 	0.0005 	0.0010 	1.0000
137 	25524 	24764 	23954 	25694 	0.0004 	0.0002 	0.0006 	1.0000
138 	25621 	24745 	23700 	25870 	0.0006 	0.0004 	0.0008 	1.0000
139 	25770 	24824 	23641 	25701 	0.0006 	0.0004 	0.0008 	1.0000
140 	25815 	24494 	23767 	25860 	0.0007 	0.0004 	0.0009 	1.0000
141 	25787 	24537 	23800 	25811 	0.0006 	0.0004 	0.0008 	1.0000
142 	25834 	24430 	23801 	25871 	0.0007 	0.0004 	0.0009 	1.0000
143 	25591 	24583 	23795 	25967 	0.0006 	0.0004 	0.0008 	1.0000
144 	25934 	24420 	23775 	25807 	0.0007 	0.0005 	0.0009 	1.0000
145 	25823 	24900 	23603 	25610 	0.0006 	0.0004 	0.0008 	1.0000
146 	25644 	24542 	23813 	25936 	0.0006 	0.0004 	0.0008 	1.0000
147 	25759 	24842 	23833 	25501 	0.0005 	0.0003 	0.0006 	1.0000
148 	25519 	24798 	23949 	25670 	0.0004 	0.0002 	0.0006 	1.0000
149 	25471 	24760 	23937 	25766 	0.0004 	0.0002 	0.0006 	1.0000
150 	25686 	24919 	23627 	25704 	0.0006 	0.0004 	0.0008 	1.0000
151 	25676 	24855 	23609 	25795 	0.0006 	0.0004 	0.0008 	1.0000
152 	25690 	24613 	23562 	26071 	0.0008 	0.0005 	0.0010 	1.0000
153 	25502 	24928 	23763 	25743 	0.0005 	0.0003 	0.0007 	1.0000
154 	25961 	24632 	23460 	25883 	0.0009 	0.0006 	0.0011 	1.0000
155 	25744 	24497 	23812 	25883 	0.0006 	0.0004 	0.0008 	1.0000
156 	25939 	24883 	23617 	25497 	0.0006 	0.0004 	0.0008 	1.0000
157 	25839 	24526 	23856 	25715 	0.0006 	0.0004 	0.0008 	1.0000
158 	25894 	24731 	23551 	25760 	0.0007 	0.0005 	0.0010 	1.0000
159 	25652 	24843 	23749 	25689 	0.0005 	0.0003 	0.0007 	1.0000
160 	25628 	24737 	23719 	25852 	0.0006 	0.0004 	0.0008 	1.0000
# End LogoData
