#column	count	min	max	sum	mean	Q1	med	Q3	IQR	lW	rW	outliers	A_Count	C_Count	G_Count	T_Count	N_Count	other_bases	other_base_count
1	100278	2	30	2965896	29.576737	30.000000	30.000000	30.000000	0.000000	30	30	2,10,20	29950	23454	18068	28733	73		
2	100278	2	30	2968694	29.604639	30.000000	30.000000	30.000000	0.000000	30	30	2,6,10,20	29398	20792	21434	28626	28		
3	100278	6	30	2973936	29.656914	30.000000	30.000000	30.000000	0.000000	30	30	6,10,20	28393	21864	21331	28690	0		
4	100278	6	30	2976162	29.679112	30.000000	30.000000	30.000000	0.000000	30	30	6,10,20	28142	21783	21676	28677	0		
5	100278	6	30	2985586	29.773091	30.000000	30.000000	30.000000	0.000000	30	30	6,10,20	28362	20866	22384	28666	0		
6	100278	6	30	2985232	29.769561	30.000000	30.000000	30.000000	0.000000	30	30	6,10,20	28314	21790	22424	27750	0		
7	100278	2	30	2986122	29.778436	30.000000	30.000000	30.000000	0.000000	30	30	2,6,10,20	28394	21342	22421	28118	3		
8	100278	6	30	2987520	29.792377	30.000000	30.000000	30.000000	0.000000	30	30	6,10,20	28255	21815	21822	28386	0		
9	100278	6	30	2989442	29.811544	30.000000	30.000000	30.000000	0.000000	30	30	6,10,20	28027	21909	21737	28605	0		
10	100278	6	30	2987868	29.795848	30.000000	30.000000	30.000000	0.000000	30	30	6,10,20	28417	22006	21845	28010	0		
11	100278	6	30	2990330	29.820399	30.000000	30.000000	30.000000	0.000000	30	30	6,10,20	28300	21982	21825	28171	0		
12	100278	6	30	2991156	29.828636	30.000000	30.000000	30.000000	0.000000	30	30	6,10,20	28358	21607	21785	28528	0		
13	100278	2	30	2992254	29.839586	30.000000	30.000000	30.000000	0.000000	30	30	2,10,20	28227	21849	21902	28298	2		
14	100278	6	30	2991532	29.832386	30.000000	30.000000	30.000000	0.000000	30	30	6,10,20	28144	21859	21916	28359	0		
15	100278	6	30	2991326	29.830332	30.000000	30.000000	30.000000	0.000000	30	30	6,10,20	28416	21726	22108	28028	0		
16	100278	6	30	2991892	29.835976	30.000000	30.000000	30.000000	0.000000	30	30	6,10,20	28180	21858	21927	28313	0		
17	100278	6	30	2989776	29.814875	30.000000	30.000000	30.000000	0.000000	30	30	6,10,20	27702	22048	22235	28293	0		
18	100278	6	30	2991372	29.830790	30.000000	30.000000	30.000000	0.000000	30	30	6,10,20	28004	22183	21962	28129	0		
19	100278	6	30	2989942	29.816530	30.000000	30.000000	30.000000	0.000000	30	30	6,10,20	28037	22074	21910	28257	0		
20	100278	6	30	2989022	29.807356	30.000000	30.000000	30.000000	0.000000	30	30	6,10,20	27874	21788	22374	28242	0		
21	100278	2	30	2988428	29.801432	30.000000	30.000000	30.000000	0.000000	30	30	2,6,10,20	27850	22104	22218	28104	2		
22	100278	2	30	2988022	29.797383	30.000000	30.000000	30.000000	0.000000	30	30	2,6,10,20	27662	22083	22263	28269	1		
23	100278	6	30	2988500	29.802150	30.000000	30.000000	30.000000	0.000000	30	30	6,10,20	27865	21949	22176	28288	0		
24	100278	6	30	2986302	29.780231	30.000000	30.000000	30.000000	0.000000	30	30	6,10,20	27671	22062	22549	27996	0		
25	100278	6	30	2987482	29.791998	30.000000	30.000000	30.000000	0.000000	30	30	6,10,20	27648	22094	22375	28161	0		
26	100278	5	30	2981327	29.730619	30.000000	30.000000	30.000000	0.000000	30	30	5,6,10,20	27640	22206	22555	27877	0		
27	100278	2	30	2979062	29.708032	30.000000	30.000000	30.000000	0.000000	30	30	2,5,6,10,20	27521	22333	22443	27980	1		
28	100278	4	30	2978092	29.698359	30.000000	30.000000	30.000000	0.000000	30	30	4,5,6,10,20	27702	22169	22245	28162	0		
29	100278	5	30	2979433	29.711731	30.000000	30.000000	30.000000	0.000000	30	30	5,6,10,20	27487	22522	22372	27897	0		
30	100278	2	30	2976686	29.684338	30.000000	30.000000	30.000000	0.000000	30	30	2,4,6,10,20	27602	22249	22376	28050	1		
31	100278	2	30	2974891	29.666437	30.000000	30.000000	30.000000	0.000000	30	30	2,4,5,6,10,20	27463	22127	22713	27974	1		
32	100278	4	30	2976634	29.683819	30.000000	30.000000	30.000000	0.000000	30	30	4,6,10,20	27476	22309	22639	27854	0		
33	100278	4	30	2976196	29.679451	30.000000	30.000000	30.000000	0.000000	30	30	4,5,6,10,20	27808	22459	22525	27486	0		
34	100278	4	30	2972656	29.644149	30.000000	30.000000	30.000000	0.000000	30	30	4,5,6,10,20	27597	22381	22565	27735	0		
35	100278	2	30	2975190	29.669419	30.000000	30.000000	30.000000	0.000000	30	30	2,4,6,10,20	27621	22363	22796	27497	1		
36	100278	4	30	2972794	29.645525	30.000000	30.000000	30.000000	0.000000	30	30	4,6,10,20	27482	22380	22873	27543	0		
37	100278	4	30	2972106	29.638665	30.000000	30.000000	30.000000	0.000000	30	30	4,5,6,10,20	27622	22473	22523	27660	0		
38	100278	2	30	2973687	29.654431	30.000000	30.000000	30.000000	0.000000	30	30	2,4,5,6,10,20	27565	22315	22894	27503	1		
39	100278	4	30	2971328	29.630906	30.000000	30.000000	30.000000	0.000000	30	30	4,5,6,10,20	27607	22251	22736	27684	0		
40	100278	4	30	2971748	29.635094	30.000000	30.000000	30.000000	0.000000	30	30	4,6,10,20	27357	22711	22774	27436	0		
41	100278	4	30	2971750	29.635114	30.000000	30.000000	30.000000	0.000000	30	30	4,5,6,10,20	27346	22472	22765	27695	0		
42	100278	4	30	2970190	29.619558	30.000000	30.000000	30.000000	0.000000	30	30	4,5,6,10,20	27518	22385	22701	27674	0		
43	100278	2	30	2969254	29.610224	30.000000	30.000000	30.000000	0.000000	30	30	2,4,5,6,10,20	27427	22586	22673	27590	2		
44	100278	4	30	2965416	29.571950	30.000000	30.000000	30.000000	0.000000	30	30	4,5,6,10,20	27324	22581	22614	27759	0		
45	100278	4	30	2967254	29.590279	30.000000	30.000000	30.000000	0.000000	30	30	4,5,6,10,20	27251	22782	22595	27650	0		
46	100278	4	30	2968804	29.605736	30.000000	30.000000	30.000000	0.000000	30	30	4,5,6,10,20	27523	22312	22642	27801	0		
47	100278	2	30	2965753	29.575311	30.000000	30.000000	30.000000	0.000000	30	30	2,4,5,6,10,20	27317	22453	22878	27629	1		
48	100278	4	30	2966673	29.584485	30.000000	30.000000	30.000000	0.000000	30	30	4,5,6,10,20	27437	22508	22765	27568	0		
49	100278	2	30	2966515	29.582910	30.000000	30.000000	30.000000	0.000000	30	30	2,4,5,6,10,20	27394	22701	22725	27457	1		
50	100278	4	30	2965249	29.570285	30.000000	30.000000	30.000000	0.000000	30	30	4,5,6,10,20	27581	22527	22609	27561	0		
51	100278	3	30	2964994	29.567742	30.000000	30.000000	30.000000	0.000000	30	30	3,4,5,6,10,20	27174	22499	22957	27648	0		
52	100278	4	30	2963695	29.554788	30.000000	30.000000	30.000000	0.000000	30	30	4,5,6,10,20	27453	22549	22850	27426	0		
53	100278	4	30	2964170	29.559525	30.000000	30.000000	30.000000	0.000000	30	30	4,5,6,10,20	27200	22557	22680	27841	0		
54	100278	2	30	2962765	29.545513	30.000000	30.000000	30.000000	0.000000	30	30	2,3,4,5,6,10,20	27291	22676	22627	27683	1		
55	100278	4	30	2963570	29.553541	30.000000	30.000000	30.000000	0.000000	30	30	4,5,6,10,20	27383	22331	22938	27626	0		
56	100278	2	30	2962455	29.542422	30.000000	30.000000	30.000000	0.000000	30	30	2,4,5,6,10,20	26984	22649	22900	27741	4		
57	100278	4	30	2962398	29.541854	30.000000	30.000000	30.000000	0.000000	30	30	4,5,6,10,20	27392	22900	22613	27373	0		
58	100278	3	30	2958309	29.501077	30.000000	30.000000	30.000000	0.000000	30	30	3,4,5,6,10,20	27521	22599	22619	27539	0		
59	100278	2	30	2961035	29.528261	30.000000	30.000000	30.000000	0.000000	30	30	2,4,5,6,10,20	27205	22590	22716	27765	2		
60	100278	2	30	2961354	29.531443	30.000000	30.000000	30.000000	0.000000	30	30	2,4,5,6,10,20	27346	22567	22880	27483	2		
61	100278	2	30	2960847	29.526387	30.000000	30.000000	30.000000	0.000000	30	30	2,3,4,5,6,10,20	27173	22806	22728	27570	1		
62	100278	2	30	2957924	29.497238	30.000000	30.000000	30.000000	0.000000	30	30	2,4,5,6,10,20	27149	22852	22501	27775	1		
63	100278	4	30	2957225	29.490267	30.000000	30.000000	30.000000	0.000000	30	30	4,5,6,10,20	27363	22601	22758	27556	0		
64	100278	3	30	2956732	29.485351	30.000000	30.000000	30.000000	0.000000	30	30	3,4,5,6,10,20	27093	22647	23004	27534	0		
65	100278	4	30	2955084	29.468916	30.000000	30.000000	30.000000	0.000000	30	30	4,5,6,10,20	27518	22479	22812	27469	0		
66	100278	3	30	2957906	29.497058	30.000000	30.000000	30.000000	0.000000	30	30	3,4,5,6,10,20	27257	22522	23031	27468	0		
67	100278	2	30	2956184	29.479886	30.000000	30.000000	30.000000	0.000000	30	30	2,3,4,5,6,10,20	27059	22693	22994	27529	3		
68	100278	3	30	2958220	29.500189	30.000000	30.000000	30.000000	0.000000	30	30	3,4,5,6,10,20	27409	22987	22790	27092	0		
69	100278	3	30	2956531	29.483346	30.000000	30.000000	30.000000	0.000000	30	30	3,4,5,6,10,20	27592	22966	22482	27238	0		
70	100278	3	30	2955273	29.470801	30.000000	30.000000	30.000000	0.000000	30	30	3,4,5,6,10,20	27356	22701	22698	27523	0		
71	100278	2	30	2957401	29.492022	30.000000	30.000000	30.000000	0.000000	30	30	2,3,4,5,6,10,20	27247	22629	22883	27518	1		
72	100278	2	30	2956277	29.480813	30.000000	30.000000	30.000000	0.000000	30	30	2,3,4,5,6,10,20	27326	22699	22850	27402	1		
73	100278	3	30	2953592	29.454038	30.000000	30.000000	30.000000	0.000000	30	30	3,4,5,6,10,20	27121	22960	22978	27219	0		
74	100278	2	30	2951795	29.436118	30.000000	30.000000	30.000000	0.000000	30	30	2,3,4,5,6,10,20	27723	22676	22761	27117	1		
75	100278	3	30	2950565	29.423852	30.000000	30.000000	30.000000	0.000000	30	30	3,4,5,6,10,20	27322	22886	22867	27203	0		
76	100278	3	30	2949181	29.410050	30.000000	30.000000	30.000000	0.000000	30	30	3,4,5,6,10,20	27504	22714	22844	27216	0		
77	100278	3	30	2950993	29.428120	30.000000	30.000000	30.000000	0.000000	30	30	3,4,5,6,10,20	27297	22778	22799	27404	0		
78	100278	3	30	2950100	29.419215	30.000000	30.000000	30.000000	0.000000	30	30	3,4,5,6,10,20	27337	22497	22986	27458	0		
79	100278	2	30	2951547	29.433644	30.000000	30.000000	30.000000	0.000000	30	30	2,3,4,5,6,10,20	27217	22778	22960	27322	1		
80	100278	2	30	2949903	29.417250	30.000000	30.000000	30.000000	0.000000	30	30	2,3,4,5,6,10,20	27232	22813	22834	27398	1		
81	100278	3	30	2948942	29.407667	30.000000	30.000000	30.000000	0.000000	30	30	3,4,5,6,10,20	27523	22473	22761	27521	0		
82	100278	3	30	2946927	29.387573	30.000000	30.000000	30.000000	0.000000	30	30	3,4,5,6,10,20	27255	22879	23035	27109	0		
83	100278	3	30	2948895	29.407198	30.000000	30.000000	30.000000	0.000000	30	30	3,4,5,6,10,20	27029	22599	22980	27670	0		
84	100278	2	30	2947142	29.389717	30.000000	30.000000	30.000000	0.000000	30	30	2,3,4,5,6,10,20	27268	22818	22756	27434	2		
85	100278	3	30	2942445	29.342877	30.000000	30.000000	30.000000	0.000000	30	30	3,4,5,6,10,20	27165	22715	22743	27655	0		
86	100278	2	30	2943854	29.356928	30.000000	30.000000	30.000000	0.000000	30	30	2,3,4,5,6,10,20	27380	22855	22752	27290	1		
87	100278	3	30	2944118	29.359560	30.000000	30.000000	30.000000	0.000000	30	30	3,4,5,6,10,20	27239	22825	22649	27565	0		
88	100278	3	30	2946087	29.379196	30.000000	30.000000	30.000000	0.000000	30	30	3,5,6,10,20	27277	22763	22934	27304	0		
89	100278	2	30	2943733	29.355721	30.000000	30.000000	30.000000	0.000000	30	30	2,3,5,6,10,20	27252	22887	22828	27310	1		
90	100278	3	30	2944770	29.366062	30.000000	30.000000	30.000000	0.000000	30	30	3,5,6,10,20	27333	22786	22736	27423	0		
91	100278	3	30	2940855	29.327021	30.000000	30.000000	30.000000	0.000000	30	30	3,4,5,6,10,20	27237	22883	22781	27377	0		
92	100278	3	30	2943934	29.357726	30.000000	30.000000	30.000000	0.000000	30	30	3,5,6,10,20	27274	22772	22837	27395	0		
93	100278	3	30	2944560	29.363968	30.000000	30.000000	30.000000	0.000000	30	30	3,4,5,6,10,20	27281	22768	22978	27251	0		
94	100278	2	30	2941521	29.333662	30.000000	30.000000	30.000000	0.000000	30	30	2,3,5,6,10,20	27516	22972	22607	27182	1		
95	100278	2	30	2942145	29.339885	30.000000	30.000000	30.000000	0.000000	30	30	2,3,4,5,6,10,20	27175	22873	22663	27565	2		
96	100278	3	30	2941107	29.329534	30.000000	30.000000	30.000000	0.000000	30	30	3,5,6,10,20	26988	22845	22888	27557	0		
97	100278	3	30	2940414	29.322623	30.000000	30.000000	30.000000	0.000000	30	30	3,5,6,10,20	27204	22774	22906	27394	0		
98	100278	3	30	2939553	29.314037	30.000000	30.000000	30.000000	0.000000	30	30	3,5,6,10,20	27151	22990	22874	27263	0		
99	100278	2	30	2939266	29.311175	30.000000	30.000000	30.000000	0.000000	30	30	2,3,4,5,6,10,20	27130	23020	22916	27210	2		
100	100278	3	30	2940772	29.326193	30.000000	30.000000	30.000000	0.000000	30	30	3,4,5,6,10,20	27264	22730	23148	27136	0		
101	100278	2	30	2938022	29.298769	30.000000	30.000000	30.000000	0.000000	30	30	2,3,5,6,10,20	27317	22695	23062	27203	1		
102	100278	2	30	2939737	29.315872	30.000000	30.000000	30.000000	0.000000	30	30	2,3,5,6,10,20	27397	22679	22992	27209	1		
103	100278	3	30	2939428	29.312790	30.000000	30.000000	30.000000	0.000000	30	30	3,4,5,6,10,20	27261	22709	23080	27228	0		
104	100278	3	30	2937619	29.294751	30.000000	30.000000	30.000000	0.000000	30	30	3,5,6,10,20	27212	23017	22932	27117	0		
105	100278	2	30	2938623	29.304763	30.000000	30.000000	30.000000	0.000000	30	30	2,3,4,5,6,10,20	27107	22911	23034	27224	2		
106	100278	2	30	2937026	29.288837	30.000000	30.000000	30.000000	0.000000	30	30	2,3,5,6,10,20	27385	22974	22771	27147	1		
107	100278	2	30	2934228	29.260935	30.000000	30.000000	30.000000	0.000000	30	30	2,3,4,5,6,10,20	27092	23109	22935	27139	3		
108	100278	3	30	2933845	29.257115	30.000000	30.000000	30.000000	0.000000	30	30	3,5,6,10,20	27434	22824	22859	27161	0		
109	100278	2	30	2935474	29.273360	30.000000	30.000000	30.000000	0.000000	30	30	2,3,5,6,10,20	27333	22852	23040	27051	2		
110	100278	2	30	2932756	29.246255	30.000000	30.000000	30.000000	0.000000	30	30	2,3,5,6,10,20	27508	22910	22671	27187	2		
111	100278	2	30	2931618	29.234907	30.000000	30.000000	30.000000	0.000000	30	30	2,3,5,6,10,20	27251	22851	22907	27268	1		
112	100278	3	30	2934622	29.264864	30.000000	30.000000	30.000000	0.000000	30	30	3,4,5,6,10,20	27448	22853	22724	27253	0		
113	100278	2	30	2931878	29.237500	30.000000	30.000000	30.000000	0.000000	30	30	2,3,4,5,6,10,20	27521	22696	22755	27302	4		
114	100278	3	30	2926742	29.186282	30.000000	30.000000	30.000000	0.000000	30	30	3,5,6,10,20	27164	22708	23107	27299	0		
115	100278	2	30	2928617	29.204980	30.000000	30.000000	30.000000	0.000000	30	30	2,3,5,6,10,20	27475	22787	22771	27244	1		
116	100278	3	30	2930371	29.222472	30.000000	30.000000	30.000000	0.000000	30	30	3,5,6,10,20	27452	22813	22849	27164	0		
117	100278	2	30	2931880	29.237520	30.000000	30.000000	30.000000	0.000000	30	30	2,3,5,6,10,20	27628	22733	22812	27104	1		
118	100278	2	30	2930808	29.226829	30.000000	30.000000	30.000000	0.000000	30	30	2,3,4,5,6,10,20	27412	22903	22861	27101	1		
119	100278	2	30	2932087	29.239584	30.000000	30.000000	30.000000	0.000000	30	30	2,3,4,5,6,10,20	27276	22970	22855	27176	1		
120	100278	3	30	2929696	29.215740	30.000000	30.000000	30.000000	0.000000	30	30	3,4,5,6,10,20	27519	22955	22773	27031	0		
121	100278	2	30	2926131	29.180189	30.000000	30.000000	30.000000	0.000000	30	30	2,3,4,5,6,10,20	27362	22844	22970	27100	2		
122	100278	3	30	2928666	29.205469	30.000000	30.000000	30.000000	0.000000	30	30	3,4,5,6,10,20	27468	22736	22779	27295	0		
123	100278	3	30	2930890	29.227647	30.000000	30.000000	30.000000	0.000000	30	30	3,4,5,6,10,20	27259	22827	22983	27209	0		
124	100278	3	30	2924604	29.164961	30.000000	30.000000	30.000000	0.000000	30	30	3,5,6,10,20	27590	22996	22744	26948	0		
125	100278	3	30	2926314	29.182014	30.000000	30.000000	30.000000	0.000000	30	30	3,5,6,10,20	27389	23111	22740	27038	0		
126	100278	3	30	2926676	29.185624	30.000000	30.000000	30.000000	0.000000	30	30	3,4,5,6,10,20	27359	22825	22842	27252	0		
127	100278	3	30	2923969	29.158629	30.000000	30.000000	30.000000	0.000000	30	30	3,5,6,10,20	27689	22661	22851	27077	0		
128	100278	3	30	2924654	29.165460	30.000000	30.000000	30.000000	0.000000	30	30	3,5,6,10,20	27358	22710	23162	27048	0		
129	100278	3	30	2923484	29.153792	30.000000	30.000000	30.000000	0.000000	30	30	3,4,5,6,10,20	27427	22906	22903	27042	0		
130	100278	3	30	2922747	29.146443	30.000000	30.000000	30.000000	0.000000	30	30	3,4,5,6,10,20	27337	22669	22895	27377	0		
131	100278	2	30	2917470	29.093819	30.000000	30.000000	30.000000	0.000000	30	30	2,3,5,6,10,20	27442	22848	22911	27076	1		
132	100278	3	30	2918099	29.100092	30.000000	30.000000	30.000000	0.000000	30	30	3,5,6,10,20	27309	22906	22690	27373	0		
133	100278	2	30	2914135	29.060562	30.000000	30.000000	30.000000	0.000000	30	30	2,3,4,5,6,10,20	27183	23099	22679	27316	1		
134	100278	2	30	2919703	29.116087	30.000000	30.000000	30.000000	0.000000	30	30	2,3,4,5,6,10,20	27540	22798	22601	27338	1		
135	100278	2	30	2922314	29.142125	30.000000	30.000000	30.000000	0.000000	30	30	2,3,4,5,6,10,20	27477	22877	22553	27369	2		
136	100278	2	30	2918294	29.102036	30.000000	30.000000	30.000000	0.000000	30	30	2,3,4,5,6,10,20	27727	22868	22580	27101	2		
137	100278	3	30	2919702	29.116077	30.000000	30.000000	30.000000	0.000000	30	30	3,4,5,6,10,20	27522	22780	22801	27175	0		
138	100278	2	30	2916607	29.085213	30.000000	30.000000	30.000000	0.000000	30	30	2,3,4,5,6,10,20	27344	22810	22791	27332	1		
139	100278	2	30	2913576	29.054987	30.000000	30.000000	30.000000	0.000000	30	30	2,3,4,5,6,10,20	27472	23084	22534	27164	24		
140	100278	3	30	2914561	29.064810	30.000000	30.000000	30.000000	0.000000	30	30	3,4,5,6,10,20	27520	22863	22582	27313	0		
141	100278	2	30	2912890	29.048146	30.000000	30.000000	30.000000	0.000000	30	30	2,4,5,6,10,20	27579	22597	22708	27392	2		
142	100278	4	30	2917377	29.092892	30.000000	30.000000	30.000000	0.000000	30	30	4,5,6,10,20	27389	22521	22923	27445	0		
143	100278	4	30	2917098	29.090109	30.000000	30.000000	30.000000	0.000000	30	30	4,5,6,10,20	27330	22759	22755	27434	0		
144	100278	3	30	2911856	29.037835	30.000000	30.000000	30.000000	0.000000	30	30	3,4,5,6,10,20	27573	22787	22718	27200	0		
145	100278	3	30	2906772	28.987136	30.000000	30.000000	30.000000	0.000000	30	30	3,4,5,6,10,20	27506	22730	22448	27594	0		
146	100278	2	30	2913739	29.056613	30.000000	30.000000	30.000000	0.000000	30	30	2,4,5,6,10,20	27381	22495	22733	27666	3		
147	100278	2	30	2915154	29.070723	30.000000	30.000000	30.000000	0.000000	30	30	2,4,5,6,10,20	27633	22625	22803	27215	2		
148	100278	4	30	2911822	29.037496	30.000000	30.000000	30.000000	0.000000	30	30	4,5,6,10,20	27714	22867	22662	27035	0		
149	100278	2	30	2928684	29.205648	30.000000	30.000000	30.000000	0.000000	30	30	2,5,6,10,20	27437	22650	22878	27312	1		
150	100278	5	30	2925009	29.169000	30.000000	30.000000	30.000000	0.000000	30	30	5,6,10,20	27648	22645	22447	27538	0		
