KLF4	48	986	938	1034
RPLP0	2621	2791	170	5412
RPL4	2693	2833	140	5526
HSPA8	2045	2182	137	4227
RPS11	916	1045	129	1961
IGHV1-24	117	236	119	353
HYOU1	142	259	117	401
RPL10	1441	1553	112	2994
RPSA	1417	1524	107	2941
HLA-DPB1	75	179	104	254
CD74	6077	6176	99	12253
RPS18	431	526	95	957
CBX5	322	414	92	736
ALDOA	1074	1163	89	2237
HDLBP	606	685	79	1291
TMSB4X	4757	4833	76	9590
ARHGDIA	292	363	71	655
ANXA6	1158	1228	70	2386
RPL13	1033	1102	69	2135
EEF1G	2192	2260	68	4452
RPL27A	1021	1088	67	2109
EEF2	2748	2811	63	5559
IGHM	728	791	63	1519
NUP88	100	163	63	263
XBP1	390	453	63	843
PTEN	227	288	61	515
ATP1A1	783	843	60	1626
SF3B1	432	490	58	922
EDEM1	445	502	57	947
ACTB	11923	11979	56	23902
BIRC3	398	454	56	852
RPS7	872	928	56	1800
CAPZB	277	332	55	609
CBX6	133	188	55	321
NAP1L1	877	932	55	1809
ARF1	271	325	54	596
DDX17	277	330	53	607
SORL1	563	616	53	1179
IFI16	456	508	52	964
MKI67	297	349	52	646
TUBA1B	1250	1302	52	2552
PDIA4	343	393	50	736
PTPN1	150	199	49	349
RPL22	713	762	49	1475
TPM3	553	602	49	1155
HNRNPUL1	304	352	48	656
HSPA9	485	533	48	1018
LDHB	913	961	48	1874
NCKAP1L	329	377	48	706
RPL14	866	914	48	1780
BTG1	423	470	47	893
EIF3A	544	591	47	1135
SFPQ	431	478	47	909
WDR26	155	202	47	357
CCL22	1734	1780	46	3514
PFKP	148	194	46	342
TRIP12	376	422	46	798
ANKHD1-EIF4EBP3	53	97	44	150
MATR3	513	557	44	1070
MYL12B	228	272	44	500
CRYBG1	248	291	43	539
P4HB	678	721	43	1399
BCLAF1	296	338	42	634
FTH1	1277	1319	42	2596
GBF1	112	154	42	266
CD82	338	379	41	717
CNBP	356	397	41	753
CSDE1	928	969	41	1897
RPL18A	729	770	41	1499
SLC16A1	77	118	41	195
ZNF292	138	178	40	316
ATXN2L	159	198	39	357
CYBA	87	126	39	213
CYTH1	225	264	39	489
FUS	265	304	39	569
HCFC1	121	160	39	281
CFLAR	325	363	38	688
MBNL1	567	605	38	1172
NUP188	103	141	38	244
PTPA	120	158	38	278
RPL26	979	1017	38	1996
RPL29	854	892	38	1746
SRGN	1274	1312	38	2586
AP3B1	108	145	37	253
EIF2S3	394	431	37	825
EZR	487	524	37	1011
GRK5	39	76	37	115
HERPUD1	370	407	37	777
HLA-DQA1	992	1029	37	2021
PNRC2	174	211	37	385
RPL17-C18orf32	55	92	37	147
OXA1L	174	210	36	384
SMARCC1	253	289	36	542
TLK1	206	242	36	448
AHCY	122	157	35	279
CAMSAP2	39	74	35	113
G3BP2	261	296	35	557
HSPA4	235	270	35	505
IFI35	77	112	35	189
KLC1	64	99	35	163
MDM2	334	369	35	703
OAS1	249	284	35	533
PARK7	198	233	35	431
PARVB	224	259	35	483
RPL13A	2033	2068	35	4101
RPS26	549	584	35	1133
SON	520	555	35	1075
SRP72	189	224	35	413
UBA1	384	419	35	803
UQCRB	138	173	35	311
ALDOC	174	208	34	382
CELF1	130	164	34	294
KPNA4	117	151	34	268
MAN2B1	196	230	34	426
PAPOLA	231	265	34	496
RPL31	739	773	34	1512
ARCN1	272	305	33	577
ARPC5	342	375	33	717
ATF5	159	192	33	351
CCT4	238	271	33	509
HNRNPC	721	754	33	1475
RIN3	86	119	33	205
SUB1	248	281	33	529
TUBA4A	144	177	33	321
ZNF207	214	247	33	461
AGPAT3	156	188	32	344
ARHGAP35	85	117	32	202
ATXN7L3B	76	108	32	184
CAD	87	119	32	206
CIITA	124	156	32	280
FAM107B	186	218	32	404
GSDME	92	124	32	216
IFI30	354	386	32	740
MKNK2	642	674	32	1316
NCAPD2	217	249	32	466
NONO	371	403	32	774
NUP98	126	158	32	284
PBX3	115	147	32	262
PLIN2	148	180	32	328
UBE4A	87	119	32	206
ACSL5	63	94	31	157
EIF2AK2	244	275	31	519
MDH2	203	234	31	437
POMP	166	197	31	363
SEC61A1	374	405	31	779
SELENOF	125	156	31	281
TES	71	102	31	173
TMBIM6	481	512	31	993
YWHAQ	330	361	31	691
CALM3	392	422	30	814
CRKL	109	139	30	248
GARS1	263	293	30	556
IGKV4-1	370	400	30	770
IGLV2-14	268	298	30	566
PPP2R5C	106	136	30	242
RAC2	514	544	30	1058
RFTN1	275	305	30	580
SEMA4D	164	194	30	358
TASOR2	68	98	30	166
THRAP3	242	272	30	514
TMF1	86	116	30	202
UBR5	593	623	30	1216
VDAC1	410	440	30	850
AKT1	74	103	29	177
APH1A	119	148	29	267
ARF3	229	258	29	487
BAG6	74	103	29	177
CCNA2	87	116	29	203
DBI	194	223	29	417
DTX3L	116	145	29	261
FBH1	73	102	29	175
HSPH1	187	216	29	403
IRF8	139	168	29	307
LRRC58	121	150	29	271
LRRC75A	129	158	29	287
MT-CO3	793	822	29	1615
NDUFS2	88	117	29	205
NUMA1	176	205	29	381
RPL12	646	675	29	1321
STAG1	62	91	29	153
TXNRD1	95	124	29	219
UGP2	101	130	29	231
CSK	208	236	28	444
DTL	72	100	28	172
EIF2D	39	67	28	106
EWSR1	221	249	28	470
HLA-DRB1	645	673	28	1318
HNRNPH1	361	389	28	750
IMMT	150	178	28	328
RAD50	71	99	28	170
RNASET2	159	187	28	346
SSR1	328	356	28	684
TCEA1	292	320	28	612
ARL5A	105	132	27	237
C17orf49	47	74	27	121
CCDC50	179	206	27	385
CDS2	81	108	27	189
CEPT1	53	80	27	133
CHTF8	77	104	27	181
CPSF2	145	172	27	317
DDX39A	74	101	27	175
EIF4A2	153	180	27	333
KDM3A	69	96	27	165
NOTCH1	44	71	27	115
PGM1	93	120	27	213
PIK3AP1	235	262	27	497
PRDX5	90	117	27	207
RCSD1	202	229	27	431
REEP5	75	102	27	177
RNMT	98	125	27	223
RPL3	2347	2374	27	4721
RPS15	278	305	27	583
RPS28	221	248	27	469
SRRT	102	129	27	231
UBE2E1	156	183	27	339
WASF2	313	340	27	653
AIMP1	55	81	26	136
API5	199	225	26	424
CAPRIN1	356	382	26	738
DUSP4	437	463	26	900
ENO2	92	118	26	210
GLUD1	158	184	26	342
IPO8	64	90	26	154
KCTD20	221	247	26	468
MDFIC	248	274	26	522
OSBPL9	183	209	26	392
PIK3CD	210	236	26	446
PSMA7	158	184	26	342
RAD23A	90	116	26	206
RIC8A	75	101	26	176
RTRAF	184	210	26	394
SPPL2A	72	98	26	170
TRIM25	185	211	26	396
UFM1	88	114	26	202
XRN2	148	174	26	322
YBX1	712	738	26	1450
AFF1	251	276	25	527
ASAH1	118	143	25	261
BTK	129	154	25	283
EFTUD2	127	152	25	279
EIF2B5	45	70	25	115
EIF4H	417	442	25	859
GPN1	40	65	25	105
IGLL5	72	97	25	169
KARS1	179	204	25	383
LARP1	292	317	25	609
NSF	60	85	25	145
PIP4K2A	238	263	25	501
PPP1R15A	96	121	25	217
PRR11	77	102	25	179
RPL23A	786	811	25	1597
RPLP2	597	622	25	1219
RPS19	945	970	25	1915
SEM1	67	92	25	159
SLC35E1	47	72	25	119
SMC1A	295	320	25	615
TMED2	272	297	25	569
TMED9	158	183	25	341
TNFRSF8	67	92	25	159
UQCRH	131	156	25	287
WARS1	854	879	25	1733
ADSL	85	109	24	194
ATP5PO	168	192	24	360
DDX6	316	340	24	656
G3BP1	339	363	24	702
GNL3L	50	74	24	124
IQSEC1	122	146	24	268
MAP4K2	56	80	24	136
MT-ND4L	75	99	24	174
NT5C3A	113	137	24	250
PREX1	235	259	24	494
RAB3GAP1	103	127	24	230
TLE5	301	325	24	626
TOP2B	196	220	24	416
TRIM28	237	261	24	498
UBE2J1	587	611	24	1198
ADH5	88	111	23	199
AGL	82	105	23	187
CASP7	66	89	23	155
DNAJA1	277	300	23	577
EIF2A	181	204	23	385
EIF3H	300	323	23	623
FERMT3	151	174	23	325
HDGF	221	244	23	465
ILF3	284	307	23	591
IREB2	127	150	23	277
LPXN	320	343	23	663
PSMD7	125	148	23	273
PTPRCAP	109	132	23	241
RBM33	74	97	23	171
SMARCA4	93	116	23	209
SNRNP70	91	114	23	205
STRBP	84	107	23	191
SUPT5H	171	194	23	365
TBL1XR1	148	171	23	319
TMCC3	56	79	23	135
UBA52	350	373	23	723
ACAP2	135	157	22	292
ADRM1	57	79	22	136
ARHGAP45	145	167	22	312
ATF4	241	263	22	504
BZW1	435	457	22	892
COPS2	117	139	22	256
DERL1	112	134	22	246
DUSP22	83	105	22	188
EHBP1L1	80	102	22	182
EIF3J	83	105	22	188
HLA-DQB1	848	870	22	1718
IVD	40	62	22	102
LARP4	87	109	22	196
MRPS16	83	105	22	188
NDUFB8	70	92	22	162
NPLOC4	254	276	22	530
PDXK	75	97	22	172
PGD	130	152	22	282
PLCG2	275	297	22	572
PPP1R12A	134	156	22	290
PRDX3	208	230	22	438
PSME3	148	170	22	318
RRAGA	42	64	22	106
SEC24C	195	217	22	412
SKAP2	102	124	22	226
SMARCD2	67	89	22	156
SNRPD1	71	93	22	164
SPEN	108	130	22	238
STK38L	125	147	22	272
TRABD	42	64	22	106
YWHAZ	882	904	22	1786
ABCE1	206	227	21	433
ACADVL	163	184	21	347
ARID1B	72	93	21	165
ARID5B	40	61	21	101
CCNI	371	392	21	763
CD48	545	566	21	1111
CNPPD1	44	65	21	109
DHFR	85	106	21	191
DNMT1	137	158	21	295
DST	286	307	21	593
EIF2S1	131	152	21	283
EIF3B	232	253	21	485
FKBP1A	250	271	21	521
GPSM3	81	102	21	183
HMMR	63	84	21	147
IFIT3	162	183	21	345
IPCEF1	109	130	21	239
KXD1	48	69	21	117
LRPPRC	351	372	21	723
MLLT1	43	64	21	107
MSH6	105	126	21	231
MT-ND5	412	433	21	845
MTA2	155	176	21	331
OGT	144	165	21	309
PAK1	159	180	21	339
POU2AF1	493	514	21	1007
RABGAP1L	169	190	21	359
RPL22L1	138	159	21	297
SCD	242	263	21	505
SLC39A8	111	132	21	243
SLC7A6	63	84	21	147
SRSF2	272	293	21	565
TLE3	113	134	21	247
TMBIM1	51	72	21	123
UBA3	60	81	21	141
UBR7	113	134	21	247
UHMK1	293	314	21	607
WNK1	449	470	21	919
YKT6	86	107	21	193
AGGF1	49	69	20	118
AIP	44	64	20	108
ANP32A	182	202	20	384
ATP6V0A1	69	89	20	158
BNIP3	101	121	20	222
CCT6A	327	347	20	674
CNP	75	95	20	170
CUTA	44	64	20	108
EIF2AK1	161	181	20	342
GNB2	100	120	20	220
IL32	90	110	20	200
KDM3B	114	134	20	248
LGALS9	160	180	20	340
LUC7L2	80	100	20	180
MAP2K1	153	173	20	326
MED14	94	114	20	208
NCL	986	1006	20	1992
NOP53	253	273	20	526
NRAS	247	267	20	514
PAG1	97	117	20	214
PAPSS1	57	77	20	134
PGAM1	1096	1116	20	2212
PI4K2B	163	183	20	346
PI4KB	72	92	20	164
PLD1	43	63	20	106
PTTG1IP	66	86	20	152
RAPGEF6	62	82	20	144
RECQL	146	166	20	312
RPL11	1053	1073	20	2126
RTN4	172	192	20	364
SEC13	71	91	20	162
SELENOH	56	76	20	132
SLC30A5	54	74	20	128
SND1	512	532	20	1044
SYNPO	109	129	20	238
TNPO2	55	75	20	130
TOMM40	69	89	20	158
TRPC4AP	76	96	20	172
AGO2	121	140	19	261
ATN1	73	92	19	165
BAP1	48	67	19	115
CCR7	92	111	19	203
CD27	69	88	19	157
CD80	58	77	19	135
CDC5L	72	91	19	163
CNOT7	106	125	19	231
CTNNB1	188	207	19	395
CTPS1	68	87	19	155
DENND4A	173	192	19	365
DNAJB6	76	95	19	171
EIF5	236	255	19	491
GCN1	195	214	19	409
HIPK3	121	140	19	261
HMGB1	377	396	19	773
IDH2	153	172	19	325
LIMK1	96	115	19	211
LITAF	275	294	19	569
MAP2K4	50	69	19	119
NDUFB9	52	71	19	123
NUB1	130	149	19	279
PDIA3	555	574	19	1129
PLAA	58	77	19	135
POLR3A	45	64	19	109
PPIB	411	430	19	841
PTDSS1	168	187	19	355
RPL27	667	686	19	1353
RPL28	615	634	19	1249
RTN3	87	106	19	193
RUBCN	99	118	19	217
SCARB2	108	127	19	235
SEPTIN6	396	415	19	811
SKA2	59	78	19	137
SNX17	125	144	19	269
SUMO1	112	131	19	243
TCF4	165	184	19	349
TIMM17A	76	95	19	171
TSC2	42	61	19	103
TUBB4B	168	187	19	355
USP5	87	106	19	193
AFF4	68	86	18	154
ANKIB1	103	121	18	224
ANKRD12	62	80	18	142
ANKRD52	99	117	18	216
ANXA11	241	259	18	500
ARPP19	279	297	18	576
ASNS	91	109	18	200
BNIP2	123	141	18	264
CD164	548	566	18	1114
CDC6	55	73	18	128
CHP1	64	82	18	146
CREBL2	43	61	18	104
CSNK2A2	145	163	18	308
CYBB	184	202	18	386
DDB1	362	380	18	742
DESI1	66	84	18	150
DHX8	66	84	18	150
EHD1	273	291	18	564
ELF4	68	86	18	154
GNAI2	290	308	18	598
GOLGA3	92	110	18	202
GRHPR	196	214	18	410
H2AZ1	319	337	18	656
HDAC1	207	225	18	432
ILRUN	323	341	18	664
INPP4A	70	88	18	158
IRF5	111	129	18	240
ITGA1	99	117	18	216
KDM5A	112	130	18	242
KIF5B	201	219	18	420
LRRC41	76	94	18	170
MACROD2	110	128	18	238
MANEA	84	102	18	186
MAP3K20	53	71	18	124
MPZL1	51	69	18	120
MRPL35	41	59	18	100
MTHFD1L	48	66	18	114
NIPA1	51	69	18	120
PCM1	247	265	18	512
PTBP2	52	70	18	122
RBBP6	95	113	18	208
RBM22	53	71	18	124
RPLP1	1341	1359	18	2700
RRBP1	134	152	18	286
SEC61B	151	169	18	320
SYVN1	105	123	18	228
TACC1	601	619	18	1220
TBK1	60	78	18	138
TMCO1	72	90	18	162
TMSB4XP6	428	446	18	874
TRANK1	92	110	18	202
USP15	125	143	18	268
VPS26C	91	109	18	200
WAS	51	69	18	120
XIAP	59	77	18	136
ADSS2	55	72	17	127
ATP5MC3	254	271	17	525
BOP1	48	65	17	113
CCT7	277	294	17	571
CHST2	77	94	17	171
CNR1	70	87	17	157
CREB3L2	215	232	17	447
DARS1	187	204	17	391
DDHD1	80	97	17	177
ELK1	58	75	17	133
ERCC3	42	59	17	101
FAF2	103	120	17	223
FIP1L1	74	91	17	165
FSD1L	78	95	17	173
IL2RB	231	248	17	479
ITGB7	243	260	17	503
LIPA	87	104	17	191
METAP1	63	80	17	143
MOB3A	388	405	17	793
MRPL49	54	71	17	125
NACC1	67	84	17	151
NEMF	45	62	17	107
NOC2L	72	89	17	161
NUDT21	185	202	17	387
OPTN	100	117	17	217
PAM	58	75	17	133
PHF6	88	105	17	193
PLOD1	55	72	17	127
PTMA	1405	1422	17	2827
RPL7	1419	1436	17	2855
SPAST	43	60	17	103
SSBP3	44	61	17	105
SYNE3	86	103	17	189
TEX261	60	77	17	137
TM9SF4	61	78	17	139
TMEM154	70	87	17	157
TPT1	2854	2871	17	5725
UBE2V1	149	166	17	315
USP1	132	149	17	281
ARHGAP21	59	75	16	134
ARNT	96	112	16	208
ATF7IP	115	131	16	246
ATP11B	168	184	16	352
AURKA	44	60	16	104
CDK5RAP2	68	84	16	152
CEP250	61	77	16	138
CPEB4	125	141	16	266
DDX47	69	85	16	154
DUT	99	115	16	214
ENY2	54	70	16	124
GALNT2	159	175	16	334
GART	98	114	16	212
GCC2	59	75	16	134
GNG2	98	114	16	212
GTPBP4	128	144	16	272
HIF1AN	73	89	16	162
HSPA13	72	88	16	160
ITM2A	53	69	16	122
MAGT1	171	187	16	358
NDST1	64	80	16	144
NFE2L1	203	219	16	422
ORAI2	118	134	16	252
PDPK1	77	93	16	170
PIP5K1C	45	61	16	106
PRKDC	398	414	16	812
RAB1A	130	146	16	276
RPRD2	50	66	16	116
SDHB	67	83	16	150
SH3KBP1	314	330	16	644
TMEM43	43	59	16	102
UBAP1	69	85	16	154
UBE3C	113	129	16	242
USP14	135	151	16	286
VEZT	86	102	16	188
ADAM10	146	161	15	307
ANKRD44	133	148	15	281
AP1S2	117	132	15	249
APEH	70	85	15	155
ARHGEF12	112	127	15	239
ARMCX3	62	77	15	139
ATG13	90	105	15	195
BOD1L1	85	100	15	185
BUB1B	82	97	15	179
CDK2AP1	56	71	15	127
CERS6	236	251	15	487
CHURC1	60	75	15	135
CLCN3	47	62	15	109
COPS4	53	68	15	121
CTSS	252	267	15	519
DBNL	150	165	15	315
DCUN1D1	62	77	15	139
DHX36	69	84	15	153
DNTTIP2	87	102	15	189
EIF4EBP2	170	185	15	355
ELP2	81	96	15	177
EMB	43	58	15	101
FLNA	615	630	15	1245
GEMIN4	44	59	15	103
GTF2F1	76	91	15	167
HADHB	106	121	15	227
HMGCR	124	139	15	263
HP1BP3	123	138	15	261
IFI44	105	120	15	225
IGBP1	72	87	15	159
IL2RG	304	319	15	623
KIAA0040	76	91	15	167
LARS1	122	137	15	259
LASP1	274	289	15	563
MED15	54	69	15	123
METAP2	130	145	15	275
MFN1	106	121	15	227
MRPS18B	45	60	15	105
NHLRC2	58	73	15	131
POR	47	62	15	109
PPP6R3	159	174	15	333
PRPF8	133	148	15	281
PTCD3	61	76	15	137
PTPN12	52	67	15	119
RARS1	97	112	15	209
RBM42	46	61	15	107
RPL24	522	537	15	1059
RSU1	69	84	15	153
SEC22B	141	156	15	297
SF3B3	265	280	15	545
SH3GLB1	147	162	15	309
SLC35A4	107	122	15	229
SNX11	87	102	15	189
TAF2	69	84	15	153
TALDO1	118	133	15	251
TCERG1	84	99	15	183
TRAPPC1	59	74	15	133
TSC22D4	58	73	15	131
TXN	166	181	15	347
UBA2	174	189	15	363
YWHAH	116	131	15	247
ZHX1	51	66	15	117
ANAPC16	92	106	14	198
ARHGEF18	56	70	14	126
ATXN1	74	88	14	162
BCL10	46	60	14	106
BIRC6	264	278	14	542
CASP4	45	59	14	104
CELF2	153	167	14	320
DMXL1	109	123	14	232
DNAJC7	115	129	14	244
DOT1L	89	103	14	192
ELF1	184	198	14	382
ENDOD1	88	102	14	190
EPS15	364	378	14	742
ERGIC1	146	160	14	306
EXOC3	59	73	14	132
FANCI	121	135	14	256
GPX4	133	147	14	280
GUCY1B1	88	102	14	190
HAX1	57	71	14	128
ICE1	75	89	14	164
KIF11	120	134	14	254
KPNA3	136	150	14	286
MAZ	121	135	14	256
MDC1	64	78	14	142
MFF	79	93	14	172
MRPL15	44	58	14	102
MRPS30	43	57	14	100
NAE1	48	62	14	110
NDUFA4	113	127	14	240
NDUFV2	125	139	14	264
NFX1	65	79	14	144
ORMDL3	100	114	14	214
PARD3	82	96	14	178
PCBP1	492	506	14	998
PLAC8	247	261	14	508
PML	71	85	14	156
POLD2	63	77	14	140
PPP1R7	53	67	14	120
PPP1R8	50	64	14	114
PSMD12	68	82	14	150
RAB18	51	65	14	116
RALGAPA2	43	57	14	100
RBM34	47	61	14	108
RPL18	577	591	14	1168
SARNP	49	63	14	112
SBF1	92	106	14	198
SIKE1	51	65	14	116
SMG5	115	129	14	244
TATDN2	87	101	14	188
TMC8	79	93	14	172
TMEM245	91	105	14	196
TRIM22	199	213	14	412
TSNAX	75	89	14	164
UBE2D3	347	361	14	708
UBP1	86	100	14	186
UFC1	83	97	14	180
UQCRC1	108	122	14	230
UTP4	55	69	14	124
WSB1	82	96	14	178
ZNF146	90	104	14	194
AGRN	70	83	13	153
AKAP11	171	184	13	355
BMI1	113	126	13	239
CAMK1D	60	73	13	133
CAMK4	68	81	13	149
CDK13	71	84	13	155
COX5A	150	163	13	313
CSNK1D	104	117	13	221
CYB5R4	63	76	13	139
DAPK1	112	125	13	237
DBF4	57	70	13	127
DCAF8	57	70	13	127
EIF3G	91	104	13	195
ERGIC2	53	66	13	119
ERO1A	147	160	13	307
FCMR	165	178	13	343
FEM1C	56	69	13	125
FKBP15	50	63	13	113
FOXJ3	74	87	13	161
GNA12	49	62	13	111
GNL2	74	87	13	161
GUCD1	98	111	13	209
HARS1	73	86	13	159
KEAP1	49	62	13	111
KIF21A	91	104	13	195
LAMP2	132	145	13	277
LRPAP1	53	66	13	119
MANF	118	131	13	249
MARK3	58	71	13	129
MFNG	66	79	13	145
MRPS15	48	61	13	109
MRS2	49	62	13	111
NDUFB5	73	86	13	159
NT5DC1	128	141	13	269
NUCB2	49	62	13	111
OTUD4	80	93	13	173
PDS5A	242	255	13	497
PIK3R3	89	102	13	191
PLEKHM2	62	75	13	137
POGK	51	64	13	115
POU2F2	148	161	13	309
RAC1	167	180	13	347
RBM5	75	88	13	163
RETREG2	56	69	13	125
RIMOC1	47	60	13	107
RNF111	58	71	13	129
SPTAN1	242	255	13	497
TBC1D9B	93	106	13	199
TCOF1	73	86	13	159
TERF2IP	106	119	13	225
THOC3	45	58	13	103
TMA7	64	77	13	141
TMEM167B	48	61	13	109
TOP1	297	310	13	607
TRAPPC11	46	59	13	105
UBE2A	60	73	13	133
VDAC3	144	157	13	301
VPS13A	69	82	13	151
WASHC2C	83	96	13	179
YTHDF3	103	116	13	219
ZKSCAN1	62	75	13	137
ACBD3	69	81	12	150
AFDN	67	79	12	146
ARL8B	119	131	12	250
ARPC1B	351	363	12	714
ATAD1	111	123	12	234
ATAD2	118	130	12	248
ATP10D	60	72	12	132
BANF1	69	81	12	150
BAX	73	85	12	158
BCKDK	48	60	12	108
BID	56	68	12	124
CCNB2	66	78	12	144
CD58	50	62	12	112
CKAP2	96	108	12	204
CKAP4	98	110	12	208
CLTC	766	778	12	1544
CMPK1	348	360	12	708
CNOT6	75	87	12	162
CPOX	125	137	12	262
DAZAP1	99	111	12	210
DCAF13	63	75	12	138
DDX19B	44	56	12	100
DHX37	47	59	12	106
DSE	79	91	12	170
DYNC1H1	264	276	12	540
EI24	60	72	12	132
EPSTI1	56	68	12	124
FTO	51	63	12	114
FTSJ3	76	88	12	164
GAK	66	78	12	144
GANAB	219	231	12	450
GNPAT	70	82	12	152
HAUS4	49	61	12	110
HIC1	61	73	12	134
IGF2R	213	225	12	438
INTS1	70	82	12	152
KIF13B	62	74	12	136
MAB21L3	45	57	12	102
MADD	60	72	12	132
MAP3K7	48	60	12	108
MCCC1	49	61	12	110
ME2	103	115	12	218
MMS19	48	60	12	108
MSI2	116	128	12	244
MTF2	59	71	12	130
MYDGF	75	87	12	162
MZB1	122	134	12	256
NOMO2	201	213	12	414
PAFAH1B1	195	207	12	402
PAFAH1B2	88	100	12	188
PBXIP1	75	87	12	162
PDXDC1	101	113	12	214
PEX26	104	116	12	220
PHF3	133	145	12	278
PIP5K1A	94	106	12	200
PPIA	1197	1209	12	2406
PPIP5K2	79	91	12	170
PPP4R3A	149	161	12	310
PSMD4	103	115	12	218
PURB	86	98	12	184
RAD21	316	328	12	644
RALGAPB	86	98	12	184
REPS1	47	59	12	106
RERE	113	125	12	238
RPL10P9	44	56	12	100
RSL1D1	258	270	12	528
SCARB1	106	118	12	224
SEC11A	94	106	12	200
SET	663	675	12	1338
SF1	262	274	12	536
SH3BGRL	226	238	12	464
SLC1A4	193	205	12	398
SLC2A5	157	169	12	326
SLC44A2	112	124	12	236
SMCHD1	210	222	12	432
SNRPA1	53	65	12	118
SOX4	47	59	12	106
SP110	125	137	12	262
SPN	233	245	12	478
SRP54	136	148	12	284
SRPK1	98	110	12	208
SRPK2	58	70	12	128
STK17B	96	108	12	204
STK40	72	84	12	156
TANK	126	138	12	264
TIMM23	72	84	12	156
TMED4	44	56	12	100
TMEM167A	72	84	12	156
TNFAIP3	380	392	12	772
TRPV2	77	89	12	166
TXLNA	117	129	12	246
TXNL1	91	103	12	194
UBA7	50	62	12	112
UGT2B17	161	173	12	334
UTP6	44	56	12	100
ZSWIM8	51	63	12	114
ARMH3	54	65	11	119
ASMTL	57	68	11	125
AURKAIP1	47	58	11	105
BASP1	71	82	11	153
BIRC5	58	69	11	127
BLNK	175	186	11	361
BRD4	97	108	11	205
C6orf89	82	93	11	175
CALCOCO2	72	83	11	155
CCNY	66	77	11	143
CDK2	70	81	11	151
CFAP97	104	115	11	219
CHPF	50	61	11	111
CLEC17A	136	147	11	283
COMMD3	55	66	11	121
COPS3	67	78	11	145
COX6B1	90	101	11	191
DAP	181	192	11	373
EIF4G2	1257	1268	11	2525
EP400	65	76	11	141
ERP29	126	137	11	263
ESYT2	50	61	11	111
ETF1	247	258	11	505
FBXO7	121	132	11	253
FGFR1OP2	65	76	11	141
GTF2I	303	314	11	617
HNRNPM	314	325	11	639
IL6ST	95	106	11	201
JAK1	162	173	11	335
LAMP1	117	128	11	245
MAP2K2	105	116	11	221
MAP3K5	153	164	11	317
MAT2B	133	144	11	277
MAX	49	60	11	109
MFHAS1	67	78	11	145
MS4A1	588	599	11	1187
NFAT5	100	111	11	211
NFATC3	87	98	11	185
NNT	116	127	11	243
NOP56	119	130	11	249
PABPN1	119	130	11	249
PARP9	102	113	11	215
PEX19	50	61	11	111
PIK3R1	137	148	11	285
PIP4K2B	49	60	11	109
POLR2M	61	72	11	133
PPP1R15B	141	152	11	293
RAB5IF	57	68	11	125
RAF1	107	118	11	225
RIPOR2	69	80	11	149
RPL37	704	715	11	1419
RRP1B	76	87	11	163
SEL1L	299	310	11	609
SERF2	208	219	11	427
SERINC1	115	126	11	241
SLAIN2	74	85	11	159
SYNE1	60	71	11	131
THUMPD1	92	103	11	195
TIA1	55	66	11	121
TMED8	139	150	11	289
TMEM87B	45	56	11	101
UBXN6	46	57	11	103
VPS35	121	132	11	253
YIPF5	50	61	11	111
YWHAB	386	397	11	783
ADPRH	77	87	10	164
AHSA1	97	107	10	204
AKAP17A	46	56	10	102
CMIP	49	59	10	108
CMTM6	145	155	10	300
CNDP2	183	193	10	376
CNOT9	123	133	10	256
CSNK1A1	179	189	10	368
ESYT1	153	163	10	316
FADS2	197	207	10	404
FAM111A	92	102	10	194
FARP2	59	69	10	128
FKBP3	77	87	10	164
GOPC	52	62	10	114
GRK3	102	112	10	214
GTF2A2	48	58	10	106
HELZ	62	72	10	134
HERC4	59	69	10	128
HIVEP2	53	63	10	116
HPS1	61	71	10	132
ICMT	65	75	10	140
IGKV3D-20	289	299	10	588
IKZF1	57	67	10	124
IL10RA	62	72	10	134
INPPL1	90	100	10	190
IQGAP2	167	177	10	344
JPT1	85	95	10	180
KYNU	114	124	10	238
LBR	188	198	10	386
LDLR	62	72	10	134
MAP7D1	80	90	10	170
MBTPS1	57	67	10	124
MR1	82	92	10	174
MYO6	155	165	10	320
NCF1C	88	98	10	186
NOLC1	158	168	10	326
NUP214	75	85	10	160
PANK3	171	181	10	352
PDK3	120	130	10	250
PIK3R4	45	55	10	100
PPP4R1	50	60	10	110
PPTC7	116	126	10	242
PRR14L	64	74	10	138
PSMC1	125	135	10	260
RACGAP1	68	78	10	146
RFX7	63	73	10	136
RNF181	46	56	10	102
RPRD1B	49	59	10	108
SCAF11	195	205	10	400
SFMBT2	71	81	10	152
SFT2D1	51	61	10	112
SFXN1	116	126	10	242
SLC35C2	46	56	10	102
SLC7A11	75	85	10	160
SMAD1	59	69	10	128
SRSF1	346	356	10	702
TAB3	46	56	10	102
TFDP1	169	179	10	348
TMEM170B	49	59	10	108
TMEM248	106	116	10	222
TNFRSF13B	151	161	10	312
UBA6	112	122	10	234
UBE2G1	170	180	10	350
VASP	198	208	10	406
VBP1	85	95	10	180
VMA21	50	60	10	110
VTI1B	70	80	10	150
WDR91	75	85	10	160
WEE1	45	55	10	100
WTAP	80	90	10	170
ZBTB11	61	71	10	132
ZMYM4	76	86	10	162
ZNF609	109	119	10	228
ZRANB2	85	95	10	180
AIM2	51	60	9	111
ANKLE2	79	88	9	167
ARIH1	86	95	9	181
ARPC3	259	268	9	527
ASXL2	52	61	9	113
ATP6AP2	97	106	9	203
B4GALT6	96	105	9	201
BLTP3A	79	88	9	167
C7orf50	82	91	9	173
CCNC	127	136	9	263
CDC42BPA	56	65	9	121
CDC42SE1	130	139	9	269
CHCHD3	94	103	9	197
CHDH	79	88	9	167
CPNE1	81	90	9	171
DDOST	272	281	9	553
DHTKD1	59	68	9	127
DOCK2	332	341	9	673
ECT2	52	61	9	113
EIF1AX	269	278	9	547
EPB41L2	135	144	9	279
ERN1	51	60	9	111
ETFA	193	202	9	395
FAM168B	184	193	9	377
FARSB	66	75	9	141
FBXO33	47	56	9	103
FBXO38	47	56	9	103
GBP2	144	153	9	297
GLE1	57	66	9	123
H1-2	74	83	9	157
HSPD1	770	779	9	1549
ITPRID2	67	76	9	143
KMT2E	122	131	9	253
LMAN2	112	121	9	233
LNPEP	339	348	9	687
MBNL3	54	63	9	117
NADK	54	63	9	117
NCALD	52	61	9	113
NEPRO	59	68	9	127
NR3C1	339	348	9	687
OGDH	104	113	9	217
OSTC	91	100	9	191
POLDIP2	108	117	9	225
POLE	56	65	9	121
POP1	53	62	9	115
PRP4K	107	116	9	223
PSMA6	186	195	9	381
PSMD6	87	96	9	183
QRICH1	62	71	9	133
RAB11A	162	171	9	333
RAB2A	58	67	9	125
RAB7A	195	204	9	399
RER1	52	61	9	113
RPA2	59	68	9	127
RPL21	1032	1041	9	2073
RPL41	1244	1253	9	2497
SDHD	97	106	9	203
SF3A3	120	129	9	249
SGPP2	175	184	9	359
SIPA1L1	122	131	9	253
SLC12A2	123	132	9	255
SLC25A44	55	64	9	119
SMAD2	101	110	9	211
SMC6	48	57	9	105
SQSTM1	170	179	9	349
SRF	67	76	9	143
STAP1	56	65	9	121
STK10	145	154	9	299
TAF1D	63	72	9	135
TGFB1	126	135	9	261
TGFBRAP1	49	58	9	107
TNPO3	182	191	9	373
TP53INP1	49	58	9	107
TPI1	936	945	9	1881
UBN1	67	76	9	143
UNC119B	86	95	9	181
USF2	80	89	9	169
UTRN	87	96	9	183
UXT	60	69	9	129
YPEL5	57	66	9	123
ABRACL	90	98	8	188
AEBP2	51	59	8	110
AGO1	78	86	8	164
ANXA5	226	234	8	460
ANXA7	189	197	8	386
ATP1B1	104	112	8	216
ATP5MG	147	155	8	302
BAZ2A	221	229	8	450
BHLHE40	99	107	8	206
BRAF	90	98	8	188
C1QBP	196	204	8	400
CBL	105	113	8	218
CEP350	125	133	8	258
CHMP4B	117	125	8	242
CKS1B	50	58	8	108
CLIP1	55	63	8	118
CNOT2	70	78	8	148
CPSF3	87	95	8	182
CTSB	70	78	8	148
CTSD	64	72	8	136
CYBC1	65	73	8	138
DCAF12	101	109	8	210
DDX54	74	82	8	156
DENR	135	143	8	278
DPM1	46	54	8	100
DPP3	85	93	8	178
EIF4E2	77	85	8	162
EMC2	47	55	8	102
FIBP	53	61	8	114
FMR1	61	69	8	130
GDI1	59	67	8	126
HSD17B4	67	75	8	142
IPO7	114	122	8	236
JPT2	86	94	8	180
KIAA0319L	49	57	8	106
KIF1C	124	132	8	256
KIF2A	214	222	8	436
KPNA6	110	118	8	228
MACROH2A1	106	114	8	220
MAN1A1	202	210	8	412
MCPH1	46	54	8	100
MIDEAS	126	134	8	260
MT-CYB	420	428	8	848
MT-ND6	128	136	8	264
MTREX	94	102	8	196
MYADM	56	64	8	120
NAA50	141	149	8	290
NCOA2	135	143	8	278
NELFB	56	64	8	120
NIPBL	140	148	8	288
NMI	54	62	8	116
NT5DC2	54	62	8	116
NUP50	178	186	8	364
PCNP	139	147	8	286
PDCD11	114	122	8	236
PHF8	56	64	8	120
PIKFYVE	105	113	8	218
POLR1A	87	95	8	182
PRPF19	132	140	8	272
PSMB2	175	183	8	358
PSMC6	77	85	8	162
PUS7L	46	54	8	100
RFC3	53	61	8	114
RPL10A	761	769	8	1530
RPL39	646	654	8	1300
SC5D	53	61	8	114
SCYL2	88	96	8	184
SEC23B	140	148	8	288
SEL1L3	92	100	8	192
SIPA1L3	65	73	8	138
SLC25A36	94	102	8	196
SLC35E2B	79	87	8	166
SLC38A2	278	286	8	564
SLC5A3	117	125	8	242
SLC9A7	143	151	8	294
SMU1	106	114	8	220
SNX6	104	112	8	216
SPG11	90	98	8	188
SPTBN1	442	450	8	892
ST13	276	284	8	560
STX6	48	56	8	104
TOMM70	125	133	8	258
TRAF1	330	338	8	668
TRIM33	84	92	8	176
TRPM7	104	112	8	216
TUG1	154	162	8	316
UBE3A	167	175	8	342
UBE4B	68	76	8	144
UNC13D	66	74	8	140
USP12	119	127	8	246
USP24	80	88	8	168
VKORC1L1	61	69	8	130
WDFY1	157	165	8	322
ZBTB33	55	63	8	118
ZFAND5	144	152	8	296
ACBD6	56	63	7	119
ACIN1	117	124	7	241
ALKBH5	132	139	7	271
ANKRD28	91	98	7	189
AP4E1	47	54	7	101
APOBEC3B	60	67	7	127
ARFGAP3	60	67	7	127
ARHGAP5	49	56	7	105
ATOSA	64	71	7	135
ATP11C	75	82	7	157
ATP1B3	138	145	7	283
ATP2A3	118	125	7	243
ATP5F1C	186	193	7	379
BMAL2	166	173	7	339
BTLA	99	106	7	205
C3orf38	53	60	7	113
CAPNS1	173	180	7	353
CCND2	588	595	7	1183
CCNL1	49	56	7	105
CD274	53	60	7	113
CDC73	58	65	7	123
CDCA5	57	64	7	121
CDK6	380	387	7	767
CLSPN	50	57	7	107
CORO1C	339	346	7	685
COX8A	86	93	7	179
CSNK1G3	60	67	7	127
CSTB	63	70	7	133
CYREN	67	74	7	141
CYS1	65	72	7	137
DEGS1	54	61	7	115
DIS3	138	145	7	283
DNAJC10	128	135	7	263
EDEM3	64	71	7	135
EFR3A	148	155	7	303
EMC10	97	104	7	201
ETV6	87	94	7	181
FAM162A	65	72	7	137
FURIN	59	66	7	125
FUT8	109	116	7	225
GPBP1	122	129	7	251
GRINA	138	145	7	283
GUK1	55	62	7	117
HADHA	303	310	7	613
HECTD1	170	177	7	347
IGLC3	104	111	7	215
IVNS1ABP	100	107	7	207
KDELR2	101	108	7	209
LAMP3	184	191	7	375
LRRK1	104	111	7	215
MSC	109	116	7	225
MTCH1	55	62	7	117
NCBP2	151	158	7	309
NCSTN	98	105	7	203
NUDC	75	82	7	157
OAZ1	496	503	7	999
PA2G4	228	235	7	463
PABPC4	303	310	7	613
PIK3C2A	58	65	7	123
PIP5K1B	61	68	7	129
PKM	2986	2993	7	5979
POLA1	78	85	7	163
PRPF38B	53	60	7	113
PRPF40A	212	219	7	431
PSME3IP1	75	82	7	157
RAB5B	132	139	7	271
RAB8A	144	151	7	295
RALY	154	161	7	315
RB1	287	294	7	581
RPL36AL	179	186	7	365
RRAGC	61	68	7	129
SARAF	117	124	7	241
SCAMP2	86	93	7	179
SCRN1	230	237	7	467
SEC24A	205	212	7	417
SEPTIN11	266	273	7	539
SETD5	128	135	7	263
SLAMF1	242	249	7	491
SLC35D1	57	64	7	121
SMNDC1	59	66	7	125
SORD	66	73	7	139
SSH1	121	128	7	249
STAU1	142	149	7	291
TIPARP	122	129	7	251
TM9SF3	217	224	7	441
TMEM97	56	63	7	119
TNFRSF17	108	115	7	223
TOR1AIP2	55	62	7	117
TRAF3	104	111	7	215
TRIP11	50	57	7	107
TTC9	67	74	7	141
UGGT1	160	167	7	327
ZC3H12D	48	55	7	103
AASDHPPT	78	84	6	162
ACAA2	71	77	6	148
ACOX1	50	56	6	106
ADD1	236	242	6	478
ADPGK	58	64	6	122
AGFG1	149	155	6	304
AMFR	103	109	6	212
ANAPC7	47	53	6	100
ANKRD17	173	179	6	352
ARHGAP1	62	68	6	130
ARHGAP18	54	60	6	114
ATP6V0D1	57	63	6	120
ATP6V1A	153	159	6	312
ATP6V1H	48	54	6	102
B3GNT2	133	139	6	272
BRD7	77	83	6	160
BRK1	126	132	6	258
CACNA1E	81	87	6	168
CCAR2	108	114	6	222
CENPE	53	59	6	112
CHMP5	96	102	6	198
CIC	55	61	6	116
CTBP1	87	93	6	180
CYFIP2	278	284	6	562
DDI2	114	120	6	234
DDX50	58	64	6	122
DDX52	47	53	6	100
DENND1A	52	58	6	110
DENND4B	65	71	6	136
DHCR7	53	59	6	112
DIP2B	100	106	6	206
DOP1A	54	60	6	114
ENC1	50	56	6	106
FCHSD2	131	137	6	268
FNDC3A	142	148	6	290
FOCAD	139	145	6	284
FYTTD1	124	130	6	254
GABARAPL2	67	73	6	140
GNPTAB	141	147	6	288
H3-3A	256	262	6	518
HIGD2A	61	67	6	128
HPRT1	84	90	6	174
ISG20L2	56	62	6	118
KPNA1	72	78	6	150
LAMTOR1	60	66	6	126
LMNB1	153	159	6	312
MAPK1IP1L	154	160	6	314
MCFD2	85	91	6	176
MED12	62	68	6	130
MFSD14B	81	87	6	168
MRPS35	59	65	6	124
MSH2	60	66	6	126
MSMO1	91	97	6	188
MTPN	341	347	6	688
MX2	101	107	6	208
MYO1E	138	144	6	282
NDUFA13	68	74	6	142
NELFCD	64	70	6	134
NLRC5	75	81	6	156
NMD3	106	112	6	218
NOL6	59	65	6	124
NPTN	57	63	6	120
OCIAD1	108	114	6	222
OTULIN	80	86	6	166
PAF1	53	59	6	112
PDAP1	89	95	6	184
PDCD2	57	63	6	120
PDE4B	53	59	6	112
PDK1	124	130	6	254
PNISR	59	65	6	124
PPP2R5E	108	114	6	222
PRKAR2A	57	63	6	120
PTGES3	421	427	6	848
PTPN7	63	69	6	132
RABGEF1	70	76	6	146
RABGGTB	55	61	6	116
REST	60	66	6	126
RETREG3	81	87	6	168
RPS27L	62	68	6	130
SLC43A3	131	137	6	268
SLC7A5	219	225	6	444
SNRPB2	75	81	6	156
SNX2	101	107	6	208
SOCS4	71	77	6	148
SP140	89	95	6	184
SPRING1	61	67	6	128
SRP14	189	195	6	384
SRSF7	112	118	6	230
ST8SIA4	100	106	6	206
STAG2	239	245	6	484
STARD4	144	150	6	294
SUCLA2	53	59	6	112
SYT11	131	137	6	268
TAGLN2	340	346	6	686
TIPRL	57	63	6	120
TNFAIP2	54	60	6	114
TNFRSF10B	108	114	6	222
TWF2	78	84	6	162
UBR1	91	97	6	188
USP19	55	61	6	116
VAPA	137	143	6	280
VPS26A	76	82	6	158
WDR82	161	167	6	328
WDTC1	61	67	6	128
ZFP91	160	166	6	326
ZPR1	52	58	6	110
ACAA1	50	55	5	105
AGK	57	62	5	119
AKIRIN2	70	75	5	145
ATG12	50	55	5	105
ATL3	92	97	5	189
BTBD1	119	124	5	243
C12orf57	84	89	5	173
CCNT1	77	82	5	159
CCT5	281	286	5	567
CEP57	62	67	5	129
CHERP	50	55	5	105
CLINT1	53	58	5	111
COMMD8	54	59	5	113
CREBBP	104	109	5	213
CRIP1	111	116	5	227
CTDSP1	55	60	5	115
DIAPH1	272	277	5	549
EHD4	118	123	5	241
EIF4E	104	109	5	213
EIF4G1	445	450	5	895
ELMO1	127	132	5	259
FNBP1	1011	1016	5	2027
GDE1	58	63	5	121
GID8	83	88	5	171
GUF1	51	56	5	107
HBS1L	99	104	5	203
HK1	200	205	5	405
HMG20A	72	77	5	149
HNRNPA0	189	194	5	383
ICAM1	177	182	5	359
ISG20	119	124	5	243
JADE2	79	84	5	163
KIAA0232	70	75	5	145
KLF10	90	95	5	185
LAMC1	80	85	5	165
MFSD6	86	91	5	177
MINK1	54	59	5	113
MTIF2	49	54	5	103
N4BP2	61	66	5	127
NCAPH	53	58	5	111
NFKB1	238	243	5	481
NFKB2	177	182	5	359
NUP205	199	204	5	403
P2RY10	275	280	5	555
PGM2	52	57	5	109
PHF19	61	66	5	127
PJA2	217	222	5	439
POM121C	112	117	5	229
PPM1B	66	71	5	137
PPP1R2	60	65	5	125
PPP2R1B	66	71	5	137
PRKACB	59	64	5	123
PSMA1	169	174	5	343
PSMD2	255	260	5	515
RAPGEF1	235	240	5	475
RAPGEF2	119	124	5	243
RBM25	140	145	5	285
RBX1	65	70	5	135
RESF1	99	104	5	203
RGL1	49	54	5	103
RLIM	69	74	5	143
RNASEK	67	72	5	139
RNGTT	77	82	5	159
RPS13	693	698	5	1391
SCAF8	71	76	5	147
SEC24D	203	208	5	411
SEC31A	247	252	5	499
SLC30A9	120	125	5	245
SLFN5	341	346	5	687
SLU7	68	73	5	141
SNX25	147	152	5	299
SNX3	102	107	5	209
SPCS1	117	122	5	239
SPCS3	338	343	5	681
SRP19	50	55	5	105
SRSF6	167	172	5	339
SS18	128	133	5	261
SSH2	70	75	5	145
STK26	175	180	5	355
STK35	60	65	5	125
STRN	67	72	5	139
TBC1D10B	48	53	5	101
TIMELESS	52	57	5	109
TM7SF3	69	74	5	143
TNRC6A	56	61	5	117
TOMM22	60	65	5	125
TOR3A	88	93	5	181
TPM4	541	546	5	1087
TRAF4	85	90	5	175
TXLNG	57	62	5	119
TXN2	66	71	5	137
UBE2Q2	53	58	5	111
UCHL1	55	60	5	115
USP39	59	64	5	123
VGLL4	63	68	5	131
VRK1	54	59	5	113
XPO4	63	68	5	131
YLPM1	90	95	5	185
ZBTB1	96	101	5	197
ABHD2	89	93	4	182
ACLY	243	247	4	490
ACTL6A	54	58	4	112
ALCAM	160	164	4	324
ARHGAP30	223	227	4	450
ATP5MC1	56	60	4	116
B4GALT3	53	57	4	110
CALM1	249	253	4	502
CCT2	213	217	4	430
CD52	171	175	4	346
CDK17	59	63	4	122
CDV3	578	582	4	1160
CHD1	86	90	4	176
CLMN	56	60	4	116
CLPTM1	56	60	4	116
COPB1	257	261	4	518
CPNE8	48	52	4	100
DCTN4	60	64	4	124
DRAM2	90	94	4	184
FAM241A	50	54	4	104
FASTKD2	64	68	4	132
FNDC3B	54	58	4	112
FOXK1	55	59	4	114
FOXP4	61	65	4	126
GBP5	54	58	4	112
GOLGA5	49	53	4	102
GRK6	65	69	4	134
GSR	83	87	4	170
GTF2E2	48	52	4	100
HACD3	65	69	4	134
HMGN3	108	112	4	220
HNRNPK	959	963	4	1922
IFIT2	49	53	4	102
INTS7	84	88	4	172
KCTD10	78	82	4	160
KPNA2	254	258	4	512
LRCH3	58	62	4	120
MAN1A2	85	89	4	174
MICOS10	60	64	4	124
MIS18BP1	68	72	4	140
MLLT3	78	82	4	160
MRPS25	50	54	4	104
MYO18A	77	81	4	158
NUP54	56	60	4	116
PARP8	64	68	4	132
PES1	88	92	4	180
PHF20	73	77	4	150
PRR13	125	129	4	254
PSMB10	102	106	4	208
PUM2	215	219	4	434
RAB31	90	94	4	184
RCN1	100	104	4	204
RHOH	85	89	4	174
RIF1	169	173	4	342
RPS17	459	463	4	922
SEC23IP	90	94	4	184
SF3B4	62	66	4	128
SLC38A1	455	459	4	914
SMG1	251	255	4	506
TMED10	309	313	4	622
TOMM6	71	75	4	146
TRA2A	63	67	4	130
TRAK1	59	63	4	122
UBE2B	57	61	4	118
ZC3H14	60	64	4	124
ZC3H4	58	62	4	120
ZFAT	101	105	4	206
ZNF317	52	56	4	108
ZNF451	60	64	4	124
AAGAB	52	55	3	107
ABR	54	57	3	111
ACAT2	101	104	3	205
AGPS	86	89	3	175
AIFM2	51	54	3	105
ANKRD33B	302	305	3	607
ANXA4	93	96	3	189
AP3S1	155	158	3	313
APPBP2	61	64	3	125
ARHGEF2	94	97	3	191
ASPM	78	81	3	159
ATIC	152	155	3	307
ATP6V0E1	163	166	3	329
BCL2L11	56	59	3	115
C21orf91	78	81	3	159
CAB39	231	234	3	465
CCDC97	50	53	3	103
CDKN2C	61	64	3	125
CENPF	123	126	3	249
CHAMP1	75	78	3	153
CHD7	60	63	3	123
CLIP2	104	107	3	211
CLPX	63	66	3	129
CNOT8	60	63	3	123
COPZ1	168	171	3	339
CTSZ	275	278	3	553
CYB5R3	129	132	3	261
CYP1B1	100	103	3	203
DDX27	63	66	3	129
EEIG1	49	52	3	101
EIF3I	236	239	3	475
ELP1	55	58	3	113
FBXL3	74	77	3	151
FKBP8	152	155	3	307
FMNL1	118	121	3	239
GLCCI1	117	120	3	237
GOSR1	73	76	3	149
GRK2	175	178	3	353
GTPBP1	114	117	3	231
H2AZ2	152	155	3	307
HCLS1	293	296	3	589
HEXA	76	79	3	155
HNRNPA2B1	1158	1161	3	2319
IGLC1	84	87	3	171
ITPK1	66	69	3	135
ITPR1	75	78	3	153
JTB	102	105	3	207
KIF3B	73	76	3	149
LATS1	55	58	3	113
MAPK14	71	74	3	145
MCM3AP	100	103	3	203
METTL16	50	53	3	103
MEX3C	60	63	3	123
MTMR6	54	57	3	111
NAGK	96	99	3	195
NIPSNAP1	59	62	3	121
NSD3	76	79	3	155
NUDCD1	49	52	3	101
OTUB1	75	78	3	153
OXTR	68	71	3	139
PDCD4	243	246	3	489
PDCD5	54	57	3	111
PIK3C3	50	53	3	103
PIK3R5	108	111	3	219
PPP6R1	178	181	3	359
PRKX	52	55	3	107
PURA	49	52	3	101
PYCR2	50	53	3	103
RAB8B	179	182	3	361
RANBP9	72	75	3	147
RBL2	54	57	3	111
RBM10	59	62	3	121
RBM4	88	91	3	179
RFWD3	77	80	3	157
RGS1	204	207	3	411
RHBDD1	54	57	3	111
RNF40	75	78	3	153
RNF41	50	53	3	103
SCAF1	55	58	3	113
SCAP	49	52	3	101
SEC16A	129	132	3	261
SEH1L	76	79	3	155
SELENOS	54	57	3	111
SENP5	64	67	3	131
SHISA5	76	79	3	155
SLC30A6	60	63	3	123
SLC39A6	91	94	3	185
SMARCD1	108	111	3	219
SMC4	233	236	3	469
SNX4	90	93	3	183
SNX9	58	61	3	119
SRPRB	65	68	3	133
STARD7	319	322	3	641
STAT6	191	194	3	385
STIM1	78	81	3	159
TASL	74	77	3	151
TK1	63	66	3	129
TLR10	104	107	3	211
TMX2	59	62	3	121
TSPAN3	63	66	3	129
TXNDC5	787	790	3	1577
UBE2S	69	72	3	141
UBR3	69	72	3	141
UTP18	51	54	3	105
VAMP7	63	66	3	129
VCPIP1	61	64	3	125
XPR1	81	84	3	165
ZBED6	70	73	3	143
ZC3H18	52	55	3	107
ZFP36	60	63	3	123
ZNF655	61	64	3	125
ZNF706	68	71	3	139
ADK	65	67	2	132
AP3D1	138	140	2	278
AP5M1	66	68	2	134
ARFGEF1	77	79	2	156
ATP6V1B2	97	99	2	196
AUP1	95	97	2	192
BBX	111	113	2	224
BRI3BP	95	97	2	192
BTN3A2	159	161	2	320
CAMKK2	53	55	2	108
CARS1	61	63	2	124
CASC3	87	89	2	176
CBX1	99	101	2	200
CD63	103	105	2	208
CD86	62	64	2	126
CERK	64	66	2	130
CHD3	160	162	2	322
CISD2	54	56	2	110
CMAS	53	55	2	108
CTSC	238	240	2	478
CUL5	71	73	2	144
DAPP1	61	63	2	124
DCAF1	80	82	2	162
DCTD	83	85	2	168
DDB2	50	52	2	102
DDX23	115	117	2	232
DDX46	130	132	2	262
DRAM1	94	96	2	190
ENTPD1	368	370	2	738
EP300	123	125	2	248
ERH	149	151	2	300
ERP44	132	134	2	266
FAM3C	93	95	2	188
FCER2	274	276	2	550
FCGR2B	90	92	2	182
FH	106	108	2	214
FXYD5	70	72	2	142
GDI2	424	426	2	850
GINM1	57	59	2	116
GRAMD1A	52	54	2	106
H2BC12	100	102	2	202
HINT1	232	234	2	466
HM13	84	86	2	170
HSPE1	125	127	2	252
IFIT1	89	91	2	180
IK	110	112	2	222
INTS13	66	68	2	134
IQCB1	49	51	2	100
IWS1	65	67	2	132
KDELR1	104	106	2	210
KIDINS220	67	69	2	136
KLHL9	71	73	2	144
KSR1	95	97	2	192
LYPLA1	144	146	2	290
MPC2	63	65	2	128
MRE11	54	56	2	110
MRPL37	82	84	2	166
MTOR	84	86	2	170
MYO1C	195	197	2	392
MYO5A	155	157	2	312
NPAT	59	61	2	120
NSA2	98	100	2	198
PCBP2	546	548	2	1094
PCNX4	56	58	2	114
PGAP6	52	54	2	106
POLE3	61	63	2	124
POLR2E	105	107	2	212
PPP2R2A	85	87	2	172
PRCC	63	65	2	128
PRDM1	79	81	2	160
PRDX1	304	306	2	610
PSMB5	66	68	2	134
RANBP1	114	116	2	230
RANBP2	234	236	2	470
RBBP8	50	52	2	102
RBM23	73	75	2	148
RBM6	67	69	2	136
RNF168	51	53	2	104
RPL29P11	63	65	2	128
SAFB2	68	70	2	138
SAT1	67	69	2	136
SEC62	235	237	2	472
SERTAD2	71	73	2	144
SLC1A5	116	118	2	234
SLC25A23	133	135	2	268
SLC25A6	902	904	2	1806
SLFN13	50	52	2	102
SNRPD3	76	78	2	154
SOD1	94	96	2	190
ST3GAL2	131	133	2	264
STAT5A	121	123	2	244
STK24	166	168	2	334
STS	166	168	2	334
TJP2	82	84	2	166
TKT	186	188	2	374
TMEM33	57	59	2	116
TOR1AIP1	79	81	2	160
TRAP1	109	111	2	220
TRMT112	68	70	2	138
UBL5	66	68	2	134
USP4	81	83	2	164
WDHD1	50	52	2	102
YTHDF1	55	57	2	112
ZEB1	90	92	2	182
ZNF592	50	52	2	102
ZNF664	109	111	2	220
ZZEF1	76	78	2	154
AK3	110	111	1	221
AKAP9	67	68	1	135
ARHGAP26	51	52	1	103
ARID1A	181	182	1	363
ASCC3	173	174	1	347
BAG1	61	62	1	123
BCL2A1	95	96	1	191
BECN1	64	65	1	129
BIN1	51	52	1	103
BLTP3B	57	58	1	115
CCM2	83	84	1	167
CCP110	50	51	1	101
CDK19	63	64	1	127
CDK4	94	95	1	189
CHD4	399	400	1	799
CHD6	63	64	1	127
CLPP	50	51	1	101
CLSTN1	111	112	1	223
COX11	50	51	1	101
CTCF	87	88	1	175
CTR9	138	139	1	277
CUL4B	127	128	1	255
CXXC5	61	62	1	123
DENND4C	112	113	1	225
DNAJC13	110	111	1	221
DNAJC9	60	61	1	121
DTX4	63	64	1	127
ERGIC3	128	129	1	257
FARSA	72	73	1	145
FNIP1	59	60	1	119
GPD2	105	106	1	211
HAUS6	54	55	1	109
HIPK2	448	449	1	897
HMGN2	444	445	1	889
HSD17B12	84	85	1	169
IFNGR1	66	67	1	133
IQGAP1	385	386	1	771
ISCU	153	154	1	307
ITPR2	337	338	1	675
KHDRBS1	272	273	1	545
KIAA0930	75	76	1	151
LAPTM4A	53	54	1	107
LETM1	66	67	1	133
MAD2L1	79	80	1	159
MAN2A1	89	90	1	179
MAP3K14	51	52	1	103
MCOLN2	66	67	1	133
MELK	55	56	1	111
NIFK	58	59	1	117
NRBP1	138	139	1	277
NT5C2	101	102	1	203
PDZD8	72	73	1	145
PEA15	140	141	1	281
PHAX	53	54	1	107
PLRG1	90	91	1	181
POLR2D	63	64	1	127
PPAN	52	53	1	105
PPP6C	116	117	1	233
RAB14	109	110	1	219
RALGPS2	51	52	1	103
RASAL3	78	79	1	157
RBM27	92	93	1	185
RBMX	293	294	1	587
RIOK3	148	149	1	297
RNF19A	119	120	1	239
RNF6	100	101	1	201
RPL35	436	437	1	873
RPL5	1405	1406	1	2811
SAR1B	64	65	1	129
SEC61G	78	79	1	157
SELPLG	51	52	1	103
SF3A2	51	52	1	103
SLC1A1	62	63	1	125
SNRNP200	410	411	1	821
SNRPD2	112	113	1	225
SNX12	52	53	1	105
SPCS2	138	139	1	277
STMN1	209	210	1	419
TBCD	55	56	1	111
TDP1	50	51	1	101
TMED3	53	54	1	107
TMEM127	60	61	1	121
TMEM243	83	84	1	167
TRAPPC10	92	93	1	185
TUBG1	78	79	1	157
TUT7	74	75	1	149
TYMS	221	222	1	443
UBE2L6	153	154	1	307
UBQLN1	158	159	1	317
UQCRC2	264	265	1	529
USP47	124	125	1	249
UTP20	55	56	1	111
VPS4B	65	66	1	131
WBP2	81	82	1	163
YTHDF2	136	137	1	273
YY1AP1	75	76	1	151
ABL1	61	61	0	122
ALG2	50	50	0	100
ARAP2	50	50	0	100
ARF4	176	176	0	352
ATP8A1	161	161	0	322
ATRX	158	158	0	316
AVL9	87	87	0	174
BAZ1B	155	155	0	310
BTF3	518	518	0	1036
CAMK2D	115	115	0	230
CARM1	98	98	0	196
CCDC47	181	181	0	362
CCDC6	117	117	0	234
CHD9	114	114	0	228
CLTA	95	95	0	190
CNN2	162	162	0	324
CNOT3	57	57	0	114
COX15	57	57	0	114
CYP51A1	152	152	0	304
DAZAP2	103	103	0	206
DDX18	157	157	0	314
DGKD	82	82	0	164
DHX30	75	75	0	150
DLAT	89	89	0	178
EIF4ENIF1	54	54	0	108
ELOC	52	52	0	104
EMC1	56	56	0	112
EPRS1	308	308	0	616
FKBP11	54	54	0	108
FXR1	148	148	0	296
GALNT10	137	137	0	274
GOLGB1	152	152	0	304
GPATCH2L	91	91	0	182
GPCPD1	92	92	0	184
GRSF1	160	160	0	320
GSTO1	95	95	0	190
IER3IP1	62	62	0	124
INCENP	72	72	0	144
ITGB8	82	82	0	164
JMJD1C	127	127	0	254
KIAA1191	55	55	0	110
LARP4B	123	123	0	246
LGALS8	61	61	0	122
LONP1	103	103	0	206
LRRFIP1	230	230	0	460
MCM5	161	161	0	322
MED28	92	92	0	184
MRPL4	69	69	0	138
NAP1L4	151	151	0	302
NASP	148	148	0	296
NAT10	112	112	0	224
NDUFA10	83	83	0	166
NF2	50	50	0	100
NOB1	77	77	0	154
NPEPPS	177	177	0	354
PAIP1	80	80	0	160
PEBP1	169	169	0	338
PEF1	53	53	0	106
POLA2	64	64	0	128
POU2F1	75	75	0	150
PPP3CC	52	52	0	104
PPP5C	56	56	0	112
PRMT5	91	91	0	182
PRPF38A	82	82	0	164
PSAT1	53	53	0	106
PSMA2	259	259	0	518
RANGAP1	92	92	0	184
RBM38	92	92	0	184
RBMXL1	52	52	0	104
RC3H1	52	52	0	104
REV3L	87	87	0	174
RHOA	565	565	0	1130
RIC1	139	139	0	278
RNF157	89	89	0	178
RNF167	78	78	0	156
RUVBL2	61	61	0	122
SEMA4A	72	72	0	144
SENP3	54	54	0	108
SMAP2	234	234	0	468
SMC5	64	64	0	128
SMG6	59	59	0	118
SNRPE	72	72	0	144
SREK1IP1	54	54	0	108
SRSF5	125	125	0	250
SSR2	206	206	0	412
STAU2	58	58	0	116
SYMPK	87	87	0	174
TNRC6B	61	61	0	122
TOMM5	52	52	0	104
TRIR	95	95	0	190
TUBGCP2	64	64	0	128
TWSG1	87	87	0	174
TXNL4A	60	60	0	120
UBE2I	109	109	0	218
UBQLN2	50	50	0	100
UGDH	87	87	0	174
USP25	72	72	0	144
VCF1	61	61	0	122
VPS51	116	116	0	232
YBX3	99	99	0	198
ZCRB1	69	69	0	138
APOL1	160	159	-1	319
AQR	98	97	-1	195
ARID5A	81	80	-1	161
ATP2B1	129	128	-1	257
ATP5MJ	55	54	-1	109
BCL7B	52	51	-1	103
BCOR	57	56	-1	113
BLVRA	62	61	-1	123
BUB3	199	198	-1	397
CAP1	514	513	-1	1027
CAPN2	70	69	-1	139
CCDC117	87	86	-1	173
CD37	142	141	-1	283
CD55	59	58	-1	117
CD81	140	139	-1	279
CTDSPL2	92	91	-1	183
CTNND1	53	52	-1	105
DCP2	100	99	-1	199
DLGAP5	65	64	-1	129
DNAJB11	122	121	-1	243
DNAJC21	87	86	-1	173
DUSP5	268	267	-1	535
DYNC1LI1	55	54	-1	109
EBI3	126	125	-1	251
EIF3L	555	554	-1	1109
EML4	89	88	-1	177
FAM111B	124	123	-1	247
FANCD2	69	68	-1	137
FLNB	111	110	-1	221
GGA3	60	59	-1	119
HERC5	107	106	-1	213
HLA-DRB5	512	511	-1	1023
HMGA1	375	374	-1	749
IDE	105	104	-1	209
IMPDH2	116	115	-1	231
JAK2	59	58	-1	117
KAT7	65	64	-1	129
KCMF1	77	76	-1	153
KIF20B	79	78	-1	157
LANCL1	67	66	-1	133
LIMS1	65	64	-1	129
LMBRD1	51	50	-1	101
LRRC59	119	118	-1	237
MARCKSL1	258	257	-1	515
MCL1	576	575	-1	1151
MIER1	131	130	-1	261
MRFAP1	104	103	-1	207
MRPS23	56	55	-1	111
MSL3	188	187	-1	375
MYL6	388	387	-1	775
NCAPD3	79	78	-1	157
NCF1	208	207	-1	415
NCOA7	107	106	-1	213
NOP14	103	102	-1	205
NUP62	94	93	-1	187
PDHB	55	54	-1	109
PI4KA	108	107	-1	215
PIK3CG	89	88	-1	177
PPIG	99	98	-1	197
PPP2R1A	261	260	-1	521
PRKAA1	62	61	-1	123
PRKCSH	145	144	-1	289
PROSER1	89	88	-1	177
PSMD8	144	143	-1	287
PSME4	150	149	-1	299
QARS1	229	228	-1	457
QPRT	51	50	-1	101
RGS10	102	101	-1	203
RNPS1	133	132	-1	265
RSL24D1	150	149	-1	299
SAMD9L	193	192	-1	385
SDHA	122	121	-1	243
SDHC	87	86	-1	173
SEC23A	89	88	-1	177
SERINC2	87	86	-1	173
SHLD2	54	53	-1	107
SLC12A6	66	65	-1	131
SLC30A1	57	56	-1	113
SLC44A1	164	163	-1	327
SLK	72	71	-1	143
SMARCAD1	73	72	-1	145
SMS	119	118	-1	237
SNW1	95	94	-1	189
SOAT1	77	76	-1	153
SRM	84	83	-1	167
SRRM1	139	138	-1	277
STAT2	133	132	-1	265
SUPT16H	298	297	-1	595
SYAP1	103	102	-1	205
TACC3	79	78	-1	157
TCF25	68	67	-1	135
TEX9	55	54	-1	109
TMED7	114	113	-1	227
TMEM131L	249	248	-1	497
TNKS2	61	60	-1	121
TOMM7	71	70	-1	141
TRAPPC8	62	61	-1	123
TRIM13	51	50	-1	101
TRNT1	54	53	-1	107
TXNIP	160	159	-1	319
U2SURP	174	173	-1	347
UBE2G2	66	65	-1	131
UHRF1	84	83	-1	167
VIRMA	115	114	-1	229
VPS4A	78	77	-1	155
WDR11	82	81	-1	163
ZFAND6	54	53	-1	107
ZNF148	121	120	-1	241
AIFM1	86	84	-2	170
AKR1A1	84	82	-2	166
ARHGAP11A	72	70	-2	142
ARL6IP4	86	84	-2	170
ASNSD1	61	59	-2	120
ATP5PB	233	231	-2	464
ATP5PF	97	95	-2	192
ATP6V1E1	94	92	-2	186
ATXN7L3	68	66	-2	134
BLMH	71	69	-2	140
BTF3L4	63	61	-2	124
CCAR1	106	104	-2	210
CCDC32	72	70	-2	142
CCPG1	61	59	-2	120
CDK9	54	52	-2	106
CIAO2A	70	68	-2	138
CLDND1	75	73	-2	148
COCH	64	62	-2	126
COX6C	147	145	-2	292
CRTC3	60	58	-2	118
CSNK2A1	200	198	-2	398
CUL1	99	97	-2	196
DCUN1D5	62	60	-2	122
DDX1	143	141	-2	284
DOCK11	80	78	-2	158
EIF6	75	73	-2	148
EYA3	62	60	-2	122
FAF1	94	92	-2	186
GEMIN5	58	56	-2	114
GMIP	84	82	-2	166
HADH	52	50	-2	102
HIVEP1	107	105	-2	212
HSD17B10	60	58	-2	118
IFNAR1	104	102	-2	206
IMP3	52	50	-2	102
IMP4	65	63	-2	128
IRAG2	137	135	-2	272
ITGB1	177	175	-2	352
KANSL3	51	49	-2	100
KCNN4	55	53	-2	108
KNL1	80	78	-2	158
LGALS1	170	168	-2	338
LIMA1	98	96	-2	194
LSS	78	76	-2	154
LUZP1	59	57	-2	116
MAPRE1	233	231	-2	464
MAVS	70	68	-2	138
MBD4	52	50	-2	102
MICU2	62	60	-2	122
MKRN1	106	104	-2	210
MRM2	52	50	-2	102
MRPS7	52	50	-2	102
MYBBP1A	61	59	-2	120
MYH9	1132	1130	-2	2262
NCBP1	84	82	-2	166
NUP58	100	98	-2	198
PDCD6IP	126	124	-2	250
PEX2	58	56	-2	114
PFDN1	64	62	-2	126
PLAGL2	74	72	-2	146
PLEKHB2	57	55	-2	112
PLEKHF2	69	67	-2	136
PLEKHO2	59	57	-2	116
PLXNC1	79	77	-2	156
PPP4R2	111	109	-2	220
PSMF1	99	97	-2	196
PUM1	99	97	-2	196
RABL6	92	90	-2	182
RASSF3	119	117	-2	236
RBM17	81	79	-2	160
RDH11	95	93	-2	188
RNF11	61	59	-2	120
RNPEPL1	80	78	-2	158
RO60	110	108	-2	218
RPL19	1110	1108	-2	2218
RPL36A	409	407	-2	816
RPS28P7	73	71	-2	144
RRM2B	88	86	-2	174
RTCA	60	58	-2	118
S100A11	51	49	-2	100
SLC25A32	61	59	-2	120
SLC39A1	85	83	-2	168
SLMAP	69	67	-2	136
SNN	73	71	-2	144
SNX1	98	96	-2	194
SPOP	66	64	-2	130
SREK1	75	73	-2	148
SSRP1	235	233	-2	468
STAT1	1789	1787	-2	3576
STMP1	54	52	-2	106
SUGT1	65	63	-2	128
TAP2	90	88	-2	178
TAX1BP1	133	131	-2	264
TCF12	93	91	-2	184
TGIF2	66	64	-2	130
THEMIS2	78	76	-2	154
THOC7	76	74	-2	150
THOP1	80	78	-2	158
UBE2V2	52	50	-2	102
UQCRFS1	109	107	-2	216
USP7	330	328	-2	658
VPS13C	197	195	-2	392
VPS39	98	96	-2	194
YIPF4	66	64	-2	130
ARPC5L	82	79	-3	161
BCL2L1	84	81	-3	165
BMF	98	95	-3	193
C4orf3	83	80	-3	163
CARD11	77	74	-3	151
CIZ1	59	56	-3	115
CNOT11	103	100	-3	203
COX6A1	107	104	-3	211
CR2	81	78	-3	159
CRYM	58	55	-3	113
CXorf38	66	63	-3	129
ECHS1	98	95	-3	193
EEA1	77	74	-3	151
ENPP2	52	49	-3	101
ERLIN2	52	49	-3	101
EXOC2	58	55	-3	113
FAM53C	76	73	-3	149
FCRLA	315	312	-3	627
FHIP2A	72	69	-3	141
GEN1	53	50	-3	103
GFPT1	223	220	-3	443
GSK3B	117	114	-3	231
GUSB	57	54	-3	111
GYPC	74	71	-3	145
HDAC2	121	118	-3	239
HNRNPF	307	304	-3	611
HS2ST1	166	163	-3	329
IER5	102	99	-3	201
IKZF3	267	264	-3	531
INPP5B	65	62	-3	127
KIF3A	53	50	-3	103
KMT2A	114	111	-3	225
LIMD1	89	86	-3	175
LONP2	114	111	-3	225
LPIN2	59	56	-3	115
MARCHF6	118	115	-3	233
MGAT5	86	83	-3	169
MID1IP1	110	107	-3	217
MLF2	106	103	-3	209
MT-ND1	330	327	-3	657
MTHFD1	223	220	-3	443
MTMR4	140	137	-3	277
NCOA5	59	56	-3	115
NETO2	53	50	-3	103
NFKBIE	99	96	-3	195
NUCB1	151	148	-3	299
NUS1	264	261	-3	525
P2RY8	231	228	-3	459
PDE12	53	50	-3	103
PHC3	107	104	-3	211
PHKB	67	64	-3	131
PNPLA6	72	69	-3	141
PPM1A	123	120	-3	243
PPP2R5A	80	77	-3	157
PPP3R1	104	101	-3	205
PRRC2B	153	150	-3	303
PSMC3	104	101	-3	205
PSMC5	122	119	-3	241
PYURF	76	73	-3	149
RAN	556	553	-3	1109
RBM19	53	50	-3	103
SCYL1	71	68	-3	139
SEPTIN7	405	402	-3	807
SHROOM3	72	69	-3	141
SNRPG	52	49	-3	101
SPAG7	56	53	-3	109
ST7	62	59	-3	121
SUSD6	97	94	-3	191
TARS1	236	233	-3	469
TMC6	102	99	-3	201
TMEM19	59	56	-3	115
TOP2A	343	340	-3	683
TPGS2	74	71	-3	145
TPP2	129	126	-3	255
USP11	59	56	-3	115
VTA1	84	81	-3	165
XRCC5	691	688	-3	1379
YY1	147	144	-3	291
ZBED1	109	106	-3	215
ZC3HAV1	134	131	-3	265
ZMIZ2	92	89	-3	181
ZMYND8	54	51	-3	105
ZNF644	61	58	-3	119
ACADM	288	284	-4	572
ADAP1	56	52	-4	108
AFTPH	123	119	-4	242
ANO6	105	101	-4	206
ANP32E	264	260	-4	524
AP1M1	66	62	-4	128
ARGLU1	63	59	-4	122
ARHGEF1	73	69	-4	142
ARMC1	61	57	-4	118
BUD31	59	55	-4	114
C1orf43	171	167	-4	338
CABLES1	78	74	-4	152
CAPZA2	155	151	-4	306
CD46	107	103	-4	210
CD99	72	68	-4	140
CDK12	116	112	-4	228
CKS2	60	56	-4	116
CLNS1A	92	88	-4	180
COX7A2L	93	89	-4	182
CPSF7	104	100	-4	204
CSE1L	200	196	-4	396
CWC15	61	57	-4	118
CYP7B1	93	89	-4	182
CYRIB	99	95	-4	194
DHX38	71	67	-4	138
DRAP1	53	49	-4	102
EAF1	61	57	-4	118
EID1	209	205	-4	414
ELOVL1	58	54	-4	112
EPN1	56	52	-4	108
ERBIN	162	158	-4	320
ETS1	551	547	-4	1098
EXOSC10	61	57	-4	118
FAM120AOS	54	50	-4	104
FAM20B	60	56	-4	116
FAM98A	103	99	-4	202
FOXM1	58	54	-4	112
FUBP1	127	123	-4	250
GABPB1	55	51	-4	106
GADD45B	113	109	-4	222
GALNT7	73	69	-4	142
GAS7	61	57	-4	118
GRWD1	59	55	-4	114
H2AX	68	64	-4	132
H3-3B	367	363	-4	730
HMCES	57	53	-4	110
HUWE1	649	645	-4	1294
IARS2	147	143	-4	290
IGF2BP3	55	51	-4	106
IGHG4	102	98	-4	200
ILK	84	80	-4	164
KMT2D	77	73	-4	150
KPNB1	570	566	-4	1136
KRAS	76	72	-4	148
LIMD2	115	111	-4	226
LUC7L3	83	79	-4	162
MAF1	76	72	-4	148
MAP3K2	85	81	-4	166
MCM4	184	180	-4	364
MCMBP	82	78	-4	160
MGA	82	78	-4	160
MGLL	164	160	-4	324
MKLN1	99	95	-4	194
MSL1	69	65	-4	134
NBN	222	218	-4	440
NCOA1	163	159	-4	322
NDC1	82	78	-4	160
NFKBIA	199	195	-4	394
NGLY1	67	63	-4	130
NME2	244	240	-4	484
NRDC	228	224	-4	452
NSMAF	62	58	-4	120
NUDT5	68	64	-4	132
OSBP	110	106	-4	216
PACSIN2	110	106	-4	216
POFUT1	54	50	-4	104
POLD4	68	64	-4	132
POLDIP3	74	70	-4	144
PRKCB	461	457	-4	918
PRKRA	62	58	-4	120
PRPF6	143	139	-4	282
PSEN1	88	84	-4	172
PTAFR	102	98	-4	200
PTPN22	66	62	-4	128
PUDP	117	113	-4	230
RAB1B	148	144	-4	292
RALBP1	90	86	-4	176
RB1CC1	53	49	-4	102
RCBTB2	55	51	-4	106
ROCK1	191	187	-4	378
RPS15A	869	865	-4	1734
RPS21	310	306	-4	616
RPS6KA3	102	98	-4	200
SACS	96	92	-4	188
SARS1	133	129	-4	262
SEC11C	142	138	-4	280
SEPHS2	106	102	-4	208
SETD2	147	143	-4	290
SHCBP1	83	79	-4	162
SKIL	81	77	-4	158
SLC25A46	109	105	-4	214
SLC2A3	62	58	-4	120
SLC3A2	118	114	-4	232
SLC4A2	54	50	-4	104
SMC3	167	163	-4	330
SMIM15	79	75	-4	154
SNRNP40	63	59	-4	122
SRSF4	99	95	-4	194
SSU72	92	88	-4	180
STARD13	56	52	-4	108
STAT5B	105	101	-4	206
SUMO3	92	88	-4	180
SZRD1	215	211	-4	426
TAB2	60	56	-4	116
TFRC	968	964	-4	1932
TGS1	56	52	-4	108
TLK2	61	57	-4	118
TMEM106C	62	58	-4	120
TMEM109	62	58	-4	120
TNIK	172	168	-4	340
TRIM24	52	48	-4	100
TRIM38	67	63	-4	130
TRIM56	76	72	-4	148
TSR1	94	90	-4	184
UBE2L3	128	124	-4	252
UFL1	55	51	-4	106
USP8	94	90	-4	184
WDR75	72	68	-4	140
YARS1	203	199	-4	402
YWHAG	328	324	-4	652
ABLIM1	56	51	-5	107
ALDH18A1	123	118	-5	241
ALG10B	53	48	-5	101
ALYREF	70	65	-5	135
APOL2	66	61	-5	127
ARF5	74	69	-5	143
ARL6IP5	135	130	-5	265
ATG2B	59	54	-5	113
ATM	138	133	-5	271
ATP5PD	88	83	-5	171
ATP7A	71	66	-5	137
BUD23	58	53	-5	111
CAST	170	165	-5	335
CD79B	171	166	-5	337
CDC20	59	54	-5	113
CNPY3	68	63	-5	131
DNAJC3	181	176	-5	357
DYM	78	73	-5	151
ECD	58	53	-5	111
EIF2S2	177	172	-5	349
FGR	137	132	-5	269
GBP1	118	113	-5	231
GLB1	54	49	-5	103
GLIPR1	65	60	-5	125
GPR132	64	59	-5	123
HDAC3	64	59	-5	123
HEATR1	157	152	-5	309
HTT	350	345	-5	695
IFNAR2	96	91	-5	187
IL16	144	139	-5	283
KCNN3	160	155	-5	315
KDM6A	66	61	-5	127
KRR1	71	66	-5	137
LAT2	175	170	-5	345
MACC1	213	208	-5	421
MIOS	65	60	-5	125
MRPL20	71	66	-5	137
NAGA	65	60	-5	125
NDFIP2	56	51	-5	107
NOL7	62	57	-5	119
OPA1	174	169	-5	343
PDE7A	149	144	-5	293
PDLIM5	59	54	-5	113
PGAM5	63	58	-5	121
PHF21A	64	59	-5	123
PHGDH	69	64	-5	133
PLEKHG2	60	55	-5	115
PLK1	69	64	-5	133
POGZ	86	81	-5	167
POLR2B	248	243	-5	491
PPME1	55	50	-5	105
PPP1CA	210	205	-5	415
PPP2R5D	53	48	-5	101
PSMB6	59	54	-5	113
PSMD14	120	115	-5	235
PSMD3	180	175	-5	355
PTK2B	305	300	-5	605
RAB10	144	139	-5	283
RAB13	69	64	-5	133
RAP2A	104	99	-5	203
RASGRP1	56	51	-5	107
RASSF6	259	254	-5	513
RC3H2	68	63	-5	131
RELA	58	53	-5	111
RGS16	56	51	-5	107
RPL7L1	166	161	-5	327
RPL8	980	975	-5	1955
SAMD8	66	61	-5	127
SENP6	102	97	-5	199
SIN3A	106	101	-5	207
SNX14	55	50	-5	105
SOX9	115	110	-5	225
SUCLG2	61	56	-5	117
TADA3	53	48	-5	101
TAOK1	83	78	-5	161
TAOK3	119	114	-5	233
TDG	84	79	-5	163
TET2	69	64	-5	133
TFCP2	56	51	-5	107
TMOD3	111	106	-5	217
TNFRSF1B	152	147	-5	299
TTPAL	58	53	-5	111
UBE2K	170	165	-5	335
UBE2O	59	54	-5	113
USP6NL	58	53	-5	111
VPS13B	70	65	-5	135
WIPF1	429	424	-5	853
ZC3H7A	146	141	-5	287
ZNF395	122	117	-5	239
ZNF800	55	50	-5	105
AAK1	80	74	-6	154
ACP1	82	76	-6	158
ADGRE5	111	105	-6	216
AEN	62	56	-6	118
AGTPBP1	54	48	-6	102
ANAPC5	129	123	-6	252
AREL1	69	63	-6	132
ARL1	80	74	-6	154
ASH2L	53	47	-6	100
ATP6V1F	64	58	-6	122
BAZ1A	145	139	-6	284
BLOC1S2	56	50	-6	106
C1GALT1	58	52	-6	110
C5orf15	101	95	-6	196
CCDC88A	133	127	-6	260
CD84	67	61	-6	128
CDC16	57	51	-6	108
CDC42SE2	394	388	-6	782
COMMD6	71	65	-6	136
COX7A2	65	59	-6	124
CPSF6	133	127	-6	260
DCP1A	55	49	-6	104
DLD	157	151	-6	308
EFHD2	106	100	-6	206
EGLN1	70	64	-6	134
EML2	59	53	-6	112
ENOPH1	53	47	-6	100
ETV5	65	59	-6	124
EVL	87	81	-6	168
FABP5	79	73	-6	152
FAM91A1	104	98	-6	202
FANCL	75	69	-6	144
FAS	169	163	-6	332
FASN	155	149	-6	304
FASTKD5	53	47	-6	100
FKBP4	62	56	-6	118
GALNT1	103	97	-6	200
GATD3	73	67	-6	140
GFM1	107	101	-6	208
GNG5	111	105	-6	216
GPHN	72	66	-6	138
IPO5	386	380	-6	766
KIF2C	64	58	-6	122
MCM6	161	155	-6	316
MGRN1	97	91	-6	188
MIA3	79	73	-6	152
MOGS	58	52	-6	110
MON1B	87	81	-6	168
MX1	940	934	-6	1874
MYD88	71	65	-6	136
NAB1	58	52	-6	110
NARF	64	58	-6	122
NDUFB11	68	62	-6	130
NFATC2	84	78	-6	162
NFE2L2	82	76	-6	158
NHP2	66	60	-6	126
NIBAN1	109	103	-6	212
NID1	73	67	-6	140
PICALM	70	64	-6	134
PITPNA	114	108	-6	222
PNN	77	71	-6	148
POLR1B	68	62	-6	130
PPRC1	61	55	-6	116
PRDX6	107	101	-6	208
PSD4	162	156	-6	318
REPIN1	125	119	-6	244
RHOF	61	55	-6	116
RICTOR	70	64	-6	134
RNF20	71	65	-6	136
RNF38	70	64	-6	134
ROCK2	55	49	-6	104
RPN1	261	255	-6	516
SCOC	62	56	-6	118
SHOC2	206	200	-6	406
SLAMF6	143	137	-6	280
SMIM14	155	149	-6	304
SPOPL	84	78	-6	162
SSR4	142	136	-6	278
TAF7	102	96	-6	198
TBC1D1	118	112	-6	230
TBC1D22A	67	61	-6	128
TCN2	54	48	-6	102
TMEM165	78	72	-6	150
TMEM209	56	50	-6	106
TMX4	108	102	-6	210
TOB2	58	52	-6	110
TPP1	119	113	-6	232
TRAC	92	86	-6	178
TRAF3IP3	62	56	-6	118
TRIB1	81	75	-6	156
TYW3	75	69	-6	144
UNC119	60	54	-6	114
VAV2	158	152	-6	310
VCL	57	51	-6	108
WIPF2	65	59	-6	124
XRN1	133	127	-6	260
ZC3H7B	89	83	-6	172
ZMAT2	83	77	-6	160
ZNF107	62	56	-6	118
AACS	55	48	-7	103
ALG11	58	51	-7	109
ARIH2	83	76	-7	159
CALU	126	119	-7	245
CAND1	329	322	-7	651
CNOT1	574	567	-7	1141
COPA	378	371	-7	749
COPS5	54	47	-7	101
DAP3	108	101	-7	209
DDX41	61	54	-7	115
DHX9	359	352	-7	711
DNM1L	126	119	-7	245
DOCK8	256	249	-7	505
ECHDC1	81	74	-7	155
EIF2AK4	75	68	-7	143
ESD	94	87	-7	181
FCRL5	130	123	-7	253
GATAD2A	94	87	-7	181
GLRX	98	91	-7	189
GOLGA7	55	48	-7	103
GPX1	104	97	-7	201
HERC1	212	205	-7	417
HIRA	58	51	-7	109
HMGN1	207	200	-7	407
HSDL2	94	87	-7	181
IDH3A	151	144	-7	295
KDM2A	193	186	-7	379
KDM4B	97	90	-7	187
LARP7	68	61	-7	129
LSM8	61	54	-7	115
MAPKAP1	285	278	-7	563
MARS1	157	150	-7	307
MFAP1	74	67	-7	141
MTR	73	66	-7	139
NAA15	156	149	-7	305
NCF1B	72	65	-7	137
NCOA3	429	422	-7	851
NDUFB4	76	69	-7	145
NME1	105	98	-7	203
NR1H2	69	62	-7	131
OXCT1	125	118	-7	243
PCSK7	60	53	-7	113
PEG10	73	66	-7	139
PFKL	207	200	-7	407
PHACTR1	80	73	-7	153
PLPBP	74	67	-7	141
PRKAR1A	310	303	-7	613
PRKD3	101	94	-7	195
PSIP1	319	312	-7	631
PSMD10	55	48	-7	103
PUF60	94	87	-7	181
QKI	108	101	-7	209
RAD17	70	63	-7	133
RBCK1	74	67	-7	141
RBM12	141	134	-7	275
RNF114	70	63	-7	133
RNF115	65	58	-7	123
RPSA2	245	238	-7	483
SEC24B	62	55	-7	117
SELENOT	172	165	-7	337
SLC31A1	68	61	-7	129
SNRPA	63	56	-7	119
SNU13	87	80	-7	167
SPARC	81	74	-7	155
SRP68	134	127	-7	261
SSR3	496	489	-7	985
ST6GAL1	590	583	-7	1173
STX7	120	113	-7	233
SUMF2	68	61	-7	129
TCTN3	57	50	-7	107
TFAM	115	108	-7	223
TFEB	90	83	-7	173
TIAL1	101	94	-7	195
TLR7	184	177	-7	361
TMEM87A	59	52	-7	111
TOX4	91	84	-7	175
TRIP10	69	62	-7	131
UBLCP1	61	54	-7	115
USP22	169	162	-7	331
WASHC5	64	57	-7	121
ZNF22	59	52	-7	111
ABI1	83	75	-8	158
ACSL3	80	72	-8	152
ACTR1A	131	123	-8	254
AKNA	120	112	-8	232
ARFGAP2	102	94	-8	196
ARHGAP31	109	101	-8	210
ARPC2	563	555	-8	1118
ATP6V0A2	62	54	-8	116
BMS1	104	96	-8	200
CAT	73	65	-8	138
CCNK	89	81	-8	170
CDC40	67	59	-8	126
CFL1	657	649	-8	1306
CSNK1G1	64	56	-8	120
CUL3	172	164	-8	336
DCAF7	209	201	-8	410
DDX60	91	83	-8	174
DHRS7	59	51	-8	110
DIDO1	75	67	-8	142
DNAJB9	76	68	-8	144
DNAJC8	128	120	-8	248
DSTN	70	62	-8	132
DYRK2	58	50	-8	108
E2F4	81	73	-8	154
ELOVL5	115	107	-8	222
FBXW7	228	220	-8	448
FDPS	178	170	-8	348
FRYL	138	130	-8	268
GGA2	203	195	-8	398
GLUL	92	84	-8	176
GMPS	124	116	-8	240
GOLGA4	90	82	-8	172
IDH3B	60	52	-8	112
IPO9	95	87	-8	182
ITM2B	113	105	-8	218
KHNYN	93	85	-8	178
KLHDC3	66	58	-8	124
LAP3	372	364	-8	736
LARS2	56	48	-8	104
LMBR1	58	50	-8	108
LPGAT1	242	234	-8	476
LRCH1	129	121	-8	250
MAPRE2	61	53	-8	114
MED13	198	190	-8	388
MED24	61	53	-8	114
MIEF1	107	99	-8	206
MORF4L2	123	115	-8	238
MPHOSPH8	76	68	-8	144
MT-ND3	85	77	-8	162
MTMR2	75	67	-8	142
MUC13	59	51	-8	110
NAPA	152	144	-8	296
NCOA6	61	53	-8	114
NDUFV1	126	118	-8	244
NEK9	164	156	-8	320
PAN3	64	56	-8	120
PBRM1	124	116	-8	240
PCNT	57	49	-8	106
PDCD6	82	74	-8	156
PELP1	56	48	-8	104
PIK3C2B	59	51	-8	110
PNPT1	89	81	-8	170
POLK	72	64	-8	136
PPP4R3B	179	171	-8	350
PRDM2	179	171	-8	350
PRDX4	59	51	-8	110
PRKCD	141	133	-8	274
PRPS1	75	67	-8	142
PRPS2	87	79	-8	166
PTP4A1	241	233	-8	474
RABEP1	146	138	-8	284
RAVER1	94	86	-8	180
REL	135	127	-8	262
SAR1A	82	74	-8	156
SDF4	82	74	-8	156
SENP1	70	62	-8	132
SF3A1	193	185	-8	378
SHMT2	215	207	-8	422
SIDT1	61	53	-8	114
SLC25A39	82	74	-8	156
SNX19	71	63	-8	134
SPTY2D1	114	106	-8	220
SRSF11	153	145	-8	298
SSB	125	117	-8	242
SUN1	54	46	-8	100
TASOR	145	137	-8	282
TBCA	67	59	-8	126
TLR1	57	49	-8	106
TMEM214	100	92	-8	192
TMEM50A	110	102	-8	212
TPD52	101	93	-8	194
U2AF1	90	82	-8	172
UBE2Q1	85	77	-8	162
UBE2R2	110	102	-8	212
UBTF	123	115	-8	238
USF3	55	47	-8	102
USP9X	369	361	-8	730
WDR76	57	49	-8	106
WWP2	54	46	-8	100
XPO6	136	128	-8	264
ZCCHC7	87	79	-8	166
ZMYM2	89	81	-8	170
AICDA	163	154	-9	317
AP1B1	188	179	-9	367
AP2A1	117	108	-9	225
APC	75	66	-9	141
ARAP1	109	100	-9	209
ARID3A	101	92	-9	193
ASXL1	105	96	-9	201
BCAP31	84	75	-9	159
BRCA1	72	63	-9	135
BSG	274	265	-9	539
BTAF1	122	113	-9	235
BTG2	232	223	-9	455
CBLB	62	53	-9	115
CCL3	85	76	-9	161
CHI3L2	180	171	-9	351
CNIH1	69	60	-9	129
CRTAP	77	68	-9	145
CRTC2	56	47	-9	103
CSRNP1	61	52	-9	113
CTSA	58	49	-9	107
CUL2	86	77	-9	163
CYLD	237	228	-9	465
DCTN2	120	111	-9	231
EBNA1BP2	69	60	-9	129
EDF1	137	128	-9	265
EED	92	83	-9	175
ERCC5	63	54	-9	117
FAM98B	105	96	-9	201
FAU	286	277	-9	563
FPGS	58	49	-9	107
GLRX3	72	63	-9	135
GMFB	121	112	-9	233
HACD2	69	60	-9	129
HIGD1A	121	112	-9	233
HK2	153	144	-9	297
IRF1	115	106	-9	221
KLF6	186	177	-9	363
KMT2C	155	146	-9	301
LCK	74	65	-9	139
MFN2	117	108	-9	225
MRPL28	62	53	-9	115
MVP	161	152	-9	313
MYO1G	297	288	-9	585
NDUFA5	80	71	-9	151
NMT1	142	133	-9	275
NOC3L	57	48	-9	105
NUMB	119	110	-9	229
NUP133	72	63	-9	135
OAS3	616	607	-9	1223
PDS5B	157	148	-9	305
PELI1	112	103	-9	215
PHF11	57	48	-9	105
PITRM1	99	90	-9	189
PLEC	73	64	-9	137
PPM1K	92	83	-9	175
PPP1R14B	60	51	-9	111
PRPF4	55	46	-9	101
PSMB4	182	173	-9	355
PSMD1	187	178	-9	365
PTPRA	63	54	-9	117
RASSF2	178	169	-9	347
RPL39P3	119	110	-9	229
RSRC2	69	60	-9	129
SCAF4	61	52	-9	113
SCIMP	99	90	-9	189
SCPEP1	76	67	-9	143
SEPTIN1	68	59	-9	127
SEPTIN8	79	70	-9	149
SERP1	261	252	-9	513
SH2B3	113	104	-9	217
SLC25A3	458	449	-9	907
SP3	144	135	-9	279
SPATA13	57	48	-9	105
SPG21	95	86	-9	181
SPTLC2	106	97	-9	203
SRP9	226	217	-9	443
STK17A	135	126	-9	261
STOML2	95	86	-9	181
STT3A	165	156	-9	321
STX16	90	81	-9	171
SYNGR2	370	361	-9	731
TIFA	146	137	-9	283
TNFSF4	69	60	-9	129
TP63	60	51	-9	111
TRAF7	106	97	-9	203
TTC1	64	55	-9	119
TYK2	124	115	-9	239
UBE2M	63	54	-9	117
UBXN4	182	173	-9	355
USO1	207	198	-9	405
USP38	83	74	-9	157
VRK2	97	88	-9	185
ZBTB38	329	320	-9	649
ZNF37A	64	55	-9	119
ZNF410	62	53	-9	115
ZNFX1	193	184	-9	377
ABCC4	109	99	-10	208
ACAT1	69	59	-10	128
ACSL1	187	177	-10	364
ANP32B	232	222	-10	454
ARHGAP15	65	55	-10	120
ASH1L	76	66	-10	142
ATPAF1	76	66	-10	142
BLTP1	90	80	-10	170
CACYBP	134	124	-10	258
CCNB1	94	84	-10	178
CDC23	64	54	-10	118
CDK1	96	86	-10	182
CDR2	61	51	-10	112
CHMP1A	83	73	-10	156
CHST11	134	124	-10	258
CLPTM1L	68	58	-10	126
CTDSP2	209	199	-10	408
CUL4A	86	76	-10	162
DLG1	70	60	-10	130
DNAJB2	58	48	-10	106
EDC3	56	46	-10	102
EFCAB14	164	154	-10	318
ELAVL1	132	122	-10	254
ELOB	61	51	-10	112
ENO1	2793	2783	-10	5576
ENSA	150	140	-10	290
EXOC4	91	81	-10	172
EZH2	68	58	-10	126
FAM168A	55	45	-10	100
FBXO41	55	45	-10	100
FEN1	136	126	-10	262
FOXN2	89	79	-10	168
GIGYF2	117	107	-10	224
GLO1	144	134	-10	278
H6PD	84	74	-10	158
HIF1A	192	182	-10	374
IDH1	82	72	-10	154
IGHG3	797	787	-10	1584
INTS6	87	77	-10	164
IRF2BP2	105	95	-10	200
KDM1A	119	109	-10	228
KDM4A	68	58	-10	126
KHSRP	214	204	-10	418
LY75	339	329	-10	668
MAP4K1	173	163	-10	336
MRPL51	89	79	-10	168
MYBL2	193	183	-10	376
OS9	180	170	-10	350
OSBPL3	75	65	-10	140
OSGIN2	70	60	-10	130
PACS1	286	276	-10	562
PAIP2	138	128	-10	266
PGPEP1	61	51	-10	112
PPP4C	92	82	-10	174
PRC1	68	58	-10	126
PRRC1	102	92	-10	194
PSMA3	160	150	-10	310
RAB3GAP2	138	128	-10	266
RAB5A	64	54	-10	118
RHOC	147	137	-10	284
RPL30	857	847	-10	1704
SAE1	144	134	-10	278
SAMHD1	57	47	-10	104
SERINC3	103	93	-10	196
SETX	265	255	-10	520
SHKBP1	102	92	-10	194
SMAP1	61	51	-10	112
SNF8	57	47	-10	104
SNX10	77	67	-10	144
SP1	124	114	-10	238
SP100	206	196	-10	402
STRAP	175	165	-10	340
TAF1	70	60	-10	130
TCL1A	177	167	-10	344
TFIP11	62	52	-10	114
TRAFD1	129	119	-10	248
TTF2	73	63	-10	136
UBAP2L	193	183	-10	376
UBE2D2	139	129	-10	268
UBR2	100	90	-10	190
UGCG	90	80	-10	170
UPF2	108	98	-10	206
WASHC2A	81	71	-10	152
ZC3H15	104	94	-10	198
ZFAND3	89	79	-10	168
ARHGAP19	70	59	-11	129
ARID3B	71	60	-11	131
ATR	80	69	-11	149
ATXN1L	64	53	-11	117
BEND4	109	98	-11	207
BUB1	118	107	-11	225
CAPZA1	408	397	-11	805
CDCA8	59	48	-11	107
CHD8	105	94	-11	199
CKAP5	152	141	-11	293
CMTR1	142	131	-11	273
COX4I1	250	239	-11	489
COX7B	70	59	-11	129
CTDNEP1	103	92	-11	195
CTSH	356	345	-11	701
DCTN5	98	87	-11	185
DGKZ	67	56	-11	123
FNTA	64	53	-11	117
FOXK2	61	50	-11	111
FRMD8	57	46	-11	103
GHITM	195	184	-11	379
GPR107	61	50	-11	111
HLTF	78	67	-11	145
HYCC1	100	89	-11	189
IARS1	320	309	-11	629
ICOSLG	83	72	-11	155
KLHL12	67	56	-11	123
KNTC1	60	49	-11	109
MED1	145	134	-11	279
MGAT1	109	98	-11	207
MORF4L1	417	406	-11	823
MOV10	59	48	-11	107
MRPS10	56	45	-11	101
NCAPG2	87	76	-11	163
NCOR2	192	181	-11	373
NSD1	113	102	-11	215
NUP93	80	69	-11	149
OGFOD1	72	61	-11	133
PCMT1	80	69	-11	149
PLA1A	69	58	-11	127
PRKAG1	64	53	-11	117
RAB21	93	82	-11	175
RAB9A	86	75	-11	161
RBM39	179	168	-11	347
RCC1	70	59	-11	129
RCC1L	64	53	-11	117
RMND5A	90	79	-11	169
RNF34	56	45	-11	101
SART3	133	122	-11	255
SCFD1	102	91	-11	193
SELENOK	78	67	-11	145
SLC7A1	161	150	-11	311
SLTM	131	120	-11	251
SNX29	114	103	-11	217
SPTLC1	82	71	-11	153
SRSF8	60	49	-11	109
TET3	107	96	-11	203
TEX10	58	47	-11	105
TM9SF2	165	154	-11	319
TRIO	101	90	-11	191
TRRAP	124	113	-11	237
TXNDC11	200	189	-11	389
UBE2N	185	174	-11	359
UBXN7	136	125	-11	261
UIMC1	58	47	-11	105
URI1	88	77	-11	165
USP3	64	53	-11	117
USP33	81	70	-11	151
VDAC2	200	189	-11	389
WAPL	185	174	-11	359
WDR43	102	91	-11	193
ZDHHC18	75	64	-11	139
ZNF638	127	116	-11	243
AARS1	248	236	-12	484
AATF	101	89	-12	190
AHCTF1	100	88	-12	188
ANK1	72	60	-12	132
ANXA2	151	139	-12	290
ARHGDIB	531	519	-12	1050
ARID4B	68	56	-12	124
ATF6	125	113	-12	238
ATP13A3	168	156	-12	324
CCDC88C	67	55	-12	122
CIRBP	141	129	-12	270
COASY	70	58	-12	128
CORO1A	667	655	-12	1322
CYB5B	178	166	-12	344
DNAJC5	98	86	-12	184
DOK3	85	73	-12	158
DRG1	72	60	-12	132
DUS1L	58	46	-12	104
DUSP10	74	62	-12	136
ECPAS	196	184	-12	380
ETNK1	188	176	-12	364
FLI1	56	44	-12	100
GLDC	81	69	-12	150
GOSR2	73	61	-12	134
GTF3C1	111	99	-12	210
HMGCS1	118	106	-12	224
IL4I1	69	57	-12	126
INTS11	59	47	-12	106
JUNB	88	76	-12	164
JUND	70	58	-12	128
KLF13	199	187	-12	386
MFSD14A	119	107	-12	226
MIB1	105	93	-12	198
MICU1	57	45	-12	102
NCOR1	190	178	-12	368
NUP160	123	111	-12	234
OSTF1	73	61	-12	134
OXR1	82	70	-12	152
PHB2	241	229	-12	470
PLEKHA2	168	156	-12	324
PMM2	76	64	-12	140
PSMD13	142	130	-12	272
R3HDM1	115	103	-12	218
RBM15B	83	71	-12	154
RPS20	870	858	-12	1728
RRAS2	103	91	-12	194
SELENOI	83	71	-12	154
SERPINB1	107	95	-12	202
SNRPB	159	147	-12	306
SPAG5	89	77	-12	166
SPAG9	94	82	-12	176
SPECC1L	86	74	-12	160
SPIB	116	104	-12	220
SQLE	139	127	-12	266
SRSF10	168	156	-12	324
SRSF9	132	120	-12	252
SVIP	61	49	-12	110
TLN1	617	605	-12	1222
TSC22D3	76	64	-12	140
TSPYL1	91	79	-12	170
TTC17	69	57	-12	126
TVP23B	66	54	-12	120
UBA5	72	60	-12	132
UBAP2	72	60	-12	132
VMP1	66	54	-12	120
WBP11	159	147	-12	306
WDR36	100	88	-12	188
XPO5	123	111	-12	234
XPOT	176	164	-12	340
ZBTB44	73	61	-12	134
ZNF791	56	44	-12	100
ACSL4	327	314	-13	641
AIDA	106	93	-13	199
APPL1	102	89	-13	191
ATP2C1	198	185	-13	383
BPNT2	94	81	-13	175
C12orf75	79	66	-13	145
CARD8	73	60	-13	133
CCNG1	313	300	-13	613
CDC37	94	81	-13	175
CHMP2A	64	51	-13	115
CPNE3	174	161	-13	335
CYC1	109	96	-13	205
DCAF5	62	49	-13	111
DCTN1	124	111	-13	235
DECR1	76	63	-13	139
DICER1	184	171	-13	355
DROSHA	69	56	-13	125
ELAC2	87	74	-13	161
FBXW11	97	84	-13	181
FBXW2	102	89	-13	191
FOXN3	131	118	-13	249
GABPA	73	60	-13	133
GBP4	136	123	-13	259
GET3	58	45	-13	103
GIT2	67	54	-13	121
HMGB2	292	279	-13	571
IGLC2	203	190	-13	393
LSM4	80	67	-13	147
MALT1	164	151	-13	315
MCCC2	141	128	-13	269
MEF2C	340	327	-13	667
MGAT2	101	88	-13	189
MON2	78	65	-13	143
MRPL12	70	57	-13	127
MT-ND2	306	293	-13	599
NAA25	62	49	-13	111
NAMPT	300	287	-13	587
NAPSB	59	46	-13	105
NBEAL2	75	62	-13	137
NBR1	107	94	-13	201
NDUFA1	79	66	-13	145
NEK7	87	74	-13	161
PARP10	72	59	-13	131
PATL1	120	107	-13	227
PCLAF	71	58	-13	129
PHTF2	118	105	-13	223
PIGS	82	69	-13	151
PIK3R6	134	121	-13	255
PMAIP1	204	191	-13	395
POLR1D	126	113	-13	239
PSMB1	147	134	-13	281
PSMD11	139	126	-13	265
RBBP4	235	222	-13	457
RILPL2	96	83	-13	179
RPL23AP42	254	241	-13	495
RSF1	72	59	-13	131
SBNO1	145	132	-13	277
SEC63	148	135	-13	283
SETD3	61	48	-13	109
SF3B5	78	65	-13	143
SF3B6	65	52	-13	117
SLC12A8	58	45	-13	103
SLC25A5	378	365	-13	743
SNX5	178	165	-13	343
SRCAP	136	123	-13	259
SRI	120	107	-13	227
SUZ12	141	128	-13	269
TENT2	105	92	-13	197
TFG	114	101	-13	215
TP53	90	77	-13	167
TSPAN33	255	242	-13	497
UBALD2	93	80	-13	173
UCHL5	83	70	-13	153
UCK2	75	62	-13	137
UPF1	113	100	-13	213
USP10	134	121	-13	255
USP36	62	49	-13	111
VPS25	62	49	-13	111
XPO7	95	82	-13	177
YME1L1	237	224	-13	461
ZC3H11A	171	158	-13	329
ZC3H13	103	90	-13	193
ACO2	177	163	-14	340
ALDH2	63	49	-14	112
AP1G1	180	166	-14	346
ARFGEF2	140	126	-14	266
ATF2	98	84	-14	182
ATP6V0C	63	49	-14	112
BIRC2	91	77	-14	168
CD70	135	121	-14	256
COP1	60	46	-14	106
CRIM1	59	45	-14	104
CYTIP	259	245	-14	504
DYNLL1	115	101	-14	216
EDC4	77	63	-14	140
GPR15	274	260	-14	534
ICAM3	156	142	-14	298
IRF2	116	102	-14	218
JUN	69	55	-14	124
KDM4C	64	50	-14	114
KLHL18	57	43	-14	100
MBP	126	112	-14	238
MNDA	71	57	-14	128
MRPL44	63	49	-14	112
MT-CO2	544	530	-14	1074
MTMR1	82	68	-14	150
NOMO1	142	128	-14	270
NOP58	150	136	-14	286
PFKFB4	73	59	-14	132
PHB1	105	91	-14	196
PIK3CA	102	88	-14	190
PPA2	68	54	-14	122
PPIF	105	91	-14	196
PSAP	481	467	-14	948
PTPN6	342	328	-14	670
PWP1	76	62	-14	138
RAB11FIP1	75	61	-14	136
RPS10	808	794	-14	1602
SEPTIN9	602	588	-14	1190
SKIC3	157	143	-14	300
SLAMF7	402	388	-14	790
SMARCA2	122	108	-14	230
SNAP23	102	88	-14	190
SRSF3	373	359	-14	732
STIP1	208	194	-14	402
SWAP70	369	355	-14	724
UCP2	162	148	-14	310
WDR33	102	88	-14	190
WDR6	137	123	-14	260
XRCC6	482	468	-14	950
ZDHHC3	60	46	-14	106
ZNF217	129	115	-14	244
ZNF267	118	104	-14	222
ZZZ3	59	45	-14	104
AFG3L2	135	120	-15	255
AHCYL1	112	97	-15	209
AKAP13	236	221	-15	457
AKR1B1	73	58	-15	131
ARHGEF6	69	54	-15	123
ARMC8	65	50	-15	115
ATP5F1B	816	801	-15	1617
ATP6AP1	75	60	-15	135
BMPR2	128	113	-15	241
CBFB	112	97	-15	209
CD40	153	138	-15	291
CD53	548	533	-15	1081
CEBPZ	96	81	-15	177
CERT1	94	79	-15	173
CLASP1	123	108	-15	231
CNTRL	73	58	-15	131
COPE	134	119	-15	253
COPG1	182	167	-15	349
CTNNBL1	61	46	-15	107
DDX42	134	119	-15	253
DKC1	122	107	-15	229
DLST	119	104	-15	223
DPP8	84	69	-15	153
DR1	121	106	-15	227
DYRK1A	119	104	-15	223
EIF5B	306	291	-15	597
FSCN1	261	246	-15	507
GOLPH3	117	102	-15	219
GPAT4	85	70	-15	155
HIPK1	110	95	-15	205
HVCN1	103	88	-15	191
ITFG1	67	52	-15	119
KTN1	296	281	-15	577
LAPTM5	2009	1994	-15	4003
LMNA	238	223	-15	461
LMNB2	133	118	-15	251
MAP3K4	63	48	-15	111
MESD	60	45	-15	105
MMADHC	177	162	-15	339
MOB1B	91	76	-15	167
MRPL3	116	101	-15	217
MTRF1L	62	47	-15	109
NOL11	85	70	-15	155
NUP210	312	297	-15	609
OXSR1	153	138	-15	291
PITPNB	121	106	-15	227
PKN1	125	110	-15	235
PNRC1	71	56	-15	127
PPM1G	173	158	-15	331
PRKD2	82	67	-15	149
PSMB7	116	101	-15	217
PSPC1	87	72	-15	159
RALB	125	110	-15	235
RBPJ	169	154	-15	323
RNF213	384	369	-15	753
RPA1	186	171	-15	357
RUVBL1	67	52	-15	119
SAMD9	135	120	-15	255
SCP2	111	96	-15	207
SDAD1	70	55	-15	125
SEC14L1	189	174	-15	363
SGMS1	85	70	-15	155
SIPA1	107	92	-15	199
SLC16A3	100	85	-15	185
SMARCC2	101	86	-15	187
SPATS2	80	65	-15	145
SUDS3	65	50	-15	115
SYF2	62	47	-15	109
TARDBP	175	160	-15	335
TMEM183A	71	56	-15	127
TMSB10	521	506	-15	1027
TNFSF9	68	53	-15	121
TTLL12	72	57	-15	129
TTYH3	69	54	-15	123
UBE2H	137	122	-15	259
URB1	70	55	-15	125
UVRAG	89	74	-15	163
ZC3H12C	112	97	-15	209
ZDHHC5	138	123	-15	261
ZMAT3	393	378	-15	771
ZNF281	60	45	-15	105
AAMP	84	68	-16	152
ANKRD13A	104	88	-16	192
AP3M1	146	130	-16	276
ARAF	65	49	-16	114
ARPC4	217	201	-16	418
BACH1	79	63	-16	142
BCCIP	70	54	-16	124
BNIP3L	233	217	-16	450
CD38	171	155	-16	326
CDC27	150	134	-16	284
DARS2	71	55	-16	126
DYNLL2	83	67	-16	150
GBE1	202	186	-16	388
GPI	612	596	-16	1208
INO80	59	43	-16	102
ITGA4	401	385	-16	786
KLK1	58	42	-16	100
LRRK2	183	167	-16	350
LSM12	76	60	-16	136
LTA4H	90	74	-16	164
MCM3	228	212	-16	440
MRPS5	58	42	-16	100
MTRR	66	50	-16	116
NUTF2	79	63	-16	142
OLA1	191	175	-16	366
PARP4	177	161	-16	338
PCYT1A	80	64	-16	144
PDCD10	100	84	-16	184
PIAS1	74	58	-16	132
PLSCR1	59	43	-16	102
POM121	126	110	-16	236
PPP1R9B	119	103	-16	222
PRELID1	132	116	-16	248
PSMA5	147	131	-16	278
RAB30	142	126	-16	268
RAB6A	97	81	-16	178
RAP2C	102	86	-16	188
RHOB	65	49	-16	114
RNF185	67	51	-16	118
RTF2	92	76	-16	168
RTTN	76	60	-16	136
SAFB	154	138	-16	292
SART1	78	62	-16	140
SKP1	146	130	-16	276
SLC15A4	77	61	-16	138
SLC39A14	80	64	-16	144
TMEM140	71	55	-16	126
TMX3	85	69	-16	154
TPD52L2	76	60	-16	136
TPX2	154	138	-16	292
WDR3	77	61	-16	138
WIPI2	77	61	-16	138
ZFR	148	132	-16	280
ZNF770	104	88	-16	192
ADIPOR1	93	76	-17	169
APBB1IP	140	123	-17	263
ARF6	209	192	-17	401
BST2	251	234	-17	485
CASP3	128	111	-17	239
CCDC69	286	269	-17	555
CDK14	99	82	-17	181
COTL1	270	253	-17	523
DNM2	151	134	-17	285
DOCK10	189	172	-17	361
EIF4G3	106	89	-17	195
GORASP2	142	125	-17	267
GSPT1	220	203	-17	423
GTF3C2	114	97	-17	211
HSPA4L	63	46	-17	109
HTATSF1	84	67	-17	151
IDS	269	252	-17	521
INSIG1	224	207	-17	431
MAPKAPK2	202	185	-17	387
MLH1	71	54	-17	125
MT-ATP8	62	45	-17	107
MYO9B	236	219	-17	455
NARS1	121	104	-17	225
NDUFS5	106	89	-17	195
NUDCD3	77	60	-17	137
OGA	200	183	-17	383
PDPR	60	43	-17	103
PREB	71	54	-17	125
RBBP7	145	128	-17	273
RPL34	465	448	-17	913
SH3BGRL3	124	107	-17	231
SMARCA5	323	306	-17	629
SNRPC	78	61	-17	139
TBC1D2B	95	78	-17	173
TMEM230	86	69	-17	155
TNFAIP8	156	139	-17	295
TRIM14	96	79	-17	175
TSG101	61	44	-17	105
TYMP	77	60	-17	137
AP2M1	196	178	-18	374
BHLHE22	96	78	-18	174
BTBD2	69	51	-18	120
CACUL1	66	48	-18	114
CCDC88B	86	68	-18	154
CD226	214	196	-18	410
CLEC2D	195	177	-18	372
CLIC4	140	122	-18	262
DDIT4	88	70	-18	158
DSG2	86	68	-18	154
ELOA	111	93	-18	204
F11R	87	69	-18	156
FBRS	101	83	-18	184
GPATCH8	108	90	-18	198
IP6K1	59	41	-18	100
IST1	124	106	-18	230
KAT6A	100	82	-18	182
KDM2B	118	100	-18	218
KIAA2013	63	45	-18	108
LHFPL2	153	135	-18	288
MDN1	102	84	-18	186
NCAPG	120	102	-18	222
NCF2	83	65	-18	148
NDUFB3	65	47	-18	112
NF1	138	120	-18	258
NSUN2	115	97	-18	212
PAK2	225	207	-18	432
PMPCB	135	117	-18	252
RAB5C	74	56	-18	130
RASSF5	164	146	-18	310
RPL9	1001	983	-18	1984
SAMM50	79	61	-18	140
SENP2	59	41	-18	100
SUCLG1	77	59	-18	136
TMEM263	114	96	-18	210
TP53BP1	82	64	-18	146
U2AF2	172	154	-18	326
VPS41	115	97	-18	212
ADNP	165	146	-19	311
ATP5MC2	265	246	-19	511
C15orf39	187	168	-19	355
CDC25B	72	53	-19	125
CHCHD2	230	211	-19	441
CLEC16A	61	42	-19	103
DUSP2	202	183	-19	385
GLS	354	335	-19	689
GTF3C4	85	66	-19	151
IFI6	220	201	-19	421
LGMN	125	106	-19	231
LMAN1	327	308	-19	635
MEF2A	124	105	-19	229
MRPL19	79	60	-19	139
NIN	325	306	-19	631
PCNX1	129	110	-19	239
RBM14	71	52	-19	123
RNF138	88	69	-19	157
RNF4	167	148	-19	315
SAP18	96	77	-19	173
SELL	76	57	-19	133
SERPINB9	443	424	-19	867
SMIM3	87	68	-19	155
SUMO2	254	235	-19	489
SYNCRIP	412	393	-19	805
SYNE2	210	191	-19	401
THOC2	117	98	-19	215
TMEM273	68	49	-19	117
TTC3	206	187	-19	393
USP48	142	123	-19	265
ZDHHC20	143	124	-19	267
ZFYVE26	75	56	-19	131
ZNF318	168	149	-19	317
ALDH9A1	76	56	-20	132
APOL6	147	127	-20	274
APRT	66	46	-20	112
ARHGEF7	141	121	-20	262
ATE1	71	51	-20	122
CALR	972	952	-20	1924
CHPF2	69	49	-20	118
CS	261	241	-20	502
DAAM1	67	47	-20	114
DNAJB14	99	79	-20	178
EHMT1	121	101	-20	222
ELK4	199	179	-20	378
GNAI3	152	132	-20	284
GNS	132	112	-20	244
GYS1	101	81	-20	182
HNRNPUL2-BSCL2	102	82	-20	184
IFIH1	218	198	-20	416
KIFAP3	82	62	-20	144
LAMTOR5	79	59	-20	138
MAP3K11	78	58	-20	136
MAPK1	155	135	-20	290
MDH1	231	211	-20	442
NIPA2	149	129	-20	278
NUFIP2	160	140	-20	300
PARP1	475	455	-20	930
PIEZO1	108	88	-20	196
PLEK	708	688	-20	1396
PRDX2	67	47	-20	114
RAP1A	242	222	-20	464
RDX	153	133	-20	286
RNF145	84	64	-20	148
RTCB	138	118	-20	256
SMAD4	87	67	-20	154
TBC1D5	133	113	-20	246
TOPBP1	124	104	-20	228
TSN	100	80	-20	180
UBXN1	94	74	-20	168
AK2	231	210	-21	441
ATP13A1	96	75	-21	171
ATP5F1A	774	753	-21	1527
ATP5MF	78	57	-21	135
BCL2L13	61	40	-21	101
BLTP2	279	258	-21	537
BPTF	119	98	-21	217
CBLL1	61	40	-21	101
CDC123	131	110	-21	241
CREB1	70	49	-21	119
EIF3F	294	273	-21	567
FAM120A	203	182	-21	385
FEM1B	103	82	-21	185
GAPVD1	73	52	-21	125
HELLS	89	68	-21	157
HMGB1P5	145	124	-21	269
IFIT5	65	44	-21	109
MAP4	310	289	-21	599
MRPL42	78	57	-21	135
PPP3CB	109	88	-21	197
PRRC2C	290	269	-21	559
PSMA4	176	155	-21	331
PTBP1	246	225	-21	471
RASGRP3	287	266	-21	553
RHOG	112	91	-21	203
RNF10	167	146	-21	313
RPL17	529	508	-21	1037
RPL36	303	282	-21	585
SECISBP2L	132	111	-21	243
SLBP	104	83	-21	187
SMC2	162	141	-21	303
SRPRA	257	236	-21	493
SUPT6H	171	150	-21	321
TRAM1	237	216	-21	453
UBFD1	92	71	-21	163
ZFX	120	99	-21	219
ZWINT	96	75	-21	171
ACTR2	878	856	-22	1734
AHNAK	160	138	-22	298
AKIRIN1	122	100	-22	222
ANKRD11	93	71	-22	164
CAPN1	202	180	-22	382
CBX3	285	263	-22	548
CD2BP2	70	48	-22	118
EMP3	63	41	-22	104
EXOC5	200	178	-22	378
EXOC7	72	50	-22	122
GTF2A1	94	72	-22	166
HEXB	70	48	-22	118
HMGXB3	72	50	-22	122
JOSD1	92	70	-22	162
M6PR	214	192	-22	406
MSL2	77	55	-22	132
MTHFD2	231	209	-22	440
MYCBP2	379	357	-22	736
NDUFS3	66	44	-22	110
NUDT4	283	261	-22	544
OST4	128	106	-22	234
PPP1R18	149	127	-22	276
PRPSAP2	86	64	-22	150
RFX5	143	121	-22	264
RPS14	770	748	-22	1518
RPS2P5	405	383	-22	788
RPS5	587	565	-22	1152
RRM2	439	417	-22	856
SLC38A10	93	71	-22	164
SMARCE1	130	108	-22	238
SMG7	156	134	-22	290
TAP1	311	289	-22	600
TNFRSF13C	133	111	-22	244
VOPP1	441	419	-22	860
ZFP36L2	113	91	-22	204
ZMPSTE24	69	47	-22	116
ARL6IP1	230	207	-23	437
ATP2A2	293	270	-23	563
CSRP1	82	59	-23	141
FADS1	68	45	-23	113
FAM13B	94	71	-23	165
GOT2	186	163	-23	349
GPC4	77	54	-23	131
HAPSTR1	201	178	-23	379
HNRNPA3	522	499	-23	1021
IRAK1	127	104	-23	231
ITSN2	169	146	-23	315
MAGED1	204	181	-23	385
MARF1	66	43	-23	109
MIF	221	198	-23	419
MSN	1134	1111	-23	2245
PPT1	133	110	-23	243
PRELID3B	129	106	-23	235
RAP1B	195	172	-23	367
RPS24	933	910	-23	1843
SFT2D2	133	110	-23	243
SLC35F2	71	48	-23	119
SOD2	93	70	-23	163
SUN2	118	95	-23	213
SYK	178	155	-23	333
TOMM20	190	167	-23	357
VAMP8	75	52	-23	127
DHCR24	235	211	-24	446
EIF3C	517	493	-24	1010
GPBP1L1	148	124	-24	272
HEG1	124	100	-24	224
HNRNPH3	138	114	-24	252
IGHV3-33	235	211	-24	446
LIN7A	102	78	-24	180
LRBA	324	300	-24	624
MOB1A	544	520	-24	1064
MRPS27	114	90	-24	204
MRPS6	79	55	-24	134
NUCKS1	372	348	-24	720
NUP155	88	64	-24	152
OSBPL8	112	88	-24	200
RBM26	108	84	-24	192
RPS8	1270	1246	-24	2516
SNX8	120	96	-24	216
ADCY3	106	81	-25	187
APOBEC3G	130	105	-25	235
ATP5F1E	271	246	-25	517
CD22	187	162	-25	349
ELL2	194	169	-25	363
GLG1	172	147	-25	319
GOLM2	153	128	-25	281
GTF3C3	85	60	-25	145
HNRNPUL2	164	139	-25	303
HSP90AB1	1620	1595	-25	3215
LIG1	92	67	-25	159
MT-ATP6	442	417	-25	859
MYC	105	80	-25	185
PCGF5	192	167	-25	359
PFKM	106	81	-25	187
PLEKHO1	138	113	-25	251
PPHLN1	104	79	-25	183
PPP1CB	265	240	-25	505
PPP1CC	397	372	-25	769
PTPN11	196	171	-25	367
RHOQ	133	108	-25	241
RPS6KB1	63	38	-25	101
SERBP1	659	634	-25	1293
SUPT4H1	64	39	-25	103
TCF3	118	93	-25	211
TMEM123	207	182	-25	389
TMX1	126	101	-25	227
WSB2	108	83	-25	191
XAF1	97	72	-25	169
ALAS1	115	89	-26	204
C6orf62	362	336	-26	698
CCND3	71	45	-26	116
CD59	207	181	-26	388
CGGBP1	147	121	-26	268
DCAF6	127	101	-26	228
DNAJA2	130	104	-26	234
GNB1	403	377	-26	780
GSE1	70	44	-26	114
HOOK3	79	53	-26	132
ISG15	211	185	-26	396
ITGB2	252	226	-26	478
LRP10	190	164	-26	354
MAPK6	238	212	-26	450
NUP107	78	52	-26	130
RUNX3	248	222	-26	470
UBR4	262	236	-26	498
USP32	99	73	-26	172
WAC	214	188	-26	402
ZFP36L1	151	125	-26	276
ATXN10	215	188	-27	403
BLOC1S6	150	123	-27	273
C11orf58	198	171	-27	369
CD180	94	67	-27	161
DPP9	98	71	-27	169
IFI44L	397	370	-27	767
IL21R	165	138	-27	303
KCNAB2	126	99	-27	225
KDM5C	191	164	-27	355
NSD2	149	122	-27	271
OAS2	458	431	-27	889
RPL23	817	790	-27	1607
TMEM30A	281	254	-27	535
UBB	757	730	-27	1487
WASHC4	185	158	-27	343
ZNF106	171	144	-27	315
AHR	117	89	-28	206
B2M	5657	5629	-28	11286
CD47	126	98	-28	224
FBN1	103	75	-28	178
GLYR1	118	90	-28	208
GTF3A	110	82	-28	192
HNRNPH2	121	93	-28	214
IDI1	185	157	-28	342
MAP1LC3B	94	66	-28	160
PLXNB2	101	73	-28	174
RAB35	87	59	-28	146
RPL37A	703	675	-28	1378
RPS27A	1003	975	-28	1978
RTF1	118	90	-28	208
SASH3	296	268	-28	564
SINHCAF	151	123	-28	274
SSBP1	73	45	-28	118
TMEM59	128	100	-28	228
TUFM	140	112	-28	252
VIM	357	329	-28	686
CHD2	184	155	-29	339
CYCS	310	281	-29	591
DNAJC14	72	43	-29	115
FKBP5	101	72	-29	173
GNA13	169	140	-29	309
IGKV1D-33	1030	1001	-29	2031
JCHAIN	1967	1938	-29	3905
MCM7	238	209	-29	447
NBAS	98	69	-29	167
ODC1	321	292	-29	613
P4HA1	204	175	-29	379
RAD23B	297	268	-29	565
SGTA	96	67	-29	163
SYPL1	73	44	-29	117
TDP2	76	47	-29	123
USP18	115	86	-29	201
VPS29	65	36	-29	101
XPO1	427	398	-29	825
ANKHD1	116	86	-30	202
ARHGAP10	83	53	-30	136
HNRNPD	372	342	-30	714
LYPLA2	71	41	-30	112
MARCHF7	145	115	-30	260
MGAT3	89	59	-30	148
NPM1	1408	1378	-30	2786
NUDT3	130	100	-30	230
PIGT	92	62	-30	154
PTBP3	309	279	-30	588
ZNF24	148	118	-30	266
AP2B1	271	240	-31	511
DDX3X	692	661	-31	1353
DDX5	592	561	-31	1153
EIF3M	269	238	-31	507
IFITM1	316	285	-31	601
IGHG2	156	125	-31	281
ITM2C	373	342	-31	715
MACF1	274	243	-31	517
PPA1	293	262	-31	555
TNPO1	284	253	-31	537
TRA2B	200	169	-31	369
AKT2	121	89	-32	210
DHX15	271	239	-32	510
ERLEC1	86	54	-32	140
HNRNPAB	226	194	-32	420
ITCH	103	71	-32	174
PCF11	97	65	-32	162
RBM3	385	353	-32	738
RFFL	121	89	-32	210
RPS3	1201	1169	-32	2370
RRM1	211	179	-32	390
SEPTIN2	483	451	-32	934
TRIM44	170	138	-32	308
UBE2Z	190	158	-32	348
ABCF2	90	57	-33	147
AMD1	196	163	-33	359
CD44	532	499	-33	1031
DAD1	130	97	-33	227
NACA	877	844	-33	1721
PALM2AKAP2	171	138	-33	309
RPS29	550	517	-33	1067
CLUH	128	94	-34	222
LYN	407	373	-34	780
MAT2A	227	193	-34	420
NUP153	210	176	-34	386
NUSAP1	142	108	-34	250
PRMT1	215	181	-34	396
RSPRY1	97	63	-34	160
ACTR3	696	661	-35	1357
AK4	206	171	-35	377
ANAPC1	183	148	-35	331
BCL2	282	247	-35	529
CD2AP	212	177	-35	389
CD79A	637	602	-35	1239
COX7C	287	252	-35	539
DEK	278	243	-35	521
MCM2	210	175	-35	385
NEK6	294	259	-35	553
NR2C2	71	36	-35	107
PTPRC	296	261	-35	557
EIF3D	312	276	-36	588
IGKC	6607	6571	-36	13178
LCP1	3305	3269	-36	6574
PARP14	374	338	-36	712
PDHA1	97	61	-36	158
PDLIM1	275	239	-36	514
SF3B2	296	260	-36	556
FMNL3	173	136	-37	309
GNL3	169	132	-37	301
HNRNPA1	1334	1297	-37	2631
NEDD9	167	130	-37	297
CRYZ	189	151	-38	340
CTNNA1	220	182	-38	402
GSTP1	250	212	-38	462
HSP90B1	2126	2088	-38	4214
ITGAL	115	77	-38	192
RBM8A	124	86	-38	210
TMED5	212	174	-38	386
TMPO	393	355	-38	748
DDX21	349	310	-39	659
NCOA4	261	222	-39	483
PAICS	280	241	-39	521
PLIN3	130	91	-39	221
EIF4B	1062	1022	-40	2084
GRB2	380	340	-40	720
MLEC	373	333	-40	706
STK4	321	281	-40	602
BRD2	94	53	-41	147
EIF2AK3	256	215	-41	471
MARCKS	249	208	-41	457
APOBEC3C	226	184	-42	410
LSP1	256	214	-42	470
MBD2	227	185	-42	412
RFC1	152	110	-42	262
RPL36A-HNRNPH2	76	34	-42	110
SLC39A9	189	147	-42	336
STT3B	312	270	-42	582
ERAP1	325	282	-43	607
HNRNPDL	227	184	-43	411
MPRIP	198	155	-43	353
PHIP	202	159	-43	361
RPS16	690	647	-43	1337
SRRM2	419	376	-43	795
N4BP1	113	69	-44	182
RPL38	353	309	-44	662
WDFY4	390	345	-45	735
GABARAP	177	131	-46	308
PPP1R16B	394	348	-46	742
AZIN1	439	392	-47	831
B4GALT1	171	124	-47	295
EIF1	637	590	-47	1227
HSPA5	1792	1745	-47	3537
PPP2CA	213	166	-47	379
PSMC2	147	100	-47	247
RPS4X	2320	2273	-47	4593
IRF9	83	35	-48	118
RPS12	997	949	-48	1946
SREBF2	349	301	-48	650
TPR	266	218	-48	484
IGKV1D-39	149	100	-49	249
ILF2	237	188	-49	425
RPL35A	601	552	-49	1153
VCP	554	505	-49	1059
EIF3E	568	518	-50	1086
EIF4A1	696	646	-50	1342
GM2A	238	188	-50	426
MYL12A	359	309	-50	668
IKZF2	638	586	-52	1224
PAX5	412	360	-52	772
RPL32	804	752	-52	1556
RPS27	909	856	-53	1765
TCP1	328	275	-53	603
CALM2	394	340	-54	734
COPB2	288	234	-54	522
IRF4	1241	1187	-54	2428
RACK1	1217	1161	-56	2378
DPY30	81	24	-57	105
FTL	1092	1035	-57	2127
STAT3	335	278	-57	613
CCT3	328	270	-58	598
EEF1A1	17465	17407	-58	34872
PDIA6	610	552	-58	1162
PTP4A2	443	385	-58	828
MTDH	730	671	-59	1401
TUBA1C	212	152	-60	364
CDC42	163	100	-63	263
HSP90AA1	1494	1431	-63	2925
RPL15	1410	1347	-63	2757
MT-CO1	1913	1849	-64	3762
MT-ND4	720	656	-64	1376
PCNA	310	245	-65	555
WDR1	450	383	-67	833
TNIP1	595	525	-70	1120
GRN	428	356	-72	784
ACTN4	117	43	-74	160
USP34	311	237	-74	548
HLA-F	106	30	-76	136
CDKN1A	282	205	-77	487
GNAS	738	661	-77	1399
RPS9	226	149	-77	375
HNRNPU	800	716	-84	1516
RPL6	1384	1300	-84	2684
PABPC1	1721	1630	-91	3351
PGK1	1516	1420	-96	2936
RPS23	1176	1074	-102	2250
RRN3	102	0	-102	102
GAPDH	5287	5184	-103	10471
PFN1	1409	1306	-103	2715
UBC	1719	1616	-103	3335
HNRNPL	119	14	-105	133
CANX	301	193	-108	494
ADAR	966	847	-119	1813
HLA-A	746	626	-120	1372
RPS6	2237	2110	-127	4347
