0
0.3435336
0.1981315
0.003776974
0.0013847569
0.001369355
0.0013600179
0.0013549866
0.0013465061
0.0013378682
0.0013335735
0.0013263895
0.0013175458
0.0013141261
0.0013041738
0.0012968121
0.0012940329
0.0012827972
0.0012821283
0.0012779991
0.0012746066
0.0012740837
0.0012620057
0.0012597272
0.0012577218
0.0012501335
0.0012450817
0.0012406857
0.0012389742
0.0012348689
0.0012297576
0.0012269331
0.0012202187
0.0012169249
0.0012128422
0.001209875
0.0012038487
0.00120141
0.0011978812
0.0011932745
0.0011860608
0.0011822479
0.0011795211
0.001175342
0.0011703726
0.0011682198
0.0011665638
0.0011645883
0.0011602984
0.0011547052
0.0011515337
