barcode	fragments	covered_bases	over2_bases	excess_bases	over2_segments	max_depth	over2_bases_per_fragment	excess_bases_per_fragment	over2_segments_per_10k_fragments
AACATGGAGCGCCGGG-1	9969	2881816	35184	36171	286	4	3.529341	3.628348	286.889357
AAAAAAACTCGGGTAC-1	9935	3016033	0	0	0	2	0.000000	0.000000	0.000000
AAAAAAGCCAGCACCT-1	9698	2992878	0	0	0	2	0.000000	0.000000	0.000000
AAAAGGCGTAAGGTCT-1	10166	3097123	0	0	0	2	0.000000	0.000000	0.000000
AAAATTTGATATAATG-1	10454	3159397	0	0	0	2	0.000000	0.000000	0.000000
AAACACAATAAGTGGT-1	9833	2989082	0	0	0	2	0.000000	0.000000	0.000000
AAACAGCGCAATACAG-1	10304	3180292	0	0	0	2	0.000000	0.000000	0.000000
AAACCAGCTTCGTCGT-1	9387	2900189	0	0	0	2	0.000000	0.000000	0.000000
AAACCGTTACCCTTCT-1	10067	3128568	0	0	0	2	0.000000	0.000000	0.000000
AAACTAGGGCGTGACG-1	10286	3171941	0	0	0	2	0.000000	0.000000	0.000000
AAAGAGCATCGAAACC-1	9894	3009981	0	0	0	2	0.000000	0.000000	0.000000
AAAGCTTACGGCTCAT-1	9687	2938894	0	0	0	2	0.000000	0.000000	0.000000
AAATAAGATTCCTGCG-1	9796	2998590	0	0	0	2	0.000000	0.000000	0.000000
AAATATCCGCACTAAA-1	9899	3053663	0	0	0	2	0.000000	0.000000	0.000000
AAATCCGGTAGTGCCG-1	9950	3012290	0	0	0	2	0.000000	0.000000	0.000000
AACAAATGTCTGCAAC-1	10474	3199664	0	0	0	2	0.000000	0.000000	0.000000
AACAATAAAAACACGC-1	10227	3122980	0	0	0	2	0.000000	0.000000	0.000000
AACACATACGCCAGTT-1	9880	3051426	0	0	0	2	0.000000	0.000000	0.000000
AACACCCCCCAGGCTG-1	9928	2960327	0	0	0	2	0.000000	0.000000	0.000000
AACACTCGCAACGAGA-1	9442	2918522	0	0	0	2	0.000000	0.000000	0.000000
AACCAGTCACGACTAC-1	9951	3023637	0	0	0	2	0.000000	0.000000	0.000000
AACCATCGCCCAAGTC-1	9895	3006670	0	0	0	2	0.000000	0.000000	0.000000
AACCCTCTTACTTGGA-1	10154	3131296	0	0	0	2	0.000000	0.000000	0.000000
AACCGAGCGTACCTCT-1	10089	3057901	0	0	0	2	0.000000	0.000000	0.000000
AACCTATTCACCAATC-1	10110	3078111	0	0	0	2	0.000000	0.000000	0.000000
AACCTCTCCCCCGGTT-1	9768	2946139	0	0	0	2	0.000000	0.000000	0.000000
AACCTGCCCCTGCCTG-1	9784	3005684	0	0	0	2	0.000000	0.000000	0.000000
AACGCAATAACTAGGT-1	10042	3051309	0	0	0	2	0.000000	0.000000	0.000000
AACTATCAGATCATAT-1	10459	3225216	0	0	0	2	0.000000	0.000000	0.000000
AACTATTGAGACATTT-1	10372	3138514	0	0	0	2	0.000000	0.000000	0.000000
AACTGATACCCTTATT-1	9496	2906956	0	0	0	2	0.000000	0.000000	0.000000
AACTGGATCTACTCGG-1	10401	3226639	0	0	0	2	0.000000	0.000000	0.000000
AACTGGGTTAGGTAAA-1	10004	3051541	0	0	0	2	0.000000	0.000000	0.000000
AAGACTGGGAAAACGC-1	9810	3038862	0	0	0	2	0.000000	0.000000	0.000000
AAGATTTTACGTCTGA-1	10073	3082808	0	0	0	2	0.000000	0.000000	0.000000
AAGCAAGCCTACGTCG-1	9827	3042375	0	0	0	2	0.000000	0.000000	0.000000
AAGCCTGGCACGAGGG-1	10037	3032234	0	0	0	2	0.000000	0.000000	0.000000
AAGCGCAGTATACCCC-1	10165	3050433	0	0	0	2	0.000000	0.000000	0.000000
AAGCTATAGAACCTCA-1	9880	3051866	0	0	0	2	0.000000	0.000000	0.000000
AAGCTCATAACGTGTA-1	9885	3002386	0	0	0	2	0.000000	0.000000	0.000000
AAGCTTCCACCTATAG-1	10120	3114340	0	0	0	2	0.000000	0.000000	0.000000
AAGGGGATACACTTCT-1	10180	3112350	0	0	0	2	0.000000	0.000000	0.000000
AAGGGGATACGAGTGA-1	9915	2993465	0	0	0	2	0.000000	0.000000	0.000000
AAGGTAATCCCCGCGT-1	10092	3045216	0	0	0	2	0.000000	0.000000	0.000000
AAGGTCAAGAAGTTAT-1	9884	2992240	0	0	0	2	0.000000	0.000000	0.000000
AAGGTCTTGAGCCTGC-1	9935	3068987	0	0	0	2	0.000000	0.000000	0.000000
AAGGTGGGTAAGAGCG-1	9956	3007004	0	0	0	2	0.000000	0.000000	0.000000
AAGTAATAACTATAGA-1	10028	3105228	0	0	0	2	0.000000	0.000000	0.000000
AAGTAGCCGGGAGTTA-1	9814	2998280	0	0	0	2	0.000000	0.000000	0.000000
AAGTCAACCATTGTTG-1	10067	3069550	0	0	0	2	0.000000	0.000000	0.000000
AATACGGAGTTCACAT-1	9989	3065576	0	0	0	2	0.000000	0.000000	0.000000
AATAGCCGAAGGTCGC-1	9884	3026304	0	0	0	2	0.000000	0.000000	0.000000
AATCCGAGCTGCGCCG-1	9557	2919454	0	0	0	2	0.000000	0.000000	0.000000
AATCCGCGTTGAACCT-1	10181	3056386	0	0	0	2	0.000000	0.000000	0.000000
AATCGAGAGCCCATAT-1	9992	3059419	0	0	0	2	0.000000	0.000000	0.000000
AATCGATTATTTGACG-1	9788	2960926	0	0	0	2	0.000000	0.000000	0.000000
AATCGGGTGTCCCGGT-1	9811	3006720	0	0	0	2	0.000000	0.000000	0.000000
AATCTATAAGTCAGAG-1	9791	2997062	0	0	0	2	0.000000	0.000000	0.000000
AATCTTAGGGTATTCT-1	10096	3122099	0	0	0	2	0.000000	0.000000	0.000000
AATGACAAATTAGTTA-1	10139	3067157	0	0	0	2	0.000000	0.000000	0.000000
AATGACAATCGATTGA-1	9980	3032330	0	0	0	2	0.000000	0.000000	0.000000
AATGATCTTCCTTAGT-1	10234	3118142	0	0	0	2	0.000000	0.000000	0.000000
AATGATTAGCGGAAGG-1	9722	2961658	0	0	0	2	0.000000	0.000000	0.000000
AATGCCCTTCGTAAAC-1	9834	2974037	0	0	0	2	0.000000	0.000000	0.000000
AATGGCCGGCGTTGAT-1	9726	2996585	0	0	0	2	0.000000	0.000000	0.000000
AATGGGCCCGAGGAGT-1	10028	3062676	0	0	0	2	0.000000	0.000000	0.000000
AATGGTTTGGCTCTAG-1	10023	3006962	0	0	0	2	0.000000	0.000000	0.000000
AATTCATGTTATTATG-1	10319	3140757	0	0	0	2	0.000000	0.000000	0.000000
AATTGCCGCGCCCATT-1	9760	2975480	0	0	0	2	0.000000	0.000000	0.000000
AATTGCTTACCGCCAC-1	9862	3050777	0	0	0	2	0.000000	0.000000	0.000000
AATTGGTCAAGGCGTC-1	10174	3136303	0	0	0	2	0.000000	0.000000	0.000000
AATTTAGTCGCACTTG-1	9577	2952146	0	0	0	2	0.000000	0.000000	0.000000
ACAACCTACAGCCCTA-1	10250	3108138	0	0	0	2	0.000000	0.000000	0.000000
ACAAGCAGTCAGTCTC-1	10150	3135016	0	0	0	2	0.000000	0.000000	0.000000
ACACAATTTACAGTTC-1	9581	2924141	0	0	0	2	0.000000	0.000000	0.000000
ACACCAGAAGCGCCCG-1	9313	2835071	0	0	0	2	0.000000	0.000000	0.000000
ACACCTGTAAAGAGTT-1	10305	3160064	0	0	0	2	0.000000	0.000000	0.000000
ACATCACTTCCATTTC-1	10525	3224564	0	0	0	2	0.000000	0.000000	0.000000
ACATCAGCGCGTGGCG-1	10213	3122331	0	0	0	2	0.000000	0.000000	0.000000
ACATCATTCTCGTGGA-1	10058	3063467	0	0	0	2	0.000000	0.000000	0.000000
ACATGAAGGGACCTAA-1	9520	2946977	0	0	0	2	0.000000	0.000000	0.000000
ACATGTCAGCGCTGGT-1	10425	3192936	0	0	0	2	0.000000	0.000000	0.000000
ACATTATCGTAGGCCT-1	10173	3121359	0	0	0	2	0.000000	0.000000	0.000000
ACATTGAGCTTAAAGT-1	9937	3058157	0	0	0	2	0.000000	0.000000	0.000000
ACCAAAAACTACGAGG-1	9723	2957934	0	0	0	2	0.000000	0.000000	0.000000
ACCAAAAGTTATCGGT-1	10091	3125882	0	0	0	2	0.000000	0.000000	0.000000
ACCAAGCAGAGCACCC-1	9907	3014783	0	0	0	2	0.000000	0.000000	0.000000
ACCACGGAGATCCGCG-1	10008	3065811	0	0	0	2	0.000000	0.000000	0.000000
ACCATCATTTCACAAT-1	9975	3008452	0	0	0	2	0.000000	0.000000	0.000000
ACCCTTTGCGTCGTCA-1	9956	3043976	0	0	0	2	0.000000	0.000000	0.000000
ACCGCAGACCGGTAAT-1	9747	2990445	0	0	0	2	0.000000	0.000000	0.000000
ACCGCCATGTAATACT-1	10109	3072885	0	0	0	2	0.000000	0.000000	0.000000
ACCGGGCCGAGCACAC-1	10163	3070230	0	0	0	2	0.000000	0.000000	0.000000
ACCGGTGGACATTACC-1	9564	2993893	0	0	0	2	0.000000	0.000000	0.000000
ACCGGTGGAGGACGGT-1	10030	3038146	0	0	0	2	0.000000	0.000000	0.000000
ACCTATAATTTGTAAC-1	9132	2790494	0	0	0	2	0.000000	0.000000	0.000000
ACCTCAGTTATCGGTC-1	10149	3122957	0	0	0	2	0.000000	0.000000	0.000000
ACCTTGCGTACAACTC-1	9780	2951945	0	0	0	2	0.000000	0.000000	0.000000
ACGAACCGTCCCCTTA-1	10433	3146107	0	0	0	2	0.000000	0.000000	0.000000
ACGAATCCTTGAGAAG-1	9875	3024341	0	0	0	2	0.000000	0.000000	0.000000
ACGACGATCAGACAGT-1	10434	3231058	0	0	0	2	0.000000	0.000000	0.000000
ACGACGTCATATAAAT-1	10009	3086128	0	0	0	2	0.000000	0.000000	0.000000
ACGAGGCCTTCCGCAC-1	10166	3113769	0	0	0	2	0.000000	0.000000	0.000000
ACGCCGTTTGCGATTA-1	9635	2945612	0	0	0	2	0.000000	0.000000	0.000000
ACGCCTTCTACTTATT-1	9936	3032864	0	0	0	2	0.000000	0.000000	0.000000
ACGCTTCCGGTTGGTG-1	9647	2957496	0	0	0	2	0.000000	0.000000	0.000000
ACGGAGCCTGACTGGA-1	9689	2938994	0	0	0	2	0.000000	0.000000	0.000000
ACGGCTCATAATAGGT-1	10024	3094879	0	0	0	2	0.000000	0.000000	0.000000
ACGTGCGGCCAAGTCT-1	10433	3188895	0	0	0	2	0.000000	0.000000	0.000000
ACTAACTAACAGTGCA-1	9735	2951074	0	0	0	2	0.000000	0.000000	0.000000
ACTACCAACGACTCTG-1	10193	3101111	0	0	0	2	0.000000	0.000000	0.000000
ACTACTGGCGGCACAG-1	9833	3017278	0	0	0	2	0.000000	0.000000	0.000000
ACTATCGTGGCACCAG-1	10045	3124935	0	0	0	2	0.000000	0.000000	0.000000
ACTATTTCCTTGTCGC-1	9319	2800897	0	0	0	2	0.000000	0.000000	0.000000
ACTCTAAAAACATCAA-1	10204	3099405	0	0	0	2	0.000000	0.000000	0.000000
ACTCTATAATAGTACT-1	9792	3009127	0	0	0	2	0.000000	0.000000	0.000000
ACTCTATAATTCTCCT-1	9358	2839884	0	0	0	2	0.000000	0.000000	0.000000
ACTCTGTATACGAGCG-1	9562	2874897	0	0	0	2	0.000000	0.000000	0.000000
ACTCTTGTAGCACGGG-1	9830	2964474	0	0	0	2	0.000000	0.000000	0.000000
ACTGACGGGACATATG-1	10069	3085943	0	0	0	2	0.000000	0.000000	0.000000
ACTGCAGTCGATTTAG-1	9746	2980607	0	0	0	2	0.000000	0.000000	0.000000
ACTGCCCATAAACAGA-1	9989	3064979	0	0	0	2	0.000000	0.000000	0.000000
ACTTCATCATGACTTC-1	10484	3212445	0	0	0	2	0.000000	0.000000	0.000000
ACTTCCACGCGAGACG-1	9469	2884119	0	0	0	2	0.000000	0.000000	0.000000
ACTTCCTGTGATAATA-1	10065	3057850	0	0	0	2	0.000000	0.000000	0.000000
ACTTCTTACGCTCTCA-1	10724	3269479	0	0	0	2	0.000000	0.000000	0.000000
ACTTTCACGGAGGCGT-1	9736	2965441	0	0	0	2	0.000000	0.000000	0.000000
ACTTTCGAGACCCAAG-1	10501	3194622	0	0	0	2	0.000000	0.000000	0.000000
AGAAGCGCACGATACA-1	9740	3028532	0	0	0	2	0.000000	0.000000	0.000000
AGACCATTCCTCCTCA-1	9842	3003272	0	0	0	2	0.000000	0.000000	0.000000
AGAGAAACCGCCGCGT-1	9490	2885262	0	0	0	2	0.000000	0.000000	0.000000
AGAGATAGTAACACTC-1	9825	3025639	0	0	0	2	0.000000	0.000000	0.000000
AGAGCCCCCATACACC-1	10263	3150784	0	0	0	2	0.000000	0.000000	0.000000
AGAGCCCTTGGTTGTT-1	9970	3019351	0	0	0	2	0.000000	0.000000	0.000000
AGAGGCGAACTAGTTA-1	10207	3108488	0	0	0	2	0.000000	0.000000	0.000000
AGAGGGAACTCAGCTA-1	9932	3030210	0	0	0	2	0.000000	0.000000	0.000000
AGAGTTTCGGGTCGGG-1	10301	3155920	0	0	0	2	0.000000	0.000000	0.000000
AGATAAACCAGTCAAA-1	10019	3042911	0	0	0	2	0.000000	0.000000	0.000000
AGATAATAGCCCCGGG-1	10205	3108033	0	0	0	2	0.000000	0.000000	0.000000
AGATAATAGTGCTGGT-1	9874	3007538	0	0	0	2	0.000000	0.000000	0.000000
AGATATACCTCAGTAA-1	9757	2942332	0	0	0	2	0.000000	0.000000	0.000000
AGATCGGGCTATATCG-1	9995	3055771	0	0	0	2	0.000000	0.000000	0.000000
AGCAATAGACGCTGGA-1	10304	3112639	0	0	0	2	0.000000	0.000000	0.000000
AGCACGTTTTAATGCA-1	10102	3068108	0	0	0	2	0.000000	0.000000	0.000000
AGCAGGCTCCCCGTCG-1	10036	3047699	0	0	0	2	0.000000	0.000000	0.000000
AGCCATCGTGCATCTC-1	9911	3089734	0	0	0	2	0.000000	0.000000	0.000000
AGCCGGTTAAGGCGCC-1	10151	3085200	0	0	0	2	0.000000	0.000000	0.000000
AGCCTGCGGTTCTACC-1	9598	2919380	0	0	0	2	0.000000	0.000000	0.000000
AGCGACATCGTTTTTA-1	10330	3202908	0	0	0	2	0.000000	0.000000	0.000000
AGCGTATTCGCCAGGA-1	9849	3012438	0	0	0	2	0.000000	0.000000	0.000000
AGCGTCGCTGAGTACG-1	10126	3069835	0	0	0	2	0.000000	0.000000	0.000000
AGCGTGGGCAACTCGT-1	9545	2892396	0	0	0	2	0.000000	0.000000	0.000000
AGCGTGGGTTTTTTGT-1	10162	3107420	0	0	0	2	0.000000	0.000000	0.000000
AGCTCACCAGTGGGAA-1	9952	3041454	0	0	0	2	0.000000	0.000000	0.000000
AGCTCTGCGGCTTGCA-1	9768	2958345	0	0	0	2	0.000000	0.000000	0.000000
AGCTTCTAAAGACTTC-1	9882	2986877	0	0	0	2	0.000000	0.000000	0.000000
AGCTTTATCCAGAATC-1	10125	3107170	0	0	0	2	0.000000	0.000000	0.000000
AGGAACCTGCATACAA-1	9766	3030001	0	0	0	2	0.000000	0.000000	0.000000
AGGACCAGTTTCCGCT-1	9643	2973654	0	0	0	2	0.000000	0.000000	0.000000
AGGATAGGTGGGGTCG-1	10065	3057980	0	0	0	2	0.000000	0.000000	0.000000
AGGCACATTCGCGTAT-1	9641	2896653	0	0	0	2	0.000000	0.000000	0.000000
AGGCCTAGGCGGCGTA-1	9969	3053847	0	0	0	2	0.000000	0.000000	0.000000
AGGCGAGTGGCTCGGG-1	10251	3155274	0	0	0	2	0.000000	0.000000	0.000000
AGGCGTAGGCTTTTTG-1	10142	3110597	0	0	0	2	0.000000	0.000000	0.000000
AGGCTCGTCGCCCCTG-1	10004	3046665	0	0	0	2	0.000000	0.000000	0.000000
AGGGAGATCCCTACTT-1	9941	3036166	0	0	0	2	0.000000	0.000000	0.000000
AGGGAGTCGCGGGATA-1	9604	2936909	0	0	0	2	0.000000	0.000000	0.000000
AGGGAGTGTACAATCC-1	9689	2975499	0	0	0	2	0.000000	0.000000	0.000000
AGGGCTGACTAGTGTG-1	9954	3040980	0	0	0	2	0.000000	0.000000	0.000000
AGGGTAGGAGCTCGTT-1	10191	3110462	0	0	0	2	0.000000	0.000000	0.000000
AGGTCTTGTGTACACG-1	9979	3069329	0	0	0	2	0.000000	0.000000	0.000000
AGGTGTTTAGGTGATG-1	10301	3130024	0	0	0	2	0.000000	0.000000	0.000000
AGTAAAAATTTGAAGG-1	9388	2881908	0	0	0	2	0.000000	0.000000	0.000000
AGTAAAGATAGCGCGC-1	10063	3086993	0	0	0	2	0.000000	0.000000	0.000000
AGTAAATCGTCATCCG-1	9796	3062307	0	0	0	2	0.000000	0.000000	0.000000
AGTACCGAACCATGTG-1	10230	3150452	0	0	0	2	0.000000	0.000000	0.000000
AGTAGTCGGTGACCTC-1	10490	3215509	0	0	0	2	0.000000	0.000000	0.000000
AGTATCAAACATCTTG-1	9848	3046192	0	0	0	2	0.000000	0.000000	0.000000
AGTCAATCGGCTCCGT-1	9834	2942971	0	0	0	2	0.000000	0.000000	0.000000
AGTCACTGAGAGAAGG-1	9600	2945316	0	0	0	2	0.000000	0.000000	0.000000
AGTCACTTCCTTGTCT-1	9999	3069687	0	0	0	2	0.000000	0.000000	0.000000
AGTCAGGGGATCATTT-1	10175	3063068	0	0	0	2	0.000000	0.000000	0.000000
AGTCATTGGTTGGTTG-1	9306	2891939	0	0	0	2	0.000000	0.000000	0.000000
AGTCTGCGTGAGTTGT-1	10503	3249073	0	0	0	2	0.000000	0.000000	0.000000
AGTGAAGGGCAGAGTG-1	10358	3182834	0	0	0	2	0.000000	0.000000	0.000000
AGTGACTAATAATAAT-1	10005	3089845	0	0	0	2	0.000000	0.000000	0.000000
AGTGAGACACATACGA-1	10202	3153784	0	0	0	2	0.000000	0.000000	0.000000
AGTGCAGGATAGTCGA-1	9503	2898933	0	0	0	2	0.000000	0.000000	0.000000
AGTGCGACCAAACCCT-1	10261	3137101	0	0	0	2	0.000000	0.000000	0.000000
AGTGCTTCCGAAAAGC-1	10468	3204541	0	0	0	2	0.000000	0.000000	0.000000
AGTTCCCATTCCCTTT-1	10123	3118215	0	0	0	2	0.000000	0.000000	0.000000
AGTTCGACTATCCTTT-1	10501	3208705	0	0	0	2	0.000000	0.000000	0.000000
AGTTTCGTGTGGACTG-1	10360	3206698	0	0	0	2	0.000000	0.000000	0.000000
ATAAGATGTGATCAGC-1	9633	2936538	0	0	0	2	0.000000	0.000000	0.000000
ATAAGGGGTCCGACCT-1	10358	3174057	0	0	0	2	0.000000	0.000000	0.000000
ATAATGTAACTATATG-1	10376	3151562	0	0	0	2	0.000000	0.000000	0.000000
ATACTATAACTATTCA-1	10079	3086403	0	0	0	2	0.000000	0.000000	0.000000
ATACTCTGTCCTGCTA-1	9992	3104038	0	0	0	2	0.000000	0.000000	0.000000
ATACTGGTAGCAACAC-1	10255	3133887	0	0	0	2	0.000000	0.000000	0.000000
ATAGCATAGTTAACGA-1	9872	2994799	0	0	0	2	0.000000	0.000000	0.000000
ATAGCTTGCCTGTCAA-1	9901	3044493	0	0	0	2	0.000000	0.000000	0.000000
ATAGGAGTAGAGTATT-1	10036	3090486	0	0	0	2	0.000000	0.000000	0.000000
ATAGGGCATCCTAAGT-1	10553	3222707	0	0	0	2	0.000000	0.000000	0.000000
ATATAGCCCACACGGA-1	9911	3034090	0	0	0	2	0.000000	0.000000	0.000000
ATATCTCCCATCCAGT-1	10071	3054773	0	0	0	2	0.000000	0.000000	0.000000
ATATTATTCACCGTGA-1	10220	3144111	0	0	0	2	0.000000	0.000000	0.000000
ATCAACCCTAAGTATA-1	10085	3133697	0	0	0	2	0.000000	0.000000	0.000000
ATCAATCTACAACATA-1	10014	3066117	0	0	0	2	0.000000	0.000000	0.000000
ATCAGCTCGTTAACGA-1	9936	3038043	0	0	0	2	0.000000	0.000000	0.000000
ATCATACTCAGGTTCC-1	10363	3191698	0	0	0	2	0.000000	0.000000	0.000000
ATCATCTGTTGAACTA-1	9913	3038999	0	0	0	2	0.000000	0.000000	0.000000
ATCCAAAACTACGGTG-1	9548	2954450	0	0	0	2	0.000000	0.000000	0.000000
ATCCACCATTTAAAGA-1	9446	2898839	0	0	0	2	0.000000	0.000000	0.000000
ATCCCGCGGCGGTGTA-1	10226	3163054	0	0	0	2	0.000000	0.000000	0.000000
ATCCTAAGTATCCGCG-1	10224	3122001	0	0	0	2	0.000000	0.000000	0.000000
ATCGATCCGTACTCTG-1	9968	3048224	0	0	0	2	0.000000	0.000000	0.000000
ATCGCGCAGTCACATA-1	9907	3005302	0	0	0	2	0.000000	0.000000	0.000000
ATCGCTACTATAGGAA-1	9844	3013945	0	0	0	2	0.000000	0.000000	0.000000
ATCGGTGCGATGAGCT-1	9870	3048905	0	0	0	2	0.000000	0.000000	0.000000
ATCTAGAGCGCCTCGA-1	10059	3056552	0	0	0	2	0.000000	0.000000	0.000000
ATCTCCTCTATCTACG-1	9589	2900763	0	0	0	2	0.000000	0.000000	0.000000
ATCTGACCACTTTGAA-1	10166	3118899	0	0	0	2	0.000000	0.000000	0.000000
ATCTTCGCGCTAACAG-1	9898	3042888	0	0	0	2	0.000000	0.000000	0.000000
ATCTTTGTCCACGATA-1	9998	3074174	0	0	0	2	0.000000	0.000000	0.000000
ATGCACGAACCGACTC-1	10617	3269654	0	0	0	2	0.000000	0.000000	0.000000
ATGCAGCGAACTTAGT-1	9938	3008768	0	0	0	2	0.000000	0.000000	0.000000
ATGCCGGCACAAGCTT-1	10219	3155175	0	0	0	2	0.000000	0.000000	0.000000
ATGCGCCGTCGAGAGT-1	10044	3052200	0	0	0	2	0.000000	0.000000	0.000000
ATGCTAGCCTAACGTC-1	9553	2928287	0	0	0	2	0.000000	0.000000	0.000000
ATGGACCTCGTTACCC-1	10246	3132631	0	0	0	2	0.000000	0.000000	0.000000
ATGGAGTCCGAGAATG-1	10034	3050041	0	0	0	2	0.000000	0.000000	0.000000
ATGGCAGGTCCCTGTT-1	9934	3012562	0	0	0	2	0.000000	0.000000	0.000000
ATGGTAGGAGTGAAAC-1	9989	3066193	0	0	0	2	0.000000	0.000000	0.000000
ATGGTGATTGAACGAC-1	9802	3013879	0	0	0	2	0.000000	0.000000	0.000000
ATGTAACACTCATATT-1	10110	3105320	0	0	0	2	0.000000	0.000000	0.000000
ATGTAAGCTGGTGATC-1	10130	3075546	0	0	0	2	0.000000	0.000000	0.000000
ATGTAGCAATATCCAT-1	10191	3135718	0	0	0	2	0.000000	0.000000	0.000000
ATGTTAGCGGAACGAT-1	10173	3109387	0	0	0	2	0.000000	0.000000	0.000000
ATTAATTGGATTGGCT-1	10011	3072376	0	0	0	2	0.000000	0.000000	0.000000
ATTACAACCGTAGGGT-1	10263	3174257	0	0	0	2	0.000000	0.000000	0.000000
ATTACGTGAGTCCAAC-1	9542	2893823	0	0	0	2	0.000000	0.000000	0.000000
ATTATGAATTTTATCG-1	10010	3100956	0	0	0	2	0.000000	0.000000	0.000000
ATTCAGCAGTGCCAGC-1	10038	3069902	0	0	0	2	0.000000	0.000000	0.000000
ATTCCTGGGAGTGTCG-1	9536	2896088	0	0	0	2	0.000000	0.000000	0.000000
ATTGAGGTTTGTGAGC-1	10023	3066893	0	0	0	2	0.000000	0.000000	0.000000
ATTGTAATCCTTGTGT-1	10100	3138493	0	0	0	2	0.000000	0.000000	0.000000
ATTGTGCCGTGTTGTG-1	9643	2949996	0	0	0	2	0.000000	0.000000	0.000000
ATTGTGTGGATAAGTT-1	9846	3047678	0	0	0	2	0.000000	0.000000	0.000000
ATTTTAGCGTCCCATG-1	9959	3062176	0	0	0	2	0.000000	0.000000	0.000000
CAAAAACCGTCCACGG-1	9967	3064623	0	0	0	2	0.000000	0.000000	0.000000
CAAAACGATGATACAA-1	10061	3116147	0	0	0	2	0.000000	0.000000	0.000000
CAAACCACTTTCTATC-1	9579	2912288	0	0	0	2	0.000000	0.000000	0.000000
CAAACCTTGCATTCGC-1	9690	2988218	0	0	0	2	0.000000	0.000000	0.000000
CAAATAACAGATCTCC-1	10014	3055334	0	0	0	2	0.000000	0.000000	0.000000
CAACCTCTTCATTAGT-1	10098	3118926	0	0	0	2	0.000000	0.000000	0.000000
CAACCTGGTAGAATCG-1	10005	3038227	0	0	0	2	0.000000	0.000000	0.000000
CAAGAACTCAGGCTCT-1	9503	2886561	0	0	0	2	0.000000	0.000000	0.000000
CAAGAGGGGTAAGCGC-1	10038	3046872	0	0	0	2	0.000000	0.000000	0.000000
CAAGCGTAGATTGGTG-1	10291	3131571	0	0	0	2	0.000000	0.000000	0.000000
CAAGTTCCCGTTAGTG-1	9969	3021331	0	0	0	2	0.000000	0.000000	0.000000
CAATTGCACCAGAACC-1	10040	3088827	0	0	0	2	0.000000	0.000000	0.000000
CACAATTTATACGTGG-1	10378	3120050	0	0	0	2	0.000000	0.000000	0.000000
CACACACAGGCCGAGA-1	10075	3068532	0	0	0	2	0.000000	0.000000	0.000000
CACACACGTAACTAAG-1	10065	3026021	0	0	0	2	0.000000	0.000000	0.000000
CACAGACGACCGATGG-1	9778	2978587	0	0	0	2	0.000000	0.000000	0.000000
CACAGCTGACGGATTA-1	9937	3094867	0	0	0	2	0.000000	0.000000	0.000000
CACCTTTTACGCCAAT-1	10304	3108398	0	0	0	2	0.000000	0.000000	0.000000
CACGCACTCTCGGTAC-1	10334	3142227	0	0	0	2	0.000000	0.000000	0.000000
CACGCCGTACTTAGGG-1	10194	3134875	0	0	0	2	0.000000	0.000000	0.000000
CACGCGTTGGTTAGGG-1	9941	3011698	0	0	0	2	0.000000	0.000000	0.000000
CACGGACAGCCCGCCT-1	10778	3278273	0	0	0	2	0.000000	0.000000	0.000000
CACGGTCCCGTTTGAT-1	9792	3008541	0	0	0	2	0.000000	0.000000	0.000000
CACGGTTGACCTAGTG-1	10267	3142653	0	0	0	2	0.000000	0.000000	0.000000
CACGGTTTTCATACAA-1	10528	3202496	0	0	0	2	0.000000	0.000000	0.000000
CACTAATGTGCTTAGT-1	10088	3086220	0	0	0	2	0.000000	0.000000	0.000000
CACTGGTCCACGAATA-1	10017	3078806	0	0	0	2	0.000000	0.000000	0.000000
CACTGTTTTCATCGTC-1	10204	3072501	0	0	0	2	0.000000	0.000000	0.000000
CAGACGCTGCCCAAGC-1	9583	2905719	0	0	0	2	0.000000	0.000000	0.000000
CAGACGGCTTGAAATT-1	9766	2999918	0	0	0	2	0.000000	0.000000	0.000000
CAGATAGTTTTCGGGT-1	9756	2992051	0	0	0	2	0.000000	0.000000	0.000000
CAGATATCCAAGTCGC-1	10220	3173788	0	0	0	2	0.000000	0.000000	0.000000
CAGATGCATGCGAAGC-1	10074	3137733	0	0	0	2	0.000000	0.000000	0.000000
CAGATTACGGACCGTG-1	10082	3092583	0	0	0	2	0.000000	0.000000	0.000000
CAGCAAAAAGATCAAT-1	9940	3026164	0	0	0	2	0.000000	0.000000	0.000000
CAGCCCCAATTTCACA-1	10104	3112819	0	0	0	2	0.000000	0.000000	0.000000
CAGCTGGTCGTTACTA-1	10027	3083740	0	0	0	2	0.000000	0.000000	0.000000
CAGGAAGTCGAAAAAC-1	10095	3081381	0	0	0	2	0.000000	0.000000	0.000000
CAGGTTACGACGTTAG-1	9870	3029534	0	0	0	2	0.000000	0.000000	0.000000
CAGTAAGAACGCACTA-1	9264	2843389	0	0	0	2	0.000000	0.000000	0.000000
CAGTAAGAATCTAACT-1	10178	3073450	0	0	0	2	0.000000	0.000000	0.000000
CAGTATTGGATGCGAC-1	9766	2994278	0	0	0	2	0.000000	0.000000	0.000000
CATAATATAGGATCAA-1	9898	3005546	0	0	0	2	0.000000	0.000000	0.000000
CATACACATCTCACGA-1	9614	2942044	0	0	0	2	0.000000	0.000000	0.000000
CATAGGTGAACCCGTC-1	9742	2930727	0	0	0	2	0.000000	0.000000	0.000000
CATCACGGAACGCCAG-1	9652	2931683	0	0	0	2	0.000000	0.000000	0.000000
CATCAGTCAACGTTTT-1	9554	2895433	0	0	0	2	0.000000	0.000000	0.000000
CATCATTGTAGAGAGG-1	10248	3122110	0	0	0	2	0.000000	0.000000	0.000000
CATCCCATCCCGGGTC-1	10520	3216793	0	0	0	2	0.000000	0.000000	0.000000
CATCCGTACATCTGAC-1	9437	2857085	0	0	0	2	0.000000	0.000000	0.000000
CATCTAATTGTTGTCG-1	9968	3068431	0	0	0	2	0.000000	0.000000	0.000000
CATCTGACACCGCCGG-1	9708	2925702	0	0	0	2	0.000000	0.000000	0.000000
CATCTGGAAAGTAGGC-1	10350	3148654	0	0	0	2	0.000000	0.000000	0.000000
CATGTACCTGGATCTC-1	9921	3061109	0	0	0	2	0.000000	0.000000	0.000000
CATGTCCAGTGTCCTT-1	10214	3131121	0	0	0	2	0.000000	0.000000	0.000000
CATTACATCCGAGTGG-1	10413	3191280	0	0	0	2	0.000000	0.000000	0.000000
CATTCCGATCGTTTCT-1	10550	3182839	0	0	0	2	0.000000	0.000000	0.000000
CATTCTTGTGCTACAG-1	10307	3163185	0	0	0	2	0.000000	0.000000	0.000000
CATTGCGCACGGCGAC-1	10118	3107226	0	0	0	2	0.000000	0.000000	0.000000
CATTGGAATCCTTCGA-1	9960	3022930	0	0	0	2	0.000000	0.000000	0.000000
CATTTCTTATGTAATT-1	10095	3033304	0	0	0	2	0.000000	0.000000	0.000000
CCAAAAAATTACTGTG-1	9813	2973552	0	0	0	2	0.000000	0.000000	0.000000
CCAAAAGGCTTTCAGT-1	10255	3153125	0	0	0	2	0.000000	0.000000	0.000000
CCAAATAAAGTCGTTA-1	10565	3149315	0	0	0	2	0.000000	0.000000	0.000000
CCAATAGCGAAGACTA-1	9973	3077790	0	0	0	2	0.000000	0.000000	0.000000
CCACAAGGTGCTACTC-1	9297	2845157	0	0	0	2	0.000000	0.000000	0.000000
CCACGATTCATCCACA-1	10519	3179738	0	0	0	2	0.000000	0.000000	0.000000
CCAGCCGGATTGCCAT-1	10262	3145189	0	0	0	2	0.000000	0.000000	0.000000
CCAGGTTCGGCTTGCA-1	10263	3144414	0	0	0	2	0.000000	0.000000	0.000000
CCAGTAACTGTTTCTT-1	10125	3099104	0	0	0	2	0.000000	0.000000	0.000000
CCAGTAGGTCCCGGAT-1	10174	3088701	0	0	0	2	0.000000	0.000000	0.000000
CCAGTTACTGTATTGC-1	10052	3041822	0	0	0	2	0.000000	0.000000	0.000000
CCATAGAACCAGTGGC-1	10224	3127341	0	0	0	2	0.000000	0.000000	0.000000
CCATAGTTTATGATCG-1	10201	3133481	0	0	0	2	0.000000	0.000000	0.000000
CCATCCTTTTGGTCAA-1	9780	3006121	0	0	0	2	0.000000	0.000000	0.000000
CCATGGGCAGGCTCAT-1	9949	3033070	0	0	0	2	0.000000	0.000000	0.000000
CCATGTATTGATATGA-1	10331	3154548	0	0	0	2	0.000000	0.000000	0.000000
CCATTTCTGATGACTC-1	10191	3096446	0	0	0	2	0.000000	0.000000	0.000000
CCCACATGAGTAATTT-1	10086	3109453	0	0	0	2	0.000000	0.000000	0.000000
CCCAGGACGCGTGGCT-1	9937	3025993	0	0	0	2	0.000000	0.000000	0.000000
CCCATATACAGTAACC-1	10367	3163344	0	0	0	2	0.000000	0.000000	0.000000
CCCCCGTCTGGTACGT-1	10308	3168449	0	0	0	2	0.000000	0.000000	0.000000
CCCCTAAAATAACGGC-1	10432	3217174	0	0	0	2	0.000000	0.000000	0.000000
CCCCTATGAAGTCACA-1	9945	3050442	0	0	0	2	0.000000	0.000000	0.000000
CCCCTTCGATGGGGGG-1	10133	3089947	0	0	0	2	0.000000	0.000000	0.000000
CCCCTTGCTAGCCAGA-1	10268	3177395	0	0	0	2	0.000000	0.000000	0.000000
CCCGACCCACCCTAGT-1	9731	2971284	0	0	0	2	0.000000	0.000000	0.000000
CCCGCCTACTATCTAG-1	10058	3137992	0	0	0	2	0.000000	0.000000	0.000000
CCCGGGTGAACCACTC-1	9723	2980297	0	0	0	2	0.000000	0.000000	0.000000
CCCGGTCCGGACCTTC-1	10188	3063337	0	0	0	2	0.000000	0.000000	0.000000
CCCTGTACCCTTAATT-1	10188	3113257	0	0	0	2	0.000000	0.000000	0.000000
CCCTTACCATAATTTT-1	10041	3055800	0	0	0	2	0.000000	0.000000	0.000000
CCCTTGAACGTATCGT-1	9689	2941104	0	0	0	2	0.000000	0.000000	0.000000
CCGAGACATACTAAAG-1	10031	3054624	0	0	0	2	0.000000	0.000000	0.000000
CCGAGATCACTGTTAG-1	9806	2978497	0	0	0	2	0.000000	0.000000	0.000000
CCGAGCGGCGACCGCT-1	9887	3017446	0	0	0	2	0.000000	0.000000	0.000000
CCGATGCAGGATTATA-1	9638	2929727	0	0	0	2	0.000000	0.000000	0.000000
CCGCACGGACTGTTGA-1	9663	3004395	0	0	0	2	0.000000	0.000000	0.000000
CCGCAGATCTTACTGT-1	10000	3057439	0	0	0	2	0.000000	0.000000	0.000000
CCGCAGGCCAGAAGCT-1	10323	3151595	0	0	0	2	0.000000	0.000000	0.000000
CCGCCTAGCAGCATAT-1	9906	3036053	0	0	0	2	0.000000	0.000000	0.000000
CCGCCTCAAACGTTGA-1	9676	3005954	0	0	0	2	0.000000	0.000000	0.000000
CCGGACTCGACGCTCG-1	10411	3209767	0	0	0	2	0.000000	0.000000	0.000000
CCGGATATCTTAAAAG-1	9821	2959474	0	0	0	2	0.000000	0.000000	0.000000
CCGGCCCGGCCTAATC-1	9856	3078296	0	0	0	2	0.000000	0.000000	0.000000
CCGGGATCCAGGGCTT-1	10005	3059555	0	0	0	2	0.000000	0.000000	0.000000
CCGTAATCATGTAAAA-1	10992	3358216	0	0	0	2	0.000000	0.000000	0.000000
CCGTAATGGACAGGAA-1	10256	3125671	0	0	0	2	0.000000	0.000000	0.000000
CCGTACGCGTCGCACG-1	9886	3027884	0	0	0	2	0.000000	0.000000	0.000000
CCGTGAATTGACGACT-1	9567	2950774	0	0	0	2	0.000000	0.000000	0.000000
CCGTGAGCTGCGAATA-1	10018	3061634	0	0	0	2	0.000000	0.000000	0.000000
CCGTGTTAGCCCTTGG-1	10123	3090058	0	0	0	2	0.000000	0.000000	0.000000
CCTAACATCTGATCAG-1	9703	2971968	0	0	0	2	0.000000	0.000000	0.000000
CCTAAGGATTCACCAC-1	10147	3104733	0	0	0	2	0.000000	0.000000	0.000000
CCTACTGCGCATTCCG-1	9937	3049047	0	0	0	2	0.000000	0.000000	0.000000
CCTAGAACCAAGCTAA-1	9943	3032157	0	0	0	2	0.000000	0.000000	0.000000
CCTCCGCAGTCACGAC-1	9937	3063484	0	0	0	2	0.000000	0.000000	0.000000
CCTCGTATTGGGGATA-1	10133	3062968	0	0	0	2	0.000000	0.000000	0.000000
CCTCTTTGTCCAACGG-1	9898	2981415	0	0	0	2	0.000000	0.000000	0.000000
CCTGACAACTGTACAT-1	9583	2889433	0	0	0	2	0.000000	0.000000	0.000000
CCTGACGTTACCTGGC-1	9896	3016722	0	0	0	2	0.000000	0.000000	0.000000
CCTGCACGACCTGCTT-1	10058	3067784	0	0	0	2	0.000000	0.000000	0.000000
CCTGGAGTGGTGGGGG-1	10353	3204188	0	0	0	2	0.000000	0.000000	0.000000
CCTGTAAAGCTTTGGA-1	10042	3094827	0	0	0	2	0.000000	0.000000	0.000000
CCTGTAATCGGCTCGC-1	9759	2945366	0	0	0	2	0.000000	0.000000	0.000000
CCTGTGGATCGTTGTC-1	10343	3186764	0	0	0	2	0.000000	0.000000	0.000000
CCTTAACCATTAACGG-1	10374	3153995	0	0	0	2	0.000000	0.000000	0.000000
CCTTCAAAGGGAAGAA-1	10144	3135431	0	0	0	2	0.000000	0.000000	0.000000
CCTTCCCCCTATATAT-1	10360	3172995	0	0	0	2	0.000000	0.000000	0.000000
CCTTTGCATTGCTATA-1	10130	3109227	0	0	0	2	0.000000	0.000000	0.000000
CCTTTGGTCCGCTAGT-1	9951	3063725	0	0	0	2	0.000000	0.000000	0.000000
CGAACATATTTCAGAG-1	10181	3099485	0	0	0	2	0.000000	0.000000	0.000000
CGAACCGAAAACAGTT-1	9967	3069271	0	0	0	2	0.000000	0.000000	0.000000
CGACAGGAAGGCTTCT-1	10557	3212589	0	0	0	2	0.000000	0.000000	0.000000
CGACAGGATGGCACTC-1	10085	3100146	0	0	0	2	0.000000	0.000000	0.000000
CGACATCACCTGTTTC-1	10170	3149724	0	0	0	2	0.000000	0.000000	0.000000
CGACGGCTTTCTGAGT-1	9860	3026856	0	0	0	2	0.000000	0.000000	0.000000
CGACTAACAAGCTCAC-1	10358	3181979	0	0	0	2	0.000000	0.000000	0.000000
CGACTAGGCTTGTCGT-1	9755	2978279	0	0	0	2	0.000000	0.000000	0.000000
CGAGACCCCGTAGGAT-1	9826	3026859	0	0	0	2	0.000000	0.000000	0.000000
CGAGCAATAGAGGTGG-1	10369	3170215	0	0	0	2	0.000000	0.000000	0.000000
CGAGCGATACACATCG-1	10432	3214255	0	0	0	2	0.000000	0.000000	0.000000
CGAGGGGGTGATACCG-1	10068	3067148	0	0	0	2	0.000000	0.000000	0.000000
CGAGTTCTTTACGCAG-1	9694	2961830	0	0	0	2	0.000000	0.000000	0.000000
CGATAGTTGGACGAAA-1	10004	3032864	0	0	0	2	0.000000	0.000000	0.000000
CGATATGGACGAGCGG-1	9958	2989846	0	0	0	2	0.000000	0.000000	0.000000
CGATCGACAGGCTCGG-1	10287	3119934	0	0	0	2	0.000000	0.000000	0.000000
CGATGCCAGTCTAAGA-1	9757	3027330	0	0	0	2	0.000000	0.000000	0.000000
CGCAACATCTCGGATG-1	9941	3076097	0	0	0	2	0.000000	0.000000	0.000000
CGCAATACTGACTCCA-1	9356	2898022	0	0	0	2	0.000000	0.000000	0.000000
CGCACGCGTACTGCAG-1	10909	3321335	0	0	0	2	0.000000	0.000000	0.000000
CGCCAATTCTCAGAAT-1	9933	3019357	0	0	0	2	0.000000	0.000000	0.000000
CGCCACATAAGGAATG-1	9928	3056458	0	0	0	2	0.000000	0.000000	0.000000
CGCCACGCCTCTACTG-1	10032	3052087	0	0	0	2	0.000000	0.000000	0.000000
CGCCATGTCCTCTTGT-1	9908	3030090	0	0	0	2	0.000000	0.000000	0.000000
CGCCCTCCAAACACAG-1	9841	3008174	0	0	0	2	0.000000	0.000000	0.000000
CGCCCTCGGCTACGAC-1	9639	2934912	0	0	0	2	0.000000	0.000000	0.000000
CGCGAAAAAACGTCAA-1	9538	2902655	0	0	0	2	0.000000	0.000000	0.000000
CGCGCACCACCTGTTT-1	10070	3060953	0	0	0	2	0.000000	0.000000	0.000000
CGCGCTTATATATGAA-1	10198	3085568	0	0	0	2	0.000000	0.000000	0.000000
CGCGGGACCGAGCGTC-1	10069	3087516	0	0	0	2	0.000000	0.000000	0.000000
CGCGGTACGGTCAGCA-1	9779	3029829	0	0	0	2	0.000000	0.000000	0.000000
CGCGTCGCCACGTTAG-1	9948	3046753	0	0	0	2	0.000000	0.000000	0.000000
CGCTCGTAGAGTTCAT-1	10095	3041508	0	0	0	2	0.000000	0.000000	0.000000
CGCTTACCTGTAAGTG-1	10174	3069073	0	0	0	2	0.000000	0.000000	0.000000
CGCTTGCAAGGGGCGA-1	10336	3150230	0	0	0	2	0.000000	0.000000	0.000000
CGGAAGTTTCAGGCTC-1	10222	3123472	0	0	0	2	0.000000	0.000000	0.000000
CGGATAGCTTGCGACG-1	10242	3122617	0	0	0	2	0.000000	0.000000	0.000000
CGGCACCTCGGTATTG-1	9975	3068864	0	0	0	2	0.000000	0.000000	0.000000
CGGCCACCCACATAGC-1	10121	3112414	0	0	0	2	0.000000	0.000000	0.000000
CGGCCCTAACCAGAGC-1	10225	3132982	0	0	0	2	0.000000	0.000000	0.000000
CGGCCGAGCCGCGTCC-1	10022	3059849	0	0	0	2	0.000000	0.000000	0.000000
CGGCCGGGGGCCACAG-1	10537	3211639	0	0	0	2	0.000000	0.000000	0.000000
CGGCGCCACACTTCTC-1	9854	3053149	0	0	0	2	0.000000	0.000000	0.000000
CGGCGGTTGCTGTGTG-1	10569	3269518	0	0	0	2	0.000000	0.000000	0.000000
CGTAACATTCCGGGGT-1	9431	2886954	0	0	0	2	0.000000	0.000000	0.000000
CGTAGGCAAAGCGGCT-1	9928	3051061	0	0	0	2	0.000000	0.000000	0.000000
CGTATGGCAAGTGCCC-1	9764	3004279	0	0	0	2	0.000000	0.000000	0.000000
CGTCGAGAGGATAGGG-1	9959	3043070	0	0	0	2	0.000000	0.000000	0.000000
CGTCGGGCGGAAACGG-1	9963	3088950	0	0	0	2	0.000000	0.000000	0.000000
CGTGCATAAGCGGAAT-1	10414	3190813	0	0	0	2	0.000000	0.000000	0.000000
CGTGCGCCCCGAAGCG-1	9593	2965625	0	0	0	2	0.000000	0.000000	0.000000
CGTGGATTAAGCCAAG-1	10233	3165746	0	0	0	2	0.000000	0.000000	0.000000
CGTGGGACGCCTCGGC-1	9614	2939466	0	0	0	2	0.000000	0.000000	0.000000
CGTGTACTTGACTGGT-1	10235	3164641	0	0	0	2	0.000000	0.000000	0.000000
CGTGTCACGCTCCGCC-1	9855	3032320	0	0	0	2	0.000000	0.000000	0.000000
CGTGTGGATCTGGCAG-1	10158	3093418	0	0	0	2	0.000000	0.000000	0.000000
CGTGTTAATTGTACAT-1	10159	3084963	0	0	0	2	0.000000	0.000000	0.000000
CGTTAGCATATAGTTC-1	9811	3004499	0	0	0	2	0.000000	0.000000	0.000000
CGTTCAGAGTATTAGG-1	9851	3007184	0	0	0	2	0.000000	0.000000	0.000000
CGTTTGTAAAACCTTG-1	10201	3128784	0	0	0	2	0.000000	0.000000	0.000000
CTAAGACAGACAAGCC-1	9995	3077374	0	0	0	2	0.000000	0.000000	0.000000
CTAATTCAACCGCTAG-1	9890	2998276	0	0	0	2	0.000000	0.000000	0.000000
CTACAGATCAATATCG-1	10330	3170022	0	0	0	2	0.000000	0.000000	0.000000
CTACGGGGCAAAAAGA-1	9885	3050181	0	0	0	2	0.000000	0.000000	0.000000
CTACGGTGACGGCAGC-1	10564	3216039	0	0	0	2	0.000000	0.000000	0.000000
CTACGTAGGTTTATTA-1	10309	3176049	0	0	0	2	0.000000	0.000000	0.000000
CTAGACACTCCATTGT-1	9662	2932952	0	0	0	2	0.000000	0.000000	0.000000
CTAGGTGGGACTACGC-1	9921	3014789	0	0	0	2	0.000000	0.000000	0.000000
CTAGTAAAAGAAAGTA-1	9854	3002952	0	0	0	2	0.000000	0.000000	0.000000
CTAGTATCTCATCCTT-1	9402	2872605	0	0	0	2	0.000000	0.000000	0.000000
CTATCAGTTATTAGCT-1	9976	3081564	0	0	0	2	0.000000	0.000000	0.000000
CTATCCCAACAGGTAG-1	10216	3077922	0	0	0	2	0.000000	0.000000	0.000000
CTATCCCAGACATAGT-1	10214	3086327	0	0	0	2	0.000000	0.000000	0.000000
CTATCTTATGCAATTT-1	10181	3098457	0	0	0	2	0.000000	0.000000	0.000000
CTATGGCATATGTCGG-1	10296	3136900	0	0	0	2	0.000000	0.000000	0.000000
CTATTTCGGAATATAA-1	9954	3079862	0	0	0	2	0.000000	0.000000	0.000000
CTCAAAGTGAATAATC-1	9784	3015104	0	0	0	2	0.000000	0.000000	0.000000
CTCAATCCGGACTCGG-1	9941	3018374	0	0	0	2	0.000000	0.000000	0.000000
CTCACTCGTGAGGACT-1	10131	3142809	0	0	0	2	0.000000	0.000000	0.000000
CTCAGAGATCTGAGGT-1	10346	3147073	0	0	0	2	0.000000	0.000000	0.000000
CTCAGATTTCCGGATG-1	10438	3193498	0	0	0	2	0.000000	0.000000	0.000000
CTCAGGGATCCTCCTG-1	9997	3085579	0	0	0	2	0.000000	0.000000	0.000000
CTCCAGGAAACCAATA-1	10506	3178969	0	0	0	2	0.000000	0.000000	0.000000
CTCCGCAGACTCTCGC-1	9955	3010981	0	0	0	2	0.000000	0.000000	0.000000
CTCCGGTTCTAATGGG-1	10158	3081306	0	0	0	2	0.000000	0.000000	0.000000
CTCCTGCGGAATGTTG-1	10538	3221276	0	0	0	2	0.000000	0.000000	0.000000
CTCCTGTCTTTAGCCC-1	10222	3150162	0	0	0	2	0.000000	0.000000	0.000000
CTCGAGTGAACGTTCT-1	9863	2993267	0	0	0	2	0.000000	0.000000	0.000000
CTCGCGATCGGGCCGT-1	10254	3133814	0	0	0	2	0.000000	0.000000	0.000000
CTCGCGTTAGACTGTG-1	9925	2997909	0	0	0	2	0.000000	0.000000	0.000000
CTCGTAGCGCGGTCTG-1	9372	2881871	0	0	0	2	0.000000	0.000000	0.000000
CTCTAACCCCGAGCGC-1	9724	2955922	0	0	0	2	0.000000	0.000000	0.000000
CTCTACTCCGGAAGTC-1	9801	3008476	0	0	0	2	0.000000	0.000000	0.000000
CTCTACTCTACCAGAA-1	10192	3062646	0	0	0	2	0.000000	0.000000	0.000000
CTCTAGTTTGAATCCA-1	9542	2939357	0	0	0	2	0.000000	0.000000	0.000000
CTCTCAAGGCAGCCAT-1	9866	3045228	0	0	0	2	0.000000	0.000000	0.000000
CTCTGTGGCTTGCTTA-1	10462	3219703	0	0	0	2	0.000000	0.000000	0.000000
CTCTGTTGTGTCATTA-1	9895	3045015	0	0	0	2	0.000000	0.000000	0.000000
CTCTTGGGACTCAACC-1	9903	3005942	0	0	0	2	0.000000	0.000000	0.000000
CTCTTTCAATAATCCG-1	10031	3087623	0	0	0	2	0.000000	0.000000	0.000000
CTGAAACATGCTAAGT-1	10161	3090384	0	0	0	2	0.000000	0.000000	0.000000
CTGATAGTGCCTCTTT-1	9478	2895438	0	0	0	2	0.000000	0.000000	0.000000
CTGCACTCGATCCCTG-1	9602	2942444	0	0	0	2	0.000000	0.000000	0.000000
CTGCCACCTACGGCTA-1	10005	3044453	0	0	0	2	0.000000	0.000000	0.000000
CTGCCACGCCCGCTTG-1	10091	3069731	0	0	0	2	0.000000	0.000000	0.000000
CTGCCTTACATGGCCT-1	9945	3050658	0	0	0	2	0.000000	0.000000	0.000000
CTGGAATAAATTAGTA-1	9706	2952416	0	0	0	2	0.000000	0.000000	0.000000
CTGGACTACTTTGGTC-1	9805	3000531	0	0	0	2	0.000000	0.000000	0.000000
CTGGAGGTAGATTTAG-1	9407	2901791	0	0	0	2	0.000000	0.000000	0.000000
CTGGCTCTAGAGGAGC-1	9847	2971486	0	0	0	2	0.000000	0.000000	0.000000
CTGGTCTCAAGCTGAC-1	10011	3074485	0	0	0	2	0.000000	0.000000	0.000000
CTGGTTCAATTACGCT-1	10030	3050469	0	0	0	2	0.000000	0.000000	0.000000
CTGGTTGGAACCGGAA-1	10010	3079957	0	0	0	2	0.000000	0.000000	0.000000
CTGTTACCGTAATACT-1	9766	2990211	0	0	0	2	0.000000	0.000000	0.000000
CTTAAGCGTGTAGCGT-1	9925	3022492	0	0	0	2	0.000000	0.000000	0.000000
CTTAGCAGAGCCATGT-1	9745	2980334	0	0	0	2	0.000000	0.000000	0.000000
CTTCAGCGAATTCTGA-1	10041	3042032	0	0	0	2	0.000000	0.000000	0.000000
CTTCCAATACTAAGAA-1	10149	3074333	0	0	0	2	0.000000	0.000000	0.000000
CTTGAGAATATACGCA-1	10275	3145645	0	0	0	2	0.000000	0.000000	0.000000
CTTGAGTGTCAAGTCA-1	10200	3158043	0	0	0	2	0.000000	0.000000	0.000000
CTTGGGCTTCAGCGCT-1	9786	2967740	0	0	0	2	0.000000	0.000000	0.000000
CTTGTACTGAACCCCT-1	9922	3005494	0	0	0	2	0.000000	0.000000	0.000000
CTTGTCAGGGGATACG-1	9747	3004987	0	0	0	2	0.000000	0.000000	0.000000
CTTTTATGAAACCATT-1	10086	3084893	0	0	0	2	0.000000	0.000000	0.000000
GAAAAGCACTACAATC-1	10083	3031823	0	0	0	2	0.000000	0.000000	0.000000
GAAATCGCTATAGGTC-1	9773	2961549	0	0	0	2	0.000000	0.000000	0.000000
GAACAAGAGAAGAACA-1	10249	3141992	0	0	0	2	0.000000	0.000000	0.000000
GAACAGTCCGTCAGTC-1	10119	3093889	0	0	0	2	0.000000	0.000000	0.000000
GAACGAATTACCCGGA-1	10331	3169218	0	0	0	2	0.000000	0.000000	0.000000
GAACTATCGCTGAAAC-1	10093	3066451	0	0	0	2	0.000000	0.000000	0.000000
GAACTGGATCGCGCCC-1	10105	3124044	0	0	0	2	0.000000	0.000000	0.000000
GAACTTGTCAGAAAGT-1	10122	3101498	0	0	0	2	0.000000	0.000000	0.000000
GAAGACAAAGTTCTGA-1	10054	3081246	0	0	0	2	0.000000	0.000000	0.000000
GAAGCATATGAGACCA-1	10136	3168519	0	0	0	2	0.000000	0.000000	0.000000
GAAGCCGGACACTACA-1	9561	2919762	0	0	0	2	0.000000	0.000000	0.000000
GAAGCGAGTCCAGCAA-1	10068	3106563	0	0	0	2	0.000000	0.000000	0.000000
GAAGGGCGTAATGAGA-1	9863	2993739	0	0	0	2	0.000000	0.000000	0.000000
GAAGTAGGAGGCGAAA-1	9848	2981672	0	0	0	2	0.000000	0.000000	0.000000
GAATATTTATAGCGCT-1	9358	2842647	0	0	0	2	0.000000	0.000000	0.000000
GAATGTGGGCTTACGA-1	9949	3042845	0	0	0	2	0.000000	0.000000	0.000000
GAATTAGCGCCATAGC-1	9825	3010794	0	0	0	2	0.000000	0.000000	0.000000
GAATTGGAGATGAATA-1	9566	2958229	0	0	0	2	0.000000	0.000000	0.000000
GAATTGGGCAGCTTGT-1	10124	3066980	0	0	0	2	0.000000	0.000000	0.000000
GACATACGACCTAATT-1	9987	3023765	0	0	0	2	0.000000	0.000000	0.000000
GACATTCTCGATCTTC-1	9818	3029701	0	0	0	2	0.000000	0.000000	0.000000
GACCACGACTAAGCGG-1	9577	2896755	0	0	0	2	0.000000	0.000000	0.000000
GACCGGCGTAGTACTG-1	9983	3056908	0	0	0	2	0.000000	0.000000	0.000000
GACCTAGAGCATTTAC-1	9555	2912742	0	0	0	2	0.000000	0.000000	0.000000
GACGACCTCATGATGC-1	10143	3066697	0	0	0	2	0.000000	0.000000	0.000000
GACGCAGCCTAGCAAA-1	9727	3004279	0	0	0	2	0.000000	0.000000	0.000000
GACGCTCGTACTATCT-1	9855	2964657	0	0	0	2	0.000000	0.000000	0.000000
GACGGACGTGATTTCC-1	9632	2911838	0	0	0	2	0.000000	0.000000	0.000000
GACGGAGGCCTACGGT-1	9129	2776171	0	0	0	2	0.000000	0.000000	0.000000
GACGTCGCGTACGCCG-1	10333	3168284	0	0	0	2	0.000000	0.000000	0.000000
GACGTGGCTCAGGCAT-1	10211	3109738	0	0	0	2	0.000000	0.000000	0.000000
GACGTTTGAGCACACA-1	9920	3060387	0	0	0	2	0.000000	0.000000	0.000000
GACTATAATGATTTTT-1	10199	3112933	0	0	0	2	0.000000	0.000000	0.000000
GAGAACACAATGGTAC-1	10209	3158808	0	0	0	2	0.000000	0.000000	0.000000
GAGAATATGCCGACGC-1	9674	2930765	0	0	0	2	0.000000	0.000000	0.000000
GAGACAGGCACCTCAT-1	9721	2933302	0	0	0	2	0.000000	0.000000	0.000000
GAGAGCTGGACCTCAC-1	10168	3127458	0	0	0	2	0.000000	0.000000	0.000000
GAGAGGCGGACATAAT-1	10439	3176808	0	0	0	2	0.000000	0.000000	0.000000
GAGAGTGTACTAGAGA-1	10317	3173081	0	0	0	2	0.000000	0.000000	0.000000
GAGCTCACCAGAATTT-1	9962	3107935	0	0	0	2	0.000000	0.000000	0.000000
GAGGATAGCTCGACTC-1	9307	2881861	0	0	0	2	0.000000	0.000000	0.000000
GAGGATGCAGACACCT-1	10438	3191673	0	0	0	2	0.000000	0.000000	0.000000
GAGGCGGTGAGCATAT-1	9478	2849326	0	0	0	2	0.000000	0.000000	0.000000
GAGGCTACTCCATCAG-1	9931	3025563	0	0	0	2	0.000000	0.000000	0.000000
GAGGGGCATTGGTCGG-1	9710	2981137	0	0	0	2	0.000000	0.000000	0.000000
GAGGTTCGAATGTTCT-1	9890	3039036	0	0	0	2	0.000000	0.000000	0.000000
GAGTAAACGCTGTGCT-1	9685	2947061	0	0	0	2	0.000000	0.000000	0.000000
GAGTACCACACCAAAT-1	9712	2990714	0	0	0	2	0.000000	0.000000	0.000000
GAGTCTCCTATCACAT-1	9919	3017966	0	0	0	2	0.000000	0.000000	0.000000
GATAATTGCAAAGTTA-1	9456	2919825	0	0	0	2	0.000000	0.000000	0.000000
GATACGCCGTCTTTGT-1	10151	3103355	0	0	0	2	0.000000	0.000000	0.000000
GATAGAGCCCAGTACC-1	10131	3072074	0	0	0	2	0.000000	0.000000	0.000000
GATATCCGTAGAACTC-1	9701	2966591	0	0	0	2	0.000000	0.000000	0.000000
GATCAAACCTGCAGTG-1	9880	2975716	0	0	0	2	0.000000	0.000000	0.000000
GATCCCCACAGCAATC-1	10136	3122515	0	0	0	2	0.000000	0.000000	0.000000
GATCTAACCTATCTGT-1	10543	3248515	0	0	0	2	0.000000	0.000000	0.000000
GATGAACACGAGGAAA-1	10108	3067510	0	0	0	2	0.000000	0.000000	0.000000
GATGAAGCTGGGAGAC-1	10024	3071147	0	0	0	2	0.000000	0.000000	0.000000
GATGCGTGTAGGGGTG-1	9914	3045664	0	0	0	2	0.000000	0.000000	0.000000
GATGGTTTTCAGGCTT-1	10157	3108262	0	0	0	2	0.000000	0.000000	0.000000
GATGTGGGCGTCTGAC-1	10173	3080272	0	0	0	2	0.000000	0.000000	0.000000
GATTATTTCTAAGGCA-1	10083	3151665	0	0	0	2	0.000000	0.000000	0.000000
GATTCCAGTAATGGTC-1	10122	3099946	0	0	0	2	0.000000	0.000000	0.000000
GATTCTGATCTGGAAG-1	10275	3126813	0	0	0	2	0.000000	0.000000	0.000000
GATTGCTCTCGCCCCC-1	9278	2830741	0	0	0	2	0.000000	0.000000	0.000000
GATTGTTCGGGATATC-1	10101	3100383	0	0	0	2	0.000000	0.000000	0.000000
GATTTTGGGCGCGGCC-1	10099	3056689	0	0	0	2	0.000000	0.000000	0.000000
GCAAAGGCGATGCGTA-1	10077	3098976	0	0	0	2	0.000000	0.000000	0.000000
GCAAGGAACTAATGGA-1	9991	3079343	0	0	0	2	0.000000	0.000000	0.000000
GCAATTCTGCTTTAGC-1	10258	3131767	0	0	0	2	0.000000	0.000000	0.000000
GCACATGATGTAGAAC-1	10142	3110563	0	0	0	2	0.000000	0.000000	0.000000
GCACCCGTGGTGCGTG-1	9749	3033471	0	0	0	2	0.000000	0.000000	0.000000
GCACTTCGGCGATATG-1	9778	3029855	0	0	0	2	0.000000	0.000000	0.000000
GCAGAACAAGCCTCTT-1	10398	3209139	0	0	0	2	0.000000	0.000000	0.000000
GCAGGGTAAATACGAG-1	10168	3085175	0	0	0	2	0.000000	0.000000	0.000000
GCAGTGGAATACCCGA-1	10166	3130435	0	0	0	2	0.000000	0.000000	0.000000
GCATAAGGGAAACACT-1	10135	3136162	0	0	0	2	0.000000	0.000000	0.000000
GCATGCACGTCAATAA-1	10339	3147533	0	0	0	2	0.000000	0.000000	0.000000
GCATGGCGGGCCTGGA-1	10353	3144894	0	0	0	2	0.000000	0.000000	0.000000
GCATTACCCGGAATCT-1	10006	3071634	0	0	0	2	0.000000	0.000000	0.000000
GCCAGCGCACGGGATG-1	9888	3025593	0	0	0	2	0.000000	0.000000	0.000000
GCCATAGGTCAGATTT-1	9858	3014943	0	0	0	2	0.000000	0.000000	0.000000
GCCATGTGCTCATGGA-1	10076	3058518	0	0	0	2	0.000000	0.000000	0.000000
GCCATTGAAGTTCTAA-1	9542	2939065	0	0	0	2	0.000000	0.000000	0.000000
GCCCAGATGCAAGCGC-1	10388	3144728	0	0	0	2	0.000000	0.000000	0.000000
GCCCTATCGTACGAGA-1	9803	2982088	0	0	0	2	0.000000	0.000000	0.000000
GCCGAGCGCTAGCCAT-1	9585	2883349	0	0	0	2	0.000000	0.000000	0.000000
GCCGCGATAAGCAAAA-1	10001	3088865	0	0	0	2	0.000000	0.000000	0.000000
GCCTGCTACGTTTGTT-1	10238	3118080	0	0	0	2	0.000000	0.000000	0.000000
GCCTGGGGTTGATACG-1	10220	3108250	0	0	0	2	0.000000	0.000000	0.000000
GCGAATCATTTAACTG-1	10285	3146635	0	0	0	2	0.000000	0.000000	0.000000
GCGACACGCCGGGCAC-1	10461	3199308	0	0	0	2	0.000000	0.000000	0.000000
GCGACGATCTACTCAC-1	10122	3100014	0	0	0	2	0.000000	0.000000	0.000000
GCGACGCGGTGCTCTC-1	10331	3139742	0	0	0	2	0.000000	0.000000	0.000000
GCGAGCTACTTGACCG-1	9757	2982088	0	0	0	2	0.000000	0.000000	0.000000
GCGATAAGTGAATGTC-1	10012	3090858	0	0	0	2	0.000000	0.000000	0.000000
GCGCCCCTACCGCTCG-1	9990	3065441	0	0	0	2	0.000000	0.000000	0.000000
GCGCTATGCTCCTATC-1	9469	2900245	0	0	0	2	0.000000	0.000000	0.000000
GCGCTCTACCAATATT-1	10329	3142479	0	0	0	2	0.000000	0.000000	0.000000
GCGCTTCTTATTTCCT-1	10048	3063049	0	0	0	2	0.000000	0.000000	0.000000
GCGGAGATTTAGACTG-1	10068	3127852	0	0	0	2	0.000000	0.000000	0.000000
GCGGATGATTATATCG-1	10137	3109435	0	0	0	2	0.000000	0.000000	0.000000
GCGGGTCCAGTGCAGA-1	10107	3115745	0	0	0	2	0.000000	0.000000	0.000000
GCGGTCCACGGTGCAG-1	10228	3070369	0	0	0	2	0.000000	0.000000	0.000000
GCGTAACTATAACCAA-1	9736	3013588	0	0	0	2	0.000000	0.000000	0.000000
GCGTGTCTAGTCCAGT-1	10609	3248077	0	0	0	2	0.000000	0.000000	0.000000
GCGTTACGCCTACGGA-1	10061	3055938	0	0	0	2	0.000000	0.000000	0.000000
GCTAAGTTTGAGCGTC-1	9857	3008818	0	0	0	2	0.000000	0.000000	0.000000
GCTACAACGCTAACAG-1	10070	3102768	0	0	0	2	0.000000	0.000000	0.000000
GCTATACTTGAACGGC-1	9336	2823878	0	0	0	2	0.000000	0.000000	0.000000
GCTATTGGACACACCC-1	9970	3031273	0	0	0	2	0.000000	0.000000	0.000000
GCTCCCCGTCTTGTTA-1	9686	2975010	0	0	0	2	0.000000	0.000000	0.000000
GCTCGAGAATAGGAAC-1	9937	3034583	0	0	0	2	0.000000	0.000000	0.000000
GCTCTATTGTTCGCTC-1	10092	3050810	0	0	0	2	0.000000	0.000000	0.000000
GCTGAAGAGTACTGCG-1	9967	3019601	0	0	0	2	0.000000	0.000000	0.000000
GCTGACGGCAGGTGGC-1	10418	3220856	0	0	0	2	0.000000	0.000000	0.000000
GCTGTCAGGGTACCCA-1	10313	3121522	0	0	0	2	0.000000	0.000000	0.000000
GCTGTGTTTTCGCATT-1	10065	3071419	0	0	0	2	0.000000	0.000000	0.000000
GCTGTTTCCAGCTCTG-1	10363	3110431	0	0	0	2	0.000000	0.000000	0.000000
GCTTCGGGATTACTAA-1	9730	2948975	0	0	0	2	0.000000	0.000000	0.000000
GCTTGCACGCCTTCTC-1	10745	3279421	0	0	0	2	0.000000	0.000000	0.000000
GCTTGCCTTCGTCAAT-1	9833	3024580	0	0	0	2	0.000000	0.000000	0.000000
GCTTTAACAAATGCTA-1	9881	3030351	0	0	0	2	0.000000	0.000000	0.000000
GCTTTGGGGGGATACG-1	9965	3046467	0	0	0	2	0.000000	0.000000	0.000000
GGAAAAGTGTGCTGGT-1	10034	3063575	0	0	0	2	0.000000	0.000000	0.000000
GGAAAGAAAACAGTGG-1	9734	2942242	0	0	0	2	0.000000	0.000000	0.000000
GGAACCGGACCAGATT-1	10271	3095541	0	0	0	2	0.000000	0.000000	0.000000
GGAACGACTGGGCCTT-1	9738	2975402	0	0	0	2	0.000000	0.000000	0.000000
GGAACTCTCTTCGTAT-1	9927	3050701	0	0	0	2	0.000000	0.000000	0.000000
GGAATCATCAGGGATC-1	9692	2960519	0	0	0	2	0.000000	0.000000	0.000000
GGAATCGTGGACTGAA-1	9947	3041024	0	0	0	2	0.000000	0.000000	0.000000
GGACATTACTCTCGCG-1	10177	3065074	0	0	0	2	0.000000	0.000000	0.000000
GGACATTAGAGTTTAC-1	10120	3111787	0	0	0	2	0.000000	0.000000	0.000000
GGACCCCTCTGTGTTC-1	10310	3151385	0	0	0	2	0.000000	0.000000	0.000000
GGACGCCAGAGATCGT-1	9961	3058815	0	0	0	2	0.000000	0.000000	0.000000
GGACGTCACGATTACG-1	10515	3213505	0	0	0	2	0.000000	0.000000	0.000000
GGACGTTAATCGGCCC-1	10010	3057696	0	0	0	2	0.000000	0.000000	0.000000
GGAGATCGCGAAATCC-1	9936	2992925	0	0	0	2	0.000000	0.000000	0.000000
GGATGCTGGAGCTAGC-1	9795	2978103	0	0	0	2	0.000000	0.000000	0.000000
GGATGGCCGTACGAGC-1	9472	2919639	0	0	0	2	0.000000	0.000000	0.000000
GGATGGGTACAGTGGC-1	10293	3154974	0	0	0	2	0.000000	0.000000	0.000000
GGCAACGGCCCAATGT-1	9867	3017297	0	0	0	2	0.000000	0.000000	0.000000
GGCACAAAGGTGAAAA-1	9760	2953665	0	0	0	2	0.000000	0.000000	0.000000
GGCACACTGGTGTATC-1	10245	3106017	0	0	0	2	0.000000	0.000000	0.000000
GGCACTCCTTTATGGA-1	9867	3011996	0	0	0	2	0.000000	0.000000	0.000000
GGCACTTAGAAACAAC-1	9865	3028143	0	0	0	2	0.000000	0.000000	0.000000
GGCATCGAGACAGACG-1	9834	3005252	0	0	0	2	0.000000	0.000000	0.000000
GGCCACCAGGAACGTG-1	9538	2946101	0	0	0	2	0.000000	0.000000	0.000000
GGCCCGAGCGAGGCCG-1	10168	3118475	0	0	0	2	0.000000	0.000000	0.000000
GGCCCTGGGTGTGTGA-1	9593	2920097	0	0	0	2	0.000000	0.000000	0.000000
GGCCCTTGTCTCCCCA-1	9681	2986233	0	0	0	2	0.000000	0.000000	0.000000
GGCCGTCTAGTGGAAT-1	9792	3014245	0	0	0	2	0.000000	0.000000	0.000000
GGCGACCTCTACGTAG-1	10280	3151538	0	0	0	2	0.000000	0.000000	0.000000
GGCGAGTTGAATAGCA-1	9712	3007550	0	0	0	2	0.000000	0.000000	0.000000
GGCTATCATAACGAGT-1	9616	2963717	0	0	0	2	0.000000	0.000000	0.000000
GGCTCTTGCCCCTCCA-1	10172	3166338	0	0	0	2	0.000000	0.000000	0.000000
GGCTGGGTAGGTCTGA-1	9749	2957390	0	0	0	2	0.000000	0.000000	0.000000
GGGACGTTTAGGATAC-1	9838	2978919	0	0	0	2	0.000000	0.000000	0.000000
GGGATGTTGTAACCCC-1	10066	3019915	0	0	0	2	0.000000	0.000000	0.000000
GGGCGAGATGTTCAGT-1	10072	3101303	0	0	0	2	0.000000	0.000000	0.000000
GGGCGGCTGGCCTTAT-1	10221	3129167	0	0	0	2	0.000000	0.000000	0.000000
GGGCGGGTGTTCATTT-1	9726	2983115	0	0	0	2	0.000000	0.000000	0.000000
GGGGAGGTAAATGCTA-1	9665	2970044	0	0	0	2	0.000000	0.000000	0.000000
GGGGATTCTGGGATTG-1	10336	3163743	0	0	0	2	0.000000	0.000000	0.000000
GGGGCAAACAGGAATC-1	10048	3035702	0	0	0	2	0.000000	0.000000	0.000000
GGGGCCAACTGATATA-1	10182	3121012	0	0	0	2	0.000000	0.000000	0.000000
GGGGGTTCTGGGGAGG-1	9938	3034096	0	0	0	2	0.000000	0.000000	0.000000
GGGGTAGACAATAATC-1	9877	3007349	0	0	0	2	0.000000	0.000000	0.000000
GGGTATTTAGGGCTCC-1	10560	3176410	0	0	0	2	0.000000	0.000000	0.000000
GGGTCATATCGTGTGT-1	10353	3123161	0	0	0	2	0.000000	0.000000	0.000000
GGGTCCGGATAACTGG-1	9931	3051330	0	0	0	2	0.000000	0.000000	0.000000
GGGTGATAGGGCTAGA-1	10305	3155462	0	0	0	2	0.000000	0.000000	0.000000
GGGTTCCCCTGATTTA-1	10236	3122447	0	0	0	2	0.000000	0.000000	0.000000
GGTAGCTCTAAGTGCT-1	10241	3150188	0	0	0	2	0.000000	0.000000	0.000000
GGTATTCAACGGAGAC-1	9596	2941922	0	0	0	2	0.000000	0.000000	0.000000
GGTATTCTACGACAAC-1	9660	2902861	0	0	0	2	0.000000	0.000000	0.000000
GGTCCTGGGACGTTGC-1	9624	2983155	0	0	0	2	0.000000	0.000000	0.000000
GGTCGGCCACGTCAAT-1	9942	3044259	0	0	0	2	0.000000	0.000000	0.000000
GGTCTGGATAGGTACA-1	10022	3063042	0	0	0	2	0.000000	0.000000	0.000000
GGTCTTAGGCTCCGCA-1	10068	3077333	0	0	0	2	0.000000	0.000000	0.000000
GGTGACGTCAGCTCCG-1	9972	3123745	0	0	0	2	0.000000	0.000000	0.000000
GGTGCCGTCCCCGCGT-1	10357	3159582	0	0	0	2	0.000000	0.000000	0.000000
GGTGGGTTGGAAAACA-1	9510	2885972	0	0	0	2	0.000000	0.000000	0.000000
GGTGGTGTGTAGAGAC-1	9827	2988149	0	0	0	2	0.000000	0.000000	0.000000
GGTGTTCCACCCTCAG-1	10071	3058344	0	0	0	2	0.000000	0.000000	0.000000
GGTGTTGACAGAAACT-1	9435	2941087	0	0	0	2	0.000000	0.000000	0.000000
GGTTAGTGACCGGAAC-1	10326	3122606	0	0	0	2	0.000000	0.000000	0.000000
GGTTCATAAGAAGAAT-1	10113	3103585	0	0	0	2	0.000000	0.000000	0.000000
GGTTCCTCTATTGGTG-1	9731	2993531	0	0	0	2	0.000000	0.000000	0.000000
GGTTGGCTTGGCCATT-1	10176	3104489	0	0	0	2	0.000000	0.000000	0.000000
GGTTGTAATACGCACT-1	9955	3056164	0	0	0	2	0.000000	0.000000	0.000000
GTAAAAAGTCGGTGTA-1	9704	2999618	0	0	0	2	0.000000	0.000000	0.000000
GTAAGGAATGCAGAAC-1	9603	2907226	0	0	0	2	0.000000	0.000000	0.000000
GTAAGTAATAGATTCC-1	10392	3182774	0	0	0	2	0.000000	0.000000	0.000000
GTAATATGCTTGACAG-1	10064	3085581	0	0	0	2	0.000000	0.000000	0.000000
GTAATCATAATGTAAA-1	10394	3216115	0	0	0	2	0.000000	0.000000	0.000000
GTAATGACTTAGGGAA-1	9741	2982318	0	0	0	2	0.000000	0.000000	0.000000
GTACCCTGGACGAGAC-1	10136	3127185	0	0	0	2	0.000000	0.000000	0.000000
GTACTGAATATATCCA-1	10006	3069465	0	0	0	2	0.000000	0.000000	0.000000
GTACTTAAGATCTTAA-1	10189	3103459	0	0	0	2	0.000000	0.000000	0.000000
GTAGAGAATCGCTCGG-1	10068	3044176	0	0	0	2	0.000000	0.000000	0.000000
GTAGGAAGCAAACTAT-1	9790	2992414	0	0	0	2	0.000000	0.000000	0.000000
GTAGTGAAGCGAGTCT-1	10315	3174383	0	0	0	2	0.000000	0.000000	0.000000
GTATGCTGGGTATGGT-1	9753	2978266	0	0	0	2	0.000000	0.000000	0.000000
GTATGTAAACCGTTAA-1	9511	2904456	0	0	0	2	0.000000	0.000000	0.000000
GTATTCCCTGTTCGCG-1	9502	2919045	0	0	0	2	0.000000	0.000000	0.000000
GTATTGCAGCGAACGA-1	10337	3192108	0	0	0	2	0.000000	0.000000	0.000000
GTCAAAGCCCGTTCGG-1	10189	3075079	0	0	0	2	0.000000	0.000000	0.000000
GTCACGGCATCAACCC-1	9904	3077110	0	0	0	2	0.000000	0.000000	0.000000
GTCACGTCGAGAAGCG-1	9881	3028306	0	0	0	2	0.000000	0.000000	0.000000
GTCACTTATTGGCAGA-1	10381	3203813	0	0	0	2	0.000000	0.000000	0.000000
GTCCAAAAGATTATAG-1	9782	2954676	0	0	0	2	0.000000	0.000000	0.000000
GTCCCCCCAACCTTAG-1	10028	3043590	0	0	0	2	0.000000	0.000000	0.000000
GTCCGTCTAAGATCTC-1	9904	3090417	0	0	0	2	0.000000	0.000000	0.000000
GTCCTACCGACGTGCA-1	9800	3009063	0	0	0	2	0.000000	0.000000	0.000000
GTCCTGCGCGCGATGC-1	10068	3096907	0	0	0	2	0.000000	0.000000	0.000000
GTCGACGCGCAGATGC-1	10371	3122512	0	0	0	2	0.000000	0.000000	0.000000
GTCGACTGTTCATGGG-1	9650	2985441	0	0	0	2	0.000000	0.000000	0.000000
GTCGGCAAAGGCATTG-1	9934	3023496	0	0	0	2	0.000000	0.000000	0.000000
GTCGGTCACCCGATTA-1	9815	2978214	0	0	0	2	0.000000	0.000000	0.000000
GTCGGTCGACTTCCAT-1	9768	2995042	0	0	0	2	0.000000	0.000000	0.000000
GTCGTACTTCCCTCAT-1	10474	3221381	0	0	0	2	0.000000	0.000000	0.000000
GTCGTGATCCGCTGTG-1	9976	3083179	0	0	0	2	0.000000	0.000000	0.000000
GTCTCGCTGTATCCGC-1	10427	3237530	0	0	0	2	0.000000	0.000000	0.000000
GTCTCTTGCAACAAGT-1	9868	3049658	0	0	0	2	0.000000	0.000000	0.000000
GTCTGGATACCGATTT-1	10298	3144416	0	0	0	2	0.000000	0.000000	0.000000
GTGAAGATGGAGCGGT-1	10364	3206718	0	0	0	2	0.000000	0.000000	0.000000
GTGAAGGACCAATTGA-1	9673	2948123	0	0	0	2	0.000000	0.000000	0.000000
GTGAGAGTGTCGTGCA-1	9376	2892233	0	0	0	2	0.000000	0.000000	0.000000
GTGATGTCGTTACTGG-1	9821	3033045	0	0	0	2	0.000000	0.000000	0.000000
GTGATTACTAGGATCA-1	10367	3183664	0	0	0	2	0.000000	0.000000	0.000000
GTGATTCATTAGAGCT-1	10191	3131384	0	0	0	2	0.000000	0.000000	0.000000
GTGCACGCGTTCTTAC-1	9951	3049474	0	0	0	2	0.000000	0.000000	0.000000
GTGCATGGATATCGGC-1	9607	2943540	0	0	0	2	0.000000	0.000000	0.000000
GTGCTTAGGGAGGGCA-1	10036	3114980	0	0	0	2	0.000000	0.000000	0.000000
GTGGCGTGACGGCGGT-1	9913	2980831	0	0	0	2	0.000000	0.000000	0.000000
GTGGGTGAAGGTGAAC-1	9597	2930458	0	0	0	2	0.000000	0.000000	0.000000
GTGTTCGAGAGGAAGC-1	9848	3000675	0	0	0	2	0.000000	0.000000	0.000000
GTTAACCGCATTTGGC-1	10242	3098346	0	0	0	2	0.000000	0.000000	0.000000
GTTACTAACCATTGCG-1	10156	3103825	0	0	0	2	0.000000	0.000000	0.000000
GTTAGGGTTATATGAC-1	9765	2991730	0	0	0	2	0.000000	0.000000	0.000000
GTTATCCCACGGTCCA-1	9548	2913437	0	0	0	2	0.000000	0.000000	0.000000
GTTATTACGTGCTTCT-1	9719	2964301	0	0	0	2	0.000000	0.000000	0.000000
GTTCCCCCGATGAGCG-1	9797	2985717	0	0	0	2	0.000000	0.000000	0.000000
GTTCCCCTTCCCTTGA-1	10114	3088589	0	0	0	2	0.000000	0.000000	0.000000
GTTGAATACAAACAAG-1	10104	3058698	0	0	0	2	0.000000	0.000000	0.000000
GTTGAGCTCGCGAAAA-1	10249	3130186	0	0	0	2	0.000000	0.000000	0.000000
GTTGATGTAGGGGCGG-1	9066	2775488	0	0	0	2	0.000000	0.000000	0.000000
GTTGATTACTGCTAAC-1	10110	3123309	0	0	0	2	0.000000	0.000000	0.000000
GTTGCCGGAGTACACT-1	10381	3199235	0	0	0	2	0.000000	0.000000	0.000000
GTTGCGGTTCCGCTCG-1	9848	3035062	0	0	0	2	0.000000	0.000000	0.000000
GTTGGGCCGAGCTTCC-1	10203	3154084	0	0	0	2	0.000000	0.000000	0.000000
GTTGTGGGTTGTGCCC-1	9647	2932412	0	0	0	2	0.000000	0.000000	0.000000
GTTGTGTGATGTACTC-1	10217	3129900	0	0	0	2	0.000000	0.000000	0.000000
GTTTATCATCGATACA-1	10140	3097369	0	0	0	2	0.000000	0.000000	0.000000
GTTTGTAAAGATCGAG-1	9947	3029088	0	0	0	2	0.000000	0.000000	0.000000
GTTTTATGCAGGGACC-1	10098	3109533	0	0	0	2	0.000000	0.000000	0.000000
TAAAACGTTAAGAGCA-1	9839	2962009	0	0	0	2	0.000000	0.000000	0.000000
TAAAAGGGTCGTCCAA-1	10431	3224949	0	0	0	2	0.000000	0.000000	0.000000
TAAAAGTTGCTCGATA-1	10029	3047618	0	0	0	2	0.000000	0.000000	0.000000
TAAACGCAATTTGCAT-1	9741	2972875	0	0	0	2	0.000000	0.000000	0.000000
TAAAGATTAACGTGTC-1	10065	3080558	0	0	0	2	0.000000	0.000000	0.000000
TAAATGATCAAAGTTC-1	9923	3055423	0	0	0	2	0.000000	0.000000	0.000000
TAACCCGCCGGTGTTT-1	10101	3075452	0	0	0	2	0.000000	0.000000	0.000000
TAACTGAGCGTATGCG-1	9541	2910400	0	0	0	2	0.000000	0.000000	0.000000
TAAGCCGCCCTCGGGA-1	9770	2963645	0	0	0	2	0.000000	0.000000	0.000000
TAAGCGCGCTCGGTGG-1	10138	3079309	0	0	0	2	0.000000	0.000000	0.000000
TAATACAACGTAAGAT-1	10287	3149770	0	0	0	2	0.000000	0.000000	0.000000
TAATACGACCACGTTT-1	10445	3173456	0	0	0	2	0.000000	0.000000	0.000000
TAATACGTAAAGACAA-1	9813	2971957	0	0	0	2	0.000000	0.000000	0.000000
TAATATGTGAAAAGTT-1	10266	3106862	0	0	0	2	0.000000	0.000000	0.000000
TAATGAGAATAGAGAG-1	10276	3108321	0	0	0	2	0.000000	0.000000	0.000000
TAATGTGGGAATTCGT-1	9781	3012382	0	0	0	2	0.000000	0.000000	0.000000
TACAAAGCCATAAGCA-1	9904	3047866	0	0	0	2	0.000000	0.000000	0.000000
TACAACATCCCATTAC-1	9814	3014234	0	0	0	2	0.000000	0.000000	0.000000
TACAAGAGATCTGGTT-1	10104	3080202	0	0	0	2	0.000000	0.000000	0.000000
TACAATGCACGTGGCA-1	10069	3073328	0	0	0	2	0.000000	0.000000	0.000000
TACACTAGTTTCGATA-1	10147	3076966	0	0	0	2	0.000000	0.000000	0.000000
TACCCAGATTCGAACT-1	10376	3177705	0	0	0	2	0.000000	0.000000	0.000000
TACCGTAAAGCTTCAC-1	9600	2934241	0	0	0	2	0.000000	0.000000	0.000000
TACGACGATCGGCCTT-1	10202	3138456	0	0	0	2	0.000000	0.000000	0.000000
TACGCGATTTGTAATA-1	10126	3097945	0	0	0	2	0.000000	0.000000	0.000000
TACGCTAGCCAACCAG-1	10016	2977414	0	0	0	2	0.000000	0.000000	0.000000
TACGTTCACACTCCAT-1	10330	3214555	0	0	0	2	0.000000	0.000000	0.000000
TACGTTTACTCGCATT-1	9431	2865931	0	0	0	2	0.000000	0.000000	0.000000
TACTAGCCTCTATTTT-1	10076	3096965	0	0	0	2	0.000000	0.000000	0.000000
TACTCCTATGTTCTGC-1	10776	3277255	0	0	0	2	0.000000	0.000000	0.000000
TAGAAAGACGTTATAG-1	10214	3124387	0	0	0	2	0.000000	0.000000	0.000000
TAGAATAAGGATGGCG-1	9470	2854910	0	0	0	2	0.000000	0.000000	0.000000
TAGATCCCTGAGAAAG-1	10163	3106373	0	0	0	2	0.000000	0.000000	0.000000
TAGATTACTACGGCCG-1	10447	3212692	0	0	0	2	0.000000	0.000000	0.000000
TAGCAGGTACCACCTG-1	10145	3122002	0	0	0	2	0.000000	0.000000	0.000000
TAGCATGTCACCCCAT-1	9855	3024051	0	0	0	2	0.000000	0.000000	0.000000
TAGCCTATCTCCACAA-1	10027	3032066	0	0	0	2	0.000000	0.000000	0.000000
TAGCGGAGGCAGATGC-1	10073	3031718	0	0	0	2	0.000000	0.000000	0.000000
TAGCGGTGTTGGATCC-1	9703	2951993	0	0	0	2	0.000000	0.000000	0.000000
TAGGTCTTAAAAGTTG-1	10247	3143906	0	0	0	2	0.000000	0.000000	0.000000
TAGTCGATAGCGCAAG-1	10144	3063117	0	0	0	2	0.000000	0.000000	0.000000
TAGTGGTCGGGCGCCA-1	10094	3094501	0	0	0	2	0.000000	0.000000	0.000000
TAGTTCCCAGAACTTC-1	10329	3168812	0	0	0	2	0.000000	0.000000	0.000000
TAGTTCTCGCTTAAGG-1	9989	3043766	0	0	0	2	0.000000	0.000000	0.000000
TAGTTCTTTAACAAGA-1	10008	3056140	0	0	0	2	0.000000	0.000000	0.000000
TATAACGCACGGTGGA-1	10306	3149128	0	0	0	2	0.000000	0.000000	0.000000
TATAAGCCTGGAGGAA-1	10128	3082439	0	0	0	2	0.000000	0.000000	0.000000
TATAGTAGGACGCCGA-1	9955	3086798	0	0	0	2	0.000000	0.000000	0.000000
TATCAGAAAGCTGGGA-1	10371	3151649	0	0	0	2	0.000000	0.000000	0.000000
TATCATGCTGCCCTTT-1	9682	2961863	0	0	0	2	0.000000	0.000000	0.000000
TATCGACACGCCAATG-1	10048	3111139	0	0	0	2	0.000000	0.000000	0.000000
TATGCACGACGCACTT-1	10560	3271716	0	0	0	2	0.000000	0.000000	0.000000
TATGGTGCAAATACGG-1	10466	3195143	0	0	0	2	0.000000	0.000000	0.000000
TATGTCCGCGAGTGAG-1	9393	2873464	0	0	0	2	0.000000	0.000000	0.000000
TATGTGATGGATCCTC-1	10436	3170027	0	0	0	2	0.000000	0.000000	0.000000
TATGTGTCTTACGCGA-1	10170	3099399	0	0	0	2	0.000000	0.000000	0.000000
TATTAAGATGCACGGA-1	9720	2985201	0	0	0	2	0.000000	0.000000	0.000000
TATTACCTCGACCCAA-1	10032	3083990	0	0	0	2	0.000000	0.000000	0.000000
TATTCCGTACACCTTA-1	9903	3035242	0	0	0	2	0.000000	0.000000	0.000000
TATTTGGGACATCAAC-1	9680	2917572	0	0	0	2	0.000000	0.000000	0.000000
TATTTGGTTGTCTGCG-1	9827	2971642	0	0	0	2	0.000000	0.000000	0.000000
TATTTGTCAACGCGGG-1	10182	3094543	0	0	0	2	0.000000	0.000000	0.000000
TCAAACAATTATCTAG-1	9691	2966762	0	0	0	2	0.000000	0.000000	0.000000
TCAAAGAGAACGTCAT-1	9981	3011564	0	0	0	2	0.000000	0.000000	0.000000
TCAAATATCGCACCCA-1	9959	3103621	0	0	0	2	0.000000	0.000000	0.000000
TCAACACCATTCATGG-1	10003	3039173	0	0	0	2	0.000000	0.000000	0.000000
TCAACTTAAGGTACTA-1	10189	3130784	0	0	0	2	0.000000	0.000000	0.000000
TCAAGCGGGGCAGAAC-1	9760	3003804	0	0	0	2	0.000000	0.000000	0.000000
TCAAGGTGCACAGACA-1	10141	3084208	0	0	0	2	0.000000	0.000000	0.000000
TCACAATGCGCTCCGC-1	9854	3021970	0	0	0	2	0.000000	0.000000	0.000000
TCACCGAAGCGGCGAG-1	9882	2989691	0	0	0	2	0.000000	0.000000	0.000000
TCACTCTTGTATTCAC-1	9719	3018428	0	0	0	2	0.000000	0.000000	0.000000
TCAGCCCTTGAGATGA-1	10397	3188607	0	0	0	2	0.000000	0.000000	0.000000
TCAGTTTTCTCTCCAT-1	10031	3051153	0	0	0	2	0.000000	0.000000	0.000000
TCATAGCCAGTGTATA-1	9861	3018571	0	0	0	2	0.000000	0.000000	0.000000
TCATAGGACAGCCTCA-1	10155	3070187	0	0	0	2	0.000000	0.000000	0.000000
TCATCCCAAACTTCAC-1	10646	3247178	0	0	0	2	0.000000	0.000000	0.000000
TCATGCAAGAACTGCC-1	10074	3081707	0	0	0	2	0.000000	0.000000	0.000000
TCCACAACACTACAAT-1	10041	3065421	0	0	0	2	0.000000	0.000000	0.000000
TCCACAGAGTGTGAGA-1	10502	3190367	0	0	0	2	0.000000	0.000000	0.000000
TCCACGAGGAAGTTGC-1	10081	3133721	0	0	0	2	0.000000	0.000000	0.000000
TCCATCGACTGAACAG-1	9943	3043406	0	0	0	2	0.000000	0.000000	0.000000
TCCATTCGCCTAACAG-1	9929	3098310	0	0	0	2	0.000000	0.000000	0.000000
TCCCCAAGAACGAACG-1	10188	3090658	0	0	0	2	0.000000	0.000000	0.000000
TCCCGAAAGGTACAGT-1	9861	3032326	0	0	0	2	0.000000	0.000000	0.000000
TCCCTCAGCCCATGGC-1	9874	3065664	0	0	0	2	0.000000	0.000000	0.000000
TCCGCGGACGCGGCCT-1	9656	2914424	0	0	0	2	0.000000	0.000000	0.000000
TCCGGGTCTAGGCTTG-1	10440	3191957	0	0	0	2	0.000000	0.000000	0.000000
TCCTAGTAAGATTGAT-1	9872	3026172	0	0	0	2	0.000000	0.000000	0.000000
TCCTATACGGTGCCCT-1	9724	2989602	0	0	0	2	0.000000	0.000000	0.000000
TCGAAACTCACATTAG-1	9771	2933401	0	0	0	2	0.000000	0.000000	0.000000
TCGAAATTGTAGAAGC-1	9697	2946503	0	0	0	2	0.000000	0.000000	0.000000
TCGACATCACGAAACG-1	9712	2962250	0	0	0	2	0.000000	0.000000	0.000000
TCGACCAACTATGGGA-1	10040	3107025	0	0	0	2	0.000000	0.000000	0.000000
TCGCCGACTCCATTGG-1	9732	3002695	0	0	0	2	0.000000	0.000000	0.000000
TCGCCTTGAGTGGGGC-1	9930	3017412	0	0	0	2	0.000000	0.000000	0.000000
TCGCGATTATCATCGC-1	9624	2917288	0	0	0	2	0.000000	0.000000	0.000000
TCGCGCGCCGCGAATT-1	9887	3019131	0	0	0	2	0.000000	0.000000	0.000000
TCGCGTGGACCGCCGG-1	10078	3068886	0	0	0	2	0.000000	0.000000	0.000000
TCGGGCCGTTACTAAT-1	9850	2973418	0	0	0	2	0.000000	0.000000	0.000000
TCGGGCTTCGGTGGGC-1	9709	2952731	0	0	0	2	0.000000	0.000000	0.000000
TCGTAACTCTGATTCC-1	9518	2920181	0	0	0	2	0.000000	0.000000	0.000000
TCGTACACTCCATGTA-1	9703	2968054	0	0	0	2	0.000000	0.000000	0.000000
TCGTATAGAGCTGTGA-1	10186	3099064	0	0	0	2	0.000000	0.000000	0.000000
TCGTATGACCGTTTTG-1	10185	3109001	0	0	0	2	0.000000	0.000000	0.000000
TCGTGCTGTTTCAGGC-1	10051	3071745	0	0	0	2	0.000000	0.000000	0.000000
TCGTTTGTGGTCAGGC-1	9955	3059624	0	0	0	2	0.000000	0.000000	0.000000
TCTAGTTTCATGGCCC-1	9513	2927050	0	0	0	2	0.000000	0.000000	0.000000
TCTATGAAAAGGCGTG-1	9857	3033344	0	0	0	2	0.000000	0.000000	0.000000
TCTCCGAGACTGTTGG-1	9921	3063626	0	0	0	2	0.000000	0.000000	0.000000
TCTGCAAAACGCTAAC-1	10556	3226549	0	0	0	2	0.000000	0.000000	0.000000
TCTGCGATAGGCGTAG-1	10253	3122327	0	0	0	2	0.000000	0.000000	0.000000
TCTGGTGTCGGCGTGG-1	9383	2830665	0	0	0	2	0.000000	0.000000	0.000000
TCTGTTAACGGCTAAG-1	10181	3073639	0	0	0	2	0.000000	0.000000	0.000000
TCTTCACGTACATAGA-1	10323	3167642	0	0	0	2	0.000000	0.000000	0.000000
TCTTCCGGCGCAAGCG-1	10149	3029056	0	0	0	2	0.000000	0.000000	0.000000
TCTTCTTATAAACGAT-1	9939	3053880	0	0	0	2	0.000000	0.000000	0.000000
TCTTGATTGAGACCGA-1	9975	3042065	0	0	0	2	0.000000	0.000000	0.000000
TCTTGCTGGGGCCAAA-1	9907	2977598	0	0	0	2	0.000000	0.000000	0.000000
TCTTGTCTTCAATTTT-1	10337	3205868	0	0	0	2	0.000000	0.000000	0.000000
TGAAACAGCAGGTGAC-1	9968	3024504	0	0	0	2	0.000000	0.000000	0.000000
TGAACGATCAAATTCC-1	10262	3158426	0	0	0	2	0.000000	0.000000	0.000000
TGAAGATAGGCTTAAG-1	10053	3058735	0	0	0	2	0.000000	0.000000	0.000000
TGAATTTGACCACCAC-1	10058	3065797	0	0	0	2	0.000000	0.000000	0.000000
TGACACACAAGCACTA-1	10321	3117925	0	0	0	2	0.000000	0.000000	0.000000
TGACCCTTTAAAAAAC-1	10399	3186028	0	0	0	2	0.000000	0.000000	0.000000
TGACTACGCTCGTAAC-1	9802	2980763	0	0	0	2	0.000000	0.000000	0.000000
TGAGACAACGCCAGTC-1	10191	3132772	0	0	0	2	0.000000	0.000000	0.000000
TGAGAGCGCTGGTATT-1	10069	3075131	0	0	0	2	0.000000	0.000000	0.000000
TGAGCCTCACGCTTCG-1	10304	3125658	0	0	0	2	0.000000	0.000000	0.000000
TGAGGGTCTTCCCTGA-1	10448	3250927	0	0	0	2	0.000000	0.000000	0.000000
TGAGGTACGACCTATG-1	9910	3003034	0	0	0	2	0.000000	0.000000	0.000000
TGAGTAATATCATCCC-1	9671	2930661	0	0	0	2	0.000000	0.000000	0.000000
TGAGTGTTCTGAAACG-1	9345	2867250	0	0	0	2	0.000000	0.000000	0.000000
TGATCGGAGTGGAGAG-1	10047	3011577	0	0	0	2	0.000000	0.000000	0.000000
TGATGGTGTATAGCAC-1	9881	3016638	0	0	0	2	0.000000	0.000000	0.000000
TGCAACCGTCAGTATT-1	10233	3168986	0	0	0	2	0.000000	0.000000	0.000000
TGCACCGCGTGAACAT-1	9824	3013673	0	0	0	2	0.000000	0.000000	0.000000
TGCATGATGTCTGTGC-1	10328	3177433	0	0	0	2	0.000000	0.000000	0.000000
TGCCCCACAGGCTAGC-1	9964	3053591	0	0	0	2	0.000000	0.000000	0.000000
TGCCGTCCTGCGCCCC-1	9389	2892764	0	0	0	2	0.000000	0.000000	0.000000
TGCGCTGATGACATGG-1	9788	3004596	0	0	0	2	0.000000	0.000000	0.000000
TGCGGGCGGTGGAGAT-1	10105	3079362	0	0	0	2	0.000000	0.000000	0.000000
TGCGGTCGTTTCGAGG-1	9608	2950996	0	0	0	2	0.000000	0.000000	0.000000
TGCGTACATCCAGTTG-1	9990	3031024	0	0	0	2	0.000000	0.000000	0.000000
TGCGTCGAGCTGAAAC-1	9767	2998311	0	0	0	2	0.000000	0.000000	0.000000
TGCTAATTCAGGGTAG-1	10293	3123939	0	0	0	2	0.000000	0.000000	0.000000
TGCTCCTTTATGGGAG-1	9621	2963549	0	0	0	2	0.000000	0.000000	0.000000
TGCTTGGGGCTCCTAC-1	9584	2889578	0	0	0	2	0.000000	0.000000	0.000000
TGCTTTACCGTGTGAT-1	9856	3013806	0	0	0	2	0.000000	0.000000	0.000000
TGGAATCTTCCAAGAT-1	10002	3065985	0	0	0	2	0.000000	0.000000	0.000000
TGGACCTTTATGCCGT-1	10172	3088920	0	0	0	2	0.000000	0.000000	0.000000
TGGATGCCGAGGCTTA-1	9860	2996974	0	0	0	2	0.000000	0.000000	0.000000
TGGCAGAACCTAGACG-1	9989	3074268	0	0	0	2	0.000000	0.000000	0.000000
TGGCATGAGCTACGAG-1	10613	3259032	0	0	0	2	0.000000	0.000000	0.000000
TGGCGGTCTTTGCTGA-1	10121	3108653	0	0	0	2	0.000000	0.000000	0.000000
TGGGCCTCGATGCTAG-1	10226	3091448	0	0	0	2	0.000000	0.000000	0.000000
TGGGTCCTTCCGACGA-1	9939	3076106	0	0	0	2	0.000000	0.000000	0.000000
TGGTGACGCCTGTGTT-1	9893	3010110	0	0	0	2	0.000000	0.000000	0.000000
TGGTGTACATTTTTCT-1	9636	3001273	0	0	0	2	0.000000	0.000000	0.000000
TGGTTACAGGCAGTAT-1	10134	3073647	0	0	0	2	0.000000	0.000000	0.000000
TGGTTGGGAAGTTGGT-1	9833	3000795	0	0	0	2	0.000000	0.000000	0.000000
TGTAAAAACGGAATCA-1	9895	3040821	0	0	0	2	0.000000	0.000000	0.000000
TGTAGTTATACTACTT-1	10243	3113561	0	0	0	2	0.000000	0.000000	0.000000
TGTATCCGAGGATCGG-1	10256	3148138	0	0	0	2	0.000000	0.000000	0.000000
TGTCACCTCCAGCGGA-1	10157	3070121	0	0	0	2	0.000000	0.000000	0.000000
TGTCCCGCACCCACTG-1	10559	3183458	0	0	0	2	0.000000	0.000000	0.000000
TGTCTGATTAAGCCAG-1	10313	3144782	0	0	0	2	0.000000	0.000000	0.000000
TGTGACATTCACCTAA-1	9967	3105966	0	0	0	2	0.000000	0.000000	0.000000
TGTGCGTTCATTTTGG-1	9693	2927743	0	0	0	2	0.000000	0.000000	0.000000
TGTGTAGAAGTGGCAC-1	10175	3102209	0	0	0	2	0.000000	0.000000	0.000000
TGTTCTAGGGTTAACT-1	9949	3034894	0	0	0	2	0.000000	0.000000	0.000000
TTAAAGAGCAACAGGT-1	9963	3029523	0	0	0	2	0.000000	0.000000	0.000000
TTAAATCCACTAAGCA-1	10168	3156201	0	0	0	2	0.000000	0.000000	0.000000
TTAACTAGACCGCCAA-1	9857	3047406	0	0	0	2	0.000000	0.000000	0.000000
TTAACTTCAGCAATTA-1	10291	3138075	0	0	0	2	0.000000	0.000000	0.000000
TTAAGGTGTAAGGGTT-1	9818	2977624	0	0	0	2	0.000000	0.000000	0.000000
TTAATCTCCAACTCGA-1	9712	2934206	0	0	0	2	0.000000	0.000000	0.000000
TTACAGCCTCATATGT-1	9498	2899903	0	0	0	2	0.000000	0.000000	0.000000
TTACCACTACTTTCTG-1	10066	3045759	0	0	0	2	0.000000	0.000000	0.000000
TTACGTGGCAATTAAT-1	9361	2891072	0	0	0	2	0.000000	0.000000	0.000000
TTAGAGAACATAAGTG-1	9753	2984496	0	0	0	2	0.000000	0.000000	0.000000
TTAGGCGGATAGAACG-1	9810	3025980	0	0	0	2	0.000000	0.000000	0.000000
TTATCCAGAGTTTGTA-1	9856	2998181	0	0	0	2	0.000000	0.000000	0.000000
TTATTTAGGGGGTCCG-1	10267	3099868	0	0	0	2	0.000000	0.000000	0.000000
TTCAATCATTCGAATC-1	10150	3091318	0	0	0	2	0.000000	0.000000	0.000000
TTCACGAACGCCCCCC-1	10242	3094389	0	0	0	2	0.000000	0.000000	0.000000
TTCACTTTGCACGTGC-1	9895	2998807	0	0	0	2	0.000000	0.000000	0.000000
TTCAGTAAGGAGTCTA-1	9555	2917816	0	0	0	2	0.000000	0.000000	0.000000
TTCATGTTTCGTAACT-1	10411	3186106	0	0	0	2	0.000000	0.000000	0.000000
TTCCCCATGCATCACC-1	9896	3091404	0	0	0	2	0.000000	0.000000	0.000000
TTCCCGTTCCTGGGAA-1	9853	3007858	0	0	0	2	0.000000	0.000000	0.000000
TTCCCTGGTCTAACAC-1	10194	3052253	0	0	0	2	0.000000	0.000000	0.000000
TTCGACAAAAATGCAA-1	9833	3012251	0	0	0	2	0.000000	0.000000	0.000000
TTCGAGACGTAGAAAA-1	10226	3061803	0	0	0	2	0.000000	0.000000	0.000000
TTCGCCAACCAGCCGC-1	10227	3082351	0	0	0	2	0.000000	0.000000	0.000000
TTCTACTCCGATTACC-1	9504	2905910	0	0	0	2	0.000000	0.000000	0.000000
TTCTAGCTCGGGGTTC-1	9736	2972984	0	0	0	2	0.000000	0.000000	0.000000
TTCTCAACCACACACT-1	9501	2874145	0	0	0	2	0.000000	0.000000	0.000000
TTCTGAGAATCGGCGG-1	10299	3193515	0	0	0	2	0.000000	0.000000	0.000000
TTCTGCAAATATAGGG-1	10188	3117108	0	0	0	2	0.000000	0.000000	0.000000
TTCTGTATGAACGCTC-1	10177	3132149	0	0	0	2	0.000000	0.000000	0.000000
TTGAGATTCCGTATGT-1	9772	2994821	0	0	0	2	0.000000	0.000000	0.000000
TTGATATTCGTCACGA-1	9981	3058368	0	0	0	2	0.000000	0.000000	0.000000
TTGATGGATATCTTTT-1	10389	3165590	0	0	0	2	0.000000	0.000000	0.000000
TTGCCCCGGAATTTAT-1	9741	3014841	0	0	0	2	0.000000	0.000000	0.000000
TTGCCGCATTTCGGTA-1	9971	3080076	0	0	0	2	0.000000	0.000000	0.000000
TTGCGATTATCTCCGC-1	10123	3079698	0	0	0	2	0.000000	0.000000	0.000000
TTGCTGCTGTGCTCAG-1	10146	3078245	0	0	0	2	0.000000	0.000000	0.000000
TTGCTTCGTTGTCCCT-1	9759	3024325	0	0	0	2	0.000000	0.000000	0.000000
TTGGAACGAATTATAG-1	10024	3076235	0	0	0	2	0.000000	0.000000	0.000000
TTGGCGAGGCTCCATG-1	9840	2999030	0	0	0	2	0.000000	0.000000	0.000000
TTGGCTCCAGGTGGAG-1	10078	3079151	0	0	0	2	0.000000	0.000000	0.000000
TTGGTACTCTCGTTCG-1	10204	3124725	0	0	0	2	0.000000	0.000000	0.000000
TTGGTTGGTACCGCGT-1	9707	3010781	0	0	0	2	0.000000	0.000000	0.000000
TTGTAATGTCTATTTT-1	10008	3116079	0	0	0	2	0.000000	0.000000	0.000000
TTGTCCATTCTTGCCC-1	10042	3043704	0	0	0	2	0.000000	0.000000	0.000000
TTGTCTCAAACAGGAT-1	9926	3031066	0	0	0	2	0.000000	0.000000	0.000000
TTGTGGTCGGACCTCG-1	10126	3111672	0	0	0	2	0.000000	0.000000	0.000000
TTGTGGTCTTCGGGGG-1	9712	2950822	0	0	0	2	0.000000	0.000000	0.000000
TTGTGTTAGTCTCCTA-1	9519	2881927	0	0	0	2	0.000000	0.000000	0.000000
TTTACCCTGGTGTGGT-1	9869	3012842	0	0	0	2	0.000000	0.000000	0.000000
TTTAGCGAGTGTGAAC-1	10267	3114588	0	0	0	2	0.000000	0.000000	0.000000
TTTAGGTTAGTAACCA-1	9872	3054635	0	0	0	2	0.000000	0.000000	0.000000
TTTATGATGTTAGCGA-1	9390	2854888	0	0	0	2	0.000000	0.000000	0.000000
TTTCAAGCACTACGTT-1	9924	3031140	0	0	0	2	0.000000	0.000000	0.000000
TTTCCACACCAATCTC-1	10495	3218723	0	0	0	2	0.000000	0.000000	0.000000
TTTCCCATGAACATGC-1	10117	3081329	0	0	0	2	0.000000	0.000000	0.000000
TTTCGATAGAGGCCCT-1	9656	2957854	0	0	0	2	0.000000	0.000000	0.000000
TTTCGCGGGGAATCTA-1	9935	3066335	0	0	0	2	0.000000	0.000000	0.000000
TTTCGGTGACGGCCAA-1	10193	3085953	0	0	0	2	0.000000	0.000000	0.000000
TTTGAACCATAATGTC-1	10380	3171248	0	0	0	2	0.000000	0.000000	0.000000
TTTGGTTAGTCAGATT-1	10122	3086581	0	0	0	2	0.000000	0.000000	0.000000
TTTGTAACTAGCCAAT-1	10059	3094980	0	0	0	2	0.000000	0.000000	0.000000
TTTTCCGGTGGTACAT-1	10310	3182325	0	0	0	2	0.000000	0.000000	0.000000
TTTTCTGCACGGTAGA-1	9494	2879680	0	0	0	2	0.000000	0.000000	0.000000
TTTTGGGGGAGTTTAG-1	9616	2919791	0	0	0	2	0.000000	0.000000	0.000000
TTTTGGTCGCCTAGGC-1	10037	3015340	0	0	0	2	0.000000	0.000000	0.000000
TTTTTCGTTGGGAATT-1	9744	2980478	0	0	0	2	0.000000	0.000000	0.000000
