0.6017
0.2398
0.1466
0.1826
0.1192
0.2121
0.2628
0.1773
0.1437
0.1082
0.1908
0.2084
0.2356
0.2528
0.2512
0.1624
0.2658
0.1212
0.2391
0.1931
0.151
0.2243
0.195
0.2478
0.1358
0.1512
0.1648
0.2007
0.154
0.1395
0.2759
0.1935
0.1103
0.129
0.0992
0.3181
0.1882
0.1364
0.1747
0.2578
0.1832
0.1822
0.2083
0.133
0.2183
0.1903
0.2157
0.164
0.1859
0.2432
0.268
0.2508
0.1814
0.2709
0.1001
0.1969
0.0825
0.1861
0.1358
0.0471
0.1791
0.1443
0.168
0.3094
0.1805
0.2758
0.1724
0.2198
0.2058
0.2051
0.166
0.1646
0.2556
0.2105
0.1321
0.1266
0.149
0.129
0.2044
0.176
0.1773
0.1932
0.288
0.4339
0.3038
0.1403
0.2806
0.1984
0.1535
0.1232
0.2282
0.1193
0.174
0.1806
0.1937
0.1394
0.1728
0.2808
0.1435
0.1948
0.1881
0.2283
0.2406
0.3087
0.1632
0.1728
0.2358
0.1624
0.2343
0.1979
0.2153
0.22
0.454
0.1864
0.226
0.1818
0.2564
0.2068
0.2873
0.1552
0.3354
0.228
0.1159
0.1761
0.1812
0.0975
0.1637
0.2031
0.4029
0.1513
0.2126
0.1844
0.2064
0.1474
0.2321
0.1729
0.404
0.1045
0.3876
0.1991
0.3308
0.1511
0.0752
0.1425
0.1944
0.1239
0.149
0.2506
0.3146
0.2151
0.1676
0.235
0.1877
0.1373
0.2016
0.155
0.2097
0.2086
0.1235
0.0944
0.2356
0.2768
0.2414
0.173
0.3222
0.2682
0.2041
0.2401
0.1812
0.1046
0.2267
0.2206
0.1843
0.1564
0.2158
0.19
0.1981
0.3601
0.0904
0.1887
0.1401
0.2504
0.1654
0.2411
0.1898
0.1565
0.2955
0.2739
0.247
0.1768
0.2001
0.1118
0.2156
0.0843
0.2171
0.1019
0.3964
0.1806
0.1148
0.2272
0.1501
0.2229
0.1778
0.1812
0.2218
0.2345
0.2257
0.2529
0.1325
0.0977
0.168
0.1533
0.1657
0.1609
0.1533
0.1388
0.088
0.2333
0.1829
0.2315
0.1902
0.2423
0.1447
0.2574
0.2848
0.1609
0.2792
0.2169
0.2509
0.1422
0.1463
0.1782
0.136
0.2618
0.2398
0.1684
0.1359
0.2713
0.1461
0.1274
0.2391
0.2224
0.2059
0.2409
0.1922
0.1077
0.1333
0.1538
0.2242
0.3016
0.1229
0.2256
0.12
0.2346
0.1397
