60
0
0
509
16
110
50
173
124
77
53
300
165
177
21
26
284
42
32
189
226
115
47
52
376
66
353
51
88
29
76
144
257
59
995
120
107
278
306
120
263
46
104
912
113
222
363
21
14
105
79
220
23
448
21
125
62
300
9
99
294
109
188
158
220
57
166
240
58
104
159
32
234
22
337
128
86
817
220
322
298
22
184
53
78
383
368
99
180
66
118
11
67
212
52
336
156
16
77
88
310
62
140
106
225
97
625
116
19
78
99
75
303
327
227
20
209
232
318
310
97
31
713
388
54
85
193
71
17
316
39
102
32
75
38
121
225
334
221
89
106
59
122
154
73
183
90
72
99
112
190
63
190
137
296
101
167
862
462
67
231
1130
103
71
221
87
71
80
103
86
178
343
150
243
142
164
701
103
48
100
66
73
94
103
47
26
99
410
202
178
313
474
187
84
22
22
22
15
129
84
213
156
239
228
61
264
0
361
208
68
80
35
106
209
137
180
441
243
16
483
38
88
75
190
13
80
90
40
26
50
141
296
196
331
52
758
0
32
344
18
15
31
61
20
642
101
67
155
879
241
182
119
58
145
282
38
105
235
73
240
831
127
401
33
91
19
301
565
213
631
49
351
199
252
192
187
93
18
18
84
175
223
147
82
95
91
144
210
79
129
316
994
83
531
115
46
440
75
18
33
98
132
119
14
4
162
395
72
123
58
41
195
177
360
374
90
25
107
408
35
212
39
136
39
202
93
1007
38
162
100
329
93
86
872
222
136
109
128
464
91
76
57
26
133
70
80
60
150
96
75
111
173
160
389
376
117
64
187
25
106
35
151
95
180
791
419
35
167
364
6
94
121
225
901
197
102
120
89
54
28
132
184
97
155
137
31
60
330
207
124
303
26
247
160
86
181
214
207
68
148
28
123
34
29
172
113
340
37
99
62
53
96
396
12
215
647
101
975
0
128
109
75
134
138
11
5
31
35
200
112
87
200
394
163
27
75
229
21
99
110
125
114
156
166
46
151
124
55
547
251
611
0
174
157
133
113
883
173
371
590
87
78
334
42
205
132
96
338
225
392
264
94
183
108
401
213
322
108
13
227
108
258
197
53
217
210
166
82
109
183
407
88
20
64
55
115
682
531
175
54
336
28
615
113
90
57
178
69
50
126
43
251
274
105
55
328
356
839
18
69
136
19
380
93
13
483
148
83
14
13
57
36
89
394
486
931
405
175
495
172
307
236
147
228
365
82
1310
41
33
194
143
25
704
23
24
148
173
57
63
190
244
253
262
217
48
172
143
517
236
90
31
75
111
36
70
138
333
143
188
301
651
166
81
354
180
242
87
0
283
231
393
90
182
96
57
465
87
93
298
321
112
67
12
255
254
78
83
398
464
33
67
336
106
145
1264
190
107
284
677
464
17
149
93
643
294
69
20
32
194
760
432
254
151
42
81
1027
36
43
149
260
45
104
216
155
156
31
92
596
21
196
158
60
270
336
456
124
6
484
85
35
19
112
149
95
49
98
457
151
183
148
255
39
326
21
201
124
67
121
151
189
120
59
70
158
55
102
35
354
24
160
248
74
16
193
78
277
77
386
82
130
292
48
92
160
54
76
438
254
290
251
547
74
114
105
67
267
40
96
10
977
71
169
27
108
231
21
111
277
399
421
122
47
210
492
268
92
111
78
401
428
616
98
294
205
203
169
57
424
206
129
55
25
39
135
144
117
219
102
294
200
145
224
49
83
718
39
257
314
148
239
40
45
181
37
65
112
273
108
93
579
144
79
16
104
113
121
196
28
295
476
261
103
188
68
172
129
335
134
85
76
235
378
91
126
81
16
356
170
25
180
209
241
107
174
20
29
280
114
224
149
376
350
77
45
42
324
15
402
368
308
68
46
385
205
68
269
102
108
536
92
434
0
207
407
148
107
63
67
161
387
319
95
0
227
173
93
15
299
354
75
33
244
171
131
739
164
251
58
267
103
202
90
123
95
216
53
274
21
81
112
11
190
102
205
134
123
185
138
116
6
240
14
160
449
437
119
281
173
125
244
110
344
372
14
14
215
215
215
42
627
311
205
213
157
329
209
282
26
64
269
492
296
250
56
109
68
69
75
541
121
20
26
118
298
49
46
395
683
106
187
704
291
59
57
62
310
126
175
288
14
60
92
477
1186
29
194
74
68
388
626
131
118
234
300
158
187
17
168
31
14
87
78
58
279
279
173
153
24
236
192
298
28
13
136
126
31
454
206
209
519
494
64
89
206
82
261
211
43
97
127
24
640
75
131
447
78
180
36
71
182
254
173
516
115
503
268
54
746
63
288
58
21
548
72
735
133
241
76
71
548
9
126
142
138
613
89
61
146
179
256
139
972
233
50
851
692
11
845
50
1226
50
648
874
50
1119
146
54
239
222
190
11
91
108
36
29
58
90
1288
120
313
238
35
357
50
1438
65
20
90
651
0
476
137
78
117
1080
50
192
282
179
347
1093
167
786
50
47
50
12
28
51
52
28
53
47
42
57
49
155
453
44
232
345
82
342
326
355
206
28
714
70
108
568
32
101
250
80
142
175
125
82
48
32
251
166
218
201
680
184
140
97
407
163
174
303
644
106
9
100
76
445
49
114
174
173
64
15
344
143
58
152
783
15
17
148
203
38
388
147
53
129
89
65
85
65
76
72
73
63
217
93
64
69
76
0
0
71
71
54
70
256
0
63
73
73
73
71
476
0
177
57
145
63
61
67
64
64
64
62
61
62
62
62
60
123
56
70
351
360
43
90
55
61
61
64
328
69
83
349
212
109
84
76
295
41
71
421
585
91
241
441
115
75
267
422
103
35
29
82
26
183
61
95
63
215
287
386
838
109
267
180
317
34
67
206
221
65
351
22
148
80
96
71
84
105
102
60
46
80
118
21
110
137
606
209
304
128
43
101
184
750
31
267
91
94
195
150
40
72
120
64
97
108
241
467
208
209
157
9
48
125
145
125
34
118
108
204
39
428
36
40
29
286
167
143
137
469
636
137
246
237
140
70
496
129
172
1412
285
93
153
141
204
59
83
107
32
227
207
246
108
142
95
0
366
227
106
1572
256
0
247
198
0
55
168
193
41
227
245
2439
275
154
151
85
29
70
0
96
104
139
65
26
136
67
86
215
100
251
139
274
147
103
438
177
141
201
9
80
14
442
496
63
59
99
59
55
14
210
126
68
79
75
205
267
262
175
11
72
214
20
341
255
245
427
19
27
58
212
196
230
63
25
8
11
119
82
82
99
36
234
16
41
439
487
64
174
120
183
113
359
99
180
124
81
279
639
383
233
297
67
4
117
220
753
132
31
272
73
90
136
12
64
21
192
170
217
229
191
236
116
76
214
33
33
32
140
87
198
210
178
95
50
122
157
356
295
159
228
149
58
88
91
83
66
136
381
263
133
77
205
308
159
201
290
286
99
45
155
63
401
50
184
139
773
557
248
68
412
171
148
234
17
138
520
534
308
1160
36
851
233
389
25
80
259
473
338
59
280
148
136
84
308
268
811
218
346
39
266
311
180
347
197
25
203
228
208
125
182
20
254
130
527
104
132
33
297
89
113
122
130
124
178
275
371
26
464
212
152
94
241
157
537
389
45
225
156
80
133
156
467
176
174
20
286
33
100
186
32
170
715
131
75
47
114
99
143
109
37
232
188
161
325
20
452
307
30
141
138
109
456
152
935
57
282
331
87
606
551
131
197
72
18
77
402
55
359
53
97
208
24
19
128
47
165
110
191
106
153
214
116
51
191
222
52
92
538
51
415
71
81
37
88
97
149
106
852
383
1759
1900
0
61
598
192
44
154
82
330
406
534
139
645
330
269
140
105
167
619
117
579
105
165
149
56
389
346
209
340
1037
60
110
159
104
189
498
814
652
345
72
123
168
325
59
454
94
275
87
184
335
259
109
178
137
223
88
91
111
101
159
45
822
88
94
170
97
416
257
271
92
48
233
246
203
195
58
406
549
142
218
120
143
701
129
24
174
404
78
14
28
108
178
404
196
164
578
96
574
168
649
382
439
130
119
35
24
1366
13
676
117
117
111
85
116
687
40
210
32
415
152
60
209
14
174
395
254
198
607
155
61
55
102
267
19
97
45
46
392
858
194
99
433
115
51
282
80
140
80
31
119
66
18
25
164
141
447
383
115
1310
332
110
29
42
45
131
95
98
276
24
97
13
160
274
364
35
56
27
107
264
229
184
103
92
55
241
123
43
404
126
67
109
9
31
12
43
912
34
167
107
91
399
142
78
583
34
100
247
305
66
402
11
76
684
122
24
460
232
109
200
245
161
11
84
175
159
183
127
175
412
69
338
287
1180
227
273
357
33
67
115
795
204
569
0
90
421
283
133
316
149
113
92
157
188
92
57
236
452
440
62
123
259
14
378
149
215
157
143
447
769
3548
58
674
0
0
221
338
442
704
0
158
297
0
60
0
287
302
214
0
144
100
262
66
0
69
55
183
220
268
0
0
0
467
231
477
0
0
393
57
0
237
198
54
89
353
252
512
802
180
155
120
48
18
136
61
148
84
60
829
129
187
44
73
109
83
157
177
338
211
24
422
110
170
70
293
191
120
16
225
139
68
141
167
188
60
384
334
114
128
89
493
207
80
500
282
371
66
49
1372
257
30
66
311
221
25
228
277
223
59
391
81
101
315
129
90
37
108
263
266
392
35
96
67
128
279
755
353
200
12
96
109
97
97
508
229
136
266
744
14
145
752
51
237
103
277
193
265
580
525
133
36
60
555
90
70
185
26
52
154
66
141
127
173
51
172
55
451
488
294
134
215
526
130
456
328
183
141
406
303
299
51
50
24
128
208
169
121
32
90
347
66
41
71
181
9
375
26
59
42
138
863
55
295
206
32
32
351
262
266
927
80
205
142
177
354
112
470
76
38
84
109
276
37
267
252
139
243
372
319
78
515
26
285
73
126
66
256
30
26
29
48
808
102
452
155
373
13
302
48
105
91
154
77
270
629
156
298
58
19
211
179
259
56
481
114
73
47
291
132
123
107
100
160
83
42
414
56
163
61
403
342
49
426
505
21
734
557
93
68
167
90
318
57
68
195
36
654
89
778
289
188
110
19
53
98
1073
146
83
167
249
209
84
78
92
239
629
151
326
38
299
777
84
337
21
120
635
68
12
384
211
267
263
40
303
232
395
801
19
149
5
250
66
635
248
206
81
290
511
409
384
317
298
245
159
191
79
612
732
116
56
84
47
405
549
70
444
147
430
389
39
32
42
321
156
13
399
88
233
29
222
195
267
328
198
28
91
56
59
468
5
76
40
46
55
16
116
36
10
32
187
296
144
28
123
25
334
7
171
93
22
79
71
457
231
33
179
66
129
127
562
80
31
672
38
205
27
407
274
59
88
121
30
165
135
20
161
15
66
27
357
115
77
74
79
35
118
130
454
37
586
451
25
60
415
183
81
73
60
162
660
11
94
45
78
291
293
27
21
432
63
1009
120
65
61
60
19
208
10
82
16
61
199
85
110
13
80
34
116
104
95
979
377
88
21
119
61
67
67
448
40
45
123
158
144
190
26
124
150
85
17
704
91
295
137
92
171
153
153
116
124
422
66
86
393
260
126
109
342
64
71
75
80
73
24
98
10
29
29
242
267
314
587
192
25
154
76
199
286
229
116
393
107
142
320
298
870
516
86
77
93
207
271
127
166
211
334
408
398
7
75
298
27
129
79
113
46
529
374
113
358
76
210
633
118
534
296
78
187
1396
24
116
128
48
285
427
77
60
125
63
132
122
291
123
197
384
69
93
125
52
279
336
139
126
161
41
30
45
22
38
198
68
224
288
276
129
323
271
61
398
192
189
30
39
457
60
11
59
87
134
92
413
108
71
75
27
195
166
178
592
188
233
191
138
87
75
209
481
107
482
448
57
75
50
257
109
98
480
142
424
176
53
448
93
376
25
129
364
106
29
211
29
63
589
87
281
172
506
112
183
32
55
295
126
158
305
450
400
116
118
21
79
39
36
52
93
263
288
93
82
154
40
0
258
71
628
448
21
81
83
247
238
273
377
332
65
67
33
686
16
99
399
75
15
78
158
89
178
19
410
149
287
92
62
224
250
124
122
1518
267
391
169
207
164
157
136
82
75
142
192
245
33
121
430
22
5
558
197
81
368
143
378
182
69
220
717
188
314
272
56
268
145
352
243
10
74
212
209
444
108
317
114
103
234
99
118
377
117
249
316
173
164
278
475
278
325
341
71
478
298
409
96
844
160
177
10
127
41
127
214
135
60
77
339
209
78
384
258
115
308
54
141
176
304
225
88
465
120
352
72
168
30
40
17
171
362
203
61
139
191
92
202
81
139
90
97
188
242
78
469
296
128
170
186
170
7
76
56
50
662
84
326
134
188
6
151
17
33
41
340
110
513
145
414
101
413
225
196
359
666
544
394
269
99
99
337
258
406
430
85
358
187
15
431
91
123
283
114
40
506
238
464
117
157
19
326
374
62
196
128
188
164
411
133
76
581
324
67
611
264
309
49
232
479
163
409
67
126
290
82
52
72
19
91
176
29
9
61
58
21
129
37
279
507
660
460
146
21
217
302
516
48
95
91
95
192
308
230
190
61
455
175
104
411
308
294
48
103
158
117
128
793
373
146
179
1148
219
155
197
1157
337
45
121
191
58
172
52
525
790
397
108
85
93
386
335
106
117
57
192
82
380
181
362
257
897
457
51
36
38
33
153
223
170
252
451
241
24
290
184
132
156
135
272
319
20
813
114
418
84
266
224
68
187
89
2223
260
31
104
774
30
123
280
403
88
74
247
51
17
78
28
96
223
57
403
116
205
616
110
32
219
380
36
33
233
144
155
109
246
77
454
96
45
97
78
206
285
183
125
286
422
60
165
189
69
0
118
86
135
87
68
243
271
389
307
65
93
209
56
383
90
60
19
128
429
108
91
132
51
10
210
339
354
0
94
1046
1082
425
300
103
329
38
0
266
0
0
0
0
88
0
0
0
70
59
89
244
132
179
11
384
112
109
77
96
432
84
209
113
43
159
437
109
94
131
84
88
182
168
110
147
146
52
51
47
217
211
56
56
675
36
101
171
137
78
263
0
137
155
235
25
118
75
75
37
37
115
85
85
85
18
166
35
65
85
495
360
644
415
61
209
126
76
242
211
0
271
58
101
53
135
54
80
161
38
142
133
281
145
144
131
262
41
0
196
21
157
256
125
328
103
178
93
48
48
158
42
159
178
220
14
101
29
97
205
75
128
242
278
141
22
32
27
158
134
85
56
28
95
475
179
339
575
78
4
767
24
2
350
282
174
99
274
116
40
75
621
87
695
127
539
306
79
164
414
335
148
285
40
174
18
168
113
85
218
106
144
180
70
249
27
70
36
615
871
60
441
38
397
97
399
397
249
164
72
147
418
35
64
331
77
41
77
415
96
42
125
255
194
142
33
44
295
34
75
410
110
363
121
614
250
178
267
182
81
106
166
1458
472
67
452
266
218
85
251
1737
210
199
518
192
32
266
294
146
167
346
52
293
459
469
610
53
89
626
196
258
29
175
229
616
611
283
47
74
83
573
92
293
54
107
88
273
84
98
61
536
64
13
71
557
252
99
1086
140
290
245
54
30
99
280
234
320
130
103
18
92
40
340
49
46
84
433
28
209
213
487
10
86
158
194
230
92
135
355
78
149
338
235
90
133
298
149
377
214
136
113
884
286
93
149
38
116
268
82
233
84
77
206
63
120
116
332
349
304
114
55
168
113
348
407
333
189
230
140
691
17
72
13
71
266
34
60
91
260
192
129
70
117
128
141
215
98
98
43
90
118
54
256
38
87
145
182
159
62
96
45
54
228
13
196
189
310
22
76
241
122
172
96
197
102
470
17
68
22
368
186
138
140
40
109
106
80
26
91
63
26
13
68
252
108
195
278
88
318
16
41
16
24
48
181
24
204
183
117
222
87
91
360
29
75
159
4
23
85
283
126
51
783
86
219
225
317
61
132
166
111
163
264
216
142
164
289
116
129
132
94
27
155
210
402
133
139
124
31
153
123
148
458
211
536
227
124
143
337
52
115
198
313
71
236
13
50
52
70
81
37
348
272
341
113
72
73
47
205
51
305
116
142
66
288
88
261
130
657
76
26
38
76
120
151
180
61
381
141
194
17
8
30
71
98
388
35
351
80
26
556
467
21
51
71
162
148
321
360
68
259
151
452
67
60
155
124
181
106
204
59
1138
143
66
215
194
547
97
23
117
163
88
237
394
364
717
158
330
387
226
13
173
15
402
75
597
343
610
94
615
49
26
459
430
466
247
12
111
209
99
134
88
604
35
195
96
105
188
227
423
116
349
52
168
687
297
128
619
406
214
122
296
521
0
65
94
458
128
147
269
244
266
66
30
247
196
90
128
0
148
94
154
89
398
0
0
118
0
72
56
107
111
369
199
118
459
27
35
140
934
313
256
271
37
203
82
148
36
218
42
63
611
115
262
500
291
149
301
123
102
165
66
63
190
225
142
117
75
27
247
29
202
52
912
570
326
36
195
110
19
128
211
57
114
434
248
828
598
246
16
24
629
46
260
467
407
300
92
122
295
60
257
431
504
34
772
180
456
264
25
69
392
522
354
59
187
375
482
29
166
96
77
222
1013
574
111
96
24
128
9
81
138
111
77
154
84
112
196
77
76
170
128
387
45
7
84
534
188
145
89
18
45
151
124
338
140
63
545
26
312
56
215
372
20
365
39
107
94
457
30
697
281
59
134
197
129
26
54
178
346
134
73
246
240
175
341
56
35
74
197
467
116
88
27
1303
348
18
185
72
129
325
210
315
88
135
104
59
384
148
115
107
95
44
37
652
112
186
338
252
558
434
465
299
31
150
449
50
272
58
63
209
54
210
28
359
180
48
34
416
123
205
167
61
171
62
372
562
1222
36
267
521
164
131
470
61
362
205
126
254
516
207
183
171
183
355
415
148
0
265
272
7
97
57
24
445
190
166
219
799
140
610
57
44
2545
159
454
130
93
29
153
526
187
338
59
944
146
510
195
167
246
154
134
196
748
356
13
12
101
197
86
37
141
102
181
264
45
188
155
39
1053
361
16
42
22
320
0
19
402
255
388
333
21
241
204
109
47
105
953
652
468
181
71
575
158
51
272
26
430
221
34
28
248
68
53
297
84
396
137
107
108
170
42
99
114
577
324
214
126
105
143
289
187
78
423
119
208
0
64
826
118
337
50
183
484
121
639
340
41
98
356
208
128
366
16
542
18
246
682
199
317
28
130
50
342
116
35
222
43
46
83
154
151
640
74
483
343
272
323
124
343
109
167
167
14
22
186
338
99
109
16
134
436
256
49
56
79
642
521
53
295
216
30
34
110
0
34
466
28
259
148
9
278
22
23
268
132
26
160
31
126
1057
278
265
451
243
148
237
27
318
74
117
119
82
154
224
537
54
116
178
82
62
18
184
34
204
48
633
376
30
105
57
103
429
108
285
170
127
166
167
240
92
223
79
67
777
281
0
188
16
312
28
96
170
233
90
86
31
525
204
29
944
101
173
300
97
30
112
85
71
85
179
122
88
126
28
595
137
483
325
195
392
156
322
185
25
43
147
115
108
383
185
89
25
397
64
29
168
170
164
170
194
126
233
54
29
384
24
328
163
129
112
87
131
41
345
100
43
403
23
555
0
245
131
486
124
275
206
179
15
99
185
354
489
129
322
156
310
269
47
58
201
78
87
500
145
64
180
34
70
10
222
65
21
226
121
98
84
235
13
384
46
180
117
0
444
0
170
385
22
178
138
55
236
36
468
143
63
208
32
109
51
208
124
144
215
90
46
591
69
225
534
0
0
0
0
0
0
0
0
0
0
0
0
0
0
0
0
0
0
0
120
68
396
133
505
143
304
190
94
138
193
82
194
70
817
80
87
295
46
258
14
160
36
102
268
14
322
1060
99
4
1911
346
141
282
90
161
95
178
253
80
131
36
92
43
152
94
15
217
110
378
1054
495
143
325
188
89
47
358
37
302
638
274
121
186
96
421
29
121
20
33
62
164
162
192
495
392
600
135
708
437
554
49
434
115
56
37
122
357
569
232
554
286
73
203
118
141
404
190
157
85
51
282
118
221
421
68
80
132
211
219
40
585
167
179
155
90
65
40
401
151
646
191
120
198
185
305
182
135
58
302
95
233
417
136
106
237
316
160
537
172
138
53
19
72
71
125
39
323
21
90
34
1679
99
747
148
83
36
53
69
100
49
136
337
50
436
34
26
44
47
26
26
44
114
2
206
106
62
60
75
71
71
139
84
59
77
59
97
96
116
110
101
103
281
18
146
610
63
168
187
144
61
208
459
67
130
41
42
31
183
90
73
67
78
74
87
96
78
75
21
64
164
210
198
212
117
68
17
516
228
243
281
64
104
60
120
66
83
23
281
26
37
293
824
295
152
561
300
46
60
19
687
128
194
214
184
28
669
263
161
39
577
300
144
313
772
240
93
259
70
68
372
42
93
34
66
130
20
28
515
1064
275
707
430
517
480
269
313
266
352
41
118
333
78
343
120
126
94
58
101
99
273
215
70
151
519
76
182
75
221
1259
309
225
118
479
691
174
255
51
96
296
116
58
326
182
385
21
33
88
75
94
71
70
71
109
345
150
86
365
87
130
47
105
215
108
730
151
391
437
74
253
93
108
620
72
24
310
451
296
12
146
223
254
182
308
70
71
722
55
648
95
44
1165
34
57
155
546
55
92
50
261
28
55
56
95
453
280
260
617
127
305
283
253
335
125
99
76
670
813
170
423
183
262
283
143
227
183
165
1102
110
36
133
114
118
544
196
371
153
59
102
255
161
380
375
187
285
55
191
344
25
65
439
1038
1035
78
146
229
242
40
218
167
23
204
436
67
847
298
406
280
201
503
67
283
273
75
82
201
857
122
121
71
122
232
340
661
220
387
346
534
313
223
0
52
93
83
520
89
136
616
362
88
58
416
104
291
223
248
209
350
560
176
214
257
330
583
302
879
25
253
12
645
25
1178
64
787
282
217
88
50
38
243
162
248
444
92
8
55
47
224
176
482
259
304
120
51
63
19
896
177
315
382
283
95
86
161
108
187
133
1084
402
163
266
229
20
112
472
306
154
602
170
431
87
316
59
127
214
668
45
164
237
226
225
166
193
534
502
67
295
266
756
25
107
229
63
940
266
180
37
436
670
37
245
23
114
111
611
80
62
150
83
235
58
0
162
138
233
176
1484
54
178
235
308
34
85
439
107
119
229
1167
83
96
221
50
73
767
100
373
257
82
108
202
211
408
583
118
138
52
0
64
44
71
36
75
116
171
127
22
79
291
384
144
115
256
72
56
97
79
258
138
116
58
11
278
264
274
138
239
64
35
65
137
552
159
112
93
166
666
319
15
61
297
204
289
398
166
593
250
384
103
108
331
497
216
135
26
480
189
308
0
0
0
0
0
0
0
0
0
371
281
0
0
311
490
809
188
508
173
329
353
92
667
285
101
82
70
456
122
134
355
110
31
88
196
103
158
28
261
57
325
135
87
82
150
93
389
152
127
486
225
489
179
129
50
561
196
332
389
22
148
31
278
607
139
185
37
16
114
490
177
75
67
24
29
528
70
70
273
225
881
126
75
118
379
231
168
738
16
287
137
459
224
438
1009
117
676
163
24
94
91
194
76
67
37
177
22
177
85
121
25
335
190
55
214
283
123
25
50
21
1163
104
127
525
134
104
73
195
62
51
420
15
267
133
173
155
726
111
610
121
174
217
857
212
15
59
34
200
215
169
289
77
263
158
580
242
113
52
70
90
193
30
168
532
70
179
344
201
17
201
17
943
216
227
86
19
57
19
10
174
77
56
190
51
415
226
612
253
138
435
28
204
112
226
331
192
104
422
37
182
146
231
261
173
182
153
317
90
363
327
246
96
164
82
119
55
623
62
54
16
77
520
1360
672
72
24
190
126
214
183
24
465
494
76
376
76
129
20
55
296
31
71
79
286
93
506
115
569
136
122
372
95
479
200
148
99
225
1802
171
37
257
97
519
24
269
178
189
176
137
347
64
130
47
206
103
150
76
35
56
408
617
157
327
22
157
417
82
472
247
93
324
407
309
220
491
57
113
178
109
100
160
117
238
59
90
37
136
39
150
202
70
274
26
111
443
442
244
262
13
103
143
43
28
677
36
483
72
79
211
187
82
58
274
350
93
94
24
21
100
294
405
641
628
198
21
16
30
373
265
161
279
157
513
55
189
642
650
18
94
97
365
51
77
568
199
96
158
105
52
35
82
39
223
263
234
44
348
14
62
127
70
102
320
554
1936
59
27
380
12
238
227
41
87
226
96
212
216
27
27
342
119
292
73
160
248
57
9
85
347
203
240
153
274
213
185
25
150
68
362
638
291
148
443
297
305
35
500
95
63
16
112
11
197
248
194
111
152
283
158
83
88
424
110
243
153
44
57
23
29
80
73
118
302
453
657
218
230
73
2540
118
28
275
43
135
76
21
353
735
77
104
47
80
9
34
66
194
14
151
113
141
120
163
132
115
135
114
152
147
165
145
594
291
97
176
177
181
229
201
192
245
173
158
200
148
189
205
163
184
184
740
171
212
205
162
87
142
169
153
193
158
187
181
181
175
182
189
183
177
253
151
144
160
86
59
1229
50
75
148
71
351
243
39
196
225
168
385
489
107
135
629
91
46
223
1266
157
161
274
17
77
291
270
210
421
94
93
37
65
94
55
73
128
61
55
145
513
221
40
249
110
41
23
67
475
138
33
120
247
262
443
127
455
99
266
148
532
50
161
39
483
527
178
77
24
227
1115
418
64
191
125
122
32
412
99
216
187
64
80
132
302
166
219
68
211
134
608
219
381
121
214
78
38
105
112
268
28
208
61
63
96
138
96
144
108
79
360
82
21
39
175
438
362
117
56
424
84
62
52
250
124
465
75
48
846
82
269
318
227
210
52
61
68
684
508
28
200
85
430
140
52
1137
61
107
166
553
133
192
16
118
100
553
55
136
182
1
99
173
144
243
163
54
90
319
15
123
221
214
1385
94
160
78
967
89
610
216
107
85
330
77
59
69
176
23
507
88
201
264
591
132
192
106
138
43
216
197
431
187
68
21
101
101
85
37
170
471
113
88
186
16
105
12
79
494
309
270
193
68
72
231
252
196
105
170
155
226
511
354
61
136
348
133
16
108
116
139
291
95
283
32
21
76
57
190
283
119
387
37
55
0
253
57
152
183
190
240
434
86
719
106
330
19
53
113
164
156
607
372
531
183
299
230
60
119
45
277
228
30
81
110
76
491
182
137
126
320
15
380
35
217
145
169
176
94
15
384
79
564
195
245
60
857
12
13
27
296
83
535
134
14
216
121
266
248
75
75
480
369
153
529
44
358
269
411
250
710
338
24
330
128
438
40
471
159
237
107
892
0
208
221
153
108
538
172
71
89
207
155
317
385
235
354
167
784
54
10
208
309
111
67
28
561
37
187
486
333
60
62
422
189
109
35
132
76
110
498
476
55
39
30
31
39
50
56
27
42
12
15
42
22
61
62
48
35
36
36
50
43
35
45
54
20
54
33
19
30
37
29
45
35
221
104
330
211
218
113
216
30
640
45
29
57
27
23
37
103
504
516
23
37
23
37
22
33
33
36
93
38
59
31
24
34
36
38
77
0
403
100
239
165
289
75
137
385
162
183
159
170
50
133
581
353
568
0
65
552
418
216
115
316
4
187
473
710
495
54
445
31
505
334
118
454
30
20
22
260
213
184
110
354
353
139
477
229
16
23
286
50
46
552
26
12
99
165
627
10
40
155
175
29
234
200
134
74
27
241
233
20
320
27
40
202
707
62
21
21
38
49
53
186
49
87
167
177
7
139
285
96
244
251
73
831
256
140
975
694
43
41
8
67
11
138
230
71
399
235
240
209
408
214
213
45
17
21
36
270
127
88
18
216
49
51
51
8
166
39
268
112
272
91
280
107
31
287
130
139
197
58
64
63
106
53
50
53
62
51
91
51
68
38
221
61
1767
55
79
52
227
189
379
14
203
201
45
297
69
256
114
37
161
150
14
163
218
107
200
271
283
281
14
327
14
58
451
249
101
307
38
258
430
164
39
168
85
148
149
463
203
39
309
208
34
231
38
131
77
21
92
35
319
42
140
350
70
253
400
181
128
449
158
295
122
90
102
67
31
196
23
23
163
424
588
604
146
182
163
30
1072
219
157
91
139
60
97
364
99
162
98
146
45
442
121
332
146
162
172
59
34
141
79
27
269
503
196
281
63
252
228
4
236
121
64
159
18
176
71
250
136
12
791
291
263
30
151
295
33
17
91
14
31
108
133
159
32
238
53
80
175
388
63
25
282
99
34
282
228
209
326
561
119
21
174
260
102
36
63
12
496
127
149
29
65
98
95
118
205
293
133
24
119
118
167
197
318
234
270
279
236
218
244
230
154
10
250
185
394
456
231
35
1118
190
102
148
125
27
219
21
98
109
59
0
59
60
530
21
264
57
71
68
151
69
145
149
62
62
0
79
54
401
0
386
0
224
142
456
189
252
37
110
116
73
86
137
725
232
243
454
63
66
372
647
81
277
88
40
685
201
374
539
676
906
0
129
117
160
414
11
141
631
126
474
126
88
436
51
72
105
78
116
118
63
106
13
312
67
154
393
645
232
174
88
68
26
186
122
457
133
274
67
23
288
540
431
123
255
89
227
97
181
287
57
94
119
123
417
57
140
102
481
101
27
346
89
287
123
30
30
34
549
65
608
209
144
90
184
36
134
153
280
367
31
187
0
809
189
218
142
336
68
240
360
90
364
197
300
449
302
16
205
114
42
133
202
315
775
310
423
277
144
200
433
191
218
293
192
477
104
83
85
437
279
500
247
199
90
744
119
26
292
168
773
72
89
38
398
97
150
67
140
175
503
18
77
113
39
333
321
64
69
250
362
330
111
607
254
48
305
250
312
401
240
1167
580
78
95
67
228
100
113
170
58
43
79
145
216
124
143
70
34
206
286
108
223
202
463
322
194
418
262
365
442
50
203
86
70
291
79
89
1071
175
336
108
179
35
145
172
208
11
159
522
170
276
335
845
12
126
241
108
41
127
178
325
588
8
105
297
57
193
83
0
0
16
200
49
168
13
21
0
55
0
179
20
21
181
82
458
285
246
0
144
652
48
131
206
359
298
390
248
14
320
74
128
237
297
58
224
299
79
148
96
168
273
204
176
349
571
137
317
92
244
742
234
25
323
718
37
37
238
86
199
140
66
753
76
192
579
22
209
660
456
39
69
116
239
230
401
393
130
272
38
40
259
393
34
161
339
413
111
59
107
61
55
149
20
290
121
272
152
125
80
112
231
565
6
173
82
24
184
305
193
571
485
386
56
380
39
303
20
832
189
99
124
80
1552
134
35
751
125
652
171
197
74
206
43
134
121
32
389
165
121
64
42
61
61
163
213
98
262
476
19
430
260
250
64
64
232
201
368
16
225
149
175
88
222
1798
118
144
187
145
486
334
569
114
36
939
106
65
243
56
629
0
845
94
22
49
92
203
40
934
31
137
531
278
146
144
108
241
92
693
626
263
36
43
20
95
140
15
88
54
203
170
313
147
326
335
14
93
185
220
170
581
187
148
637
135
84
121
192
92
67
277
30
92
92
0
93
117
476
209
209
112
95
25
207
263
565
560
566
277
78
294
161
409
1172
133
555
153
1257
96
452
252
134
149
103
67
185
388
347
170
281
216
70
128
181
115
213
72
67
613
199
64
316
315
59
21
921
303
907
192
88
169
207
95
94
106
63
70
234
242
38
83
14
381
157
454
20
67
86
144
88
442
69
717
47
301
169
110
248
161
88
183
789
24
74
25
130
80
14
88
14
229
95
115
218
397
284
119
167
688
228
161
194
351
151
761
530
120
44
176
16
77
57
116
442
155
128
14
128
15
221
563
134
71
32
489
75
195
91
480
632
153
613
300
165
346
263
276
372
280
300
234
62
22
17
45
15
291
386
55
16
229
281
177
16
11
557
136
133
76
22
21
97
485
36
38
92
321
94
27
486
158
173
58
71
13
25
54
207
44
116
182
54
133
75
105
38
176
75
165
132
325
26
96
169
189
352
26
126
579
52
203
221
775
149
799
176
39
356
60
261
689
178
80
807
71
25
598
84
26
151
63
103
112
112
113
188
0
269
190
117
150
141
45
1285
535
143
298
30
81
116
290
184
77
255
169
146
544
1179
659
354
125
27
200
575
575
575
748
36
201
268
230
360
112
30
30
128
30
29
38
32
221
206
31
36
15
187
28
301
16
395
277
356
21
244
575
281
65
181
575
453
575
200
893
543
21
35
91
49
38
25
343
55
211
40
183
350
15
382
101
543
723
575
484
129
26
28
252
11
231
234
347
330
138
288
262
76
318
292
597
203
551
1104
141
234
229
216
53
136
426
358
240
215
12
105
277
202
106
452
251
433
26
255
148
307
448
76
238
113
210
545
636
248
792
85
19
99
463
226
1234
23
102
277
75
89
403
139
137
276
35
325
57
25
77
29
223
229
142
83
425
208
26
119
117
92
316
114
281
110
238
177
153
167
328
111
136
65
49
442
133
140
26
221
188
112
360
173
199
329
100
103
103
103
0
129
0
11
219
164
286
22
103
72
214
111
126
55
224
260
182
152
22
184
186
170
272
188
123
235
690
159
144
158
29
298
94
252
43
94
273
1239
194
513
196
493
165
111
244
444
107
91
58
55
255
142
39
216
256
182
307
31
221
77
103
158
178
14
256
421
49
209
27
97
62
67
60
484
62
67
50
480
62
209
26
286
133
305
25
145
69
292
302
109
177
519
115
252
115
30
41
55
104
99
262
157
203
198
24
1346
349
70
31
22
201
68
137
89
525
236
137
240
644
818
261
22
229
0
361
362
125
794
150
13
556
650
203
169
44
27
396
25
40
69
33
70
26
60
127
1458
395
120
433
293
188
339
104
313
123
199
172
66
23
108
23
338
98
269
638
430
64
54
816
443
456
707
414
88
118
406
180
625
57
115
319
81
214
18
106
51
85
13
444
232
49
80
33
134
341
274
519
47
41
294
111
405
8
110
31
51
19
20
541
27
50
229
80
434
174
24
269
135
153
24
28
179
38
345
286
146
245
253
194
223
24
72
306
28
66
690
233
259
623
296
112
381
60
290
219
283
111
120
25
389
80
248
368
48
31
243
375
127
104
46
185
183
161
557
386
37
226
69
247
39
13
406
96
62
1815
145
436
268
188
84
54
90
109
13
13
741
109
287
138
157
0
0
40
0
42
73
505
105
102
110
80
51
0
0
17
58
38
230
0
439
356
237
90
317
0
123
38
308
346
96
38
133
112
0
103
76
160
288
135
97
78
111
290
44
128
138
263
273
104
523
237
97
128
520
72
161
112
257
574
115
62
217
88
84
297
72
75
58
408
335
71
66
355
49
237
0
43
90
267
146
120
42
170
85
1529
132
37
449
224
384
495
203
249
217
62
131
423
195
576
109
249
145
216
341
115
190
26
313
347
167
154
120
91
178
96
0
311
116
77
63
180
220
235
1167
135
498
41
311
27
31
79
41
93
92
88
88
42
0
0
0
0
0
124
0
0
282
36
218
39
14
18
42
23
178
0
0
0
0
0
0
0
0
0
0
0
177
88
42
38
49
39
30
36
282
0
0
0
0
0
206
462
572
167
113
28
225
54
265
38
78
119
494
73
95
525
206
560
628
92
112
0
65
92
0
422
90
89
12
0
57
106
493
375
123
808
168
58
313
42
242
278
287
59
218
37
188
95
291
49
157
70
120
335
483
122
188
197
26
358
716
89
109
630
109
494
104
119
623
302
425
264
31
34
333
56
129
146
332
151
130
122
124
70
536
98
568
137
201
92
41
648
68
250
188
47
49
158
283
81
220
83
33
97
220
62
187
241
554
312
77
675
295
1029
132
37
167
574
66
75
299
100
70
186
432
208
76
72
126
60
522
728
87
341
36
406
115
105
64
15
552
268
170
11
26
397
215
285
240
416
0
356
25
153
405
435
310
37
198
60
15
386
78
56
95
130
40
22
134
173
15
283
25
517
127
743
347
123
36
70
91
42
55
42
32
585
51
148
314
273
155
927
325
84
412
115
98
186
131
184
91
465
793
181
356
231
129
154
24
258
33
21
44
10
88
24
117
164
183
927
101
202
798
174
527
382
238
247
144
323
124
43
204
119
461
224
173
274
123
0
474
65
131
132
282
795
25
65
58
222
160
253
221
517
320
221
220
38
32
257
426
150
215
131
556
294
140
186
118
13
83
380
273
174
149
397
148
137
157
494
231
349
58
669
621
127
185
217
65
560
477
234
175
754
23
105
72
21
688
254
40
165
87
51
253
59
182
478
94
420
248
285
60
541
79
104
11
121
585
232
711
60
53
56
66
141
98
86
19
179
160
1174
58
267
72
371
92
51
75
46
69
104
498
66
155
7
81
44
277
245
224
106
16
182
178
112
151
110
41
43
208
614
318
98
274
21
201
93
239
131
76
22
145
99
145
51
20
375
260
12
114
15
120
139
459
195
84
323
222
250
70
102
75
100
98
148
414
496
103
100
128
682
83
32
180
179
151
505
103
241
331
127
87
466
139
124
590
182
173
250
119
170
61
277
49
135
361
504
316
54
360
593
15
35
158
387
77
122
120
304
163
957
85
552
26
80
198
37
333
164
780
147
64
35
110
87
59
277
99
125
276
56
52
203
588
574
180
63
192
31
409
90
76
192
217
59
264
206
544
108
230
39
64
518
157
899
302
209
545
541
0
363
618
380
242
576
220
89
77
563
52
143
295
43
368
106
137
776
168
411
610
495
131
116
178
127
279
119
593
110
917
26
118
675
208
498
44
417
124
21
81
22
261
23
90
12
3
115
147
48
122
50
358
77
381
19
112
326
26
110
58
12
82
73
27
87
222
214
0
29
104
85
401
12
139
75
136
101
168
236
93
57
97
24
20
442
12
62
237
68
161
154
216
313
90
25
563
49
61
55
94
26
217
335
83
93
1059
165
264
49
161
133
195
242
202
146
261
70
95
267
109
93
25
150
298
87
112
143
142
347
463
94
403
230
61
263
746
212
230
82
199
115
148
467
37
105
136
130
269
69
287
203
90
695
73
17
57
221
292
230
248
44
1022
179
696
350
630
428
61
782
91
4
295
371
22
26
177
80
301
233
253
96
158
41
76
306
243
67
50
73
262
48
56
40
46
6
49
70
57
545
0
47
69
60
69
619
113
30
352
242
450
248
132
87
197
124
90
366
95
458
47
95
1171
115
30
150
108
99
90
324
66
121
66
167
42
34
30
57
221
63
82
239
13
598
104
267
205
188
295
169
177
307
201
375
281
70
31
222
90
30
49
24
386
121
137
70
61
42
219
15
272
418
438
37
277
275
154
50
358
110
78
88
26
32
108
154
107
524
141
147
818
115
63
270
220
0
86
382
56
86
46
115
136
170
161
151
237
71
55
240
100
176
65
145
77
20
70
224
582
115
30
311
115
103
62
298
59
332
29
29
29
832
49
0
156
29
496
49
85
517
69
765
100
21
31
96
95
288
73
63
350
101
1294
267
169
563
96
170
120
659
733
53
74
642
65
301
52
183
179
509
255
531
151
0
171
529
576
276
86
826
1307
86
86
47
275
170
29
279
428
149
242
170
212
125
532
213
133
169
134
80
171
727
349
290
15
29
53
87
29
253
257
375
358
98
77
504
110
109
116
29
365
265
43
94
93
46
158
286
85
143
89
179
424
42
129
34
249
872
231
190
209
67
103
21
251
98
208
188
262
905
348
72
77
338
111
465
36
230
688
182
82
229
149
186
176
61
48
689
7
36
215
34
77
79
108
198
64
29
155
93
48
82
699
115
160
198
180
284
396
65
421
211
26
306
76
302
88
668
48
48
230
0
0
133
0
0
0
0
0
110
112
313
218
187
215
40
120
220
351
597
56
57
316
87
57
34
111
613
106
291
580
72
67
198
114
565
168
350
212
55
74
30
74
402
62
201
56
316
187
242
195
1239
36
68
34
170
342
86
761
240
39
548
148
174
304
76
72
91
16
414
36
36
236
672
70
352
31
262
27
288
312
382
119
158
70
430
189
112
192
637
13
113
473
29
317
238
160
63
204
142
160
102
65
217
142
85
61
0
0
0
0
663
100
0
533
0
0
0
84
0
0
123
317
82
86
123
472
452
64
221
581
166
17
248
166
192
138
72
45
1252
318
91
85
371
217
332
307
81
101
522
239
111
259
370
104
62
406
89
348
199
127
24
44
67
24
39
115
43
303
85
130
291
25
34
852
219
88
12
73
143
146
92
31
65
39
20
318
7
21
86
87
113
121
361
413
34
441
101
185
14
60
233
846
300
21
177
199
21
284
186
209
187
527
152
221
30
29
51
54
170
214
27
260
119
40
104
60
12
193
0
521
640
41
99
119
331
275
229
186
89
93
246
23
665
184
58
61
192
49
135
29
154
217
168
15
22
86
281
51
56
248
26
34
43
91
108
166
77
89
40
115
364
336
9
129
46
842
195
177
177
385
12
41
322
569
18
29
58
55
46
57
254
13
14
74
387
211
160
515
116
9
264
157
30
154
46
217
11
426
294
262
545
100
94
37
42
313
30
27
60
249
255
22
71
50
54
168
78
55
75
594
22
25
97
97
188
64
97
16
15
20
333
108
29
28
51
30
234
78
503
778
68
544
77
74
36
1
39
219
343
96
137
92
232
205
108
148
249
32
24
152
58
124
90
317
46
65
116
624
375
48
10
195
118
30
22
31
46
31
271
36
136
132
125
44
698
176
539
103
51
216
178
329
75
225
74
119
60
31
205
573
218
291
195
196
73
80
111
163
58
272
143
303
124
116
22
372
481
122
409
234
91
97
469
23
86
199
207
48
541
81
237
151
208
86
814
113
46
38
431
340
35
189
95
118
194
313
384
207
138
648
106
2253
289
296
268
30
617
116
252
55
30
219
23
383
56
706
31
296
222
420
204
36
317
11
95
168
174
75
109
66
195
124
335
462
377
186
752
164
3
449
186
282
19
259
452
243
309
86
285
301
185
402
545
227
867
190
551
227
153
645
141
69
190
376
227
340
302
245
333
163
149
92
176
103
217
145
309
64
239
640
52
153
136
112
32
266
76
496
278
41
197
455
215
122
182
182
26
112
952
496
26
129
194
277
146
271
37
103
55
311
236
174
153
431
47
86
302
142
310
52
158
933
147
140
104
46
154
57
335
23
283
112
196
138
272
211
89
408
226
132
337
118
276
300
44
11
234
103
340
337
143
315
145
201
548
177
66
248
237
436
204
176
88
109
148
528
94
93
70
56
30
55
100
58
104
101
595
130
214
170
518
214
105
114
118
102
328
140
257
14
322
127
297
366
222
32
416
51
404
157
81
30
407
223
103
154
197
22
71
9
60
121
133
122
156
221
66
162
126
48
66
135
646
82
107
354
94
58
28
273
571
94
118
92
77
58
514
108
75
82
0
168
29
345
101
166
235
108
39
641
80
184
117
97
138
383
3346
43
35
33
252
235
53
207
95
79
430
147
124
51
224
24
107
38
259
403
450
237
83
568
74
99
63
31
74
104
383
522
23
104
73
1046
845
128
314
61
83
95
167
237
447
66
79
25
40
78
77
80
90
231
339
351
92
368
13
60
357
95
102
265
167
307
164
328
74
246
32
14
466
42
140
324
56
83
189
218
209
56
692
101
73
134
91
25
25
95
87
88
183
143
28
77
106
178
908
171
64
106
241
177
120
505
285
10
183
157
109
117
21
364
38
280
10
315
177
184
72
486
147
195
166
461
149
317
95
47
234
50
32
59
190
104
175
78
115
205
120
244
403
64
45
21
125
272
160
125
20
16
679
148
472
54
668
187
222
473
178
242
648
16
482
16
65
214
56
422
232
100
126
258
29
22
250
192
260
164
168
294
59
212
237
65
181
139
122
71
106
52
28
123
187
205
110
74
74
14
363
116
576
149
208
683
310
147
606
169
13
118
37
317
233
65
38
180
78
345
204
173
215
122
119
153
116
288
968
200
184
183
424
159
510
69
159
67
99
900
212
267
250
70
326
47
75
299
59
386
290
231
166
28
37
51
97
68
108
214
0
122
213
522
778
264
139
208
88
141
30
67
22
347
81
499
296
213
259
53
79
59
633
82
52
371
261
119
75
100
17
32
56
14
274
212
49
79
299
24
81
243
84
53
148
642
80
92
40
540
54
11
371
450
174
99
0
256
12
468
79
332
213
90
989
60
89
157
237
414
68
506
58
30
86
141
117
253
116
117
112
27
310
199
86
417
249
72
60
51
89
30
83
45
12
21
55
64
169
53
33
54
53
22
294
78
1147
14
74
163
127
36
377
131
47
305
84
330
85
177
390
500
214
22
515
144
321
53
38
36
175
12
136
18
25
143
228
128
74
190
689
144
21
181
79
152
63
47
58
134
351
223
479
34
44
78
45
66
51
153
68
116
75
61
1311
78
31
1167
59
29
256
110
137
240
229
1769
91
152
219
56
93
56
116
0
338
106
130
104
72
183
102
134
607
214
71
66
102
75
101
91
119
45
859
0
141
0
262
291
88
251
192
478
0
0
101
0
0
93
250
0
123
0
746
0
0
106
632
0
50
50
53
53
55
0
0
0
0
227
90
0
272
22
120
258
119
0
268
261
137
176
111
69
86
308
199
185
0
0
160
290
437
0
55
220
91
95
0
0
59
284
118
91
25
125
124
24
188
143
16
580
114
141
27
22
367
44
892
472
322
0
427
23
0
0
585
294
313
123
283
370
159
148
83
0
38
1981
300
247
16
300
36
516
611
612
22
183
41
65
43
129
66
71
281
152
112
72
264
103
150
178
190
113
133
153
167
308
447
412
131
214
44
285
77
621
261
396
188
92
146
182
313
162
87
272
26
116
80
126
457
132
13
26
204
245
170
568
69
109
114
212
1222
37
55
41
194
420
90
70
37
244
189
98
100
825
126
80
140
85
108
148
387
160
124
82
58
507
859
151
524
31
65
138
408
153
13
309
53
53
191
146
268
346
415
515
21
488
17
313
139
318
1241
72
162
433
167
86
133
18
524
123
179
57
65
269
315
78
245
155
511
544
86
60
23
617
141
179
427
80
122
139
95
38
133
592
31
177
337
37
12
276
247
130
162
114
717
132
35
90
419
56
268
432
205
77
176
565
238
245
134
671
653
16
170
26
66
135
756
450
197
91
275
316
248
407
118
17
23
98
171
45
26
189
163
25
171
202
55
194
81
160
172
294
24
19
18
91
269
94
295
53
32
354
0
0
0
0
102
0
0
151
157
0
193
32
34
0
53
113
0
0
0
0
723
134
260
90
250
0
0
100
0
0
0
92
0
0
38
0
87
0
472
0
808
0
0
281
0
290
326
105
0
55
0
0
0
176
0
0
0
35
0
0
114
64
0
70
246
178
282
199
110
67
305
338
272
142
50
61
60
412
121
1144
36
26
105
327
531
316
0
481
211
0
173
43
402
0
100
186
210
0
84
219
88
124
311
329
0
191
618
464
62
391
334
400
0
550
0
332
110
142
0
230
120
46
17
27
23
0
211
51
91
102
120
196
10
168
146
120
103
378
57
344
165
87
220
111
12
91
20
203
119
174
625
186
72
42
50
54
52
279
137
211
261
186
45
117
23
125
250
256
158
109
41
139
74
91
164
199
113
209
164
69
59
69
59
65
215
63
246
49
38
415
318
25
39
14
53
714
41
254
73
150
109
229
241
301
363
248
69
12
108
30
84
117
91
20
128
224
277
138
442
1161
263
272
133
375
61
55
103
41
137
153
231
397
708
95
61
19
119
1266
91
108
146
172
307
250
42
185
270
120
43
677
342
53
225
33
95
63
74
59
337
471
211
76
150
65
61
84
157
74
604
60
296
57
48
99
83
32
62
165
79
37
144
48
53
26
81
60
87
331
444
35
223
125
179
71
400
15
132
250
28
465
536
173
84
16
40
385
311
103
81
321
125
18
53
111
49
31
76
196
47
364
84
37
100
263
21
215
180
41
282
158
120
17
32
140
84
169
145
94
124
40
25
45
35
120
48
77
91
62
136
589
180
15
289
681
59
350
56
870
227
158
96
147
59
59
76
120
110
52
75
63
5
70
59
133
217
80
120
32
69
26
291
242
432
54
67
53
99
211
235
414
124
233
189
140
155
22
62
0
220
66
853
544
158
114
146
257
483
290
164
225
183
265
235
94
34
31
238
25
38
0
352
0
16
169
187
175
73
28
141
50
34
156
218
172
57
215
208
1286
35
441
351
249
363
126
208
28
439
98
106
23
44
379
203
210
133
29
272
341
21
77
538
32
236
20
128
700
275
276
54
30
162
876
101
669
51
214
198
95
296
506
150
138
57
59
81
159
0
290
335
564
40
80
8
116
25
27
21
118
38
83
249
100
376
842
135
28
203
215
309
959
395
386
15
130
254
65
577
230
304
477
209
277
307
123
310
112
59
64
407
79
129
0
329
120
609
114
120
329
0
96
95
374
75
159
75
269
119
201
154
232
116
15
472
306
172
159
142
68
213
151
156
67
804
300
0
308
82
342
304
201
153
1300
207
228
531
391
743
504
596
275
34
402
2761
1420
142
47
13
55
99
37
68
63
45
27
288
149
220
183
49
32
31
38
43
446
1429
249
49
421
9
141
348
169
20
121
451
40
102
150
68
18
232
85
333
20
212
173
206
129
36
98
232
7
124
115
28
99
33
20
46
96
60
157
65
69
626
33
35
197
132
90
16
271
193
51
106
354
84
26
0
71
138
218
262
158
180
6
62
49
294
205
21
23
33
19
113
47
38
13
139
521
75
179
62
461
148
137
66
72
95
74
206
225
150
208
91
71
144
106
98
80
116
60
21
21
70
274
139
106
23
334
50
819
53
171
60
59
30
193
6
153
198
71
398
70
324
626
20
55
79
29
596
192
232
259
84
647
82
248
204
71
831
298
315
201
56
18
293
328
47
303
163
78
308
524
424
405
0
0
245
106
0
0
117
0
143
0
97
460
163
50
366
273
350
0
143
352
0
273
0
123
129
220
31
76
143
118
136
26
146
70
41
501
178
63
240
226
190
167
102
870
67
26
55
25
44
173
83
10
12
349
12
125
91
53
277
21
217
261
85
187
315
376
154
127
188
59
184
232
84
198
599
323
329
540
192
177
67
214
12
41
452
470
33
362
74
717
116
378
53
229
111
438
85
987
111
256
515
198
208
179
508
26
576
170
93
52
13
302
144
57
207
159
423
481
170
279
59
130
245
86
50
38
551
13
278
708
1107
269
217
42
250
100
235
262
113
197
141
207
146
126
76
76
13
89
158
269
66
18
343
245
177
231
343
333
202
511
34
139
122
30
36
154
303
92
588
100
157
121
11
52
234
57
34
114
278
81
260
26
87
36
47
138
27
70
213
166
153
1132
92
15
262
149
559
150
230
108
92
202
363
31
367
159
90
70
54
77
22
81
64
152
41
107
188
21
133
608
63
117
55
543
253
208
164
182
45
24
211
13
77
281
212
57
306
93
89
38
38
264
38
56
52
429
49
72
0
84
400
163
0
38
38
38
454
206
309
265
374
1112
297
351
472
33
22
110
109
151
23
155
189
708
153
187
151
47
66
172
106
73
413
63
29
77
86
337
219
249
321
52
0
88
105
53
138
219
150
67
208
748
501
240
104
153
118
76
511
135
177
255
98
231
363
86
475
252
260
69
169
697
82
138
190
245
669
258
100
413
197
255
216
22
95
58
237
100
283
116
12
333
98
569
200
168
95
0
191
222
240
60
236
147
304
215
13
132
418
485
236
63
23
46
297
104
120
57
150
188
154
273
135
230
136
228
68
173
83
330
282
77
75
72
144
446
172
227
131
243
726
351
399
668
713
85
77
324
67
118
123
137
155
96
51
90
479
0
312
159
136
106
0
0
26
61
32
46
188
434
80
103
204
64
271
321
329
88
36
1219
194
289
292
95
101
100
54
100
711
1233
432
387
205
162
30
225
85
190
19
108
94
146
227
101
337
28
43
74
72
124
125
126
156
213
39
24
235
113
30
344
713
468
82
198
72
41
311
157
181
32
190
84
197
45
74
129
471
76
112
54
208
69
63
76
67
58
67
68
68
69
98
68
66
11
35
69
59
90
54
75
58
51
64
95
56
28
121
57
51
92
284
423
176
445
23
192
91
26
43
145
256
116
80
79
350
69
126
10
125
62
73
76
27
116
114
28
300
88
73
82
138
157
82
271
33
102
219
68
86
38
185
171
54
62
67
223
349
204
0
218
276
290
106
400
0
0
971
0
0
535
350
0
19
222
6
157
68
195
23
73
155
106
133
264
31
179
154
183
451
249
136
179
155
169
53
91
43
22
371
123
242
115
177
129
193
253
161
57
112
178
44
14
43
204
204
21
285
39
25
110
147
146
173
186
148
263
46
158
255
482
176
68
19
196
429
103
230
444
155
23
177
0
276
129
228
98
334
460
431
30
496
116
155
426
37
22
111
15
125
294
135
269
337
1516
11
382
414
365
100
52
117
59
193
487
99
138
130
233
114
14
234
788
53
45
86
111
172
360
389
125
54
68
117
171
88
202
301
33
78
28
230
403
63
69
114
197
291
143
445
34
348
179
283
238
209
599
267
23
142
274
278
652
487
59
28
126
12
35
139
57
442
122
83
225
568
552
240
166
88
111
86
152
212
42
181
11
37
681
465
101
81
42
208
109
209
170
113
216
209
193
462
152
247
464
434
39
289
118
196
311
305
229
398
63
135
223
104
395
465
127
17
246
227
44
28
275
455
122
198
68
348
68
333
483
33
305
278
59
87
587
699
422
239
37
3
644
318
383
253
392
390
178
127
244
100
222
129
284
210
29
130
107
63
182
114
571
88
204
78
106
157
166
456
30
149
24
196
464
370
37
22
70
162
201
301
169
244
132
317
64
233
346
588
507
101
437
515
1190
571
143
19
27
129
160
95
87
142
200
103
377
83
127
169
61
38
603
24
94
1119
80
167
153
144
259
27
526
543
81
77
54
31
60
7
287
54
139
184
215
50
13
365
382
281
164
200
50
506
197
40
10
71
303
19
165
404
78
57
90
959
299
134
27
497
191
288
749
14
122
119
373
98
555
975
562
154
169
209
134
88
134
14
535
735
125
131
340
86
453
137
342
382
448
75
112
85
633
103
18
77
101
59
26
73
14
12
37
139
110
17
456
0
40
60
148
17
60
491
226
13
275
95
36
131
71
95
112
171
144
55
239
36
67
124
208
98
22
49
190
38
0
86
255
92
83
176
74
74
505
136
99
94
62
264
8
76
537
225
124
238
147
67
264
81
237
85
50
129
31
128
213
36
362
1029
337
469
144
67
109
146
150
414
233
15
104
686
479
272
429
151
71
559
140
102
380
447
130
23
32
386
420
273
41
27
84
35
34
250
71
349
474
227
198
154
187
244
93
77
347
90
188
278
194
180
178
545
63
106
303
60
8
445
434
75
65
132
22
840
97
589
471
80
210
324
59
74
336
35
167
63
669
241
149
239
1041
413
513
245
223
172
40
115
119
126
255
92
208
139
309
56
66
113
285
55
499
588
387
1079
235
963
155
205
63
245
60
322
110
87
22
438
199
48
178
161
18
117
30
551
551
288
30
95
172
259
338
136
309
40
20
223
408
42
205
69
268
110
847
184
485
65
429
54
122
317
165
291
312
100
262
158
94
126
176
152
95
76
41
605
309
250
189
202
256
35
117
146
409
114
129
98
165
71
124
352
24
91
365
357
227
112
708
4
21
26
155
162
690
271
354
305
0
113
324
925
49
236
127
62
176
105
728
50
46
286
65
104
511
148
226
118
185
341
113
21
733
135
112
223
40
79
62
85
119
204
24
233
233
233
233
233
803
162
145
691
60
60
692
753
435
27
100
68
264
323
464
402
36
30
328
257
48
18
334
319
0
138
227
258
226
35
481
49
556
524
530
847
426
650
427
16
71
496
137
34
855
117
89
756
456
803
302
234
422
33
321
74
155
55
260
78
135
6
164
281
28
232
259
235
159
300
53
546
140
165
306
609
235
168
89
698
218
900
154
288
178
234
530
130
289
203
57
23
450
135
217
155
510
31
173
379
166
51
57
13
35
15
196
79
51
42
333
200
168
54
44
156
79
134
74
188
39
319
0
52
52
0
99
119
84
1016
248
0
0
194
324
0
186
451
775
0
57
14
456
7
121
87
129
237
109
119
488
243
227
156
0
129
216
132
121
76
73
72
55
23
154
1038
157
160
121
71
93
427
155
191
207
115
92
307
87
84
117
219
308
98
295
746
67
7
282
14
158
26
233
564
66
161
15
197
285
422
19
14
242
24
116
69
164
746
121
180
283
158
13
146
147
158
206
67
105
13
487
472
58
782
447
19
19
145
84
255
95
730
905
69
166
29
201
75
473
29
113
228
49
111
100
84
291
91
165
105
224
119
126
318
419
165
157
101
183
614
7
30
27
72
30
302
597
493
335
119
20
56
194
210
799
153
113
149
36
300
145
438
322
33
73
32
53
281
257
192
31
378
95
105
89
460
179
49
103
225
230
256
366
277
475
712
71
225
16
238
26
200
271
1883
296
295
102
232
153
25
102
259
45
809
34
81
101
470
95
11
75
316
35
557
20
295
79
107
519
231
121
339
232
122
80
166
46
233
249
94
65
117
237
371
312
77
20
309
194
139
225
408
62
47
53
54
632
163
88
455
161
53
124
127
8
167
178
250
117
287
257
344
121
142
267
195
69
78
203
28
443
546
241
139
154
92
73
37
146
163
550
89
477
127
253
288
277
102
106
33
523
191
292
41
432
272
427
113
606
205
121
191
429
75
185
378
195
109
37
320
167
41
19
260
59
178
810
132
381
243
335
106
130
106
405
143
65
58
143
61
324
140
77
129
246
141
225
133
66
678
238
358
313
133
86
263
635
96
127
241
384
18
214
342
392
552
533
13
88
615
187
212
93
286
348
279
85
28
87
55
54
745
788
160
206
68
31
276
130
59
19
113
22
183
356
31
10
293
481
54
174
560
38
609
355
70
151
79
128
127
33
155
254
214
353
133
237
1102
24
80
265
1354
55
290
916
156
203
173
269
202
133
41
40
634
107
97
23
58
19
9
29
73
1005
32
329
60
441
244
109
767
18
547
471
162
559
97
450
57
377
70
274
212
45
37
202
135
207
292
537
130
663
157
331
465
374
30
70
253
666
152
168
182
210
296
363
89
28
36
323
91
87
107
198
210
404
198
89
191
120
40
144
130
89
47
75
79
161
70
178
65
98
345
116
69
40
42
59
334
139
160
220
365
145
27
211
71
979
140
123
248
79
120
64
79
58
101
212
76
138
26
127
177
362
2
185
119
59
27
196
20
39
248
582
238
383
26
376
175
132
639
441
615
77
95
70
42
285
345
32
268
60
54
445
71
136
256
31
131
42
55
522
97
273
112
137
644
91
912
356
103
372
179
171
137
209
42
148
130
184
91
33
488
98
91
489
98
0
91
13
607
88
26
91
61
62
62
109
125
88
93
466
62
700
231
104
189
355
113
136
61
98
62
61
98
95
509
256
117
440
98
98
445
98
28
98
693
249
122
152
378
266
80
98
98
98
708
76
159
485
79
158
1061
23
449
160
99
522
63
382
96
1622
1258
510
66
129
345
185
24
235
1083
157
350
35
186
179
221
240
81
65
240
152
940
478
263
364
120
56
103
115
33
330
230
79
39
161
254
179
113
27
516
501
67
204
95
319
329
113
351
332
115
30
77
434
21
54
118
115
46
188
236
33
67
204
63
12
103
87
151
35
1281
305
194
94
123
35
110
26
408
16
217
96
193
79
5
84
576
598
254
113
467
159
192
78
218
192
102
65
57
234
24
121
31
217
311
168
48
15
557
30
177
32
89
214
280
330
154
15
61
91
94
73
263
65
97
242
55
58
246
215
87
316
116
904
43
147
21
76
191
465
130
153
232
103
214
175
141
264
0
173
96
311
140
30
226
253
33
185
258
33
789
49
89
168
74
138
662
452
43
743
51
240
335
29
148
274
368
462
221
57
437
25
165
137
285
78
131
129
61
185
42
173
94
114
425
123
371
98
174
449
159
243
390
55
232
84
73
141
131
373
83
11
72
19
19
126
147
6
148
194
70
32
45
36
410
70
28
388
270
98
102
29
274
26
304
156
70
224
27
189
152
457
214
85
215
169
96
281
385
95
154
29
55
436
31
65
13
164
1023
553
30
111
118
633
94
12
85
144
673
97
270
144
41
129
227
421
117
131
1119
151
69
69
161
307
190
542
109
16
88
621
283
42
22
310
41
557
21
67
213
688
22
174
132
1809
146
322
72
97
41
154
318
90
394
61
40
153
188
63
163
117
62
706
20
77
51
110
32
51
59
189
159
109
228
265
41
27
457
24
301
539
65
56
1191
93
159
220
86
162
152
81
111
101
93
448
155
764
121
597
59
24
230
42
64
202
87
76
122
100
119
200
202
77
244
128
65
282
551
138
255
26
77
314
56
424
134
120
420
28
1349
0
60
375
42
136
313
140
62
100
264
29
324
169
182
99
185
218
32
101
36
409
36
193
187
62
235
9
47
64
331
97
222
307
207
170
102
314
11
10
152
107
85
381
133
60
214
268
74
311
39
118
93
131
122
87
18
26
304
45
117
319
78
249
56
225
264
41
147
100
149
99
283
50
149
9
40
188
118
345
498
201
184
116
572
279
169
1406
159
1043
803
120
841
121
345
101
76
229
167
730
77
217
592
68
70
37
20
86
70
108
22
189
143
85
99
266
20
37
37
28
110
176
33
90
6
436
47
157
24
79
358
507
307
648
138
226
269
15
164
52
68
120
116
15
758
304
172
129
76
404
12
199
133
65
103
4
153
103
274
383
16
23
24
212
149
115
74
35
13
24
78
234
54
35
282
326
610
299
34
145
9
15
418
82
61
53
38
33
181
92
43
58
87
23
26
112
290
26
133
117
104
11
110
209
159
115
173
114
30
63
23
156
21
189
694
35
36
405
159
152
88
335
92
26
64
240
41
85
15
32
53
66
351
411
246
327
416
15
440
56
30
1
292
81
357
76
172
111
474
438
253
46
328
1614
263
52
247
790
198
234
68
64
423
649
355
16
797
796
13
277
254
87
78
155
14
106
131
176
150
91
135
165
404
213
244
88
101
62
23
769
103
167
21
48
7
56
1095
673
248
136
25
44
48
270
621
401
570
303
110
57
22
301
129
463
154
176
63
34
110
92
13
72
39
171
127
169
30
236
0
115
73
111
467
12
175
135
141
79
588
350
131
0
174
103
39
0
144
66
195
93
105
18
136
60
139
105
164
429
411
57
96
83
367
130
51
498
407
121
517
134
162
27
72
36
123
274
83
129
249
147
169
169
96
163
79
42
181
260
119
311
171
27
39
39
157
10
269
215
63
69
191
97
95
478
167
310
2911
449
182
113
144
195
83
7
16
26
153
77
44
35
24
193
420
1061
191
281
108
142
99
718
459
69
142
78
198
461
23
27
290
597
783
524
85
1898
131
39
23
67
193
58
118
124
85
686
261
79
2252
184
75
30
75
374
366
2747
98
210
77
663
104
18
80
58
9
173
196
374
84
369
531
484
193
91
816
12
70
138
143
744
97
181
164
100
731
59
11
125
71
210
77
2743
123
311
56
19
174
68
50
147
96
153
179
192
85
86
348
218
1088
355
69
84
314
110
211
133
30
912
222
226
97
242
248
604
289
134
68
271
18
229
31
76
70
186
107
90
79
26
35
489
24
37
14
18
67
189
160
68
68
68
68
68
68
20
45
47
151
31
128
102
333
18
20
472
244
89
212
208
373
136
338
91
162
316
398
214
158
132
65
242
29
61
420
321
251
86
133
64
29
737
334
889
282
110
73
233
41
152
747
218
130
59
162
56
63
72
71
73
73
68
100
72
71
71
97
29
103
30
188
243
234
278
109
132
34
79
129
99
27
46
370
219
97
208
42
215
352
161
77
93
1437
77
597
266
370
79
370
131
106
21
273
393
88
558
481
87
219
61
140
75
145
218
102
18
226
77
74
180
95
142
38
120
42
184
259
235
320
80
151
67
45
758
173
73
196
89
71
36
264
34
48
125
345
128
71
34
109
325
103
40
79
308
157
241
24
261
784
235
82
210
19
188
10
101
19
84
119
155
141
30
166
312
82
54
216
20
299
424
224
70
124
87
135
140
384
43
3
162
12
18
58
33
36
65
336
121
16
75
33
251
271
40
107
112
89
1155
58
11
183
389
262
258
184
346
70
182
70
242
88
96
46
379
75
308
415
74
424
21
148
30
291
224
162
426
101
1063
208
20
94
412
65
106
648
60
163
20
20
142
151
89
593
1699
43
108
900
26
110
10
43
48
262
79
44
339
69
119
79
125
835
84
425
187
74
29
230
117
220
152
434
181
110
172
49
124
99
30
163
405
247
532
166
133
229
74
383
94
78
84
164
155
91
223
353
236
120
70
56
189
249
59
63
43
51
507
175
150
32
92
786
639
96
85
79
150
487
359
178
70
40
11
101
83
28
256
43
29
70
24
54
400
338
84
36
339
461
0
15
51
140
184
120
76
22
79
37
104
32
76
76
397
60
167
115
42
191
22
171
308
18
130
52
122
25
26
98
14
254
120
340
112
115
199
113
232
87
35
62
99
135
256
42
62
189
89
469
17
26
156
65
72
30
188
348
130
543
103
265
90
0
374
0
0
890
560
84
0
0
315
0
211
163
139
275
31
301
52
137
150
44
33
23
158
240
146
135
559
38
359
28
167
60
56
77
27
26
90
62
589
248
37
12
48
31
9
75
244
35
227
95
136
516
136
66
13
147
65
355
673
117
56
2636
141
105
203
12
29
82
123
17
553
50
552
562
17
69
149
143
0
23
77
152
36
33
138
98
69
60
76
62
368
324
273
278
206
480
47
255
178
119
438
336
435
217
139
146
97
23
206
664
49
117
206
13
411
61
73
46
281
109
67
256
71
96
290
356
17
40
11
418
365
38
186
593
142
86
397
1070
521
9
96
132
212
94
421
117
874
129
97
274
342
22
207
69
94
40
71
20
130
593
119
152
212
825
42
310
174
103
227
164
245
237
125
139
12
54
116
308
8
140
91
216
91
95
111
94
86
88
26
91
172
136
281
210
29
127
10
299
341
80
800
102
29
438
207
143
291
35
192
1014
221
244
119
110
25
243
17
33
100
370
203
451
89
160
43
392
47
484
60
178
42
214
82
484
169
87
241
155
57
76
288
416
48
48
83
216
497
198
242
66
376
306
191
111
259
41
184
31
31
459
154
138
35
177
86
221
29
45
519
149
87
69
20
176
8
9
146
210
735
370
282
196
78
264
67
197
40
135
210
79
24
48
104
339
98
69
110
67
28
107
79
24
102
30
169
228
602
21
136
26
102
149
19
159
135
558
164
85
167
5
89
756
71
58
270
490
288
228
163
28
305
125
83
54
26
41
382
40
70
35
333
90
97
138
178
45
81
240
940
191
358
34
129
14
315
252
0
215
92
1180
65
70
67
67
47
72
1495
67
27
115
140
247
79
28
94
86
112
382
353
205
711
176
550
130
387
389
264
55
86
149
55
46
349
77
80
61
75
71
85
79
158
85
79
157
100
112
19
403
614
285
131
228
723
172
537
108
161
248
63
26
175
157
1540
157
140
117
112
16
167
209
22
247
462
360
18
274
86
132
138
49
11
132
80
201
200
401
174
62
443
224
201
586
198
441
139
11
23
43
175
37
246
186
153
116
140
257
87
164
35
85
425
495
642
12
392
258
225
469
922
105
286
185
63
91
78
59
60
88
57
66
29
37
57
651
92
53
67
53
54
53
117
53
53
49
19
64
34
57
58
0
0
58
60
57
58
57
49
57
57
0
7
53
53
34
2
0
0
0
56
60
61
63
60
69
62
62
61
54
46
62
63
61
67
61
79
66
154
62
9
132
34
31
39
108
53
95
107
90
23
129
66
232
204
63
47
185
197
87
199
154
111
187
159
133
32
11
475
25
43
50
55
220
431
20
299
132
35
27
89
23
207
130
235
47
145
78
14
27
12
55
164
63
117
113
98
237
69
173
63
207
388
50
53
28
142
41
96
56
91
42
11
84
231
327
213
86
171
449
298
150
232
128
40
139
176
36
205
146
23
156
212
322
270
81
140
14
397
160
255
386
13
105
304
716
349
240
78
81
403
111
225
26
150
30
696
3
108
245
108
107
95
56
33
246
123
75
35
437
193
326
68
219
216
30
320
66
302
51
105
256
34
20
616
248
86
94
107
198
541
31
97
339
99
588
89
212
126
157
157
54
133
97
108
101
361
24
263
18
387
600
75
125
349
231
131
44
154
52
279
226
330
85
656
164
36
118
36
15
14
73
206
44
67
25
236
387
35
745
56
260
130
154
352
443
212
108
91
327
39
928
107
14
8
207
525
140
118
311
53
126
525
1304
128
61
31
29
177
220
27
34
503
143
109
274
695
90
121
25
158
177
875
66
903
134
231
142
108
337
42
144
419
23
65
17
99
365
62
237
60
121
286
64
77
7
62
194
104
311
222
69
334
159
39
275
347
73
78
6
471
133
255
538
75
34
56
201
189
343
144
103
205
223
638
60
11
63
143
63
62
63
70
77
14
155
115
118
195
54
86
170
121
427
664
147
171
315
145
36
239
237
205
107
180
58
874
12
222
271
129
663
625
49
125
75
701
340
75
196
556
97
288
465
386
372
89
371
15
88
170
62
221
357
106
17
123
124
49
362
86
70
125
333
81
117
17
57
219
88
146
157
50
38
182
94
24
103
412
17
26
54
293
320
35
115
125
83
19
22
138
208
327
223
541
33
159
258
125
805
542
35
164
56
133
75
67
38
33
14
9
278
93
278
127
108
26
103
83
95
301
253
158
278
213
392
11
200
290
167
98
52
0
119
19
131
361
171
234
626
274
37
603
218
389
23
36
58
9
64
393
416
17
127
50
252
299
166
123
247
340
121
545
197
88
79
189
140
21
342
167
716
20
283
159
28
161
792
78
104
229
748
214
22
46
386
385
72
155
23
182
317
109
28
30
44
56
135
143
277
102
97
64
67
6
193
44
40
45
237
486
355
278
18
17
339
84
15
45
34
202
123
66
91
319
113
119
310
551
101
445
91
63
157
104
102
50
22
129
278
19
207
58
142
28
187
29
277
90
43
137
191
795
136
350
183
67
194
124
120
318
568
204
186
96
587
201
106
77
50
503
3
105
45
236
185
234
75
105
200
241
347
76
981
0
300
99
316
163
175
23
52
145
47
241
66
175
96
111
80
695
258
228
165
177
158
454
248
903
281
906
116
109
792
131
104
335
278
109
153
108
163
181
231
118
81
172
87
92
163
44
97
489
17
18
269
108
82
450
262
141
135
137
75
26
155
219
364
39
439
32
454
400
211
413
1660
149
127
156
249
144
132
86
226
50
155
236
35
43
123
235
12
157
58
166
209
306
141
178
90
54
72
65
27
367
257
187
545
162
834
357
133
87
334
352
461
310
541
301
215
21
252
49
354
91
186
103
160
1027
246
203
83
538
361
591
110
30
155
313
38
243
228
175
152
237
226
290
343
82
119
343
435
348
179
636
65
108
248
187
21
81
182
426
550
348
448
251
43
400
143
882
88
217
95
142
125
74
74
62
317
75
92
202
100
335
249
1244
127
117
357
467
29
172
577
696
49
286
88
303
49
161
168
121
81
1080
140
370
51
229
701
457
17
295
145
191
172
93
171
62
224
166
191
67
14
56
182
37
236
14
10
172
19
39
65
25
47
93
32
22
212
117
46
67
10
10
26
26
120
62
170
292
9
19
127
54
227
239
60
50
223
1136
271
100
485
85
20
296
246
20
66
188
30
236
55
4
89
274
713
267
234
53
355
157
239
125
82
383
82
199
512
11
245
374
31
232
252
81
115
10
65
93
125
20
26
121
53
26
232
183
138
195
64
160
204
98
87
118
131
83
376
295
290
418
24
101
79
54
62
38
186
198
183
4
69
120
429
28
78
187
194
19
334
364
21
365
324
273
83
25
233
247
117
24
88
28
67
798
4
149
74
32
179
123
97
54
119
81
23
187
117
8
257
121
238
76
71
165
226
243
75
29
61
123
30
259
35
14
101
86
22
783
1166
88
82
19
78
58
116
274
191
61
44
27
84
169
110
70
164
174
92
97
11
148
91
61
4
82
117
100
30
34
34
35
53
71
242
523
415
25
152
185
127
72
140
18
40
41
262
83
31
58
202
8
23
24
211
112
96
68
27
29
189
15
163
113
161
283
68
17
35
66
167
57
168
24
49
121
133
286
522
94
623
688
252
110
178
0
0
288
249
114
403
494
255
320
847
223
282
203
197
216
535
266
78
27
149
119
15
111
121
33
29
40
54
170
40
40
58
92
330
19
22
10
378
63
227
163
68
187
11
326
81
81
232
22
164
21
94
150
159
12
176
86
6
339
84
19
138
250
649
88
330
15
107
36
105
149
438
53
96
77
58
53
145
127
194
338
175
142
142
104
169
140
160
143
168
176
108
189
151
633
201
107
159
150
133
160
41
342
12
114
51
50
294
27
9
100
103
286
70
3
90
109
58
74
61
77
36
15
71
87
11
85
363
352
120
199
202
385
255
261
67
22
206
115
424
241
236
4
270
57
111
96
524
156
215
0
133
280
80
76
216
110
265
48
103
66
77
74
144
475
734
125
435
486
0
563
100
212
79
33
141
90
237
284
56
65
219
59
130
167
64
50
50
20
78
67
887
50
121
0
71
13
117
50
33
116
98
25
38
73
59
51
261
34
79
551
23
191
168
30
156
49
22
699
123
98
20
192
21
92
185
59
54
38
55
89
206
57
17
24
74
65
155
23
283
119
13
50
47
375
45
292
141
111
15
555
29
64
147
23
55
159
138
56
84
32
659
251
50
15
113
66
61
4
143
89
27
23
36
251
86
1408
39
27
234
92
407
156
50
88
35
446
354
114
72
86
13
31
351
121
14
22
85
58
138
128
10
125
154
147
115
143
160
133
117
141
125
144
150
144
322
144
198
141
105
170
150
144
149
149
318
85
122
244
135
89
146
149
152
117
179
142
433
109
121
33
590
36
61
147
186
309
175
217
270
177
72
140
416
140
306
193
84
118
36
13
56
456
147
120
283
31
507
244
139
856
71
32
52
217
3561
494
795
374
378
567
156
351
206
247
379
75
79
75
59
21
140
50
123
66
3284
201
62
124
22
174
30
72
114
29
87
60
118
439
92
26
287
16
100
27
146
149
21
40
95
40
667
209
63
38
65
67
1198
87
132
64
208
68
75
60
19
93
107
40
109
1019
118
231
135
733
199
119
228
190
152
124
214
365
515
262
213
239
228
190
169
565
253
442
292
121
291
567
65
142
529
80
35
320
30
11
106
60
31
141
115
61
128
139
58
81
97
309
25
27
59
22
20
83
97
64
28
27
74
174
73
211
229
19
9
39
173
15
196
67
422
242
45
58
766
54
143
16
28
74
50
82
45
49
48
77
67
241
79
38
232
88
153
606
3
48
249
107
352
279
283
126
127
57
320
27
19
168
303
24
674
206
22
129
306
21
21
24
21
72
46
170
132
139
878
196
351
31
10
123
13
14
109
111
105
106
109
91
1226
64
35
26
125
423
29
154
1016
141
35
84
184
137
129
140
315
378
68
609
60
239
114
107
96
97
97
132
102
131
97
132
131
102
99
29
188
37
172
24
528
69
1196
155
164
202
34
60
49
133
315
112
67
268
0
1114
175
143
219
58
228
201
327
239
310
140
211
100
103
58
84
429
291
166
83
187
450
206
83
42
22
229
162
69
146
41
38
16
116
93
105
249
147
129
19
57
83
318
73
105
33
92
53
144
591
222
30
293
38
949
21
122
65
38
126
228
408
138
89
132
102
131
367
96
85
514
49
32
40
41
39
33
35
10
754
577
306
402
105
105
99
118
744
20
286
629
80
401
203
10
62
96
286
156
35
35
190
315
446
121
59
123
311
142
172
14
83
12
109
12
58
89
197
157
363
161
44
372
515
357
74
20
278
193
506
23
340
139
259
81
1527
237
35
151
385
555
106
121
68
94
548
154
607
22
80
541
240
156
72
23
54
199
197
25
10
34
362
206
184
362
372
1636
1092
114
196
35
121
194
159
75
208
135
90
122
174
102
123
148
240
107
104
22
23
104
62
43
179
473
45
40
235
143
10
244
308
59
133
186
53
170
121
126
22
75
378
315
91
170
309
87
53
295
18
247
45
25
62
460
38
92
90
527
245
0
440
162
137
56
0
39
79
41
35
68
303
161
125
81
45
92
114
216
25
188
84
69
69
39
656
204
15
62
426
119
62
79
61
67
104
67
22
373
66
66
197
58
76
65
185
1349
291
427
242
298
354
336
460
283
500
45
27
74
521
43
445
164
267
165
115
365
73
265
839
121
121
385
237
170
170
604
511
122
91
92
166
84
58
117
122
118
229
130
356
108
140
148
298
269
206
1241
120
25
11
24
388
52
282
26
43
246
57
56
31
39
80
198
147
69
127
89
167
252
374
88
89
198
198
49
55
33
58
42
33
33
55
40
101
111
28
116
88
94
57
143
95
218
68
22
589
170
446
223
225
88
194
153
28
33
42
199
437
134
197
268
119
154
82
0
56
80
159
112
5
145
194
835
70
311
28
88
67
99
460
25
71
0
134
267
94
177
177
388
87
395
210
735
121
71
729
179
152
229
458
394
512
386
42
414
226
260
322
382
394
165
172
246
266
254
654
257
201
143
218
181
207
212
371
319
179
697
187
233
96
244
167
170
230
180
235
181
322
232
102
476
288
63
177
245
427
264
127
201
172
55
186
229
72
434
499
89
332
110
193
37
69
694
142
230
321
38
39
91
88
31
55
140
17
373
232
410
459
128
345
72
15
201
255
334
120
147
172
827
132
129
703
74
56
25
61
52
65
65
41
227
55
63
68
99
271
49
29
28
866
55
64
63
466
30
408
51
17
36
50
141
290
337
55
54
53
112
90
0
6
240
127
177
161
257
222
228
137
44
129
176
330
67
72
159
386
131
160
85
469
193
83
124
128
377
124
236
275
1197
36
148
386
254
263
476
455
211
763
390
136
178
469
383
296
113
503
83
41
80
248
455
173
174
44
266
50
134
313
256
369
183
282
642
93
509
54
117
58
47
47
19
33
201
232
35
124
96
164
164
34
68
127
395
49
294
172
168
132
332
77
86
246
65
369
34
53
93
69
69
69
72
205
203
237
63
37
45
171
94
132
148
88
66
144
0
0
50
107
63
67
526
298
110
125
99
51
381
509
121
62
190
321
85
25
17
183
27
217
62
180
445
443
573
76
321
78
94
93
91
0
77
184
66
185
70
82
112
143
172
76
19
555
121
103
26
121
313
133
77
85
175
37
151
7
335
343
41
34
88
476
26
78
83
49
117
52
121
10
300
451
145
20
175
141
248
64
52
333
97
110
173
171
74
477
69
183
173
403
94
117
194
37
65
69
27
91
88
362
260
82
93
224
94
202
72
235
68
35
257
54
134
239
19
197
26
24
386
246
99
467
190
184
61
173
138
76
156
124
170
308
40
483
117
27
54
115
106
133
119
246
92
22
46
275
185
84
64
57
210
91
18
21
21
17
21
159
83
40
163
89
179
16
29
14
75
44
37
234
75
195
231
86
21
59
51
52
64
121
77
212
95
32
217
45
88
309
132
19
130
175
30
643
312
193
1058
94
38
30
88
155
29
231
239
139
179
123
378
33
85
188
21
188
95
252
16
80
22
86
204
145
414
207
23
876
9
25
264
220
21
113
143
936
426
167
407
14
354
1348
112
32
53
101
199
71
65
96
239
519
65
175
186
124
134
131
433
63
0
262
231
692
724
101
306
54
126
94
84
56
423
202
475
208
349
374
304
253
71
192
91
52
35
308
205
54
67
52
9
163
87
147
372
51
25
15
152
266
119
122
190
239
192
13
112
100
184
192
97
155
62
286
58
892
203
79
325
116
116
108
66
137
201
43
96
209
44
119
175
114
142
123
115
293
455
179
293
386
147
322
452
110
30
27
54
793
412
87
211
61
391
163
155
6
564
59
633
150
346
455
697
22
72
72
151
58
319
92
496
188
172
18
24
280
26
0
58
56
14
56
53
50
88
56
55
51
31
25
23
6
28
34
26
30
31
58
25
18
57
50
54
61
56
33
492
77
426
655
35
117
102
148
104
134
90
87
332
154
106
362
99
86
131
178
146
94
55
43
67
245
41
123
504
158
138
0
112
560
102
395
194
216
92
114
146
68
137
709
632
31
71
94
231
40
932
601
311
97
192
66
141
171
59
366
127
519
327
64
497
104
79
100
333
134
11
84
370
187
0
123
35
37
40
162
44
38
1044
194
44
25
570
159
150
76
92
136
327
57
105
166
39
53
234
185
18
15
126
165
131
53
196
80
293
58
45
47
80
30
26
21
25
22
79
62
45
45
48
41
40
30
72
94
74
82
29
433
24
66
122
422
81
89
56
1062
29
325
118
1132
73
0
241
71
255
0
52
260
131
108
92
233
26
126
324
479
114
180
147
355
387
57
159
133
179
485
0
55
6
206
11
92
9
63
78
257
10
23
108
49
155
86
31
66
172
537
15
217
307
176
420
320
81
144
69
226
72
478
71
69
69
86
49
104
528
189
75
207
10
71
41
0
108
263
73
485
31
8
130
35
88
344
205
117
156
28
331
253
408
129
238
94
501
87
452
100
298
1018
481
62
317
98
22
204
19
125
92
64
27
27
97
138
33
357
294
422
72
147
91
763
34
421
115
140
264
72
54
366
215
208
451
588
14
252
240
36
70
1213
65
117
58
57
155
45
195
39
96
143
428
69
523
451
174
209
45
98
31
366
422
163
30
114
323
65
64
52
8
60
102
291
98
99
112
59
84
59
319
77
158
670
491
36
885
92
219
63
49
154
170
111
144
744
80
176
132
7
191
206
199
21
88
466
18
205
91
161
192
252
297
564
641
133
35
78
77
679
72
225
0
399
174
75
220
106
180
77
33
101
1176
412
30
166
222
161
69
95
19
212
125
34
689
121
62
795
207
215
387
182
27
119
60
67
50
211
316
34
25
96
31
126
163
89
301
241
525
159
212
250
185
286
259
138
74
174
367
151
22
775
12
273
215
170
26
83
107
106
393
97
87
107
236
1019
26
20
23
547
487
0
282
10
0
221
261
978
89
211
59
206
325
169
98
99
34
119
21
413
51
50
240
254
103
485
39
30
369
297
35
204
66
71
36
104
166
407
33
76
286
254
31
515
190
69
28
19
351
46
10
65
26
77
327
261
91
206
204
61
50
75
65
111
223
282
131
133
107
136
38
449
233
445
271
124
456
382
191
65
259
32
194
103
230
408
336
38
21
32
83
51
450
229
104
137
40
391
475
254
136
176
119
183
131
83
0
98
26
564
233
174
88
167
24
371
195
232
39
27
114
140
119
56
345
62
61
68
26
373
32
189
325
9
216
107
15
156
180
104
69
289
185
141
51
213
66
235
174
64
138
67
221
166
396
632
307
40
505
33
141
307
307
101
111
365
590
30
117
0
400
352
229
1092
68
27
499
86
150
87
75
149
119
261
350
276
257
324
189
231
522
275
108
209
35
85
467
196
143
49
30
136
12
126
389
352
374
54
113
22
309
204
558
304
225
136
121
250
40
136
182
73
111
247
290
188
28
198
277
480
542
187
118
498
116
681
79
98
27
78
132
179
0
236
344
256
13
315
754
2122
170
242
44
228
187
0
149
247
45
438
245
115
626
98
516
136
171
27
245
115
523
88
237
36
256
36
143
66
45
73
210
171
19
61
472
61
72
79
142
93
5
2172
784
96
138
41
130
823
91
230
566
284
214
84
43
151
294
84
27
112
364
50
191
191
167
89
58
310
902
23
390
196
431
35
91
407
106
129
47
86
281
75
249
320
815
549
62
85
61
90
46
119
182
285
149
173
84
103
162
55
51
44
75
106
80
78
19
171
10
190
37
1573
35
131
180
15
154
13
132
103
76
7
31
167
72
77
116
116
116
116
116
116
116
116
116
116
116
124
79
824
401
118
298
147
176
49
144
69
148
39
0
0
185
169
85
109
202
148
130
159
87
87
79
306
86
2422
2456
793
132
1084
318
227
54
221
25
393
804
56
480
18
802
248
45
87
99
181
60
51
93
94
29
115
379
248
319
312
579
979
247
111
328
313
120
143
38
0
38
513
69
0
237
169
89
73
1080
72
188
82
237
94
1126
332
16
217
756
149
957
196
6
68
319
100
41
580
69
46
81
68
78
367
79
145
28
678
184
38
159
324
128
131
153
57
18
196
88
62
258
134
75
243
375
29
116
53
155
82
426
453
100
100
357
100
57
704
126
359
201
88
87
145
226
617
11
170
13
203
77
221
286
215
25
86
164
0
93
39
421
296
609
310
1183
119
137
258
406
300
99
35
37
300
221
36
626
606
68
26
170
92
259
82
199
688
274
333
217
403
1676
83
112
447
445
26
220
613
116
801
124
154
527
113
78
160
33
22
151
511
355
344
484
511
19
228
223
51
247
314
51
91
754
731
672
610
47
171
120
219
189
173
212
211
250
167
342
210
193
163
336
191
314
156
114
132
39
114
163
1209
333
84
872
132
307
47
649
103
213
181
54
328
243
49
252
83
361
119
368
198
561
93
66
22
49
226
288
219
306
163
152
184
339
14
64
236
234
108
577
128
77
1070
49
919
638
665
124
668
720
97
55
32
45
95
168
104
120
327
398
157
33
473
163
233
96
79
68
72
54
149
63
80
54
35
120
80
218
146
138
51
138
270
152
80
127
324
136
143
196
255
259
259
259
255
259
259
259
259
259
231
75
258
30
273
313
258
80
715
249
365
206
115
197
120
181
326
235
149
394
47
172
382
101
185
154
230
227
46
391
241
160
0
216
176
823
891
27
472
95
524
145
277
202
147
274
1000
164
177
105
83
29
27
79
374
227
2732
325
0
140
188
333
58
90
273
283
245
245
245
245
106
66
313
99
66
42
291
168
93
107
91
50
155
286
565
714
26
106
1011
25
65
9
100
108
60
60
60
334
0
286
348
87
84
417
84
84
990
21
21
261
66
481
29
169
561
72
287
614
212
120
614
287
228
509
72
277
52
135
80
47
138
103
192
118
85
224
218
51
341
196
308
167
161
385
98
284
385
153
167
47
98
217
413
275
281
220
543
299
179
178
299
113
19
145
480
66
258
36
649
98
411
121
46
49
20
246
217
271
62
133
33
978
320
90
52
41
82
60
38
183
65
245
190
41
230
305
16
101
95
175
366
31
465
460
66
141
74
64
64
52
102
112
309
171
78
20
95
453
490
20
23
203
187
78
20
20
78
162
343
113
64
79
23
417
82
521
46
192
636
46
46
46
46
46
46
945
69
368
437
33
63
291
328
328
68
117
75
96
56
152
152
152
117
227
93
177
227
332
208
208
331
332
208
208
332
326
