1577
421
491
528
1290
974
95
62
1135
850
1070
89
336
215
581
1773
95
1291
415
1173
298
259
1133
850
864
913
65
1520
174
680
2468
3095
1633
2031
613
581
393
1323
75
29
539
4304
528
1672
1777
103
291
330
476
386
161
3448
130
2312
1792
319
310
724
556
2041
351
4382
83
4810
526
2577
1524
205
3122
122
35
2529
3316
1688
827
10049
454
2606
3687
1652
1892
3887
71
1985
325
3641
798
648
441
4507
171
68
2641
2393
485
1505
3215
1787
2422
154
4964
451
1483
152
2683
360
388
327
2480
4114
6468
1957
2672
1794
2068
1582
2442
4106
2797
189
1283
5016
762
403
403
4968
771
2338
287
2838
362
276
100
950
958
2303
865
307
2054
503
295
6161
577
139
4957
2907
300
191
724
729
1943
237
1676
2200
3023
430
341
2764
2748
307
632
337
31
130
332
20
338
203
332
672
332
31
330
672
327
635
637
324
67
20
334
636
636
127
70
873
2046
1944
3408
735
915
1615
2653
84
83
1542
3556
1952
9254
311
835
1986
350
1928
1029
100
2461
1551
392
392
668
878
733
356
3830
3005
122
1188
518
418
263
159
2283
1764
1154
249
261
2330
489
544
157
2659
3937
1415
4281
322
3643
1298
158
260
657
755
3419
1323
1598
800
389
5199
298
266
1219
2175
1980
936
4646
5255
1258
1242
1057
335
820
602
570
2061
4531
840
2705
1514
762
1078
1119
3010
1072
75
75
9843
2737
4758
1854
271
325
251
7930
67
325
4865
1191
5766
2521
557
1293
3442
515
462
2486
856
807
350
578
638
4020
1585
6795
1323
1034
2962
830
1544
3791
5763
3581
995
3384
2611
990
340
1521
1656
278
1743
1894
661
2503
912
987
1315
900
2222
1117
1908
572
2978
1855
60
1111
157
336
422
1515
399
17
221
103
17
3270
2175
1494
824
1348
2815
3761
497
3545
522
690
356
507
1182
924
1498
2253
934
80
207
126
327
1023
3959
715
850
317
2535
2114
1230
753
639
314
893
4122
2827
970
122
1689
995
3815
982
909
1332
689
4580
823
7984
3229
1476
667
1365
1139
2305
1359
3745
1705
1958
504
743
633
479
707
633
747
388
303
181
2431
1253
190
5669
3090
139
600
295
653
408
255
449
582
758
163
56
1989
11268
5522
1042
6506
1944
2083
742
2837
2026
784
210
357
5195
3310
1673
1778
1239
6167
2626
39
370
360
272
789
532
5337
647
564
939
600
1520
2381
1402
1116
652
3726
1755
4384
4285
10925
16755
89
546
2330
631
591
1340
220
265
2127
322
233
70
314
6324
766
4106
3299
1796
39
1405
1553
1353
2396
930
980
381
5562
1618
1211
635
1192
1559
1355
2177
482
697
2004
119
1344
4071
320
3072
7892
3888
3414
3237
179
3634
1944
388
1115
1349
474
90
1511
693
1221
126
284
372
707
5837
775
1929
519
917
509
992
634
4086
224
216
3162
9258
407
3162
1310
196
1856
1993
323
4097
2602
362
1759
664
1688
83
259
167
620
908
386
1694
74
515
1125
3767
249
1663
1148
938
475
340
830
288
720
368
1062
1903
55
488
948
1312
188
588
94
625
312
110
1813
477
429
944
77
2055
446
64
271
957
1193
4167
278
93
752
231
952
531
1255
56
3533
429
100
587
1036
191
1403
192
3172
270
3722
828
2089
1168
1936
3039
138
3302
599
927
577
384
930
389
3429
997
2094
777
1068
5374
1095
3340
1319
367
2594
1115
4412
364
315
2125
899
2437
1430
26
11971
802
594
3958
413
2628
352
4146
660
626
25
3271
5707
2041
610
994
1009
826
602
560
145
4654
826
380
2492
546
1087
90
229
1684
5469
9609
281
4968
134
1699
1217
87
79
1144
836
1531
379
2606
185
8544
1268
2686
1790
7622
882
507
197
3366
246
752
5254
1284
146
3357
343
279
7468
324
2861
956
2112
823
688
1496
1357
633
1533
335
177
570
2643
160
1492
2247
1333
5968
2846
4544
4088
1896
8044
1593
273
1245
3719
4990
840
851
2635
5397
560
3976
646
866
954
2780
22477
995
2247
3718
724
948
1783
11503
798
2870
446
502
2335
810
2564
638
1598
916
436
355
79
5797
4340
3385
1296
3224
1330
4476
1066
4711
1717
2701
4014
4336
262
1390
2787
4938
3193
1024
150
882
243
1490
5388
3727
2244
1102
1041
140
1861
2676
1851
2967
908
4641
1313
1913
1026
214
409
4949
1029
5286
4127
2807
580
404
3198
1044
1036
2043
407
4110
4515
2691
4818
4551
966
7832
773
1494
524
1329
3396
147
252
393
139
128
15045
2986
4960
59
1216
2049
4928
253
8854
2245
500
3567
3791
403
4964
1534
1287
324
785
8671
5739
355
1644
1233
369
2827
2574
473
5058
2369
13158
1168
1758
1676
594
9336
1265
1997
1900
762
1551
6900
785
1385
1678
1546
218
34
34
34
34
34
1451
4083
2170
2610
1241
1282
4172
271
2908
862
646
270
4605
3042
1216
383
2435
77
3769
294
1702
597
257
4468
2971
2586
134
4176
3253
2882
7873
263
899
446
450
450
842
3134
311
2154
2062
729
863
888
3758
1072
410
909
270
1007
35
9703
617
727
769
997
794
1636
226
97
1686
145
1340
1779
389
339
521
4290
4904
1101
5415
3752
9656
2499
1484
232
409
165
595
2044
8159
1909
874
4148
1094
4307
871
1895
4357
484
2842
4858
573
2750
16
3625
1253
4792
351
75
2479
153
6842
1220
1588
2946
4784
330
279
2904
446
3386
418
5929
1245
1684
5915
4345
7084
7096
460
1685
1695
290
414
409
3328
175
845
601
431
3753
6140
3455
1031
215
1095
5019
46
1100
215
1623
215
4872
1099
215
1521
610
451
795
7998
1982
475
924
245
1590
811
4326
2887
828
401
1416
607
1607
7288
215
1623
4459
253
639
1257
5193
1963
12
675
1745
210
1620
6798
2917
1031
3470
7680
1623
215
64
158
46
56
60
88
56
88
60
1801
47
55
322
1696
225
478
6045
533
542
2274
419
726
85
139
751
254
3232
538
322
737
2817
719
2091
594
2858
591
2308
810
373
962
312
452
1479
1033
962
2359
2047
7286
777
1134
497
1211
94
340
1666
136
967
1048
1546
239
108
2078
1346
1876
4663
3401
375
403
958
659
1401
110
270
4022
248
156
826
1068
1149
1000
535
1875
351
286
325
276
277
70
221
221
221
220
59
196
728
296
770
42
290
305
292
220
267
274
331
374
444
314
326
285
396
397
395
398
394
307
116
815
236
840
647
185
116
71
3913
62
97
149
138
353
331
648
630
96
198
1037
551
608
578
1538
155
5452
796
434
988
294
410
449
62
145
6124
342
733
552
174
845
2186
4070
4668
437
1861
4081
2749
10521
389
944
1753
1505
474
74
522
1838
17
62
273
564
995
832
572
71
32
780
253
125
543
577
292
350
1385
1279
56
543
2392
678
203
768
925
3691
2580
1076
253
1088
492
1679
135
217
4561
975
747
2365
441
155
809
1363
845
356
146
231
13
374
3918
1081
1169
215
341
394
559
420
1454
207
95
1340
355
334
208
810
1631
125
1160
606
3650
2298
1777
2229
1003
1696
1053
5142
575
2277
579
281
1298
657
1718
955
51
2578
2045
5134
560
841
44
1508
2460
265
364
250
208
2391
50
270
246
157
1236
205
596
2232
437
121
689
304
169
5515
3926
2746
281
2269
281
510
1886
1872
2744
1563
678
1713
3292
1671
7158
2642
306
1644
439
1187
124
115
3660
144
669
769
1663
122
122
429
1173
364
276
44
506
6836
202
302
113
1651
128
969
1141
773
232
1681
304
1253
1319
1101
972
481
291
5416
483
3008
845
3129
2012
7081
1877
7159
403
3745
2242
5043
290
5155
2013
341
133
632
834
1228
3795
942
3789
1057
11168
359
1498
557
11530
1041
1285
4000
3998
292
401
1648
5989
2063
10481
1424
184
849
1081
1164
254
1123
177
1940
2362
614
1117
1885
1093
48
4082
347
1109
1372
3235
425
377
3541
417
245
1664
287
508
4346
960
4876
235
272
1574
860
2165
2785
952
634
1809
94
1445
898
841
17423
89
7637
5307
348
1948
1711
1004
3728
8163
322
3147
3217
894
1070
5611
295
210
5481
1594
4423
778
8388
5039
216
634
329
2009
6095
1837
3714
6993
4405
133
6213
6026
3845
6673
3014
9250
1734
6307
1547
484
1758
1669
4917
1476
548
118
2802
1727
4404
2260
556
6686
2240
1403
2927
1365
9463
3826
3945
2302
1918
978
1647
1071
789
2319
2299
413
2562
473
360
1261
1161
702
788
679
4097
6488
155
4103
1564
2445
191
1894
190
227
542
995
637
197
5677
576
5712
142
6219
2898
169
1295
3205
2067
1888
217
2645
55
2113
4131
319
809
891
553
2948
196
1055
5469
1963
1183
7037
8237
741
1916
1110
427
1860
5036
1063
1590
554
178
12142
6161
4541
2696
1413
741
654
1808
2346
781
1505
313
514
810
2164
1715
4471
329
4227
1691
1725
6857
1220
1609
1122
197
143
295
3935
2711
2219
8438
681
6283
4524
424
2645
5053
1219
1387
1338
280
6039
1412
2457
8603
1383
5458
2356
2438
595
2305
2111
919
497
3253
1100
3016
744
2470
133
6193
1563
1034
359
659
1080
1702
1796
549
3436
5446
5171
64
255
1356
769
2356
18
2027
6766
5001
937
401
394
408
162
3617
2803
6118
10273
3918
1911
4967
2617
2244
2514
3820
654
6442
1421
2073
1083
1287
373
1220
113
374
12255
1674
101
4073
3001
2859
2140
5676
347
9222
777
1945
1189
2890
3688
4153
4677
6892
3257
1130
1633
5004
206
1362
406
2958
2295
2422
928
6241
355
988
337
348
2388
1880
2473
946
23
1051
1361
118
220
1161
960
4301
963
281
3630
4689
1198
17
1801
10946
1105
216
1403
445
577
838
2600
540
1931
1248
1344
769
7190
2981
519
807
4403
6633
553
1201
262
2862
1806
1199
400
75
254
748
6744
81
1029
266
70
61
48
2303
2924
2101
4220
254
1645
1597
1163
903
2664
8935
589
618
393
2733
662
600
905
6125
514
431
2815
1662
2655
1619
4441
1162
1762
5651
869
2437
984
1268
1262
264
2868
2723
530
1623
1760
3681
3016
4424
1899
2037
749
3415
2281
4820
1897
2012
6337
84
1341
18
6226
1033
3396
706
225
3489
1304
4945
1562
339
673
6868
2021
306
5525
2106
594
1092
423
3244
674
1881
4153
477
6826
216
470
2690
837
1708
1644
2812
412
1577
3104
313
1847
3308
6872
1810
1306
393
142
2616
140
3649
1196
584
849
47
1390
3099
1787
38
8919
4815
2935
4477
3276
916
1953
1577
4740
1632
2343
2621
1931
93
3231
196
1454
884
202
783
2794
667
979
589
5703
139
1199
2317
2754
364
104
1597
4355
38
526
108
825
7338
1534
2297
4419
784
1862
5989
2351
3359
84
1413
1691
1319
432
1570
2329
2380
2028
783
756
1317
1847
867
314
7206
1028
3678
2102
2334
301
2618
1940
5183
132
195
907
3477
225
1624
1687
7007
698
474
468
925
790
356
3295
1059
555
1969
2848
1384
1169
7818
2872
301
1096
1942
3382
5042
1319
1586
489
176
297
146
774
1067
762
2311
683
3058
763
3974
4795
221
6405
340
8276
2380
2433
1406
615
512
911
6782
194
1035
86
158
4852
2720
825
3356
871
857
355
273
388
1012
680
68
658
243
4107
849
209
425
1628
1089
550
121
420
821
48
816
310
400
447
117
55
560
245
195
1756
1325
1311
2676
286
251
236
388
4869
1081
3637
669
378
1440
137
3174
1915
450
1690
2407
3606
496
434
1625
2747
1637
3716
538
279
3141
3666
20
10968
974
113
964
1994
1116
2434
905
433
11758
595
2981
8063
115
2883
152
810
2675
495
3879
505
3213
2040
2213
1200
1534
3110
570
194
1611
4275
349
1352
712
674
17983
829
2341
1881
1917
3547
409
348
1917
97
2389
224
243
644
5075
2376
754
855
3749
479
1311
988
630
3109
2037
184
3605
541
5949
2988
3589
2200
17
692
407
274
11617
93
1198
3852
642
3211
162
923
576
3441
523
671
827
222
1509
498
1741
1019
2877
1930
967
3243
276
53
3358
71
2619
2176
1106
1817
178
518
3210
4926
9077
2172
3220
2118
301
639
971
1607
607
117
1317
991
987
1515
2447
210
333
1280
2050
2953
970
4306
2719
3370
1639
2519
2650
2661
2051
1759
1433
1436
2106
852
1637
4787
2140
2675
639
4722
136
153
3842
6409
120
17872
1597
2380
928
4661
568
389
471
3275
3793
272
1313
3575
6641
57
628
839
242
310
199
2658
1300
283
86
5741
254
271
2989
3351
621
937
2986
2139
1584
1275
444
144
4292
528
304
222
70
448
156
4909
290
210
6000
193
4040
3323
2584
344
152
54
408
80
200
218
137
1714
1341
410
100
959
315
148
334
1348
437
833
3632
2418
706
2969
918
6921
1961
1010
225
193
194
220
908
373
218
181
251
248
6063
925
4709
1287
786
140
205
1509
5214
315
249
204
529
475
3691
2388
278
4493
3024
7207
4598
332
3122
3046
597
2374
445
4630
1310
4140
1429
2897
2658
1432
579
2872
72
504
1420
111
995
851
55
54
537
1988
4282
2211
8236
2089
2028
3659
156
205
1025
213
1921
1032
654
1871
5294
2822
674
54
3740
598
321
2439
191
1327
2357
2766
1637
311
908
391
172
199
199
275
919
265
362
763
950
1346
6784
1438
211
6460
686
936
835
58
112
3856
118
155
700
1912
764
6055
12423
1385
16
243
1247
886
593
903
1637
5373
189
3441
152
3115
761
116
1890
384
1284
2866
3790
2711
1561
199
490
2969
3840
457
1096
229
715
1813
4155
5078
1813
3133
206
1451
1557
1785
3247
1908
325
2436
2963
1510
2923
1809
856
1825
443
234
856
1809
436
732
4213
1651
697
3171
712
4955
7571
1809
12944
4089
151
800
159
2474
1142
610
73
609
470
2067
479
1143
7976
2536
461
667
1263
8509
5141
3435
1653
4862
2675
767
140
559
2314
247
225
1064
274
191
329
7829
4212
4445
1450
1929
1978
7754
3085
779
2486
6931
525
228
494
3439
306
8911
296
232
309
855
884
5296
3066
4554
3464
784
5935
2682
1858
709
268
1147
101
86
1187
1499
2181
3361
708
712
160
141
3476
1064
4589
3072
595
2464
101
86
268
540
976
2759
1501
5774
957
174
4694
359
1929
3373
977
2169
474
1209
1435
520
1113
2234
4467
1765
1763
13661
180
8984
5370
3548
5114
4030
1192
3689
552
3288
337
1792
2966
223
513
7101
421
4479
6348
3773
1921
4574
2556
3428
898
3041
1307
3485
7143
2640
1058
7151
1085
1264
1040
752
169
1647
235
1286
3685
3223
1689
9772
2065
2621
712
317
1643
2118
1038
482
295
126
2880
422
6941
619
5758
4083
2624
2480
9654
1193
1393
5432
3487
2007
1936
4025
1474
5472
544
540
1921
2841
400
1554
2073
562
1317
3883
416
11
2146
308
63
2288
2046
674
83
1269
1000
2957
8426
3938
3302
2269
1869
334
2024
1417
1105
2391
12700
1126
1265
1333
9166
2979
960
475
1680
4545
2973
532
1307
2350
2030
6085
2635
1214
1729
612
706
762
1083
284
824
765
361
4567
477
5639
1768
3705
6163
268
7334
683
828
2106
12576
1023
4416
8221
1268
253
537
3413
1512
1323
1191
461
3041
17332
1574
16587
4350
549
466
64
628
3609
3136
509
4220
2706
1915
972
2172
135
1288
105
290
20
537
1500
193
3336
1558
1197
263
2096
4851
2433
2566
1554
264
1426
1175
1613
1265
2659
218
3864
7205
239
1528
1011
8230
2929
2519
1386
462
190
3053
3784
1208
1665
2901
2706
3433
2387
4154
306
4233
1142
632
816
5160
297
488
247
2324
7552
135
12714
3924
1115
384
3336
671
191
4069
336
1584
2283
2069
211
1071
225
7803
3993
6357
6599
4639
7840
9118
4817
5755
4000
1153
1978
4349
3073
10647
9368
45
864
2834
3500
571
197
720
4387
38
7076
8930
307
2476
4384
7031
66
66
65
64
460
850
3441
847
3715
3701
2469
1528
1038
332
3236
1122
7898
7662
186
3156
3030
1092
109
690
2279
887
2241
1091
1447
76
2682
332
4646
209
4668
530
1367
1318
433
144
404
1812
1278
130
1859
1516
3959
4679
2804
598
5010
57
65
706
1027
263
885
388
657
1231
580
62
91
783
7024
444
689
2846
342
166
1067
234
474
1778
642
498
1908
603
110
2249
744
843
98
191
726
429
741
107
185
258
243
3345
1521
4880
3723
4972
40
2985
2294
489
3389
3323
680
822
875
4095
631
5110
4960
3688
4611
2922
716
1686
6722
3634
473
376
1762
1659
911
3717
2235
2398
3938
531
836
2660
2371
1149
2675
937
2698
302
287
5313
2239
1660
1856
137
700
519
1608
527
562
1094
842
1607
326
210
1352
2399
4224
193
1057
3745
2389
2344
788
1195
1319
143
2638
1866
741
741
741
741
741
741
741
741
741
159
875
2266
300
2765
1898
7671
678
1413
537
800
2732
756
1730
693
2111
989
323
1444
1058
1555
1882
1836
134
560
2331
1978
5739
728
4929
3746
506
223
144
1786
187
3789
3480
424
2277
127
127
3597
1679
1022
230
3932
427
467
829
1823
2310
2090
716
2992
1709
201
1593
380
4447
842
121
365
1174
549
225
3706
799
1739
3901
869
854
3042
998
19
1281
1631
2198
4040
1127
7070
482
891
2596
4282
4928
2103
2063
3850
420
216
666
257
192
390
886
876
167
420
972
590
28
827
685
1387
670
304
895
3702
1517
2036
209
330
4791
2312
2281
3056
2822
2487
63
1407
447
199
937
417
1460
913
1246
821
1609
3940
1446
1733
485
2686
810
1885
794
3006
4342
4558
1461
161
1404
6265
3929
3709
1656
1733
1496
3458
1511
166
8226
3034
2665
3703
2525
983
1868
692
3795
3793
1543
159
1352
34
1879
1220
8996
1963
1034
3144
1488
3198
5731
1316
323
516
37
324
4788
4041
1117
5513
2995
1670
6524
2543
2045
1552
1247
745
2799
354
1274
2648
825
264
6013
1844
428
2412
5325
2699
2484
1995
2386
3178
528
1718
2907
1456
6211
193
1225
833
4518
3602
130
277
1613
332
1736
2593
1292
326
1972
9810
1941
2259
542
930
1921
1637
112
1200
699
1946
281
831
174
147
2155
410
1236
6355
2812
1873
6692
1101
330
2153
272
182
1287
5279
2425
2760
2982
551
88
3224
2363
1629
2119
3980
145
1329
455
2586
1058
4193
87
1766
14870
783
4505
4251
844
1379
1846
4597
521
484
1265
11428
132
147
3361
659
1877
9282
1740
3529
2998
1276
3862
841
3939
1535
480
2330
2245
409
550
51
3629
1207
1325
1989
1198
129
243
143
327
381
657
654
2875
250
173
429
362
2940
73
2239
1799
61
2204
2320
150
66
632
235
326
2091
45
1231
2063
1068
333
126
83
263
1742
700
270
4999
784
3112
246
663
100
323
58
745
97
362
112
270
685
2
824
2584
1149
212
1064
1614
762
2500
2416
4064
629
81
224
1122
1836
2828
100
43
99
502
1329
305
141
116
565
960
2430
1309
1019
840
912
459
414
201
590
321
1212
793
298
276
325
593
2053
1632
15749
1118
1245
2639
308
3836
927
5240
307
501
60
55
54
12
14
77
387
740
603
911
178
122
227
1896
661
147
137
422
785
3056
2131
46
1280
324
2568
175
586
139
83
1405
2696
222
359
3336
3333
151
116
459
203
3761
1564
3420
451
1044
4151
2327
5442
486
1653
1141
351
228
4377
3005
219
2905
1850
1165
6411
359
3784
1299
81
6844
849
2760
2714
1489
430
969
2697
2073
1167
404
724
88
2471
333
452
2308
4302
2824
402
1058
1443
1117
303
262
3995
117
6815
1473
2852
1116
1466
2825
1025
1118
1376
2393
3350
707
1456
3030
3079
3084
2447
4539
9268
1319
1069
1007
1756
3476
437
934
1833
1132
1010
3909
1674
704
7646
9051
1734
490
1989
3523
3008
1330
32
2632
1194
2415
20
3026
5342
12831
3180
1670
3366
1581
4909
6296
133
94
238
2421
1176
1565
1237
2091
3431
3081
3344
1603
1570
6367
2133
393
426
478
433
1339
4423
1738
453
1712
2277
44
5011
6277
1651
2223
2449
3509
61
5882
4197
1665
1007
1177
1285
1487
140
1128
230
717
1507
239
1844
3345
2566
645
6125
1954
1647
334
185
1564
2616
374
1262
2142
189
2843
8620
252
2472
1050
3092
597
4627
2589
1867
6559
5302
2629
1696
4743
1018
2518
1136
1622
2157
24505
601
7943
1963
164
1176
807
4450
3032
2270
1334
1495
2067
343
549
138
2052
1275
5467
1554
6691
4659
237
208
4885
1599
5664
873
4022
3385
447
1279
584
138
3181
1044
1602
6438
402
278
2503
2690
5083
440
3456
2947
2243
346
1761
1061
144
2414
2312
3334
4056
1357
140
6855
5189
1675
1301
4942
1246
6672
1129
1657
134
659
221
1092
152
774
1179
713
176
855
219
3372
771
277
2289
663
322
451
3132
3388
2021
440
387
110
1592
442
1376
507
426
894
133
3524
2666
2626
349
1361
490
272
554
242
1626
127
1098
3689
719
135
786
1645
381
1800
182
689
5489
511
1626
1963
750
830
1194
3268
1301
1789
236
2215
1012
18021
1726
4553
2012
1020
2358
884
3496
3656
1347
2728
2230
143
2018
189
3153
862
827
2508
826
551
901
2481
641
3264
3071
671
297
2691
1368
3418
1506
833
1730
115
457
232
189
819
11144
176
4542
1342
1719
3816
3031
2283
2302
848
8085
8095
4901
194
1657
1653
461
7618
4275
1605
1480
2527
1277
2076
264
865
150
2813
3168
888
185
496
4842
2093
1510
1217
2980
844
701
3570
3049
384
1035
1585
7786
2460
2105
2807
7
1016
669
1369
3849
595
1183
83
1679
974
486
3745
316
3071
3414
4535
7382
2352
3625
2756
3245
624
1087
900
7186
6328
1858
3650
1639
379
688
1392
654
2122
1455
1254
4114
232
786
734
1016
585
460
1834
1539
1144
2469
7097
523
9745
1876
1397
1295
464
1177
478
950
176
194
1010
246
1580
1402
511
3038
632
142
810
669
5310
403
9646
2850
4418
1935
7507
1505
4942
1556
5467
2674
1261
4194
1870
984
3226
1237
213
13069
7345
6154
1492
7794
5729
133
4161
2877
5125
397
587
3607
5260
6870
588
913
6461
931
1122
3525
7020
220
1866
1339
2450
4376
5233
2041
1434
327
1366
394
321
302
368
2859
475
307
291
213
184
944
793
160
445
1305
421
297
578
407
786
534
579
6169
1602
6638
1936
2528
3707
2401
3157
2325
2889
253
910
385
388
510
351
2079
628
69
3759
2750
197
1392
1602
703
153
239
1077
16192
4484
2774
1184
2102
2570
940
2809
2558
2762
1248
6899
4619
1571
150
253
3685
3211
499
1297
4049
1779
3242
851
1277
939
1431
4583
2468
195
333
405
817
2658
293
228
4320
108
270
9023
3036
1008
34
4741
282
1274
2105
4242
3791
1605
527
801
1632
2063
2112
6151
5687
4770
503
837
5053
757
2040
424
11006
1707
831
1025
675
64
34
129
4010
1544
396
160
1733
1176
171
1551
1396
540
795
968
2088
1406
866
1228
158
1605
2945
3283
596
38
4962
196
3578
3112
1128
76
2038
705
609
7262
1539
271
895
135
3898
648
229
67
981
9362
531
77
724
188
467
1623
1066
793
565
1906
409
3268
996
29
797
2721
2077
1012
1475
128
958
801
3198
2722
422
2898
1967
2563
3029
5051
1663
148
962
679
554
2660
135
645
563
152
173
546
1039
3224
4072
5932
834
1163
1273
3771
3368
127
1342
1496
942
4630
351
387
1165
2803
1102
736
22
381
10307
3226
2836
1440
4701
1552
5216
1476
329
3801
449
598
4875
4604
3917
2017
1219
116
1999
992
621
3916
242
1276
2385
3951
1903
3687
2246
2510
2712
1325
1838
118
4254
917
216
4186
2182
936
5167
337
1305
2847
112
2391
1388
5790
4358
2622
4015
3005
697
2624
2245
6065
382
2859
1725
6604
3482
4335
6665
1036
4543
118
887
326
2247
1286
5219
6760
120
9325
429
858
2105
1720
923
444
4001
1244
1633
4124
587
145
2065
1053
465
189
3253
727
3251
2412
6680
1276
1030
987
1413
1606
306
576
2973
2158
1460
3009
723
7512
38
185
138
591
2013
2805
112
1990
5040
1820
577
184
722
278
3692
100
170
544
7427
2370
4547
3843
980
6345
3362
1461
1947
711
1258
3712
800
452
507
1144
1350
251
489
241
469
955
955
5921
782
378
373
415
305
302
3948
431
196
205
270
164
396
120
1119
278
558
1969
788
434
1960
5104
6111
1536
4332
199
493
2167
5752
2855
414
554
166
4685
1252
1119
361
772
393
833
1995
673
716
1290
2152
3941
265
1918
3866
3505
2812
378
2706
2644
991
800
715
835
2323
267
812
1111
702
2976
325
1130
131
4076
1316
4103
1064
4136
795
7044
178
3145
332
4332
8661
1157
178
6283
797
4345
138
4091
2333
1375
1687
2337
1057
2335
1788
565
1045
3499
388
933
375
2883
107
1101
2952
1108
1304
2648
3271
1944
6823
610
220
241
5338
3416
1424
761
1434
234
440
305
1037
525
346
515
2083
1965
4975
637
285
576
890
1579
1293
2573
349
11397
2529
1196
6238
2068
973
1758
945
4156
3775
6730
147
186
1741
2155
1752
1492
1439
784
1580
255
2869
255
885
194
2377
1149
4704
2005
3658
4780
374
1807
3072
2447
813
1378
708
1287
3032
5377
189
4117
2110
411
3651
4014
3284
648
2977
106
2148
2681
4971
1764
791
2152
583
4494
3038
814
1210
158
555
431
5202
1221
1127
702
4388
198
306
745
1526
2311
5492
3727
702
8318
4701
3325
1411
1141
208
259
2265
3513
1990
1937
53
730
2922
1898
5128
692
3313
1589
2307
2360
1791
4198
4495
3196
651
1223
672
522
2044
165
1194
1531
5255
505
45
282
2602
914
5840
251
5369
1204
3470
1164
10301
718
7859
683
2825
4140
1935
2074
2962
484
4846
4540
3574
2111
7859
465
1718
434
182
3300
3483
5625
95
2570
4624
771
1174
3395
465
1413
8454
708
1139
5622
3418
5376
4302
309
1398
195
2091
7314
797
1951
3780
1242
4599
237
3989
1879
1754
2510
1666
541
2336
2287
747
695
2580
242
1191
1287
584
49
1810
409
7749
670
2337
9918
112
2138
2948
4351
261
135
998
209
860
2794
1680
2157
219
663
3984
746
1991
5125
6828
1402
127
416
1918
2636
1362
2644
2933
1889
1317
2938
1096
609
3506
569
2034
1850
228
1341
323
759
1025
4030
2601
2113
306
261
9050
1087
177
1218
937
3581
1537
302
639
1412
2261
2560
2260
1701
3676
108
4776
706
1459
2250
704
205
3640
1186
754
2945
1781
6866
192
1968
3236
201
1927
3915
388
465
934
2673
1308
5048
1456
1637
1477
1801
945
6242
2471
1029
1576
173
1203
1530
181
3411
3133
501
3308
224
855
182
320
1634
2104
3200
3350
2822
259
1067
34
798
1306
101
371
63
1194
435
7643
981
8429
662
459
3451
392
2923
400
5240
1935
983
727
1017
570
1976
3207
111
561
617
1941
2224
239
132
556
1399
363
1166
890
629
5374
687
6118
2099
3210
1472
1055
276
7864
1786
1934
1606
2858
6704
79
7703
1826
1617
1656
1782
5866
6802
6397
2607
332
138
1688
4785
934
358
533
528
260
1930
1064
320
563
539
5838
938
2151
2797
1496
2771
1410
2995
5375
378
3653
768
25
2928
2725
1847
1219
3505
501
4250
617
9387
58
3117
257
3196
677
5639
2288
2555
2741
2065
1521
1367
3763
862
2974
1494
6927
2197
4384
2191
1059
1754
1357
4569
3389
7242
908
3070
32
709
6665
1664
4337
462
2454
2658
840
94
1189
121
3661
2667
1970
206
1109
2992
4748
312
6973
3081
4451
1120
6758
2204
4180
2923
1101
117
2619
135
3154
1465
644
70
1247
3079
802
223
433
807
352
646
617
5730
5987
503
2472
446
3525
1921
1559
601
2080
8043
5626
841
2833
8161
71
2243
1855
5456
1756
1264
139
2577
3055
3067
168
6236
429
3098
709
153
2079
1622
588
4318
6368
4016
4747
2542
3244
4220
1452
614
558
933
295
2554
1077
200
509
2676
4433
3023
1373
580
309
580
1938
330
2935
1846
430
4326
1506
9968
3853
5715
2432
79
978
699
429
607
3286
977
2616
113
449
3442
3886
3330
222
1759
1571
11973
806
311
8409
819
2100
2267
1514
936
586
1982
5102
1702
2202
1552
252
576
5071
3667
3188
518
1495
1172
5609
3373
2973
606
6968
146
4936
334
6002
731
1720
2861
953
4392
140
635
398
7700
2070
2789
4238
518
1868
3691
2865
322
1033
172
1164
5487
1807
2958
2418
3193
537
2769
769
3262
7357
3156
2309
3806
159
713
1576
562
1773
308
3187
547
3773
2067
2668
1912
2098
8980
2881
2194
2741
2395
557
4914
2872
365
651
1898
11165
2120
2006
4361
2685
9266
2509
2627
1084
3375
1952
3619
10420
3853
1618
2371
2113
2251
2401
8711
5196
1183
1810
314
1731
8390
686
3400
2053
2999
700
3604
591
1488
542
798
3058
4843
1908
6307
338
175
605
141
1507
3548
484
16
723
4895
1456
625
7065
1627
2653
985
1408
3124
2408
43
756
2919
467
3904
3169
863
39
3046
1546
353
1027
1465
1669
843
420
5827
3581
3345
2971
246
4261
413
318
2863
1225
355
1340
2342
366
3985
828
91
4003
1433
1197
1515
655
404
1265
600
5664
1598
2013
2640
1349
900
1907
8798
3440
227
1755
850
3910
5801
2815
1207
2415
4268
1950
1963
73
1045
595
2160
5228
695
1174
613
145
427
592
5253
745
690
3356
4598
7498
466
381
2265
468
506
304
310
1328
588
423
2770
1327
1214
1222
2210
2281
945
4089
393
2282
919
455
298
1442
33
3945
340
779
728
1633
975
1992
1136
10469
754
378
939
1456
360
431
314
632
317
956
306
124
302
151
2691
499
352
753
930
2410
2410
2410
2410
2410
2410
2410
2410
2410
2410
2410
2410
2410
2410
2410
5419
1516
787
1237
793
645
1166
99
1336
1829
692
1611
1276
2459
1857
1423
325
505
1802
1802
1802
1802
1802
1802
1802
1802
1802
1802
1802
1802
1802
1802
1802
1802
1802
1802
1802
1802
1802
1802
1830
587
395
2196
548
952
3288
1800
2502
1358
2712
3779
3112
6561
3955
148
2235
11572
4192
1212
591
119
1072
3193
1284
1319
1710
9205
3872
3227
6269
79
141
227
391
221
187
326
207
235
140
689
1656
550
22561
2138
3607
3301
999
102
3871
2777
7464
2942
5587
1665
936
774
1924
878
1448
3219
871
506
601
1651
4879
2120
2493
959
2709
1111
33
1025
858
768
742
2385
2989
1035
1845
4125
1473
2475
184
8694
160
645
2644
2828
3737
4012
5025
834
3509
1824
1353
799
2514
577
8398
1348
165
320
1270
1306
601
2507
2594
1264
1762
3645
661
159
1967
5445
1899
3191
1261
1105
1321
520
478
1043
57
4295
1414
558
1644
58
2333
5645
819
2549
2158
1346
7441
777
991
1347
3286
111
125
9076
4714
571
524
2970
1123
118
2464
826
4033
1789
1157
540
335
821
48
2578
2803
109
2184
4870
4615
666
1867
230
1083
5539
466
460
3124
1149
5843
1886
1674
1313
1723
3008
2785
3976
438
544
1538
10014
285
264
273
3124
2316
152
1006
729
664
1353
1012
204
276
3386
468
4754
545
379
378
519
521
562
54
151
1101
165
823
250
2079
214
394
1826
635
749
474
4080
2536
250
1214
540
476
1080
953
137
548
729
513
460
3330
1424
3880
3014
493
782
23
2997
2406
253
435
1485
115
1377
587
706
3241
866
4158
126
1686
6854
1181
362
855
1659
1235
3395
1242
1033
80
1662
37
2404
3845
1517
169
842
744
1790
363
4288
1670
1276
2893
139
100
1848
1003
197
474
337
4082
1000
528
4367
329
168
1488
361
1004
2925
154
977
1535
355
3012
8721
199
596
836
3094
1385
1627
2082
495
2114
1740
2761
34
330
461
463
1729
772
395
3022
4131
1205
1864
7963
955
538
1127
759
150
6913
3293
885
864
4252
2447
1670
1791
168
1497
363
7217
497
1752
1338
3376
1060
417
979
2357
1862
1859
3803
3002
2602
3284
1365
2660
156
1335
1584
2975
2496
3200
3495
3058
809
3431
1276
300
75
2089
947
448
306
69
53
2011
445
563
7544
53
58
60
45
61
84
50
48
47
4117
78
58
57
65
65
57
54
55
56
67
49
65
63
70
51
56
56
70
53
44
56
56
62
2550
1907
1516
1004
1088
1251
1454
2094
2962
54
71
57
58
47
1305
686
2461
556
47
65
52
52
65
44
42
67
68
51
57
60
51
67
58
48
61
93
132
5443
309
3419
378
1108
265
1429
2887
5716
1810
996
788
1376
1068
213
99
820
1944
1237
5362
1481
914
385
1190
23
1608
69
3607
365
1617
1305
1180
17
121
282
415
210
1027
841
639
916
2026
344
1421
1470
47
1448
4691
1228
821
1136
595
178
292
115
880
612
658
1025
407
737
860
123
249
135
1104
1709
464
158
160
938
417
153
1498
264
420
426
333
1215
297
208
964
218
631
799
151
233
172
115
185
103
121
765
1038
141
1264
273
257
88
115
448
1640
197
243
145
319
4
76
361
428
260
378
2060
435
325
315
313
54
214
36
62
397
141
141
510
196
475
24
859
725
325
1064
467
174
1649
600
594
283
57
406
386
316
753
769
637
355
453
3491
242
370
319
335
246
783
2656
791
3162
984
1094
624
177
317
563
45
269
168
88
448
2066
594
185
336
206
341
208
1783
1022
1251
782
889
1058
1415
152
4178
1347
408
9074
52
2693
472
3277
287
5076
1128
2797
194
4374
737
361
2099
757
30
1447
453
2245
209
102
140
164
1105
2338
384
2789
5148
2181
2069
1595
451
1219
3966
1892
3611
1532
1091
1493
984
5523
470
762
906
1337
785
276
1798
3976
1363
248
6689
2235
6534
1370
400
5230
1369
1919
426
48
6542
2832
2187
352
1478
200
812
2563
4993
267
256
2678
1863
2520
25
3448
669
621
141
443
323
336
6637
1718
340
988
5727
2642
169
653
1531
1482
3414
2332
1697
535
3110
3436
218
156
503
174
470
1056
1327
561
371
71
245
421
834
2316
142
104
2882
813
342
1088
336
187
699
270
335
213
1534
5966
1120
408
1651
560
1925
392
636
469
508
614
285
605
1053
2917
1447
1816
3116
3714
3090
3777
4632
3048
2141
2405
786
1736
2432
359
585
642
1470
2514
1233
3036
809
2390
21630
1368
832
1164
568
638
414
1354
274
1059
43
134
1476
169
4227
3782
1346
250
573
3499
4857
5789
539
490
487
160
517
3846
3043
1245
1723
1415
3682
1332
325
217
3092
163
640
1289
1880
1067
1009
1274
362
1836
5643
3469
692
1002
1144
4070
3414
7057
12303
616
1635
615
2148
5194
771
1253
845
1669
4984
7010
2431
3439
204
215
257
311
229
405
1516
8501
2060
1698
4680
2221
143
3178
601
2687
4525
975
1307
3699
4768
6274
443
2013
4146
1794
325
2466
3965
1438
1196
632
304
4361
2663
1522
1021
1411
126
7545
1400
820
4189
1780
471
780
247
258
4142
1261
2055
67
215
810
475
328
737
503
3992
2822
964
3302
2619
1266
3206
3054
3440
2817
5049
1507
20
5880
2922
3406
3047
11377
1773
2854
4347
1789
1471
4645
3253
5743
9996
199
2490
1465
3391
1168
803
2421
5352
1192
1572
1568
4549
4267
570
4926
2452
2064
3451
1225
2415
1830
350
3522
2057
3103
3046
3948
3376
1342
927
3576
4982
962
3235
11448
2337
2611
14
129
3257
514
161
519
703
2101
2006
991
186
4557
2097
82
2681
8959
12886
983
4024
1407
66
749
2003
1506
794
2896
8030
1661
11265
5473
1164
2800
7516
3659
66
1965
8799
2916
4574
544
214
9544
400
57
655
1071
1139
1358
2985
3712
3419
4633
2636
1369
1557
340
2614
1277
1731
899
1693
1178
307
312
9164
2262
2411
9696
1445
796
1467
3263
2568
440
383
3474
869
1157
5703
307
198
1785
1442
219
2381
75
1685
205
1169
2180
1257
1806
421
947
454
825
243
4644
1088
1098
14891
35
81
1672
2291
430
900
22
3323
455
3392
3574
1012
1022
4901
1192
2113
3734
241
4483
1494
712
408
964
1587
1804
546
1153
1993
3537
8177
2002
639
9119
2038
516
1443
1571
399
3697
2465
1325
1164
436
6042
2746
1638
1382
5631
1390
895
7496
285
216
1124
353
4448
2037
2111
6604
1884
2805
348
245
5718
5565
3486
2874
1888
599
3888
958
910
163
3576
2654
841
1792
5319
34
535
2369
544
2321
1572
7732
2769
393
2845
1406
473
991
3046
4308
749
2316
894
628
2533
7115
13635
5332
18839
826
602
1702
169
234
2888
3876
5035
2239
2812
1847
7187
5134
3541
353
267
1166
4667
1346
666
13424
708
283
547
306
187
9514
6420
136
677
1521
247
1036
510
6573
2682
513
7882
393
5736
659
1955
489
510
3398
3112
7475
12740
1786
1625
562
1009
2088
95
4002
528
1554
2037
380
3325
101
76
87
668
2316
100
594
2264
792
1306
1232
822
1603
1014
1021
4526
619
818
744
954
162
349
237
300
2668
4717
366
863
275
927
144
3286
556
14600
142
1217
259
4566
3063
6805
3076
496
3616
8978
3012
2323
2159
1398
3886
2893
3973
1295
5978
600
1181
2813
274
863
232
2474
143
2426
166
1046
3165
964
1804
1521
708
2052
996
464
565
1319
3668
2415
222
287
4889
758
1840
482
1685
2542
739
1192
1693
128
5429
11392
298
347
7467
2101
4637
4082
968
1175
4170
1067
79
982
429
1045
1097
170
3083
3284
56
6354
706
80
2855
2813
6291
5757
1384
2011
3553
585
1423
4170
360
425
196
11378
3616
261
884
2186
2153
779
1593
486
147
175
6579
671
3643
5045
1280
552
1354
2433
1399
1811
2598
1447
372
905
700
783
262
1193
1165
1294
1639
3834
1405
772
938
2223
6615
2253
537
1593
574
2545
3848
4148
5863
5214
1677
1111
471
173
1518
1751
382
1887
284
4790
790
3675
2205
1172
1923
4819
1173
1577
600
437
843
3154
323
2692
1031
2817
2332
2608
1191
311
2645
2524
169
1547
1540
764
777
1114
3272
3915
175
1875
4600
7032
284
4536
3381
362
713
281
4075
2537
325
107
141
754
3441
1503
8540
37
1229
299
105
57
861
2012
2371
6892
912
198
1585
1067
2258
1695
2523
8111
77
396
72
225
838
9121
3091
569
1605
2922
529
2068
182
1025
379
1985
1438
9765
87
87
4474
1130
420
2884
1339
363
1848
158
6011
2417
2242
2373
2219
1322
1107
698
904
1058
759
278
223
2164
3610
2161
6790
62
7487
1283
2921
1478
1943
6347
856
1261
5258
213
664
2211
578
3815
2180
3029
691
985
1533
2510
1453
8284
985
2065
397
1527
1527
1527
1524
899
385
447
337
1303
942
2970
663
734
1825
326
1197
465
390
859
153
17
1207
1224
1788
909
604
2087
172
1162
155
511
1528
6829
849
520
1527
1527
1527
397
2010
1529
4874
155
971
577
374
341
126
1098
1444
119
2778
722
13
390
1318
1527
241
1527
1534
338
2910
607
789
3854
244
2347
2260
8688
36
2891
2356
3571
3948
4563
4348
5594
3887
524
3565
1185
476
1150
400
1226
2266
2681
1390
6398
1363
8506
1496
75
93
5059
825
2522
6299
2543
170
3454
4502
2665
514
1512
46
1323
2434
3513
385
432
3544
1524
10219
1810
1161
733
2687
1870
1424
347
2394
985
834
1261
519
6097
1268
101
468
2474
2142
831
971
162
993
340
548
552
582
271
4146
2578
2766
302
1871
1240
1566
886
3144
136
333
327
2009
175
3228
873
132
117
289
2451
386
2869
480
2388
111
464
1166
92
1760
279
273
7492
423
1170
398
204
2157
176
620
299
239
588
684
624
366
239
1351
454
189
142
564
78
132
440
899
3229
59
1096
218
72
194
437
149
368
2212
233
567
65
896
405
151
115
122
220
1185
300
815
8387
1805
710
487
1583
939
297
232
316
334
4220
1494
145
9191
81
1521
1555
9773
1156
119
521
3616
498
1528
85
3125
500
1525
85
823
2153
504
1206
3653
2415
280
1341
192
1023
507
2346
1686
1464
1287
366
323
3080
3735
1300
2785
5829
3593
2229
1091
2144
322
963
2115
2363
2489
386
1939
152
486
2261
1984
2059
1497
958
555
2164
1205
1684
1113
4820
2597
1324
681
946
3839
3982
5399
1301
2420
1892
2253
4182
319
2704
374
1557
886
12033
421
2479
1272
2372
1790
1759
1583
816
2940
694
1754
53
165
55
1987
550
5122
2500
545
2576
326
77
940
709
2640
1576
521
1771
1386
401
522
772
535
1608
2866
13112
531
730
958
4686
4718
630
4233
55
337
749
269
3272
178
1220
1232
1825
1094
3166
2570
477
1895
4205
372
4959
1738
374
51
1504
133
97
5120
1409
438
371
2365
8904
4040
7139
767
1233
620
5501
372
323
320
785
2384
517
826
1216
2312
171
1090
197
2251
332
1019
3166
3947
679
10183
5497
1643
5045
325
330
3690
6525
838
4079
2554
10400
1114
624
897
643
11357
194
811
6348
1660
1824
1484
287
307
110
3932
3820
9594
2320
5928
951
134
88
2303
106
95
805
2747
57
856
265
78
52
52
189
499
413
281
138
97
29
278
1219
2625
118
3150
429
328
236
2743
236
2758
3436
3861
7508
718
2913
1143
243
846
3667
1033
243
3680
576
1604
5382
459
528
263
732
782
828
3241
1591
1191
2645
413
1590
528
532
3195
1380
396
515
121
1094
535
2576
1613
196
893
2344
341
3359
583
230
250
295
404
419
577
2433
102
194
156
101
464
491
580
269
107
34
2570
141
323
1224
458
1216
1107
1074
128
663
1907
3866
825
1805
459
2905
1965
2144
1939
6439
2920
475
6287
3473
666
1615
1341
1658
497
3210
410
2441
977
9163
2453
403
7070
6003
1378
3872
475
3224
5459
3469
4115
2681
89
121
200
121
121
121
127
145
2459
106
96
110
48
100
42
88
570
570
88
1004
100
48
110
95
106
22
418
819
2668
3304
4539
5610
579
26
546
119
1970
440
1907
5358
237
2897
491
1527
1072
689
2601
806
2358
733
1500
1468
1190
7733
2450
337
5598
2482
2204
891
2355
4578
5754
3038
3068
5420
343
2124
203
2286
1542
769
342
8440
1576
1619
262
1949
908
1294
3557
2880
438
1497
215
560
1062
1980
422
1281
146
467
1330
232
598
1650
4083
2063
3038
323
1060
388
836
789
1004
2814
119
2730
2538
414
2282
1242
1400
182
1146
3764
3608
2524
711
2841
4610
715
1019
487
1855
4413
161
2010
173
2884
2267
2715
2960
2469
1340
1538
2664
877
1873
1042
1324
1667
2900
1878
681
2051
1353
1428
457
3129
315
11247
4733
485
2107
3226
3962
885
2662
272
466
1731
603
467
1454
612
619
1742
889
3036
9644
1753
2633
451
999
683
5977
205
1345
4307
1664
2541
1222
4277
12
1228
430
1009
1573
331
2808
2263
1314
5937
1253
2485
5005
4129
565
2524
1561
118
125
360
605
790
1457
1633
3205
1412
2943
4000
1272
2565
2726
2122
1275
1481
151
37
475
1328
2587
789
559
1288
2858
12037
503
557
3286
856
398
1062
1382
3880
1351
1209
920
3863
314
2768
2360
576
1324
2840
3573
421
845
1548
1698
795
897
481
17827
1374
1742
4059
36
5334
1374
1475
315
5862
1441
3950
1297
1118
598
2335
4609
2875
2095
2087
2803
19497
253
1764
3080
1691
5791
1936
1518
4956
1214
892
511
504
555
2448
2522
6014
2441
2879
1550
218
154
1021
1276
466
5654
777
2377
5823
426
3850
1714
594
1518
1907
1101
1656
258
1986
2798
126
465
2245
1003
7883
1511
1162
25
2351
2509
5776
2316
2738
2716
3003
3446
2272
941
1284
1178
263
3371
6737
12915
8734
208
3072
130
446
65
2437
25
1358
971
1914
933
569
656
512
2724
952
887
704
1353
1248
350
1610
1959
3088
1625
232
2037
9450
648
2356
2251
1736
1565
3671
3881
536
1875
2225
257
3058
5270
3088
3230
5250
1669
2395
1078
1057
210
4415
1017
1577
3926
1512
1408
773
4507
1891
2704
2230
8108
89
3429
2242
318
3103
5590
1539
1012
80
276
498
1564
3152
1209
3440
399
1914
416
306
451
687
882
1489
1783
976
445
4170
2200
3023
2767
3631
2029
134
1348
2259
4304
2206
1357
389
1773
571
2610
491
427
1437
1001
1753
1554
2373
1759
669
2598
5207
2110
2090
2473
7117
1437
928
4452
1843
5527
2876
2842
1566
1786
4033
284
5222
1433
817
2264
2185
1302
435
1150
917
1214
2342
667
300
3121
1993
1273
2277
214
2390
136
1868
1284
825
5484
1297
446
2748
271
7771
752
974
96
87
2208
1531
338
357
235
1932
4014
1993
305
2549
2627
89
2747
265
2515
8401
1890
1026
2884
105
1796
3980
1703
4916
694
526
2570
1018
1137
3336
1907
11888
1566
1571
4398
377
1410
14
245
590
1551
6892
593
1756
1488
194
133
267
3965
339
161
2016
1421
620
2282
835
334
1652
3831
127
3152
117
1570
1281
397
158
1047
53
64
3392
2490
292
2247
855
207
1988
37
238
176
2079
663
1024
326
574
158
60
47
91
189
164
502
2035
1299
186
119
339
390
1970
2620
120
100
257
168
87
124
188
368
797
302
813
826
218
172
49
143
3694
87
1609
1243
735
1042
35
1689
604
488
4560
380
1873
294
569
630
1036
868
951
727
279
881
6188
310
179
6745
4145
1911
2495
1995
2287
3420
791
3157
45
1427
234
321
268
2692
1323
2311
2572
662
1898
1265
1815
872
875
550
919
2073
3628
1103
1300
1258
6461
7895
366
244
8397
1760
1454
2201
9486
1271
1381
2402
402
424
3202
487
2108
578
1869
8698
4774
321
7528
202
351
406
344
127
347
363
361
364
361
3341
66
508
439
239
229
5067
477
3084
3829
2453
277
714
1616
2139
3398
2385
942
69
5378
493
1690
11234
4658
1820
843
84
875
645
4310
882
1004
5528
2812
96
2748
1211
1179
1814
883
1311
579
51
3162
811
1963
991
2000
259
4133
163
2780
228
422
638
310
236
409
910
586
404
54
871
4433
249
389
179
298
1169
117
1053
269
404
257
1104
1302
513
176
291
341
553
324
2644
134
227
843
273
303
5711
110
286
143
94
2078
11675
501
995
31
1410
1384
65
285
2924
3352
345
7291
881
208
2416
495
1655
485
135
1265
965
6156
53
3923
1359
2699
681
510
9180
153
695
425
3453
153
153
150
1026
425
680
150
927
448
879
1405
679
727
4538
533
6314
834
652
3795
8817
91
940
2542
3172
6893
1831
1635
615
920
3882
4540
2324
537
286
7559
2118
1465
2977
971
524
4053
1873
3748
3194
5531
900
5226
8839
1007
1738
515
2083
2086
52
3087
3296
343
1819
272
2902
1200
1324
1210
2761
5617
570
3502
1671
1423
1497
944
1380
1270
362
78
183
383
1021
327
3417
426
2818
7676
278
839
1469
476
3396
2949
525
301
1061
1318
600
478
7380
2352
2772
1000
2649
3791
2046
644
386
176
744
177
4279
1572
1911
537
1909
459
267
1630
218
248
482
2653
3413
5244
154
532
2296
1298
3640
2182
4225
1654
267
3272
1857
242
2045
2389
2549
530
1681
244
593
512
3117
22
3799
370
2475
4510
989
901
4887
1509
191
3024
5861
3427
1501
107
768
1036
1938
1078
2011
2833
1005
1249
2711
922
3822
2805
1054
2104
21
782
4691
3309
8290
5950
5854
301
2549
2604
2533
899
95
126
1598
1268
192
5325
7162
2580
3856
4015
1387
347
45
1291
5570
2158
254
1345
12247
554
1123
964
599
2372
709
5416
1861
9328
3612
6144
842
8991
4348
1223
5072
4019
271
1245
513
3527
1080
177
1988
1576
304
785
6426
112
223
1816
122
117
2898
674
1136
3109
225
209
5800
2786
1582
5705
2739
1595
10087
455
361
4379
7585
2109
1853
2293
2627
404
424
3263
239
2215
797
3032
6913
183
152
2178
4262
8720
3159
431
52
454
1988
5071
2742
3043
1653
49
3980
1691
1774
594
2360
133
318
1522
5430
4470
248
35
793
2255
10199
3100
181
1739
4461
1493
1454
3777
4581
4297
4964
4397
1591
406
649
175
47
600
1502
1842
293
2097
185
510
429
1249
477
666
1522
1278
506
966
623
2610
2195
1801
452
150
309
132
530
1238
273
4391
427
979
2282
499
1037
1118
328
91
1732
310
308
1551
2551
66
3114
642
1668
325
157
418
1648
1629
1431
603
1482
1286
671
122
3185
322
1262
1698
1030
871
1378
3352
5043
4331
430
253
1330
1314
1118
1992
721
1624
2686
2822
1176
2744
974
4319
693
1239
1613
2722
426
2415
2883
367
809
730
1869
6008
110
1419
4886
637
523
97
865
629
134
3093
3193
60
155
19
2029
675
891
206
2195
927
50
655
1941
882
329
2168
4585
3285
1975
3971
2540
108
6566
1002
752
246
538
198
134
403
941
449
1110
190
3341
2822
431
4979
1892
1075
2395
3621
1381
2529
346
237
866
497
1056
1650
1638
392
609
968
1355
174
112
182
485
51
665
1456
177
196
165
706
493
194
98
164
747
171
73
695
536
309
550
2532
1809
592
102
1229
96
117
158
452
493
922
2945
759
168
259
554
139
151
101
238
614
2680
1953
54
46
550
1824
441
60
795
462
222
1174
2620
169
2167
3124
3429
2705
607
1768
3028
5880
223
303
3543
532
5541
2221
183
220
189
486
416
2062
301
1236
1836
708
783
1109
313
711
2183
1891
2590
1059
5146
3813
186
5118
173
1880
1175
7622
1931
526
1871
1276
2333
953
2372
252
6658
1791
1442
1800
337
502
1714
655
519
3332
2633
735
135
3105
1803
3795
216
624
3055
91
3425
1272
3204
818
2489
794
2783
1009
11704
322
5457
1332
2044
4364
699
452
3833
372
6423
241
10037
5774
1621
1647
139
408
308
1942
922
2347
1044
1151
339
1477
1474
1519
798
1230
1209
2385
2955
569
3597
315
325
1974
1474
1866
1417
2216
4188
2355
344
3072
3506
531
173
909
5080
3808
997
176
329
2540
2260
2522
1312
359
1252
2583
1608
1760
1555
3497
309
1098
280
2852
2554
3527
5788
3504
3841
2082
1760
1709
169
1019
1259
359
535
188
1566
1876
2562
1264
1283
786
430
3654
936
564
321
424
1504
109
45
848
409
7624
4417
1581
785
1804
424
2311
854
56
298
9455
409
56
760
4331
355
381
757
5414
459
1156
639
2050
4345
2896
381
2930
587
1061
1786
313
564
2454
1542
4515
7320
4450
2213
850
2757
3808
1000
4559
1936
1983
4146
2544
2179
1481
2008
368
4170
3548
877
2044
3680
753
3914
4822
2661
2607
1211
806
820
4259
7807
3755
447
1797
1026
1562
624
1517
1139
2360
975
5434
2673
1111
324
217
2256
566
685
3143
58
795
747
923
688
701
537
443
599
1907
1943
5187
320
7628
2379
6871
1000
1717
705
1588
138
3849
440
3587
777
669
4235
3697
1143
5087
3726
1302
2744
848
1785
855
1872
512
855
1005
920
915
3485
1446
2003
213
994
974
1809
1091
318
1832
304
1066
534
465
274
535
2017
929
2000
3555
845
1578
364
240
5431
459
432
919
2880
2384
1649
2329
102
3770
1492
4020
3326
1357
1330
273
272
112
1634
449
4964
1961
51
1122
5016
4655
2475
1573
1220
528
4073
1349
407
1321
4250
2721
2287
709
3096
4250
1203
273
333
56
1549
782
270
271
983
1735
3175
2793
6458
1252
69
133
20
1384
45
3045
263
149
2609
845
1256
1896
840
467
2775
2349
2765
1418
886
1659
1512
770
6021
2436
1485
2476
1609
2504
5520
2757
2760
1599
879
1135
843
581
534
939
2463
381
592
1943
356
2334
4880
951
3236
477
746
2633
1063
356
145
353
3286
821
666
10883
1737
2629
2985
2802
340
2720
3480
4153
2262
10822
3074
3943
1622
1374
393
920
536
479
368
683
159
1143
365
1708
2692
445
2544
1595
763
5878
548
739
1231
230
1366
2497
2814
677
803
327
6558
3719
395
963
1574
234
2037
1298
929
2169
247
3893
928
969
97
11861
2325
3222
1485
465
893
665
788
1656
2139
876
276
4190
571
191
625
220
317
2001
1379
1929
234
1604
304
1601
337
325
560
148
581
143
177
615
1061
1634
3380
964
3163
5730
2931
171
2037
1199
13042
1634
1333
1677
1109
842
120
745
366
2022
409
2174
7789
5115
3513
949
679
251
50
5666
4708
572
1868
3757
418
1947
2378
3420
1107
1746
3490
1918
1630
1847
1513
3685
1726
1018
504
3361
1706
1233
261
1365
2648
427
8658
1338
4281
4536
3252
1218
5148
3177
2297
4220
7473
671
804
57
59
210
3589
932
4867
718
2164
5994
1314
4082
12932
4135
9717
3050
2369
1337
475
760
4678
296
2200
537
1367
2034
4092
2563
811
1525
3256
181
486
74
2407
419
548
338
446
24
120
169
157
1526
17
2973
4525
1692
549
6632
9239
1125
2481
639
2186
781
3950
2669
1696
3197
5201
206
667
209
282
277
350
154
4888
867
1089
2407
901
2218
308
2949
2531
3986
2710
458
280
771
3871
840
3605
829
518
6266
815
1451
1735
29
2164
1522
116
1622
733
1131
295
1523
243
212
383
239
2355
2560
1792
159
145
1204
125
225
2378
763
1668
384
84
1358
301
230
159
162
325
339
180
433
817
176
636
286
130
380
445
90
768
122
103
317
979
746
167
3675
1012
1440
123
40
711
277
639
651
481
1999
1615
633
436
564
2668
1966
715
2467
71
540
104
449
376
120
2874
748
90
127
504
1067
210
180
3870
73
304
647
2322
280
531
253
422
1102
703
49
405
1242
185
1098
2831
1191
226
227
520
1140
913
585
1410
549
415
415
415
415
415
88
388
77
3652
5475
1604
2295
2005
1578
335
187
42
1154
2131
3328
5606
2916
4607
134
126
90
89
124
2884
52
2091
86
291
621
1614
1610
689
1215
252
1032
3031
1495
1383
182
28
1848
970
3053
49
2606
7412
97
93
161
70
584
217
389
409
162
415
594
2460
34
5074
259
4628
1778
449
1733
2381
5570
2989
4051
24
1516
2777
218
849
2243
1189
538
270
197
219
3126
1405
2107
5830
4624
4642
307
640
5904
4066
744
599
397
38
1118
2969
1569
846
2770
2933
911
1383
3023
1750
756
1695
3243
2145
3237
641
762
158
267
2
5712
1428
243
7431
7515
1019
510
823
351
3572
2446
1415
312
316
2384
682
298
580
1168
6360
3236
1701
45
3163
792
4829
1671
106
432
100
628
1323
37
3436
107
317
55
147
137
112
1206
1176
1144
936
731
235
2711
128
3458
2776
156
1006
317
955
455
640
595
3343
59
577
925
4417
664
3592
1763
2153
985
4192
588
3980
2845
2033
4082
1925
356
309
1906
4231
2928
581
2666
987
1394
1428
1244
1770
2434
99
6800
908
1250
1283
3865
90
4593
3796
127
874
503
3455
5948
168
7116
964
780
3243
716
1400
627
1427
4357
422
956
3069
9689
529
915
11622
2739
2340
2468
6069
3326
642
86
161
2019
1027
1367
264
57
605
445
7675
4414
1232
3245
2536
6950
3750
1999
1681
2333
744
35
591
251
4649
663
604
307
1329
1036
669
2186
1957
49
98
975
2266
609
1181
409
368
814
337
881
337
367
1133
60
211
6293
1832
733
81
760
154
1516
582
928
987
3477
25
178
1664
67
99
70
679
1081
1013
1015
2463
74
178
1803
6798
1677
2050
824
200
1665
1394
314
300
3319
2579
1605
4237
2271
452
419
2399
81
695
838
623
562
253
160
696
267
894
429
1151
328
728
718
620
3232
1239
1758
2618
362
34
149
1
1
1094
213
369
583
3844
1211
1009
364
379
1110
1535
3679
2205
6320
5010
7264
996
4846
2179
1674
5054
207
211
167
270
217
219
261
971
882
2811
504
1273
792
575
2087
748
33
2284
306
146
393
1034
1018
1396
756
1602
31
619
1278
252
135
1059
1567
1563
396
163
163
389
685
2739
1594
800
570
1981
662
129
1141
4913
2512
2375
297
734
2784
1665
288
977
339
442
1193
111
173
113
165
129
1128
104
842
83
42
661
257
277
405
986
172
312
233
1057
1572
90
1386
92
395
2669
254
1127
203
652
46
353
346
609
55
41
167
1039
197
413
5387
749
432
2099
379
202
194
483
5232
1681
3526
577
1783
635
2840
223
866
160
879
417
399
60
26
97
931
103
672
275
367
379
298
305
124
777
401
120
440
735
1833
793
1022
227
261
1212
4619
818
1421
2691
427
631
302
345
1184
329
780
101
453
1654
284
79
275
177
39
51
1499
1103
157
720
1416
886
2503
389
2165
1215
138
521
154
549
348
169
534
461
197
777
423
2110
3958
1873
366
663
387
477
123
234
243
837
649
128
26
1107
2054
377
105
138
1742
563
1464
904
1254
609
57
1011
260
2035
543
675
915
718
932
1170
406
1561
3903
141
469
290
164
3266
450
590
3374
282
457
479
280
758
2106
415
3027
1106
152
705
1223
968
851
352
335
1003
232
2866
223
11
3093
2904
110
265
448
227
76
96
8
302
169
1060
446
1337
51
76
1129
2825
307
205
2217
188
868
2761
53
870
880
2644
4344
895
3192
1956
1024
2287
337
1526
917
1406
1413
5015
964
464
871
590
441
539
512
148
3735
1282
943
663
1375
530
671
294
61
122
188
794
672
7872
1243
595
168
245
2046
7134
1120
1608
1983
6276
1217
2260
763
448
3752
167
335
1135
667
1193
591
6336
2411
1616
2310
80
5683
2290
1990
4415
6998
1969
1506
6041
1297
186
867
700
141
1667
1026
2819
740
908
4374
2885
2080
1466
6470
1267
2285
545
719
1257
979
2188
6908
37
229
878
712
1690
18
2523
1419
3979
702
5229
2509
1970
324
9032
900
767
2830
4645
307
41
5821
1158
966
503
1871
285
305
391
171
2438
5463
7491
737
414
3950
393
2403
475
183
178
178
183
475
1147
1976
5360
470
4363
751
538
89
594
3061
2899
2337
2314
1099
454
2833
4555
1046
223
4169
429
5953
765
575
518
3150
3066
7742
2608
1437
2410
2350
873
1337
2665
5140
9492
1391
605
3419
1355
3484
2301
487
2535
268
494
279
1552
291
493
325
364
1271
11673
610
2505
1183
113
109
750
200
386
2351
1636
1752
1788
13530
550
1931
1582
457
1624
1110
3377
213
1727
3594
266
2711
4102
504
4940
6104
2428
2416
2327
347
298
2006
320
216
1287
6726
3719
4202
866
2095
200
198
672
3617
1869
73
2178
495
824
336
640
1072
418
646
3049
87
149
1122
710
507
1365
2942
550
6210
1059
1428
2800
304
139
3034
347
7238
309
5126
761
167
188
57
2241
3346
1376
3105
1660
1303
3868
1098
556
322
1318
1598
1842
2776
3977
3650
4081
600
3204
1830
631
87
2061
2771
749
4660
77
1249
373
2319
1205
973
4342
3124
2279
326
51
195
46
735
1405
349
266
488
1089
2288
1561
1547
577
721
46
8368
1357
885
2017
389
1620
3932
3755
1128
1192
1553
3171
4860
2646
3680
684
5898
4200
256
4587
1244
4417
79
245
3602
5172
4611
2083
218
1853
35
2222
76
2053
1776
2572
3753
357
7009
8
876
2705
325
421
3688
3838
3072
830
61
520
678
221
1200
1933
660
778
2382
3217
1997
3214
1001
2281
1827
1071
1134
1269
998
1645
378
300
5962
405
4121
1322
835
978
437
1246
4392
591
1222
3596
2279
1105
4432
221
3847
877
1318
1089
2602
1357
539
5087
635
2824
12172
1676
5212
302
12631
2820
2831
2198
156
895
622
1266
2254
3422
987
326
5399
722
2058
404
2660
1655
5701
755
960
2602
1692
2032
153
6751
2165
883
1859
185
958
1065
1694
198
3443
791
27
3262
5344
7337
2116
73
2072
1054
122
221
7209
129
1687
5390
799
311
644
138
438
361
541
1026
629
321
167
2233
385
543
201
944
122
594
1295
207
894
1237
1635
826
577
510
65
1470
217
386
495
215
555
565
257
363
897
541
80
216
358
4127
719
381
313
1837
435
864
1236
346
195
618
147
94
482
213
270
4051
1802
2183
2667
1893
1791
320
2463
562
866
1095
1333
2114
2148
3407
731
2008
1457
1214
115
132
723
4679
995
479
931
339
569
68
315
399
1779
1681
1579
1664
1276
14815
761
269
257
518
523
1204
2082
1221
600
82
43
127
120
110
461
2638
844
48
985
53
19
13
327
4453
133
141
142
4331
707
5101
3971
5457
3551
3110
311
1342
3814
427
5398
200
438
2819
1369
5250
25446
4857
111
485
53
164
2483
742
1353
3802
1275
696
491
389
1327
2258
1183
500
635
1183
369
2850
322
388
59
20
881
4110
8312
858
664
607
4948
1554
2496
1284
2701
1752
847
200
768
3655
357
8161
1177
5711
4715
7984
275
259
831
4549
401
4051
2036
3701
4045
316
1915
2386
2212
117
3504
4754
64
2682
323
845
311
4874
475
993
1822
3804
881
6006
1872
349
4684
963
2128
5377
5124
1162
574
572
6006
5517
2240
660
1669
2592
1387
8508
1679
1196
3879
663
5001
1520
2380
855
5941
3485
981
672
3052
343
11384
2826
1862
1086
656
1614
3038
2959
2917
5907
2923
1940
987
298
2256
1068
3204
2470
1119
3209
649
440
2425
696
1577
1219
220
5793
384
562
273
833
4575
135
2397
1042
713
851
133
21
3224
755
980
1591
625
2802
427
3203
533
176
215
1373
333
114
645
2188
1170
384
344
100
473
9316
2038
687
2328
3608
3270
505
1468
1106
1962
1707
1794
236
1256
1276
74
4140
3818
1383
371
2358
101
2333
993
2541
1585
3311
1475
1383
461
135
3127
8325
5435
19
2553
422
2468
2968
690
559
305
1072
2402
161
578
342
330
847
222
1044
447
539
546
544
367
623
1187
393
626
461
457
1539
558
357
520
464
1306
237
64
1992
497
1516
173
412
848
7552
233
1107
281
218
164
105
28
29
1571
5206
199
579
1720
1513
283
88
5083
144
3427
1288
2390
2230
833
663
1388
825
869
861
1730
10813
2543
263
1323
216
1120
1032
217
5558
1397
1141
81
124
145
2377
2582
1974
8399
300
826
3230
195
3676
268
562
490
94
160
238
7382
242
1484
992
1603
459
255
109
1164
4471
498
3104
543
1450
1022
443
5647
812
110
209
1330
4268
641
115
5335
649
1385
708
673
306
1792
657
1353
1778
10131
535
7060
3022
148
1130
111
135
448
700
598
2023
3943
290
238
4236
755
1164
806
702
574
660
354
1009
2040
1177
207
248
71
216
914
638
2452
1812
650
351
3335
648
1355
2929
798
1514
808
525
1895
1004
502
3675
2258
417
10162
2133
12014
7727
4495
4600
1599
470
19545
2762
2421
2994
733
2652
3292
5245
723
2030
3585
2999
7285
2114
6451
97
1588
7123
6693
585
496
557
688
12652
3347
16578
5695
5262
4850
1015
554
4838
245
1441
1298
7753
566
1078
3639
5619
1105
238
1576
829
3536
4052
14613
1109
745
7563
7024
3027
2911
384
1527
4885
8946
4672
11844
1339
4092
2711
243
2764
2493
2884
7728
2361
2832
1250
514
620
5207
6288
1719
848
215
2477
2141
170
164
309
3999
617
23622
296
1738
168
4238
4426
2019
1435
3401
2935
1307
474
855
1536
5574
3802
2260
5374
8767
4355
14993
1566
485
2390
1115
4313
107
2000
4771
2126
1935
1594
1279
69
28
877
1570
236
2644
1981
452
1727
2493
4839
1681
2867
1765
716
564
509
1830
2543
1896
925
3398
773
1786
495
2524
226
466
129
279
1665
2352
268
1251
1229
193
6633
2286
1199
153
383
5519
264
1329
1784
421
3251
2651
1886
269
4211
3351
22929
4634
2199
1014
918
3457
1143
473
649
1334
3301
2644
280
638
1924
942
1339
907
2194
3795
1735
1243
452
1681
1174
2294
9797
508
4794
2092
17
1023
1864
1693
1197
2940
1920
3313
1548
1207
532
1610
1446
3174
2209
1197
567
4623
1244
332
548
248
922
2903
3792
389
724
1396
59
232
2229
1999
3321
598
2053
626
7957
9161
323
797
2842
813
2192
35
4126
2101
350
3278
2468
1086
651
587
1704
551
129
2509
1006
3003
496
197
1157
1167
1621
1586
2690
286
7639
4183
5379
2976
210
4096
7167
14187
956
1509
3046
781
1196
3600
6253
888
325
2370
1294
2441
1333
2146
647
74
1867
213
78
1797
193
908
3790
347
283
505
922
554
424
5314
3608
560
2489
1320
3667
1450
3230
557
3007
235
772
1192
2909
6346
1744
2417
201
1986
155
2881
5532
29
383
1564
713
2682
1406
1897
2073
168
899
818
3223
1986
1147
1208
1786
919
696
233
2547
2592
929
760
6799
1650
852
655
2484
1853
803
1350
2369
686
3723
233
1432
2497
1499
987
1731
68
976
5801
1087
7659
1616
1002
1878
2149
1052
1039
1228
2423
1752
2206
250
497
1789
2310
2787
2678
67
735
1410
251
416
935
298
1906
1739
4191
9198
7067
15621
4367
777
15505
2497
10302
573
91
185
1566
675
995
3101
3726
1431
733
460
269
1144
349
6393
1834
1755
1555
1859
4125
558
3063
621
1306
2713
159
190
4296
763
188
950
195
898
1160
7925
3010
2287
5866
1916
1049
1157
3103
3623
3127
43
1698
226
32
2422
199
820
1612
2197
389
778
2813
2821
857
1417
2741
5066
2884
5910
1303
4653
1410
320
1137
593
2345
2608
984
3665
180
1498
2219
7510
2967
1957
2456
1205
1745
1270
5883
817
418
2727
205
2437
1351
3845
204
315
360
984
748
4840
2841
6344
900
1500
2183
1044
1535
3382
244
2793
1501
1092
2918
2369
746
1428
386
1362
13708
4033
1095
2759
2106
6965
860
928
2485
768
402
2483
1957
2302
1332
935
3915
2658
1970
168
187
6141
2662
428
1668
312
8704
3050
160
3291
715
1422
1415
9133
1819
251
1148
3368
2384
1728
2164
3154
311
2176
2834
294
2480
2361
5303
468
409
288
2032
2983
4175
453
7940
194
3404
152
2087
5010
2495
3337
495
244
3224
1486
318
13074
331
1671
1286
948
948
948
948
948
4017
1001
265
1558
986
303
1821
1105
2689
1955
980
7626
542
1652
9401
3289
1375
208
1923
4996
653
4148
1885
721
989
1009
2713
3053
1291
1753
3564
782
2212
1193
1351
798
4803
3087
728
7490
1597
1740
1745
4032
3958
210
6364
1033
2671
4686
2474
6859
378
7988
923
1197
1169
138
521
1290
152
2413
1083
269
1950
1369
1519
792
12027
1642
284
84
513
214
1668
92
2135
234
3295
2323
6987
1091
4011
1540
1169
3609
1400
1018
599
1468
120
3407
1097
2619
125
2872
140
982
5302
2883
1677
12
281
662
3526
1251
325
3767
2210
691
1206
2373
570
5092
315
3068
1564
578
280
900
1041
5087
625
1100
2432
1881
6720
155
118
4445
3761
809
2702
583
3400
180
107
2770
2997
839
259
878
488
2762
359
983
207
175
1401
356
354
315
370
179
179
145
292
824
738
1000
770
98
1240
459
466
72
2076
85
1197
414
2176
2564
120
1624
1283
74
1618
2102
275
2015
2839
1484
388
716
1719
4186
769
8526
375
297
2266
1321
233
932
827
584
2375
220
181
1882
586
3153
3652
2786
877
330
820
523
285
53
114
147
1431
1105
182
1596
386
408
540
325
237
2574
161
1933
24
146
45
44
82
369
159
223
266
102
262
81
270
464
154
199
77
4029
261
446
297
1326
57
150
1896
1837
4558
1244
317
163
119
123
117
3255
4869
1528
759
3530
241
827
1607
3415
813
1517
2093
89
2044
4780
7879
3064
1664
2413
372
2029
3752
777
415
2150
118
4056
187
500
1101
1358
1486
519
881
898
2910
2737
4288
1813
426
2502
550
1320
494
2536
1357
430
1832
374
361
1707
4704
870
1369
599
882
919
82
1839
90
176
254
869
368
97
1378
3432
2553
2790
1062
1214
4624
2234
3809
1498
706
1603
3700
604
175
2025
3136
2698
3108
6178
677
1760
1144
1708
2598
3655
973
3883
3118
1104
10013
296
140
4253
3603
909
4368
2000
2541
5125
5567
152
216
1085
3228
169
476
4358
2018
1830
8102
9858
6390
2055
215
3975
1085
109
1887
120
539
3365
1187
2544
2983
359
1338
172
762
3455
14000
847
6605
889
1598
2862
3868
1616
3668
201
1145
2722
1173
1445
11843
8044
2484
93
4645
1740
1889
907
4820
271
8872
4825
1305
468
43
6546
3023
3138
330
2538
1338
1349
1711
81
866
123
3105
749
3076
345
3151
2377
762
788
4300
1521
603
1914
429
1871
731
2976
2918
2298
410
3797
3132
1700
4165
544
866
2108
1732
1252
6492
237
219
1592
4211
7854
5447
2048
4063
10263
898
1431
4094
4402
1959
1362
122
141
451
142
112
49
7790
795
3721
1549
980
1980
671
3698
1393
3795
2516
1819
1192
1116
1636
334
2106
2701
2464
3690
1580
2099
1413
3063
872
3178
3307
201
2424
5211
3416
806
4632
321
1695
1764
633
1090
165
12492
3379
3997
3219
155
859
2969
2413
2769
1053
2420
402
6742
919
610
941
223
1201
6287
1408
37
489
1623
6327
5163
1000
1953
4771
7762
5425
30931
1718
2950
5427
38
2359
15845
3387
578
6237
2574
1621
850
3022
10476
3551
16804
24213
799
1421
1302
1251
191
3354
813
3682
5768
70
10401
7853
742
510
501
401
4647
988
1792
794
2180
4723
972
236
3146
444
490
51
3008
2904
141
163
18
1091
3505
170
1702
142
372
24
311
879
239
268
4270
9624
10560
589
713
941
2605
7236
2660
19
6560
1604
1084
2066
401
4864
931
1658
15056
4943
574
1948
498
2804
5188
1167
776
1085
262
822
3328
959
1041
2705
5880
970
647
453
188
275
4220
5169
4055
5716
162
1332
230
336
2079
3973
604
197
2252
3270
610
345
1181
646
1959
378
585
380
3038
1104
1732
2615
3742
307
169
992
2246
1789
272
810
757
1631
1599
1700
82
1265
421
3475
2026
514
509
290
302
404
1747
19
3582
44
83
19
44
390
1745
5550
1537
2976
643
1724
1720
3207
707
738
444
852
4055
279
784
5409
629
4241
975
9103
513
723
1744
2958
2962
1744
3371
403
1182
3087
3802
1443
3191
3181
1727
3178
3183
3191
68
1546
2529
757
5600
7896
4560
3183
3192
3259
2096
483
13861
8766
876
386
3142
317
4397
1665
368
4097
249
244
494
2343
2537
1446
182
5010
3018
783
1270
1791
2969
188
5585
3051
2451
4097
849
2124
507
643
3897
364
1393
3072
806
2198
3706
131
8303
691
3045
2106
814
872
688
2154
1162
654
359
2779
1426
858
245
1232
844
634
1039
738
1343
1203
2498
481
860
91
2876
385
359
366
5313
2660
2419
425
283
470
4712
2172
1706
2950
2053
1261
1527
544
4481
1580
6254
3178
1424
947
7065
2432
558
2336
75
601
184
4780
2624
2898
4557
4322
1387
1199
133
109
2198
133
2060
496
2306
838
2621
602
2020
3121
2352
4864
1654
425
221
553
55
601
3655
1500
512
1740
673
733
2333
985
205
324
5557
3194
251
2443
321
8276
2212
1193
1295
2677
311
2230
1433
3606
5223
3723
1598
4271
12654
1956
289
313
3243
15333
207
4520
5534
3233
1280
2751
3246
1193
1500
596
7909
6915
131
2375
585
7657
1580
6413
4889
833
2502
3958
1492
1346
2541
444
216
981
228
362
7139
8468
2975
6065
1710
377
1322
3708
3227
866
2878
1768
1776
1017
8738
7290
949
2519
168
4946
502
2177
3168
1070
4923
1503
479
4025
9171
2068
2194
355
4021
279
256
5783
4157
3345
4907
3807
202
463
1484
366
6613
2973
206
6406
1726
239
4382
1117
666
2114
1503
598
1550
233
1562
1756
337
1338
2604
1971
1308
1782
2525
4417
1970
651
2181
2728
4149
2635
586
767
929
968
1392
1806
958
1314
4633
2154
1058
3601
364
746
6012
3310
1148
4620
6527
1832
1546
6066
224
2963
3958
618
698
2307
2502
2922
4046
1112
6009
569
4289
3430
2203
621
274
1644
3153
474
19695
3257
256
886
1047
2509
2622
97
1049
1558
4459
113
299
5011
2819
1053
1810
726
614
88
210
1335
113
2357
318
2054
947
1519
684
149
1448
1110
1353
4489
2627
661
1566
2512
1491
1053
3256
1055
268
2081
114
2600
5518
272
521
5086
1228
148
1620
9409
2702
648
1206
640
729
5171
299
5431
5998
2640
1017
3175
847
705
2940
3976
1731
197
248
3310
2975
3473
2016
1295
1022
215
1072
1072
2238
3347
626
3920
1663
175
765
140
6289
4235
1251
2847
3467
2428
646
5260
4203
1331
1382
140
1865
2783
2742
51
1391
279
3986
2572
732
990
10780
1644
736
11517
1558
456
2036
2766
1676
4185
242
475
4052
5023
598
1239
4678
1710
8862
17184
135
2797
471
1987
952
872
676
712
6932
416
672
431
473
937
442
1216
1842
247
269
420
454
4916
6789
2362
1221
1017
509
3745
510
423
1564
2131
3205
887
1579
218
2792
1307
377
1356
1091
302
10013
2768
4343
2008
3291
9727
4918
2636
2646
7088
249
2535
1687
4627
3717
1718
2965
2318
2314
3239
1853
9409
1661
580
214
1325
631
986
229
1072
1023
526
281
69
1319
103
56
110
111
71
208
1074
962
196
102
682
706
1199
412
593
2172
1120
222
1076
1074
1646
60
167
284
241
565
216
312
1124
112
1775
2268
33
96
259
652
129
976
99
678
898
1593
1491
2373
774
137
314
314
632
2224
957
197
1022
3035
494
1044
25
1696
53
518
517
542
3863
3088
1527
329
326
5464
385
472
187
1654
1006
270
115
883
863
69
40
24
4244
135
1721
1203
136
1042
104
881
1019
744
1555
1370
576
109
2135
170
293
577
844
793
1834
295
40
4772
473
1854
295
5421
1703
198
545
576
691
172
114
117
363
216
2481
360
1536
145
425
489
647
557
238
93
424
1628
175
201
192
1457
1371
1567
1114
902
157
982
427
767
445
4010
1693
355
2777
2792
1161
142
92
2664
3122
2779
869
2071
68
616
639
1243
86
591
1903
441
749
2064
665
397
681
4137
191
260
492
2033
2269
877
4187
634
226
2498
1348
2595
273
3511
3140
772
1500
2217
55
1901
4723
9741
1389
4483
82
246
2427
12539
818
3496
426
139
85
261
151
970
719
1915
2826
112
720
3937
4991
221
5658
5087
5007
4001
5329
1016
1409
59
49
49
512
31
2057
174
1711
31
5159
1430
2306
2102
856
1721
1772
568
512
49
6926
49
31
509
1714
1583
4709
2099
1937
5560
1256
1864
1147
1777
2137
687
4973
1919
3809
3496
1649
263
144
909
991
1032
251
609
3216
1384
185
4961
890
43
1060
30
3030
260
2039
1984
189
136
489
402
3774
947
1358
4742
1396
1029
150
776
6640
1414
493
427
4048
3617
3799
168
294
10328
304
521
1352
5795
549
418
2411
93
741
205
440
3815
1437
1706
1038
163
948
2759
737
1715
3842
562
2928
90
83
95
237
459
289
4975
84
85
563
114
83
109
967
564
385
324
522
217
3229
244
603
136
40
95
391
155
5945
1288
1814
2554
74
933
1243
2735
32
832
540
159
533
132
413
877
349
672
477
756
1806
202
314
432
396
62
636
112
43
95
390
132
2212
842
91
299
1001
1047
618
750
1520
513
2132
1430
190
1904
1706
102
1165
1676
1253
4079
53
2193
3262
70
1008
1553
1094
641
964
3565
268
221
1104
353
280
526
100
576
212
167
99
6782
212
1170
1092
377
43
369
276
382
234
1360
112
2189
876
1025
1022
1019
1026
1024
1024
3138
4340
809
5422
6349
2292
1667
5518
1328
2157
2833
1501
5547
1049
4178
1487
153
3751
1623
2211
5982
2630
3254
15468
1777
1256
5427
1130
299
2808
2516
2602
1348
1372
3923
10026
382
612
451
1249
3568
184
3846
198
297
1370
1457
3579
2899
376
25
136
143
291
139
137
139
139
149
140
147
5677
2445
1574
179
992
711
1824
1494
1368
816
2601
2012
202
983
646
890
1455
560
1651
1985
917
547
298
717
1824
690
1841
1373
1455
433
464
4059
227
1418
2043
4813
1007
2276
1040
6358
3850
1615
1908
3965
57
134
156
7308
1250
2829
336
131
649
5227
270
391
138
1071
2100
1275
2280
1413
1173
464
354
156
683
1212
15
795
127
165
247
981
672
137
115
365
458
550
509
65
323
1305
51
94
127
216
155
619
3358
75
110
696
1654
351
109
2034
360
54
154
1366
102
112
672
664
334
2788
1193
1401
4491
3241
1360
2879
2433
1892
2038
1521
2394
2415
844
84
8128
2630
2778
2109
1454
157
1331
3744
8303
1575
461
1799
375
5658
375
4304
423
1723
1397
5712
594
439
5855
495
2473
489
5496
2216
568
282
496
1587
910
2484
1662
3966
4058
5518
333
3386
3460
165
165
1780
415
241
4279
555
35
375
5727
2529
649
1221
2847
3294
492
1900
58
58
1330
242
4504
6589
619
3253
512
3348
171
821
27
36
93
2074
4090
284
1828
310
2412
1260
871
622
253
6481
9645
2834
2380
181
921
565
13213
1963
4687
10256
98
569
5610
8319
11542
325
430
117
686
2489
77
1086
192
3560
538
455
3558
1249
5553
840
2866
2168
5893
827
3661
2014
491
1084
194
1324
2337
1825
887
3717
243
4301
1677
4032
1496
265
2947
116
655
1421
2052
665
396
64
585
760
1067
145
267
980
359
705
1719
423
2118
2026
337
238
8579
848
673
1500
625
211
1631
961
662
977
727
2679
1052
1047
141
760
293
2097
1464
1615
1723
125
4652
1463
551
10460
1398
445
843
440
1639
2583
2561
544
2714
1172
2820
1540
1246
2843
6336
900
292
173
4954
900
731
119
1801
2907
1819
1312
321
4406
1649
1387
1800
1534
2828
3921
3813
1207
3610
4380
3574
2346
1793
618
362
2537
128
4317
3415
1369
2320
2734
853
186
641
219
367
10886
1896
1222
1549
2445
615
3958
3295
310
1587
511
1088
832
681
1665
458
420
970
123
83
77
293
73
130
566
774
965
2401
460
611
206
248
82
308
759
275
4250
355
3361
88
2013
2298
1881
3117
1373
306
238
3288
3430
1331
1090
636
3766
1722
1122
4075
1600
1522
1156
1206
1488
2478
218
2034
331
246
255
2025
155
58
517
249
228
3521
169
523
588
846
594
252
471
1628
420
653
95
495
82
1303
587
658
658
91
2061
27
71
58
173
1791
987
2562
495
531
768
486
520
600
661
200
600
20
213
1875
1188
16
1796
209
1275
385
46
2670
1170
2183
1243
257
410
239
569
135
727
979
596
1706
1746
722
137
3365
1222
444
151
1518
194
10312
48
2097
1140
1580
195
1429
250
551
1723
4032
107
249
697
50
1778
2394
1775
6622
86
132
85
109
132
121
8645
414
2158
1159
2762
5759
221
518
2568
5305
1472
1206
2165
1464
183
3758
1138
124
1758
3432
5089
649
3497
190
404
1487
1882
3139
513
280
143
114
2011
4902
1554
4248
466
7749
1772
1443
482
716
1726
688
228
1472
1288
4124
218
528
3162
729
930
1558
969
323
1788
3374
4986
877
831
578
2215
4680
51
1147
589
2134
2570
1303
811
2461
144
313
1017
1101
1481
2024
369
232
5519
1925
4961
578
182
3435
267
370
4443
1002
3226
524
3557
3043
578
480
1115
1745
1892
326
2409
1484
2431
762
85
7763
5014
512
1464
589
833
406
125
2515
618
643
1054
361
359
478
162
1468
1379
2290
508
1222
660
933
1057
911
3648
145
8700
8881
2014
233
1227
1179
970
4903
428
801
4137
814
354
5175
5214
1503
956
183
1453
720
3520
362
493
1893
6479
268
2455
2035
159
994
3430
3322
12126
2567
2709
2237
213
3322
99
878
376
440
644
495
479
231
1086
187
1092
5237
5978
8732
298
3707
2784
771
7767
2051
416
5499
10669
4254
987
2714
2216
343
635
461
297
108
886
262
278
1067
513
185
139
991
416
302
312
417
304
315
315
315
418
615
687
437
601
549
1481
207
2324
984
2743
629
4133
4557
941
315
315
315
315
315
315
616
1894
6111
1413
3266
1653
4197
2150
1325
58
4000
1651
103
2272
2992
3085
743
4527
1740
84
1751
8797
3190
3228
1683
759
1293
445
86
1681
614
1012
388
8072
1087
217
1507
265
710
378
854
425
3546
290
2548
1766
1862
5911
2656
1417
2279
994
1142
1754
973
3823
1737
246
256
277
191
231
359
358
472
289
184
482
371
364
257
605
362
434
323
340
342
424
343
470
546
467
547
426
437
298
542
354
308
314
473
473
473
468
469
421
27
338
390
295
331
1258
597
346
240
275
278
126
357
156
157
152
1842
97
2061
1135
1004
805
466
77
5222
892
1020
3816
298
1748
1321
1473
350
538
22
804
537
94
616
2561
1274
2421
2238
1459
211
276
309
1600
658
2298
197
206
213
664
1083
2257
189
530
378
436
2052
626
2182
359
1574
3012
67
1045
3426
39
157
1454
3361
1383
1614
2240
151
799
1823
673
1521
1604
3484
3238
890
1728
2447
124
223
467
740
1880
301
1623
544
694
1065
2458
2202
2068
432
373
308
518
183
2287
1876
1605
1416
1011
2092
6179
80
1326
2573
4188
319
1369
495
1089
3377
3657
605
1829
226
460
33
1517
1548
1958
1064
106
4163
28
1560
71
4598
67
4600
1641
2124
3842
3260
489
3232
186
3539
598
1356
3101
1426
756
919
933
599
152
2391
1133
2526
956
279
261
1904
1376
2093
382
1021
413
1464
1215
952
662
610
856
1744
75
82
2027
740
2240
102
1922
1159
153
6701
7112
520
510
880
9207
940
1999
4527
1494
515
923
7524
342
1016
1512
1403
2055
2853
1594
229
1401
2177
894
225
544
1750
285
558
1113
73
1593
190
723
1053
2799
5558
333
1334
757
4098
323
140
3151
166
1264
138
723
2311
13721
4308
1712
974
1039
1274
5747
689
460
6776
3791
872
533
1020
5172
316
5002
2046
2921
4487
6263
3499
537
450
638
524
801
1249
1068
1267
2193
2126
170
333
153
1389
4148
1175
2420
5078
228
2197
4539
1173
3104
131
2344
843
3786
737
2555
122
1928
160
4423
2728
706
960
1594
112
4157
2190
3863
151
4656
2916
1146
389
5748
2098
1007
825
5094
363
2528
2664
767
1626
919
369
50
857
110
106
104
103
106
486
2217
2544
152
4846
1742
4401
362
38
1669
167
3566
469
4968
296
1413
434
100
6706
9511
2394
526
7808
2927
4368
672
2090
814
258
186
351
2070
2982
492
2361
796
1427
271
820
3226
12112
2264
3721
2029
1635
6204
56
2164
1618
45
1806
4203
826
1811
351
508
241
401
668
1564
516
637
2768
1924
779
697
1195
3066
412
320
1029
1990
367
576
828
1726
256
2839
69
129
1234
260
854
2753
79
1680
453
512
459
2292
1118
819
323
331
365
568
507
409
1538
263
162
2161
1382
740
1035
319
1816
206
1149
5241
324
575
258
921
106
153
2632
1020
2761
793
30
2064
269
1487
147
737
1222
1726
727
567
1301
278
194
1051
989
1555
3078
1935
3977
5751
1856
251
784
668
765
2081
1195
1640
609
209
2043
2248
2690
59
321
1834
1700
2250
1538
442
2941
2503
803
8516
838
550
1121
986
1176
784
5296
1943
3979
2038
980
1595
1107
155
173
651
294
745
2514
719
50
928
2372
455
615
165
1195
521
503
277
935
319
886
237
846
1155
296
190
3875
157
477
4335
823
1173
454
84
502
346
375
102
824
343
609
805
212
1110
2114
448
1137
1130
1964
3188
261
1418
2380
3103
1357
2890
842
441
3451
708
1925
547
169
3345
106
3308
1187
281
581
3987
2836
2537
1470
61
2465
2599
3294
455
318
524
2038
3153
2651
1836
1099
8126
1503
3562
337
694
1121
938
62
4859
2893
2177
995
3226
1134
5810
1911
2544
1280
4550
2333
1823
419
1825
325
486
621
1118
3126
209
740
2126
474
266
7094
3133
4577
580
2581
4979
4559
509
4478
3291
1059
4382
690
6287
1705
1975
246
3103
1994
1861
118
760
2300
418
3026
84
1127
2684
2399
788
2101
944
1673
833
4168
9778
1187
4810
9175
1278
3900
1314
2442
2265
146
3368
184
1558
4835
2374
159
4349
1984
605
4600
1742
4110
3101
3498
2388
5005
2521
278
2064
272
3327
1062
5916
3472
690
2697
3107
2202
6693
266
2449
4812
1169
2569
4858
1907
1923
4034
208
3874
6504
199
12221
9215
1238
476
1272
3343
727
32870
2588
3658
1519
7668
5102
38
8663
1683
3682
188
1005
246
1921
1972
4207
7073
1036
6575
1801
5246
3718
3767
200
3788
1348
6103
2849
5850
5818
2585
2579
8654
14575
6335
996
2062
5270
576
6635
2014
147
303
1966
1296
3270
4969
1552
289
1084
7785
4692
4715
6254
2000
1002
5279
4056
1785
1363
2318
1829
460
460
494
735
583
869
1480
2096
9443
3729
4383
3245
1052
7704
11040
1120
3923
1495
4423
93
2051
2738
2742
1726
3386
2650
1203
6303
1303
1388
4816
4562
1594
8998
1647
900
1746
713
284
1556
371
2872
4496
1537
2539
1560
345
1117
453
1651
739
483
378
231
535
131
749
685
53
769
602
1677
170
1515
728
1486
82
141
206
79
403
138
934
257
3874
213
130
697
1165
147
622
2161
207
582
855
892
388
1871
2367
451
1486
1853
96
333
772
33
3031
1831
331
716
993
796
891
4568
1075
2415
5543
953
818
2060
390
1729
296
1135
1040
2142
2359
245
1185
2786
687
109
116
77
1049
2834
159
1886
173
1323
2745
656
3803
2643
227
1225
2531
1883
6519
5116
184
271
175
204
909
2820
730
385
1887
359
6448
857
694
668
3498
511
20
562
3351
1181
1278
2984
129
254
172
1532
210
1925
3490
143
648
498
1511
4449
277
1085
508
309
440
392
89
372
193
90
76
1230
372
492
197
2267
997
1538
1008
3138
460
1337
7409
307
851
609
1351
2087
1266
75
3359
244
187
129
577
254
198
58
18
63
151
1080
775
67
1711
889
1471
1671
459
2661
572
1532
277
146
709
1922
352
1911
549
297
845
858
181
3673
178
398
319
433
254
421
192
117
112
113
115
4224
4791
2180
327
20
76
214
202
247
61
63
400
74
106
715
4883
417
409
3046
617
1274
314
1103
2047
186
486
799
469
4910
425
517
312
336
221
1085
255
484
876
471
260
133
1013
750
653
3516
51
187
5111
56
1483
1862
1980
2098
562
3623
4335
2803
840
846
219
5157
5611
2871
11142
2118
626
107
490
468
850
530
941
251
847
634
100
321
2411
242
1328
416
162
288
441
1242
81
301
418
2009
527
1073
351
866
598
395
1172
3088
95
856
928
423
1318
1001
552
457
2504
1690
2288
202
256
129
3330
37
67
1008
153
777
342
230
339
3200
253
255
528
700
350
1272
436
2172
1236
2252
917
598
510
1508
130
4444
1237
407
1870
599
1117
3757
450
450
2812
1073
4385
4574
108
160
286
121
50
300
2063
321
219
381
279
500
258
86
174
224
82
781
463
458
555
269
576
593
1089
1126
4147
286
28
2741
352
1053
871
221
2001
575
1204
254
454
484
550
454
1165
603
928
238
339
210
1424
947
3130
602
138
75
94
654
1171
109
55
1839
316
2574
3844
659
1041
482
2223
162
157
2204
4837
1011
265
1624
518
2858
1530
72
3098
171
18
846
1281
3440
89
61
5361
2532
748
1355
1656
1930
781
97
1091
11471
1654
458
70
1299
1265
3842
1108
1098
1652
2914
1622
1985
157
144
976
16
294
469
1054
289
1094
530
464
3642
294
1028
907
3313
403
339
949
222
1556
207
1742
1713
4718
85
255
1454
342
1961
56
1297
270
1679
1136
613
1961
1238
206
893
686
2964
96
82
747
1228
6367
241
850
316
525
2089
406
747
2400
157
329
503
2476
4951
142
1713
1440
52
165
314
240
2848
548
2154
761
230
597
147
516
2322
3061
298
615
2972
3458
387
72
57
643
312
601
487
224
3206
880
1841
1927
757
1587
1805
2386
6600
4351
2673
395
2029
6762
12019
2114
4908
2593
2590
3912
2661
5096
2038
861
497
2406
5131
234
585
665
786
1707
425
4417
819
517
1988
2228
617
1857
798
3775
535
1543
895
1602
4584
3650
153
1139
1329
1835
2313
109
3237
1547
1404
382
227
1289
227
1404
2994
394
443
2813
1900
2611
2377
48
2030
12035
2911
1159
3281
961
330
1602
328
658
286
867
680
222
386
266
25
105
565
101
353
664
1410
558
562
1060
104
319
143
149
79
584
150
2362
131
19
135
462
286
321
479
192
672
45
956
2621
393
50
1142
644
351
607
217
166
1605
690
30
170
1498
456
80
50
46
159
514
60
190
1449
5771
4111
3858
3313
3253
6564
2035
668
4287
1005
1278
3368
1646
1310
6049
3648
5076
672
3187
1440
3419
5454
916
338
3975
1669
190
109
2129
1057
81
609
1794
42
4673
151
434
145
3442
202
982
144
107
34
2157
660
58
61
90
191
352
1274
595
57
256
340
468
1207
1390
1375
825
1128
162
79
175
157
1067
118
2173
362
2942
708
3121
136
271
3959
212
552
1330
662
135
127
131
125
156
365
80
459
5257
6097
1471
283
105
844
3555
2346
312
316
198
1247
646
121
895
190
268
1563
505
1300
1572
222
70
388
570
255
254
1571
254
299
1051
1862
1222
2158
729
283
210
259
394
226
913
541
381
315
1473
1286
1450
317
69
637
1548
392
365
524
163
355
547
255
5147
840
1785
604
896
605
43
74
247
1990
134
298
606
1803
1151
489
62
670
326
676
427
433
501
670
327
852
200
564
307
131
400
81
97
7659
1899
393
229
962
311
71
3613
560
1664
3376
190
763
353
852
2460
80
722
2353
1542
2087
2194
11
438
644
870
878
4174
2049
1959
2
394
4351
865
212
429
109
500
844
520
143
116
191
316
444
402
111
101
1008
723
2194
259
1895
699
2574
337
162
1792
552
1236
2341
2167
414
428
806
7233
1014
263
1787
93
938
1055
423
716
771
1296
156
150
739
412
600
1063
6129
229
85
710
201
263
413
3811
629
865
3048
2058
2367
1629
812
123
931
207
894
1637
627
280
4389
124
78
2169
1385
978
275
375
1236
5516
591
447
2072
266
651
534
862
1702
53
411
543
3357
209
988
166
210
1174
497
204
793
3624
730
514
83
863
59
718
994
3997
2203
3104
502
17
1148
361
41
632
807
173
270
1963
542
213
56
2173
110
362
157
192
85
44
948
36
162
144
1158
128
88
17
17
41
17
17
17
237
2666
161
87
231
804
98
338
485
278
729
88
480
49
169
1118
84
583
238
493
73
309
420
283
615
832
284
243
76
168
202
82
126
16
356
285
35
463
44
878
126
16
1414
843
985
328
1717
61
750
4178
76
786
67
2978
116
171
8612
175
127
679
508
164
2710
241
61
84
61
48
507
637
2008
583
328
533
1068
51
603
2061
309
208
961
110
995
231
281
328
733
2132
1070
42
44
157
292
695
1079
1382
649
414
2263
4043
1271
3877
67
315
169
817
1380
5484
1383
884
514
1548
2516
2342
642
1727
765
3537
4848
3064
1011
481
1662
3053
4728
708
3717
637
2221
2124
1403
2280
2715
4416
1750
434
599
821
1463
498
5373
2029
1591
39
84
3318
4571
2882
1513
4169
2317
26
308
1937
757
1657
7366
477
136
108
553
666
30
281
274
560
198
629
1170
72
815
2363
1365
871
343
387
3884
614
1088
358
75
118
2941
1564
1144
699
536
533
509
406
503
476
1557
202
225
240
1216
758
309
554
217
67
397
2288
507
543
749
385
494
58
672
1211
228
1625
43
131
3753
1691
4416
323
471
114
610
101
1122
190
1177
1074
231
471
1010
458
443
415
648
14177
474
246
241
226
268
716
282
657
692
505
141
261
272
306
1112
2996
1833
4264
1416
4311
1729
2034
1605
141
3593
482
822
391
9865
131
8025
1839
1505
2049
1380
149
3103
453
1616
635
3688
2008
805
1949
5137
553
2615
2773
3321
1860
247
2360
5360
730
3461
820
958
3662
4977
3441
2776
1373
91
165
1225
580
1294
829
1630
419
890
7255
2029
3006
1839
1782
114
54
543
1254
509
3282
504
182
524
162
83
377
140
677
59
139
33
115
1790
344
1523
3352
1227
869
1709
3106
11463
334
2099
2075
946
585
3060
1905
7166
278
1974
1419
3273
532
1131
1583
1589
174
4115
487
3024
1564
4809
498
110
287
1344
2229
99
356
846
116
55
1049
148
158
536
11
381
99
74
2533
257
1837
303
398
365
3266
4271
661
988
1590
945
550
708
833
1154
4541
9971
6593
6752
320
893
1606
3378
4250
4614
941
330
7653
2822
3222
932
304
1307
4586
2895
476
2328
1157
608
4905
3051
1799
704
2092
2643
1221
4238
27
242
4651
1814
2929
4236
966
1192
549
4370
238
3321
2572
1149
1559
1046
2508
169
2773
503
60
757
1013
473
576
812
180
1032
1088
3224
675
155
3304
92
1786
1520
468
1827
288
1149
3759
46
487
546
906
3919
852
2587
2144
4590
307
2621
2854
52
94
96
216
1100
259
254
254
251
254
163
1112
216
888
1525
798
2478
1490
631
2572
754
2990
1837
753
82
68
83
35
465
324
32
416
102
1491
720
887
247
326
1979
1470
5930
866
337
1812
3948
3997
3692
1981
4537
3945
683
1453
1677
236
19
320
242
314
226
189
234
104
204
550
5384
742
41
290
1255
4948
752
806
4979
1421
177
766
3979
334
447
324
3129
548
608
745
396
249
742
69
549
2389
1362
279
804
1357
562
7654
297
130
72
197
3599
1570
74
3134
2743
121
52
3459
1188
1602
2198
2519
506
1548
1749
993
9038
1391
2703
2410
304
127
845
2671
1494
931
105
1097
435
2489
2834
2539
321
344
3891
377
805
733
704
4358
586
1178
2031
1190
3117
6736
1716
1306
2510
8123
3180
767
611
316
395
84
930
6928
1113
1647
3785
446
3180
5062
2855
673
312
504
1475
4326
2094
197
979
4845
3656
546
421
176
212
212
176
317
865
1976
2094
1350
467
415
163
190
271
1518
264
171
178
156
179
982
195
215
223
185
134
1963
117
473
1216
26
124
370
319
265
293
193
2545
1309
818
767
4410
1310
1666
328
2194
2388
2513
711
1547
3455
956
1633
3494
511
1539
239
1367
9106
4046
3367
4306
2228
1744
830
1644
6804
597
2526
1124
3253
569
2487
262
3704
383
4533
4697
1934
868
8195
2217
1381
1326
811
690
1200
2376
768
2635
1635
1184
82
82
1270
2206
533
1103
1487
1384
2317
721
3657
328
2369
7804
6866
1689
3235
518
363
437
464
1871
3370
1862
4370
1533
581
740
3585
2369
1799
3674
1370
1226
124
3306
2491
1046
2296
101
271
54
2337
641
1339
400
2504
2086
351
427
970
1490
3563
2085
122
1279
245
713
1917
4090
3515
6436
284
327
1535
2329
75
1160
2484
1626
387
121
1796
223
203
1060
3260
38
1593
4443
147
3184
1394
107
242
584
167
672
1834
59
2028
1805
2626
164
4257
180
1079
2502
684
3481
1589
4408
440
4441
1332
853
5372
51
2890
140
3228
1120
2285
1824
6131
4194
2304
2033
301
149
995
3315
297
378
1242
859
37
279
32
10
296
217
14
268
128
339
147
250
32
215
122
223
132
297
96
115
258
74
58
158
113
58
157
124
332
396
389
93
1950
353
399
4880
809
294
3900
197
3053
2509
3042
1051
3089
1351
1351
2164
864
4315
554
1677
172
191
1057
756
481
11561
73
430
8905
531
525
205
503
2555
1642
1741
4334
1452
282
50
703
1336
2649
355
1825
5620
1455
208
1533
2122
13827
17786
6968
3367
2066
821
10777
797
950
154
451
11645
724
281
2035
6906
530
1160
454
1837
1465
3015
4012
4064
922
852
589
176
197
872
490
332
1066
216
823
4278
1721
3830
689
146
525
2259
568
29
2696
6236
252
1519
5200
3021
410
762
6043
58
921
511
1254
827
4778
1890
321
334
260
407
308
119
440
74
328
282
295
63
71
257
257
105
2797
1334
1983
415
170
4363
1547
1322
3093
744
1035
296
208
219
2658
135
117
869
442
2393
759
797
347
126
139
797
5873
3094
501
2693
5311
759
538
3321
1442
3083
17321
596
580
157
114
700
399
394
2579
3917
146
1998
549
517
742
113
3379
759
129
572
835
307
467
5486
5021
351
1239
860
2502
1764
688
303
2607
198
296
437
1487
791
554
915
356
654
3378
3902
327
1684
776
1391
337
2494
700
4720
114
391
2365
329
259
124
2417
3593
4593
3667
89
178
3346
266
366
157
417
47
1601
4099
2515
141
312
285
5118
133
131
173
772
3829
2366
1463
117
309
1150
181
141
432
670
310
3115
868
2596
2568
2994
157
251
438
3304
235
5047
147
97
6844
615
3301
1809
2351
2986
773
4279
182
212
2638
2033
4207
154
341
2969
615
3866
70
4708
653
188
360
290
368
1141
333
687
2578
1127
3796
2264
269
694
402
5067
908
3198
1054
503
385
2606
1928
779
2896
520
792
1205
2198
318
421
750
862
1992
1474
1673
6920
329
193
278
916
2433
1639
1484
1087
481
513
170
1121
4180
1536
811
2816
534
334
50
329
410
458
299
5872
3664
1918
1694
2156
764
609
1176
1967
533
8808
136
5469
871
1947
1195
1492
1388
758
2818
132
3494
100
187
192
1937
54
162
301
796
644
2253
2022
2310
772
1830
5112
900
797
585
15
853
433
1061
53
2138
2776
1303
179
15
1088
943
1992
1125
1597
1183
569
251
400
666
1629
2178
1280
468
911
2497
1072
8007
614
1580
2359
2883
1533
941
4157
4787
675
334
1965
961
3277
322
370
3119
1983
58
3661
1660
3245
3809
81
399
3330
635
2637
336
13969
12567
2845
530
1101
884
1204
2003
6380
1516
821
1121
1020
191
1824
2718
3366
2817
681
361
3484
1771
418
3069
226
1000
155
6341
1645
222
3335
319
1047
1254
1294
1945
1365
1169
657
75
1390
4754
4566
327
2070
1933
169
769
1086
1584
260
407
834
251
1386
6717
2232
75
1492
1117
1200
146
4261
2043
6020
4254
434
189
1924
3362
4932
155
1550
493
147
689
1636
2490
8375
1079
898
1124
680
334
2049
2534
2724
2067
2085
950
2902
3609
230
945
4864
209
2192
238
1018
1076
247
42
324
500
1235
725
3109
843
2142
3534
792
442
1405
43
18
54
1072
133
223
218
3199
2391
132
1270
4021
315
434
6948
407
456
224
450
130
2898
926
67
1535
2200
505
2120
1605
3299
311
726
171
1151
4629
2775
127
1376
4380
127
2439
88
127
4121
409
1177
3494
400
2506
350
4076
3812
1276
1319
149
693
2665
1426
1703
1003
412
427
220
480
1845
1152
2162
249
1942
2187
1327
162
2518
519
1808
2050
537
205
372
872
653
5747
18
1519
873
71
1818
161
4981
2753
694
5791
3530
1593
369
2078
1938
11439
2316
430
1187
1557
2065
690
2440
4445
1712
3781
5487
2168
1164
431
2768
1137
486
3357
192
1636
10189
62
2839
354
289
206
4201
2025
4879
2652
2415
350
4206
1036
976
593
586
576
141
591
1151
664
1540
898
549
530
1011
503
373
641
2720
3985
169
2697
151
3238
146
601
311
146
3670
8650
3668
2544
1739
2086
121
114
372
1132
364
987
1034
858
1093
160
3243
3501
4055
2555
753
5486
496
2093
105
2304
856
1023
923
559
183
1368
3279
1627
2118
768
7701
2589
2165
366
101
214
199
1229
398
904
2252
451
963
98
993
1308
46
8995
1316
88
952
91
641
595
613
596
592
389
624
332
259
1634
3721
3837
265
1446
213
147
364
44
164
280
59
255
949
1150
1201
470
1432
1196
708
361
214
2375
541
871
1472
74
259
896
1000
91
91
91
91
91
90
91
91
91
91
2523
94
402
934
7011
183
211
3531
9899
34
1286
315
1738
1035
801
801
719
217
202
202
89
88
88
614
627
627
344
88
90
693
693
2872
601
2935
809
1343
5954
127
143
1213
2478
4709
5501
3482
655
6687
977
143
239
442
1622
125
111
111
2982
105
91
532
2188
1545
431
7037
2120
2026
3340
171
261
171
3017
3056
2591
2842
3061
4762
141
456
1976
4678
193
2038
525
717
2467
6778
4828
5283
1414
1506
446
2552
3863
1116
788
343
598
369
361
74
359
487
621
295
3221
155
234
1769
1448
98
332
232
1104
957
1292
1092
179
1959
2098
601
446
175
175
175
9712
2721
814
349
629
77
538
2188
428
125
123
427
123
125
1861
1508
811
586
6106
267
2363
8464
6549
2322
1374
4551
493
406
538
756
3471
3473
2115
3825
925
3465
1862
1265
925
2732
2187
3309
705
663
1600
7106
950
1320
2717
114
5927
4011
5637
107
1529
2025
3450
447
3516
461
72
1858
4290
854
2099
5680
371
4633
168
2918
4801
1537
810
628
893
243
1231
1411
3159
3881
936
838
435
407
6
795
345
408
593
1724
409
1220
198
218
198
208
206
198
405
341
982
347
2901
145
246
240
730
631
252
244
620
463
337
793
406
260
557
663
34
2852
2021
400
339
384
400
5120
519
6124
190
168
35
3010
1065
1433
1181
1303
2185
686
1940
741
5642
948
949
1878
994
1298
1147
4564
216
1803
767
959
1386
1167
2573
95
2010
892
2694
4337
4334
249
1013
1325
2375
6914
1478
7908
3269
650
8302
1805
1853
772
3690
2646
98
2600
223
759
1300
1602
2503
55
1095
974
340
2679
515
665
564
2694
1212
1413
338
1578
1168
3148
587
180
856
107
128
109
4548
252
141
1843
2964
2220
3603
5175
2903
8895
536
165
172
172
172
172
172
172
172
172
172
172
162
733
2205
788
6791
2059
1801
1769
4633
1534
1034
1747
251
114
656
2286
2664
1051
1369
3082
144
1935
2766
130
195
2270
407
3107
808
2989
1100
290
1784
882
2597
10346
2208
2311
380
2764
379
1064
3130
591
206
2573
615
1529
1126
1605
821
835
2501
127
419
1346
127
2337
4805
874
195
308
1784
213
506
211
195
553
193
165
4436
2545
1329
1712
399
1405
333
260
975
2479
681
6219
2032
18123
1388
701
2618
168
347
735
54
3346
54
64
54
54
541
524
65
80
5805
80
394
4893
103
101
2281
177
9331
129
5758
1369
182
579
80
1455
492
77
579
596
347
182
2214
1548
2379
2698
2857
28
4306
596
4891
435
1066
552
1577
1201
1994
4261
570
310
556
310
563
556
307
570
847
613
2201
1428
2015
757
561
1342
1258
4951
1267
4853
247
210
1101
2631
440
1021
405
1374
445
1020
302
210
104
66
1187
1147
438
351
762
17
1790
346
1352
8794
106
821
106
106
150
662
318
326
1478
1471
722
625
795
222
5094
169
1822
196
640
609
572
152
152
152
2929
822
493
407
1805
161
571
5632
221
1370
1873
999
2568
1692
165
571
571
165
2524
7721
1818
408
134
374
2513
239
4282
193
155
191
188
188
188
188
188
188
1423
2356
1471
765
99
99
4392
7
6
121
121
2130
808
278
278
278
274
567
278
278
567
553
1892
1892
273
553
1892
1892
553
375
