981
939
939
2535
2250
1929
1836
2373
666
498
6138
750
597
2022
726
834
1068
990
909
780
2409
2505
912
1803
645
2559
2088
1329
600
1563
450
1200
492
1338
1236
1947
1761
522
585
681
2868
1173
2349
1218
2343
1341
1023
546
630
4920
1359
1779
543
2187
1494
591
981
4251
2322
501
852
597
2340
3240
1134
3831
2130
4626
819
1383
1911
1971
237
1752
2778
1017
732
1236
4281
1248
5865
387
1905
855
561
1830
1113
522
2565
1254
3021
2109
2526
2067
1794
903
720
1680
5022
303
3633
375
768
570
1389
2247
4701
1305
927
1539
1506
1008
2376
822
966
2001
3135
2946
246
573
840
405
3909
5451
1452
417
318
996
1134
5280
2472
1245
2061
909
2658
7650
1041
1017
4179
891
768
882
636
1050
480
4350
1971
2610
456
405
1905
2184
2274
1167
1788
1386
13167
909
1224
1224
585
1452
1425
1437
882
1425
1437
1425
1425
1431
1437
882
1437
882
1437
882
1437
1425
1440
1431
1425
1425
1437
1425
1440
1425
1428
885
489
5157
2328
762
4440
723
807
810
810
1251
2349
1059
1200
1854
3060
915
1032
1122
276
10995
2412
510
513
2064
2064
843
2931
2409
777
2154
459
1410
792
6054
552
3543
843
1998
1992
1995
1992
2085
1569
3840
1101
1404
2334
1518
2520
1692
1554
15552
2982
720
996
1080
876
819
237
546
1323
1905
684
1197
429
435
417
438
636
450
843
3648
237
1059
990
441
1746
1320
3087
1272
1662
4926
2313
1902
1575
1992
3108
819
13176
813
813
576
1056
3720
3018
738
738
756
2961
1740
366
2631
3231
1134
1902
1413
1047
2712
1314
360
537
2319
636
696
1047
978
1401
1083
420
789
4314
1725
1563
1809
1005
1221
726
309
2715
762
1248
732
873
1254
474
1254
1995
927
1893
1773
879
1074
1041
450
1179
2031
1119
1062
1026
816
561
192
405
2142
1419
2286
282
1563
186
4986
1515
630
1002
273
2208
6858
1482
1167
747
933
1578
996
774
1197
684
1278
2448
2034
627
1689
3867
900
525
993
1497
4812
1590
393
924
831
1056
1932
813
1368
1188
1722
1029
762
321
1443
627
2109
1266
864
657
486
1692
1740
1119
2595
924
1485
1122
4311
1491
789
1329
3567
624
1074
726
402
1368
1404
1278
855
4815
4758
3651
504
66
1332
1479
1611
1641
603
1401
1050
423
978
492
1530
1449
588
384
807
1293
1488
1326
504
1278
1449
3285
1587
1227
639
582
669
2196
720
1383
1263
1428
1023
2580
3132
10896
561
1797
822
801
813
1002
279
2940
465
3978
3429
2124
4647
3150
2190
1329
606
690
4020
2586
2574
2583
1293
1092
2112
543
2523
2868
2271
498
1308
372
1140
774
2511
2760
1800
576
1191
777
2196
792
612
843
3027
1374
840
333
2262
2742
1506
843
762
1356
1200
312
1548
912
579
321
22668
1209
1983
987
1107
576
906
1209
1554
1404
1095
1593
1428
921
5745
549
1428
2070
1290
1605
1581
1122
1137
927
1008
2088
555
1776
1224
2013
537
7221
339
348
1869
1176
1098
2817
936
534
975
675
2211
600
612
201
1428
948
1479
405
921
3753
660
342
3417
1908
1500
840
807
10299
834
5724
3195
1128
663
2892
1470
618
1119
924
1902
1170
3159
1404
1014
1701
834
1323
2178
627
1422
1941
666
876
3612
1359
2586
1104
3558
1116
1566
1533
1716
438
849
600
978
2367
1869
1425
744
1755
5397
1386
726
288
1983
720
2244
2439
276
1155
1740
1134
534
375
1239
651
987
621
1488
1539
1560
1530
1518
1560
345
996
3867
687
960
1488
1554
2046
1467
1512
1266
1101
1629
1953
507
600
465
1734
2691
2211
3456
660
519
1065
477
4278
2559
2586
939
4938
564
573
696
2235
2280
879
1644
1842
1683
1977
483
441
2892
1029
2388
2025
921
750
435
1287
618
972
627
1623
948
1272
1167
1785
1758
3972
1164
1428
1710
1257
1551
633
963
2079
7863
936
1659
2187
1755
1776
1668
1575
972
2487
996
1656
2187
1509
1641
1530
624
5649
2598
2988
2358
6423
1383
1377
1437
1524
534
1890
1689
2814
954
3825
2076
3465
672
2913
3498
396
2211
2487
540
408
2547
1698
1068
1203
1890
2589
1182
498
219
690
1626
1602
2436
4728
1809
1455
1626
1218
1173
993
1065
1875
1785
2508
3744
4593
990
780
1041
2154
1266
996
2811
888
918
1011
1188
1689
2712
2736
1803
2028
1935
1014
948
1080
1359
1335
2073
4410
2664
1197
309
1086
1050
207
1323
1158
1845
1062
1701
1662
2676
3585
549
702
858
1146
1413
5145
1935
2832
2745
2760
1098
498
1071
498
2955
951
1365
1173
1788
1779
1776
1917
1923
1761
1902
2412
63
2412
2577
1749
1164
3984
4308
1725
2556
2844
1089
879
5379
543
1785
1839
1269
2481
894
1287
1782
690
4368
531
1818
2478
2271
825
6822
3786
1980
888
1962
990
651
792
804
1596
3078
1356
966
2148
1656
1779
4599
978
1473
1974
1446
1008
1449
1101
1785
1155
2220
993
1131
858
1149
1377
5421
1554
1536
1536
1536
1536
1536
1128
1620
2544
1434
1917
1917
1083
1182
1641
2202
1779
2511
2055
1656
2760
375
225
510
3042
1545
8772
1002
1065
2496
726
819
2265
690
1482
1356
1065
1065
2478
657
657
657
657
678
1782
1665
1593
2514
1032
525
2184
1881
2934
1464
276
318
1536
1500
1728
660
2310
801
1251
1416
1173
1431
576
2037
1029
771
393
1044
957
555
894
2475
1968
1920
1176
1728
861
3012
582
1518
402
1503
3198
4446
2289
2409
2424
492
2220
1599
3633
1221
1533
3384
678
2787
2244
570
2397
624
2931
417
666
726
1575
1200
408
1644
1089
3072
753
3585
1056
2640
3066
3489
1743
849
1926
1176
1494
2832
6672
1809
1083
1056
1119
1122
1638
1602
1527
477
2373
7416
648
2829
825
495
450
1380
411
450
495
2013
495
1380
450
495
16938
1368
1560
546
915
1605
987
1887
3006
3504
780
525
1014
1491
657
1176
1281
11388
711
495
4374
819
2694
1602
4281
207
1287
1077
1302
1368
2598
495
8967
750
546
7239
3336
882
11532
495
381
1125
411
312
411
393
312
393
411
381
390
393
414
2229
1275
2130
2532
1713
1230
807
1014
798
396
1158
264
2052
4386
2157
1623
3225
1053
366
858
1185
996
990
2370
168
3879
1143
1038
1410
1362
1074
1026
240
273
1347
2793
684
555
693
1038
1095
1689
1134
3714
2451
1851
1419
795
4233
3612
1173
1626
1398
279
804
1686
1782
1557
1062
744
723
294
318
2715
5832
2355
8553
12186
7176
1488
357
300
279
279
285
288
270
333
333
333
321
300
753
1740
357
357
345
357
357
333
243
288
351
1758
327
240
270
510
270
219
219
219
219
219
222
297
351
939
1026
1122
345
279
282
306
306
273
279
306
306
297
312
315
297
285
747
411
1173
3186
3129
2052
1782
4491
2082
975
1188
441
612
255
5667
858
306
762
3264
840
906
3573
1407
1488
1056
1269
1509
3681
2196
579
2196
1221
1755
240
1764
186
1620
2322
2121
2592
606
717
618
666
279
411
2280
2871
1401
1611
2007
1044
1500
2325
1725
1260
2709
8895
1713
2253
1197
6726
1296
660
1845
1125
2961
552
1806
378
642
1563
1995
2286
945
618
303
1035
3051
1185
1221
420
1638
378
1377
1566
4896
1749
867
1023
2736
4866
417
1062
1428
651
723
1476
1170
2391
3894
3114
1680
4689
1086
1539
2934
1548
2205
1527
1290
1044
2274
213
1008
984
1002
1002
1167
945
939
942
975
978
954
981
942
7260
975
948
960
939
954
1224
1479
342
2358
1032
1197
1011
774
930
930
672
675
453
1305
858
1245
1656
600
3540
870
1272
1140
1182
1842
3063
3090
1191
393
1794
900
3675
2130
402
1566
999
987
1008
732
1008
1968
1098
942
978
900
348
933
3306
1533
1050
465
984
957
504
1698
1434
1182
2514
1392
261
303
927
1047
207
747
510
534
954
1932
765
702
933
1080
1281
1023
2013
2253
1521
786
819
399
1260
1569
2568
1026
906
618
546
1395
1293
1149
1392
942
459
1557
567
786
786
1830
1008
1920
1305
960
3477
2301
495
663
1251
810
4833
2856
384
1590
819
483
1347
345
345
606
912
1131
1203
1530
1494
6675
2493
1119
1833
2562
1119
2067
2379
852
1110
738
2586
1599
1608
1599
1677
8697
243
1515
426
2100
2592
552
894
3765
846
534
552
675
3375
801
534
1830
1035
1938
1512
1395
3402
3156
1086
687
387
3900
300
4077
2196
5376
3885
2352
3183
3843
1203
702
1752
1476
1230
1194
3549
1653
3039
1152
3108
504
1413
1752
9354
2244
1173
849
2091
3573
768
1026
984
6942
1707
1122
822
3231
2226
609
543
963
3813
1962
4830
3582
924
3564
1581
456
2307
1104
1881
516
366
2799
2787
1011
2202
2703
1929
16908
4215
7092
1365
741
1815
2250
2301
708
459
630
480
636
987
1617
495
1596
1269
3408
3696
993
993
1737
813
1710
1986
10434
2730
4221
2328
438
1194
909
357
3921
1626
2688
4947
1860
4437
1086
1737
4872
5622
621
552
11127
2181
897
1554
564
384
582
6495
3126
594
1803
516
1953
1116
1446
561
1083
2904
594
2949
1260
4635
372
1707
1128
918
1131
3624
675
981
1434
1152
1401
477
1131
1149
999
3618
1197
2433
2940
99
279
1869
1161
1221
417
399
3147
2142
4905
1473
2142
3723
3123
768
1617
2790
2130
1887
1053
546
102
1425
1545
1296
1662
732
612
1542
1509
2376
600
1191
519
1275
450
3216
2151
1257
1755
1767
1203
537
534
531
621
1173
2295
1734
1806
1518
1047
759
1794
1146
3279
7470
1710
1134
1158
5685
1431
3519
312
879
1656
810
1404
2271
1725
1071
1482
2970
1662
1674
588
1524
1338
1113
2889
2193
1461
1053
519
546
1785
384
846
825
297
1668
1068
1635
3201
2214
1302
3564
9345
1281
2448
15609
1377
1587
1086
849
1245
714
2418
1458
4539
927
3039
4182
2388
429
1008
1014
1467
1449
2175
1353
5724
921
1236
477
4575
2577
1473
1872
2112
2103
3405
1107
972
2571
420
2286
483
13854
1848
1713
261
1368
2424
1101
963
1101
1356
411
1587
699
1629
3045
426
2841
1347
1944
5265
1578
1260
1254
981
1098
1059
546
792
387
657
1320
1071
26778
1407
1434
411
393
381
708
777
657
813
1134
3471
2217
1770
4575
1716
1575
2217
1431
2073
984
2583
816
555
2352
882
2043
2178
1470
1281
873
2565
5169
2718
573
6414
3111
1011
1473
468
4866
1764
438
1293
3939
903
1584
1503
228
11406
3744
1200
1404
648
954
6435
2685
3798
186
14904
1623
1773
5169
507
1488
1533
1461
1209
1971
3276
2541
1296
444
1611
4755
2142
1440
1596
444
1371
2856
585
549
357
2478
489
6327
1287
1191
2178
1290
6801
1548
1170
1137
1056
1764
3105
954
408
963
954
930
978
924
927
945
945
945
930
969
1461
945
939
987
939
939
963
939
939
939
939
1044
939
936
963
963
939
939
963
927
957
975
957
948
951
948
957
939
951
972
954
936
714
1182
1359
1560
1779
966
1029
477
459
423
1620
2802
4440
3561
1164
2208
540
861
585
816
1176
1095
1326
1350
1086
879
405
5316
1563
3021
603
2055
747
2475
738
1767
1857
1539
477
1170
582
1386
2067
1284
1323
1485
489
609
4167
846
5850
1233
2781
1032
879
7116
2223
1395
972
3480
576
3276
2727
582
1476
1011
1653
801
456
3513
1461
702
933
3195
591
1179
1353
978
13692
5805
2628
4377
780
1515
2166
327
378
975
999
390
621
5094
4326
423
903
3435
822
2454
804
2739
1884
4308
2382
603
2625
2292
1425
3015
1194
2223
5994
606
558
1185
1116
423
1695
846
2070
2661
114
3051
897
957
1218
1254
1239
645
1908
690
6678
1167
570
1077
375
531
2736
1572
1413
1626
1641
1608
723
5250
705
1878
16167
1704
837
1125
1245
2229
198
969
1152
981
4377
984
942
1434
2034
3060
3867
2118
4863
366
318
1131
2010
1659
2055
1608
4002
765
894
300
1851
1386
3075
735
14574
2532
5166
2073
1557
3111
1062
2082
2343
6216
792
1656
912
243
3165
1326
2673
1086
765
1233
1632
1752
1629
1029
717
504
4161
456
2613
4002
1029
2685
894
1512
2922
1482
2946
345
1311
1785
1155
861
1485
5862
4482
948
1056
1956
2022
4185
1440
2058
1917
972
999
876
2988
2214
2613
659
681
618
660
306
1611
441
2577
747
450
945
2805
1293
4083
2784
1296
2343
2208
1437
2100
2088
4524
1557
555
1452
1623
5532
300
1233
864
7095
5877
3579
1761
471
2184
5616
1029
2550
2352
1482
1662
1527
1128
2508
2211
1764
1590
1212
2157
564
10641
3216
2151
1620
573
1194
597
3483
1065
2241
1005
1527
2934
1257
519
2811
945
1599
2274
618
1185
1257
1173
2781
426
1074
759
513
495
1053
468
1536
1182
1941
1275
555
558
1695
2100
765
2886
966
1548
468
666
780
1071
1725
1161
1518
231
738
483
2181
660
1770
987
873
1542
1593
591
1035
531
2046
372
5937
6360
1539
2436
786
873
1023
3975
756
1257
567
1632
2628
1461
12507
684
528
993
2769
1275
1131
834
5388
324
651
1053
3366
3837
1848
1005
1692
1071
810
2514
339
2253
1560
597
780
855
2154
1233
1377
2262
1446
1593
2313
2754
354
1224
459
879
2346
1773
528
501
501
528
2862
1569
1041
12477
1518
135
1146
1767
1314
1833
1146
1047
1008
1188
2277
303
351
462
816
1698
501
1146
438
966
1257
5163
2070
2277
567
855
3966
669
2058
1176
708
633
5271
291
291
5271
780
1473
384
1455
1263
543
3351
936
1041
1308
462
1293
1203
1278
1569
2505
771
945
1341
1341
6360
2406
1353
1296
945
1113
717
1020
6411
1668
2226
789
1785
2637
6174
1047
2328
2124
918
552
2502
2040
945
5748
4062
390
1131
798
1860
5652
3885
2085
2919
225
780
1608
2889
2097
276
1122
750
486
639
585
681
3663
3756
3681
2265
1071
462
720
2475
378
3468
1533
1203
873
1422
4155
1197
1710
1728
1671
1626
1800
2397
2439
1425
690
1503
1191
1119
2583
699
840
1143
447
1278
5277
633
1590
5277
1743
915
891
909
5055
1014
9675
1998
1347
2649
1365
1578
5298
1197
462
2034
171
1197
5298
3258
1743
597
5835
3000
1668
1320
876
3570
5298
1134
3408
333
2040
1368
2238
816
810
657
510
477
474
468
459
534
3171
1353
1188
1227
690
1572
1257
2391
2013
1896
678
1179
1563
864
1497
381
264
573
1323
2523
936
2781
2202
1053
621
1224
4710
1440
4680
882
687
3924
387
501
1782
1614
2349
1860
1386
2460
6429
1026
1020
4011
648
429
933
3174
4668
1236
765
3228
945
2484
477
1353
543
876
1383
3228
672
672
3117
1044
2586
5631
171
588
669
3228
765
477
1353
939
777
1362
426
5730
2226
870
1011
2193
3987
2946
3240
3405
1527
5784
2466
1506
1059
4821
879
1179
795
13800
1398
1428
1377
3645
1542
1311
5184
2424
2874
624
516
891
735
1074
924
834
7419
25578
540
1563
1578
3279
2919
681
1671
330
1506
1797
2184
2823
855
1080
1482
1530
954
1776
3579
324
5586
1431
6507
2115
699
5169
4392
2367
1221
1278
933
2049
3357
2301
543
2283
3078
654
3591
2280
1623
3387
1389
6003
6018
1758
1902
3951
6030
5967
5049
10650
981
1638
1155
1521
675
1068
3966
960
13968
1026
1821
2544
2265
1659
726
1677
1227
630
5667
4026
1197
1311
1785
1359
2301
1224
1563
861
1917
2037
1260
1008
768
987
3222
1311
3036
2403
1353
2346
1191
1455
1353
1275
2613
1512
1374
1380
1518
429
1287
1431
1032
813
1017
1023
1059
873
768
1299
987
792
1137
1818
1977
1998
1998
2802
1425
2805
942
1059
669
903
107976
4593
2091
1461
2727
624
3099
1599
1071
3780
330
1590
2382
978
3387
654
981
3630
20724
1281
3147
2481
1902
1386
915
915
4401
4500
2493
1716
1932
291
4305
1245
462
2799
288
1128
1161
1200
2376
1254
1464
2010
2253
2247
3411
615
1278
1125
2496
12075
1119
4719
3306
2661
303
2769
2982
3915
717
1722
309
678
1506
1782
852
3288
2202
417
1158
948
876
1677
1281
3798
4017
1260
1455
486
1134
1734
1761
297
1443
1569
1440
1269
2745
1257
5463
1227
1914
4974
1308
1725
3546
306
1590
3117
1770
1449
1272
2178
8172
1389
1629
3753
663
672
600
3618
2781
3084
2184
678
1068
7065
2499
546
1737
1557
2133
1125
909
984
657
1080
1758
2286
525
525
528
525
582
1245
6297
1653
5484
9975
687
2964
1293
585
1200
4503
3927
1581
1896
669
2334
7788
1779
7434
645
912
894
2199
1233
2865
279
978
819
168
5520
1716
1083
1053
903
993
1305
1158
936
1164
1653
786
2484
2940
900
2289
5664
1260
1380
3948
3600
1596
1470
1098
1254
1104
717
594
5778
1236
900
1833
1233
1632
774
2529
2520
2181
1965
918
1347
726
975
2940
687
1458
1413
9804
717
1263
1620
2328
1083
5691
1101
3267
3699
2961
1455
1038
1200
1770
1008
2163
513
1854
465
1233
999
1194
1368
2307
606
6561
2160
3729
948
5073
5013
876
690
267
1689
363
303
318
258
1491
318
291
327
291
1248
5103
654
2214
6204
567
1533
2142
2604
1743
2658
1026
804
960
579
888
2862
1446
2457
1206
2133
1281
1188
333
453
795
381
2658
1608
1599
1587
2328
1812
1554
1554
1776
738
720
3900
1083
366
2133
1143
3570
1824
1218
3645
3711
1593
1593
1593
1593
1599
1605
1605
1605
1602
5025
2247
3315
636
606
2892
2574
1047
1401
2469
1089
630
9534
1803
264
639
1923
3156
447
558
1338
3018
1737
1065
1179
675
3768
2076
1008
483
3270
1068
939
996
174
270
1677
3093
531
2178
2019
930
924
888
5376
1179
1344
4962
4242
1146
3972
1083
2640
3807
1086
3165
1281
639
1734
1182
639
723
1566
1197
1455
867
1719
288
3675
3087
3081
1263
1305
1329
2151
1125
2055
8277
1239
561
1974
2748
1098
1128
456
1170
1488
3300
1524
4329
744
1953
1662
3663
1038
1113
1299
507
2448
1032
717
552
2004
2163
1263
2946
786
4356
534
228
642
1878
2286
354
969
3732
1899
1800
1464
2112
891
1014
1749
675
1428
1398
672
1251
1947
702
3711
408
3345
5664
1044
3696
1050
429
1203
2823
309
1863
3132
1404
2715
4389
1791
522
2355
2442
1368
855
807
1368
1737
1572
3252
1920
249
939
1737
888
3384
2454
2292
3324
2502
648
1893
2499
1584
1188
606
582
579
615
1740
1386
1347
4881
1965
1380
780
3348
3780
2118
321
1179
1071
1314
1704
1566
2481
2295
1899
1056
522
528
552
1572
2235
2607
1083
2034
1362
1206
1890
1272
1623
4521
2607
2544
1209
2454
8910
1824
2271
2166
6693
3108
831
2571
2271
5268
1275
891
1584
1656
1785
1611
1539
1107
6048
5871
5376
2034
1323
3942
1770
5532
1068
1068
915
888
552
2580
342
1590
648
1731
1269
1320
2346
3828
2862
348
441
1374
912
234
4389
2244
1866
1515
2148
282
1155
1506
1281
387
1728
1743
2298
1983
1050
5079
1491
3096
2265
996
3090
1584
1635
816
465
4167
480
2055
900
876
609
2511
903
2712
2031
1764
1779
900
1110
4437
1029
1002
1068
1068
1083
1059
1035
2133
699
1116
567
252
2862
471
1158
588
1782
501
8265
7695
2373
1725
4911
3840
801
1620
3318
3585
6891
1575
513
1095
561
294
1395
6408
1236
195
2376
945
723
1410
339
8835
1443
480
2280
9939
2169
1281
1215
906
1482
1509
3366
1632
555
1545
2331
2328
4155
5397
1404
1065
615
1785
804
2892
612
582
312
1212
642
2688
11781
2199
2178
3945
1515
1083
1326
2367
858
3039
1410
1506
4203
1668
3372
2448
2358
1053
1515
1068
2250
495
1329
1254
861
1308
1422
333
1023
1323
1143
669
1056
3432
489
1017
777
1149
6093
549
2673
4524
4404
942
2619
441
465
495
447
618
1428
1602
1107
1212
633
816
1227
480
1260
1224
1923
3099
1050
1380
942
1572
12798
2190
1146
2349
486
4515
7713
1674
213
5115
1650
1116
309
2526
2736
2673
2793
249
885
2601
1626
2031
1872
1749
6486
1785
1509
1875
285
3276
1038
1143
2874
2847
5013
1581
573
2220
558
2130
1764
11883
1830
543
1827
2529
7809
918
1014
375
507
1737
1080
714
2046
435
675
2445
444
4338
387
1380
4062
858
444
879
615
2679
1170
2535
5808
4389
825
3282
1806
1299
402
423
1584
3282
1392
567
1683
3105
1581
570
2034
675
1128
390
1734
1332
1254
819
3201
3087
849
2745
4422
4956
2109
1215
981
642
876
1101
504
78
3387
990
2205
2952
2031
1287
885
564
1023
3393
561
8913
1398
1404
930
942
933
942
930
930
966
966
927
951
762
1083
1365
996
2328
2235
840
3573
2100
831
1827
537
828
2394
1203
5361
3726
3153
1212
537
3162
474
2598
1680
2157
1248
1752
2949
987
2826
972
1290
1245
5781
2718
3627
336
561
630
2955
273
897
915
1650
1710
657
1026
3762
921
600
2532
654
537
3534
810
870
945
1275
2853
753
1047
855
1704
3348
5565
2568
2484
6738
510
1854
1989
1308
2811
1248
1203
822
735
2226
717
1017
1296
1611
783
1035
4335
1467
1179
858
867
1074
1371
1107
192
2304
1305
1263
2445
1116
927
390
1338
711
1320
3489
7773
948
2130
1461
9795
1797
783
2190
1641
990
3237
297
435
465
993
1617
2460
2223
2037
5406
1467
1437
3456
1560
924
3786
765
5745
2718
639
8961
1443
2400
1539
4146
2145
2385
1353
2244
639
1464
2709
1251
1836
2577
2031
1026
426
1932
708
5691
729
633
1122
2715
1818
1437
942
1872
1431
1371
1791
699
1443
1824
624
1866
3315
1800
534
639
858
534
2625
1065
642
1719
1725
3726
1047
1041
5778
1962
729
648
7845
6792
4077
2760
2040
1938
588
1047
1674
1161
6732
2343
1053
1215
3993
1728
1248
777
4569
2097
816
627
1932
1824
2343
225
2112
1986
2955
3453
1734
1620
3777
1239
1134
936
723
786
2304
1023
1635
2022
993
627
2661
1794
606
3213
1131
528
801
798
789
1083
2721
405
594
759
2868
2172
936
822
1443
3588
2550
342
1662
840
1341
1590
5085
7935
1890
2382
1248
1134
3090
1593
1938
1293
2277
990
675
957
816
1005
1344
1080
1254
1254
1053
3030
3015
3198
606
609
609
1203
600
1635
1146
423
2271
201
1758
588
1992
975
1383
699
6543
960
1017
1077
1065
1029
7872
1206
1200
1005
1149
1122
552
2616
3027
2196
2253
108
5058
885
1650
2082
1260
558
1974
2079
1581
2502
1146
960
1005
852
2256
669
885
1398
339
1464
660
744
2334
3867
1212
1566
579
1083
996
1512
231
1434
5484
2934
1809
2520
1218
3150
639
1233
2091
3720
1119
1833
1395
1683
1659
1341
1200
1017
2988
1791
2055
624
2316
369
462
1575
4083
3225
585
3615
1101
846
1227
2745
1710
2532
2388
1545
708
870
3207
828
1458
2226
1023
1290
753
570
2592
1881
2313
2826
1866
351
954
3534
780
2178
1251
3345
1137
1866
1803
4269
600
1140
4314
1215
1344
1371
2166
2151
1308
2130
3729
1317
768
240
2298
2727
4800
1101
2697
453
1062
2868
2997
924
4287
753
2172
2901
795
1356
1770
1800
867
1533
2376
537
1674
1077
1104
1149
1578
1935
1224
1092
735
1221
156
792
2187
741
351
678
2121
1839
828
2043
2127
708
636
441
1713
1005
402
360
1449
294
546
1476
507
3657
3591
3048
843
1638
1746
1683
3771
1287
1977
1272
1182
2337
618
570
2130
16239
3168
2283
930
1023
1104
429
630
1470
1716
645
1077
861
2079
492
777
1575
2268
471
300
1740
2217
2682
1032
2919
957
2334
1332
333
2055
1947
1437
1758
1425
2772
2952
1158
2565
210
522
1680
729
405
3936
1515
2829
2106
1962
1515
894
996
1290
1191
2130
1347
1197
813
1089
2517
2421
2220
4098
1587
288
909
2703
1812
630
2664
1941
573
4548
1290
1686
2400
1368
2574
1737
9429
837
4344
1968
1515
1074
1389
1839
498
1140
2298
558
1008
912
411
1245
3927
2979
2061
4527
2496
138
2673
1344
3030
384
360
288
384
654
4188
2082
1668
1263
654
3480
1566
2445
1938
4011
1362
2103
2274
1092
1959
1047
1395
1593
1593
1593
1593
1662
1593
1593
1593
1593
1593
1593
1593
1593
1593
1593
1593
1593
1593
1593
213
1623
1434
1821
3225
1287
924
666
1002
9156
3105
870
4863
2076
1974
957
903
705
672
2598
1704
1122
735
699
1560
537
3183
651
3048
5616
4590
747
753
3966
2397
2388
723
1608
1638
1506
1446
1542
2427
2073
3399
204
1464
1287
1581
2241
3768
5115
2721
5229
945
816
1839
3789
576
1038
2436
2361
2391
1692
891
2130
4029
3444
3135
579
1119
1485
300
603
4014
5313
576
1440
1782
2157
2280
672
4404
945
744
1191
1707
1605
717
3495
873
1422
771
2010
831
1398
1356
246
1665
1425
552
4281
3129
2736
2061
1233
1584
1896
1746
1314
1275
9042
738
465
2100
879
2643
957
1617
1101
1692
747
2055
1785
2187
498
915
3270
2931
4071
957
975
2541
726
525
519
2685
3423
3702
3297
1554
1278
2016
798
1398
276
405
3294
2097
3525
849
4632
1092
3051
2832
888
3159
987
1257
1257
1317
1251
2184
1272
1593
1593
1587
1584
1590
1590
1590
1587
1584
1611
891
885
558
681
189
156
174
660
840
258
549
1188
405
240
747
1134
630
1344
3429
480
1440
1863
1443
651
783
3240
1425
1263
3618
1005
7812
1830
1830
1800
1014
300
345
315
324
306
387
345
324
324
1044
465
510
759
537
933
786
669
393
1713
1449
2889
2262
1080
2064
378
1170
297
285
1524
1437
1182
1077
3354
5991
2382
1290
1134
1035
330
1668
978
12039
972
3486
936
690
1662
1467
2070
807
702
1419
2289
1422
1068
1263
786
750
993
3663
2712
2250
1221
348
1116
1632
3306
429
1230
1305
1104
1386
10581
2247
1395
7458
1134
354
3657
1863
903
903
1053
240
1995
3906
1542
954
1578
945
2907
1968
1119
3069
3075
216
345
3153
549
3072
1578
2331
423
3687
2703
3024
1065
3081
600
1791
1509
2796
1167
1380
1824
807
654
1161
1125
1143
1128
1128
1128
1128
1125
1080
1020
2685
5382
843
375
1140
387
582
786
1566
2358
1383
2910
2640
444
408
1548
1614
738
8106
1398
1104
6009
1005
2334
1389
1902
1698
2682
939
654
780
1875
1098
1635
945
1200
354
450
1500
1965
3807
1011
882
570
1752
654
1014
2040
3624
798
2874
975
399
909
555
3735
819
6315
1749
11874
1602
1800
1626
2619
1110
2622
2628
1371
3099
3786
795
3222
201
399
2628
618
1893
1707
978
1296
963
192
1320
1299
2148
2766
15282
1731
462
489
2133
468
951
2682
960
4290
14952
2829
948
2520
2913
1557
1395
2745
672
2529
2067
600
3123
1113
3408
1506
1296
1782
723
231
2601
690
1101
444
3417
249
1833
1125
882
924
3801
1317
963
489
2775
3129
2085
3159
6420
237
276
453
2103
558
1800
3345
1398
1257
609
3246
243
1581
1023
1230
1428
1284
1317
2538
2361
2955
1506
2301
8559
1080
795
3144
987
3123
1674
2124
552
1539
1122
3432
2316
618
4833
2355
987
888
10116
1545
1476
1935
1362
693
1602
1146
1944
2073
1860
1518
1221
966
1038
1494
2652
1560
1038
2274
342
1854
1113
3345
561
4983
2544
1485
1155
1338
1881
612
1638
216
165
1416
1416
1407
816
1782
1662
882
1431
3042
1302
975
5139
5121
3372
714
2667
3861
2457
1041
1230
1278
1806
1974
630
663
297
654
960
1173
801
1395
2463
837
3852
918
990
543
1260
1818
1041
8100
537
3579
663
663
1743
843
567
3402
2781
1323
1050
834
1683
1257
2097
729
897
1599
3015
1044
477
1410
930
2502
1095
3903
2715
2319
1578
1917
1878
1053
13767
933
1314
1407
777
840
1275
4884
1545
783
1995
576
2094
2238
2505
1944
660
1116
1239
1794
1299
1356
3252
1905
1887
3399
1617
1863
1605
312
375
1560
1416
1443
3675
6801
408
486
2304
780
2379
3276
444
2097
1989
3225
900
702
1626
738
2733
693
1485
309
3678
13875
9294
1071
1059
1479
1476
1209
1434
1494
6177
684
444
597
597
597
597
597
597
597
597
597
597
594
597
594
411
2373
2385
2685
2367
2370
2373
4125
1329
8520
897
2244
3225
384
1626
2172
4785
1410
1593
1149
960
2943
1086
849
1062
1596
1545
1869
5469
1380
627
1572
1572
2088
1275
1329
1398
1629
8415
9756
4176
1965
636
3030
3294
2940
5127
2490
1680
2313
1467
789
1680
294
3114
2532
4758
2805
966
1563
885
1164
1917
765
1146
582
1872
1311
1563
384
648
1917
1440
3261
627
1320
2673
984
2565
1050
3540
1158
3546
567
1035
528
615
453
1875
555
795
789
1560
630
1158
1053
4110
3129
855
1686
2175
2295
2757
1845
4539
900
1653
1422
1131
2058
474
684
2430
1590
846
1191
510
225
3648
2235
942
2928
1869
1269
1779
774
483
468
1419
3354
810
1941
1725
1254
753
915
2115
4239
1875
7872
1986
2175
2298
1302
744
312
1041
1536
519
795
2013
1677
1569
1188
333
885
189
885
4212
1188
7875
1692
351
7407
1245
1167
2235
2697
2433
975
732
1398
621
942
1557
5118
1770
1671
2340
783
2013
1362
5793
2667
1875
2613
1587
1728
2184
4728
1125
1278
1194
300
969
2145
705
2658
1380
978
327
3285
1017
687
1602
2601
1092
1221
2967
1065
1455
12210
939
2886
1386
1293
4620
831
1545
564
3414
3714
1260
816
1668
1110
663
432
219
1005
10191
1065
1443
192
3144
972
1464
1422
504
840
672
921
18921
1245
1272
1251
987
3828
3177
3000
1359
4695
1611
1305
633
765
1836
321
1923
2376
2262
2826
2883
3078
849
1659
1314
5133
573
1080
2175
2160
2922
1569
3732
621
1389
687
2106
2469
2127
3435
1974
1257
480
2688
1422
618
207
2061
8532
435
570
1263
3060
1104
4293
2376
2151
1134
1590
1854
708
675
603
423
582
2973
459
609
3093
897
9147
597
2211
993
915
729
1290
1254
1095
327
2760
1560
510
639
1788
2961
1371
4539
1299
1620
1185
405
1761
762
348
3423
1338
246
822
3639
8739
1860
897
3642
573
2649
381
315
255
4806
3501
1122
2169
459
435
1602
993
1656
1674
978
405
3939
441
462
2181
1110
1452
1650
2559
1365
249
234
3492
579
2523
2529
798
852
1155
492
930
1779
459
351
2505
597
3282
891
3099
567
1083
393
1197
945
1119
735
486
714
300
936
435
456
2052
1398
312
2589
1320
1764
918
1497
1875
2814
1110
639
3708
2673
1794
1203
1422
1179
5286
765
1632
1314
2040
2721
1551
1386
2544
384
1797
570
3048
618
1077
618
399
1140
444
969
2316
2553
969
162
294
369
627
2880
7629
303
675
1461
975
1482
1128
300
1674
1152
1062
1530
1521
600
2853
2847
2853
2844
2811
2853
2814
2853
2853
2847
2850
2826
2853
2892
3024
2457
2397
2391
2388
2388
2385
2382
2406
2331
2394
2403
2394
2388
2397
2397
2364
906
1050
2796
2799
2799
2784
2889
2796
2796
2790
2799
2799
2772
2799
2772
2799
2793
2811
2790
2808
2799
2805
2817
2835
3819
1287
912
2073
4635
3714
1548
3555
1425
870
666
900
468
2280
2334
126
774
1287
534
747
2190
534
3531
3183
1017
3348
1260
1332
1191
2055
2463
240
282
264
3195
294
243
858
285
258
261
3567
1167
1242
3867
2052
2307
678
1485
543
1014
2028
3072
2583
2220
1566
3879
2919
3321
798
1911
1470
1710
4470
891
456
2649
2712
756
1263
1383
183
546
1815
681
1911
2022
891
582
1413
1452
1431
13050
912
207
1401
1350
1248
2721
1518
1089
1812
552
648
3291
1002
879
4527
621
3705
873
618
1137
1095
906
702
1818
1863
3762
675
1215
2757
2262
480
897
1083
1878
1776
1992
957
987
1563
879
2268
387
1164
858
1785
1761
609
4386
1539
1362
1371
1428
888
474
2178
1005
8325
3342
1983
1005
1113
4572
1818
5493
1608
1137
246
1602
651
576
1323
3267
876
885
624
519
1692
2907
594
705
2736
1668
1104
873
438
246
1920
687
975
909
558
2190
531
516
804
1341
969
1269
405
1056
2676
918
735
537
321
690
1338
1299
3933
3027
405
729
990
2529
2772
2160
885
2409
8091
612
660
621
1071
1701
1920
414
1848
1731
825
2088
1374
1323
1869
2469
708
984
933
681
1635
1182
462
1581
999
1353
1623
1446
642
1818
1839
1386
1569
2634
1692
1665
3636
2127
1350
729
1779
3051
453
1647
1323
1032
3702
1260
1401
1275
2049
1674
315
4092
936
1338
2703
1503
1401
1608
948
948
1536
1893
954
864
939
618
1356
2775
837
1212
1335
1662
1119
1167
1998
1140
1131
1131
696
2016
876
1338
1338
372
2061
696
978
3024
1527
1185
1635
1092
276
1077
1356
429
2199
489
5229
861
2520
1707
8616
1020
1542
1299
564
525
1110
1320
1209
459
1179
339
345
1947
1521
2439
891
276
1617
2505
399
693
8157
639
1743
882
1173
933
774
2190
1080
744
618
3741
1056
1338
1038
2448
90
831
711
1434
1242
4428
5418
1188
738
2469
1128
912
486
1488
1398
1740
1425
684
756
588
1431
1332
2523
1608
3219
1089
423
690
630
693
3144
4116
831
1404
396
384
1494
1497
1437
1398
648
411
312
312
411
393
381
411
642
1047
312
624
381
393
660
381
381
312
411
393
381
312
381
393
411
666
312
297
411
381
411
381
312
1005
1572
1542
1755
1584
1581
273
819
1209
381
393
381
312
387
1545
3108
1077
2256
381
393
411
387
381
312
312
393
381
393
681
411
312
411
393
381
1074
942
1458
1047
1737
1185
1638
1209
1440
2430
1221
1617
1836
1170
666
666
3978
1542
2001
963
942
939
936
939
966
966
951
924
948
939
951
1137
948
498
939
2886
744
1611
1329
1017
1098
381
381
1059
1278
777
1446
1398
1620
1467
465
1077
1824
567
2538
2823
777
1266
1491
3126
1842
789
6270
1335
1284
471
2742
1389
3192
237
4182
1701
5322
978
459
1590
411
2616
1038
1083
1101
1089
999
1152
360
1287
357
1146
618
702
735
294
606
444
6474
3489
567
885
1071
648
606
453
1677
894
402
378
726
858
726
2505
537
2676
3795
288
1926
1926
1926
1248
2133
3633
2259
1380
2295
1143
3741
1191
765
5235
5235
1488
12735
2112
1050
921
909
882
852
543
1215
1293
483
6012
1686
1449
765
801
801
768
786
768
795
822
2061
831
2247
660
792
786
2406
753
783
777
5211
1602
1410
786
1221
2172
459
1137
1833
390
2334
1347
1905
2223
240
2022
1704
540
4032
1422
636
8016
381
1233
1512
348
2739
324
309
519
498
1335
1008
897
480
4323
636
3405
1512
2982
1713
1896
1326
1611
654
1308
1629
1374
1023
303
366
339
660
1968
2913
1083
1098
3618
1719
1959
1026
405
1260
1398
495
495
3066
1782
501
1044
1392
1170
1968
942
636
513
1518
1458
2508
294
2868
684
1839
555
14124
1392
552
1500
999
885
2445
3207
1911
2370
1557
513
675
459
1044
936
693
966
603
705
831
2043
741
1431
1167
1479
1155
225
2067
639
1314
879
933
3567
339
606
603
606
3639
5268
1041
1041
3240
768
306
846
837
888
2943
1809
558
1149
780
5097
918
1860
3213
1527
7554
525
3966
1647
615
6840
4479
1152
1674
951
1053
1041
3615
2142
1809
825
831
591
1188
438
2499
2220
255
1371
2175
1299
1086
1701
1506
2958
903
2409
954
1566
756
1362
1434
732
1410
972
6291
1326
591
2241
4041
2733
1968
1920
2088
1065
2532
2253
807
867
735
1230
732
777
1254
750
210
249
204
285
1359
1383
12225
468
492
2427
1065
1923
1113
300
669
669
669
669
669
1899
120
1314
72
1311
900
1914
1905
1575
2982
1431
3036
1335
1185
1023
1365
2874
23457
840
2364
3186
636
714
1530
1050
327
1530
522
135
6120
9435
2418
4569
78
1623
3429
2766
4548
327
1404
972
1356
5079
2799
387
495
351
654
450
1947
1569
2079
1389
1488
4338
9192
252
1086
3642
3339
3858
2394
1173
1158
783
5466
393
2094
324
945
2574
1179
1329
4062
1263
1170
7398
1629
879
1719
1242
2724
387
1566
618
4212
1824
1725
2841
1872
1098
351
8172
672
294
990
1869
1014
1737
2136
612
885
1419
1794
984
1311
786
1440
1398
957
1203
2184
267
16791
1632
2526
1821
2997
1389
1080
2385
855
1260
528
1863
3732
1332
1866
1230
1110
2418
294
2445
852
2124
1023
2301
6609
2727
2730
753
1083
876
2133
2478
828
6396
1191
1587
243
723
2487
1200
2622
1245
2283
1005
1158
489
1446
2022
2604
1656
1383
594
936
1272
3204
2094
5736
2724
1089
1680
1740
1101
1026
1734
1509
1005
642
921
1548
1557
9393
1698
1614
1065
1428
243
5472
792
999
1467
1041
1518
1368
2043
1245
2877
1314
948
546
930
945
732
2151
1737
1620
489
2781
2787
954
7026
2148
1389
882
1227
2418
159
3432
615
3423
1962
3774
1149
1611
1362
237
399
1362
984
2190
627
1629
615
615
1014
2829
549
1392
267
819
1080
906
2085
2844
993
1926
4323
9369
1992
387
2343
1563
1476
324
3018
1047
969
4107
2628
933
2334
2778
1050
1842
786
1047
1029
1038
1014
1056
1020
1542
1563
1371
399
1920
540
561
129
1854
1581
1464
2055
2286
3591
1353
1158
2763
2250
4125
972
1251
1662
792
1470
819
2373
582
6534
408
459
618
4821
555
2715
2391
246
1632
2055
813
1173
618
924
3753
7341
717
576
1122
1404
1938
1428
669
1392
261
864
10302
996
2238
5052
3585
678
5004
3456
522
3744
1221
2082
288
1584
1479
993
1476
3393
1143
684
1503
792
1005
741
735
741
735
498
870
4158
2937
5349
1545
1350
1326
2148
1788
26394
708
513
1344
1143
633
1203
1317
1668
3816
5106
1041
660
1707
7119
426
1467
1788
4491
1965
216
4632
1428
342
1833
1761
1257
2196
5685
669
1191
1194
1671
543
1596
978
7476
1665
1668
1671
6123
2433
4827
1137
1398
774
1026
1410
3168
1311
888
480
330
2202
357
771
1200
1125
960
1374
1779
5496
1155
1650
2325
1341
3519
2688
576
1497
597
2037
2172
2733
726
1020
1035
1755
702
591
1146
2568
2358
984
1125
273
585
1473
1002
1128
438
1596
2715
6573
471
1242
369
2487
2157
741
471
1398
2445
1245
435
1140
2466
2088
1572
1497
1146
3465
6642
2202
2424
3228
1914
741
2145
1365
1593
8907
2157
1128
1482
2772
330
1449
2613
2589
963
1893
1257
3951
1200
780
207
579
2019
639
3636
1035
1350
1980
3015
2094
2613
1449
1092
3378
2628
366
414
1644
1452
816
246
2847
4974
825
4773
771
2148
603
1434
2412
1338
915
1356
621
864
1326
1260
615
528
501
2547
2874
957
3210
609
501
1017
540
2559
2310
3774
1527
2355
13551
1365
2652
795
639
168
1566
1761
1272
1683
705
1740
849
423
897
3060
294
1623
1491
2664
318
1773
591
2085
1026
552
606
1080
1008
1131
1332
963
813
702
693
819
1233
942
1167
1224
1011
2370
732
1527
2436
1431
1407
390
1452
1245
636
1560
396
729
2862
567
2220
1236
792
2274
810
1272
1407
1014
3135
2130
468
276
1947
1872
1713
996
666
2664
2058
1116
2247
1344
1221
1314
1710
1554
3375
1728
2184
918
1767
1041
675
705
177
2088
2565
2163
681
621
4539
540
1317
1281
4743
1266
705
567
4821
1245
441
891
504
2796
444
1131
1293
762
1485
3477
1410
528
1398
597
2001
1086
3999
1644
684
3072
2763
498
387
939
3057
1335
4689
1896
447
3360
564
780
876
4338
8550
843
1074
888
933
15177
1344
978
1056
1317
1560
2025
1443
1785
3786
891
723
207
3633
1353
519
1299
1332
393
861
678
1596
906
1164
456
294
1575
1488
1155
1500
1239
1236
1284
1593
2559
960
1710
1452
1815
1761
531
1956
1395
447
1113
870
1476
945
753
2199
1209
3780
1797
786
2007
3750
753
798
798
798
798
1401
1464
984
1776
4452
609
1344
2559
756
681
846
867
921
663
630
738
798
2175
1944
747
732
1065
3141
2835
2997
1173
2850
798
990
1395
2850
798
798
798
753
2964
1209
3114
285
360
1095
2034
1032
942
1017
1962
618
744
1728
1275
1869
831
1059
564
798
1059
2868
1320
2565
2343
2541
402
2256
4368
1065
1065
1419
2256
2187
3276
15429
2328
2316
2334
2640
3090
2283
357
1839
3840
3843
1371
1017
2025
2895
597
1380
4050
762
1020
1473
2826
420
1164
735
465
1410
1944
1200
11724
1530
2583
2211
3270
810
1617
3852
1104
744
981
4770
4755
1389
2895
1425
708
225
222
357
4101
2394
1314
4125
1068
1065
1065
1281
1236
1887
2028
213
882
870
378
390
1686
330
4512
570
3498
378
1536
1296
1272
11622
2196
1551
1113
1119
546
435
2103
810
285
1278
1686
2520
1722
1476
666
1635
1509
1512
1512
1512
972
1425
840
897
1692
1422
1341
984
2160
1362
2034
747
801
300
1743
1461
1740
3681
921
1650
684
912
1950
2070
762
621
1188
2526
1446
894
2052
1743
1350
708
2406
1281
1023
3108
423
582
8439
2964
2745
1431
2631
429
1845
9972
16008
13482
2268
1209
477
1848
1110
1026
2217
465
687
459
558
1326
681
4518
1899
1209
555
765
909
1944
354
2412
792
1209
348
2412
792
1209
348
1179
2478
1326
1032
1182
1470
1866
1302
2235
10383
1308
711
5577
2100
1986
2379
384
2586
2658
726
1476
708
3309
1257
1545
2490
1302
954
726
2343
1476
2295
1530
5361
5286
3915
2349
1188
672
528
2127
5928
1353
1356
159
396
2094
1218
1113
180
3369
2148
741
1044
1266
489
537
4173
861
1734
1083
1428
4443
4992
291
765
1893
918
1257
3081
1098
684
6948
2781
1428
3891
1131
918
876
1788
2376
351
1767
1644
1518
1446
1530
1143
585
1842
1905
2727
1995
2328
543
1497
1056
2733
1962
504
2280
2700
1800
192
1137
903
1029
948
1038
3465
8178
360
531
4887
1545
2772
852
2364
1836
2505
198
1512
552
1509
1329
1686
735
1260
1266
1311
1260
1122
1008
2616
828
972
2208
1677
5685
684
2925
2478
996
951
951
1035
780
2382
2763
474
558
2244
1140
2142
6039
144
1884
522
357
1401
507
3174
1563
981
3153
1479
2523
324
5853
903
2709
1665
4044
1179
342
1230
645
3597
1602
2106
2826
1485
654
1449
3030
1881
318
2301
321
885
1269
1368
1704
447
951
900
900
708
945
567
1002
8262
7548
726
744
744
3069
2298
2190
369
2199
933
942
441
1017
972
681
651
1359
2967
1083
1719
2931
957
924
2334
2760
2334
2766
954
954
936
936
933
933
957
933
2334
1455
933
933
2334
933
4794
2076
732
3996
534
2331
2256
1938
2349
2259
1929
2016
1488
1641
2496
1983
3195
1788
3510
246
633
780
492
1875
1614
612
1998
903
990
879
1014
921
924
813
708
2256
3480
3612
2775
2157
1596
879
3726
51
1650
741
2736
1092
1404
2457
369
1872
2319
1452
1848
1131
549
555
1710
1332
1827
14736
843
1257
2598
3210
1074
834
1002
438
3513
1389
1089
1473
2583
1206
3252
981
3048
3432
2601
3201
1317
939
1515
1077
558
1332
3168
861
4035
1872
4398
10695
2508
1488
1095
2061
207
303
294
285
285
285
285
1395
1395
1395
1395
1395
264
1593
1593
903
195
204
402
219
198
237
213
840
1395
1395
1395
1395
1395
1395
1395
1395
1395
1395
1395
840
213
237
198
219
402
204
195
903
1593
1593
1395
1395
1395
4221
879
3159
1050
858
3984
708
1059
7203
885
1167
987
1926
1650
1017
645
1518
1332
999
1254
1020
237
234
201
240
903
1593
1593
891
240
993
2322
1365
4587
960
939
1047
1356
636
1593
1104
858
1194
1983
1977
1128
3813
939
6075
1188
873
873
3144
1365
1599
2133
1428
1578
1536
1791
1395
1239
3264
645
651
1218
2232
972
3570
105
774
1647
576
2961
993
1197
2922
1479
1539
2016
1059
1098
2772
762
1164
684
2184
1323
780
1161
1407
1362
1323
2325
1851
1017
705
906
744
2328
1413
2265
2751
1632
5613
279
1170
3072
1728
1344
660
1095
2034
1401
651
1482
3030
1590
1668
1350
1821
627
1806
969
1488
2391
1644
531
1542
879
2001
2760
1977
1263
5481
1185
1020
396
1308
573
591
876
288
1569
813
930
9519
1044
4299
1923
189
1440
903
1527
468
636
2862
3450
1773
1020
828
4017
1260
3852
1266
1227
357
1887
858
402
1374
2136
795
4314
1476
2469
2418
1278
1431
645
2460
2364
2220
2208
1212
1224
321
690
945
414
672
1371
798
5643
6015
1257
1689
2271
1008
675
852
1959
324
1377
1485
642
777
2157
1140
1053
1908
2748
810
12387
2592
438
636
807
255
1554
4392
1074
3144
390
4785
987
1143
1452
726
906
693
891
1245
6471
1953
975
2562
1539
360
1041
1503
258
930
804
1080
1113
996
1515
897
2754
1581
873
639
8994
1065
2277
657
957
837
1758
1146
1521
849
1002
1449
600
1647
591
1098
1404
624
2259
3669
1491
2046
504
816
1005
3681
5550
1314
4821
1617
2616
2547
1716
4395
1125
867
1122
1779
621
3360
2736
1320
795
486
747
1026
1713
456
339
783
483
1986
1077
777
1503
1368
10851
918
231
978
534
540
915
564
624
2616
1239
1299
408
399
399
399
423
834
1317
807
702
1035
876
3099
1041
303
789
786
783
783
1158
1053
1413
2769
945
1614
2430
1311
1188
1824
1623
1650
2265
1008
786
1143
1056
354
774
882
1044
1971
1815
261
870
3006
2988
1614
2499
891
2733
900
5439
2046
2172
2988
1215
1002
723
750
624
1368
336
1254
1422
606
1419
1254
1749
681
2871
348
1125
414
3075
1152
1476
1434
939
11994
228
3795
2127
177
2781
2517
687
1323
1911
738
231
1878
582
1056
8400
753
1443
1347
1149
438
2121
732
948
1338
4824
1413
1560
2580
3456
2622
1146
1497
732
1338
894
918
1197
1752
306
12732
642
1992
1503
11124
3885
1059
750
1896
468
1110
537
2241
606
1206
834
531
1074
2592
3600
1182
1230
5391
537
2715
1617
1659
2514
756
3201
1305
1143
2622
4173
618
1068
1746
951
2517
5574
723
1347
1995
894
540
2268
1590
1725
3480
744
1119
933
1080
1365
1527
975
3390
3756
2466
1434
1596
2619
1401
888
3054
8307
831
1104
1185
1023
3732
1041
4221
4881
1125
3447
396
2580
3291
3837
2427
1077
522
579
1542
4755
1191
1707
345
498
627
312
378
294
351
387
477
1512
1512
396
405
417
486
555
597
1131
1125
1806
2013
1062
2847
1455
2160
1617
1944
1929
825
966
1491
1116
1320
1635
3540
1683
4968
1680
1506
15267
13644
3078
1116
1776
3867
738
1866
978
1164
771
4869
1173
4926
2241
606
1590
1467
1047
708
1620
1338
1743
4332
1944
666
4137
1215
579
2376
1098
1587
1491
1239
3627
1482
1542
651
3345
2016
1620
774
1479
2061
675
1668
2049
690
1398
1320
1188
6300
4059
1122
1419
1686
4773
2622
1638
1947
2250
2793
1575
1179
888
1014
684
1122
3399
642
420
558
558
444
873
822
4272
2715
6312
357
3318
813
411
2409
3063
3171
339
5739
1614
687
6213
1485
798
804
6540
1851
1236
1593
3981
3300
4221
1059
5289
1425
942
2868
1314
5877
750
828
1986
1707
5406
699
564
588
570
570
570
570
570
570
570
570
1854
570
573
567
570
570
627
852
471
417
1515
1080
720
630
1086
2388
1803
1113
3375
885
651
624
1446
1821
2670
2778
3138
168
387
5481
708
1029
1194
1542
1197
261
1038
660
3363
1029
879
3441
3342
744
717
3360
1362
1509
4107
444
2145
789
558
2100
231
1119
492
561
1239
672
1140
1269
339
264
1203
297
405
4008
627
1263
3240
2421
1869
3270
1071
1617
13023
4551
828
1881
1080
591
852
1008
1380
855
7626
1116
2784
1176
420
3144
1458
492
1209
2775
939
348
228
960
2916
465
1767
657
2169
1548
1956
1176
1632
987
2034
1260
2871
156
4737
951
828
1680
894
1530
1554
837
2979
237
3867
4044
1254
1188
3867
4032
4044
4044
1251
1188
1251
3180
4044
2472
1188
1254
1704
513
1623
864
1056
633
3573
1812
2514
1209
690
2061
3306
735
5160
4152
867
474
420
1365
642
2283
1506
1041
1380
6069
585
1230
600
645
5664
468
1287
9267
1299
9525
1068
1080
2118
1113
2322
2313
2754
2754
4731
2223
1794
564
1770
1101
4206
1026
1395
1878
2076
2517
3681
2178
1206
288
390
4488
1038
4293
1002
4338
3567
234
1041
3405
789
471
1137
1785
240
2565
2589
480
600
1908
1020
1389
2832
1422
3789
3504
867
897
1266
2100
1476
2568
2559
2178
768
552
459
6654
771
3357
3291
765
2427
1812
2271
1521
1020
1017
2460
1677
4344
4653
933
1014
1053
1242
1497
681
2052
2100
2226
1005
4974
3297
1080
1551
2373
822
1122
1326
1455
756
1329
1080
1578
2787
2826
2616
1746
4167
1512
1251
291
1881
909
1221
3198
2790
828
1143
1095
978
1257
477
1881
1095
1212
2928
3348
513
1047
3594
960
957
954
963
957
957
957
945
744
744
6786
1974
1593
1386
327
876
7521
1230
1440
1248
1308
3999
546
2205
2640
882
2703
2742
3312
720
318
384
10716
2610
1095
951
5520
2235
990
1083
207
4527
1185
2244
1575
1257
2151
315
1314
1428
1140
1893
432
3660
573
258
1566
579
1104
1209
756
993
444
1386
3261
2865
1059
1956
5583
606
606
4320
2724
357
1029
213
363
756
705
6606
4884
4020
1962
2520
2286
5682
1809
1365
1110
1515
1743
1251
5031
6978
648
2196
867
303
3570
2133
519
486
1179
573
789
1800
942
969
942
936
930
951
945
954
933
975
936
936
963
951
906
3576
1275
1326
3210
1050
2019
3858
3213
1221
942
834
2949
1386
1443
1959
945
372
462
2304
1821
918
1119
1965
4383
1569
1305
960
1209
1404
1515
1674
1482
3042
1434
1497
498
2172
2241
1785
645
1563
2622
966
2583
1119
1764
1977
585
1002
909
1185
255
1155
984
1548
1134
597
252
2697
2595
3090
393
996
798
1932
306
1788
2739
2097
7434
1611
834
2670
804
2301
1203
894
1131
1269
2433
876
1617
5250
1188
1782
717
1881
972
1215
672
1296
1266
762
459
1011
999
870
2745
1854
1659
573
15240
1239
1719
1104
882
3393
99
411
1386
4728
453
6273
852
816
6690
2178
834
792
3792
936
1593
8034
2718
855
984
2241
2469
1440
669
3495
993
1560
2262
2745
1044
513
1086
603
801
903
771
810
2043
1269
4116
519
1524
666
2856
501
1854
2757
2637
255
2181
1005
1389
5517
942
981
1458
3630
411
891
531
513
543
546
831
474
1164
3708
4809
1218
1764
420
1194
2097
6234
2028
537
1611
4410
1308
1578
1935
7074
7668
822
837
1296
603
492
459
555
327
1605
2190
2931
378
3414
447
1506
1701
609
579
573
495
615
711
7311
1029
978
1488
1185
1524
2100
1479
2817
1005
444
2469
360
2136
411
1794
606
786
435
471
1800
1338
954
927
1887
1272
345
2631
1431
1488
1593
4029
414
1359
684
1302
3897
7020
1335
1809
4671
2217
1905
684
855
1485
2220
2355
3114
852
963
972
972
972
981
972
486
1341
1791
441
450
837
7293
1338
1086
3132
804
819
1206
1563
2121
2685
2829
2841
1182
897
2790
1335
1566
2487
912
1308
3819
2760
1431
660
1011
1158
813
1734
2625
417
1017
1179
1242
1029
3120
921
564
1530
1086
1233
2079
267
798
267
852
1497
2673
3192
1338
1050
768
834
10872
1176
1401
1197
867
1623
1056
4371
2076
1983
1410
540
6471
1590
3045
2727
3207
1665
1101
588
981
1530
1221
2619
549
987
1653
1446
5832
5877
678
2232
771
3648
4851
1758
2001
1248
1446
5133
2151
2640
1578
621
1059
3135
1731
1944
783
447
6645
4080
1749
1404
447
2487
3378
2541
2892
2442
4158
2397
2772
4062
2238
900
1026
1113
2085
4194
1740
1371
2436
1686
2337
3849
3345
1629
1446
270
1248
624
1377
1326
822
270
828
966
639
675
987
2025
1722
2184
4026
2061
630
1845
345
1896
984
1128
1377
1266
1263
1437
1290
3744
1023
984
270
1977
1266
1128
270
3930
1284
2097
9555
786
963
852
390
4308
792
4482
2247
1599
282
3033
2931
567
2061
4026
2343
1242
483
1761
2061
1851
801
747
5223
834
1251
327
444
741
2925
1131
1758
1530
141
1425
13134
894
2091
1107
891
3567
1830
1224
813
1431
864
7623
768
2688
1746
597
2244
3150
3963
459
867
1041
1821
3183
999
6411
3453
2970
2214
2352
1866
477
984
2361
2754
2754
1197
885
645
366
2187
1119
1122
1701
597
870
1293
555
363
1044
2571
1668
3672
1059
1707
315
2838
1428
10065
402
936
1575
1440
1275
1074
333
699
1128
1431
1056
1638
588
1605
1059
1935
1749
783
414
3366
1401
1383
1575
5055
900
2934
2061
3285
1479
357
5505
2652
1767
1296
3405
1257
1089
6222
663
1005
1248
567
885
789
1941
681
3711
5760
4173
393
3204
624
726
465
747
747
2637
2637
1128
372
294
1518
1188
534
534
690
813
1302
2091
1038
246
2580
1653
1872
876
3144
3030
3573
1437
2184
1599
2850
384
231
270
1677
2715
2637
2421
1464
1860
1086
537
1212
1029
1101
1197
1200
1197
1272
576
1311
1134
1008
819
1200
1419
1473
1425
1437
1449
1551
1386
5463
1440
807
960
771
2331
954
3501
777
5550
2097
837
3060
3171
813
2415
1569
1494
6186
1395
1086
606
2577
948
1674
1098
6909
2403
2328
2517
1473
1473
1473
1473
1443
990
3879
2388
1824
1533
4314
1152
4452
1371
1530
426
3048
1770
2418
4674
4605
1485
840
702
3894
765
588
1134
3093
684
1002
984
672
441
1440
444
522
1236
954
504
1986
2337
2271
1746
2103
1779
2856
1242
1095
1095
1815
1233
822
4638
4734
1377
1047
2238
1617
429
2418
1080
1056
3540
561
1050
1185
3522
2532
480
2055
2010
3102
966
915
993
846
1818
1728
612
1704
735
537
2751
813
2070
2328
1236
4995
2100
813
909
5583
2703
3075
903
864
642
1554
1131
1455
1656
549
969
1092
1527
321
1128
2628
1686
687
1500
1053
2403
177
5616
972
1041
1035
1725
3402
1107
3708
4494
738
4998
726
732
1644
2619
3669
3507
2001
2121
888
717
1155
3654
3684
1410
279
1749
1398
2487
990
2052
1242
654
1860
1683
5193
912
1407
3123
2181
1434
2697
3543
2268
2457
2337
2298
1050
4140
1398
777
1404
1398
1404
705
2028
1878
1896
1005
1155
1545
3465
759
1539
702
1113
1110
879
4149
1074
1014
771
1773
546
1128
1728
3399
1923
3003
816
3675
2466
1557
1158
8847
1521
1215
324
1443
7629
414
1008
1824
285
318
1338
1077
1260
1299
1074
822
987
1014
2271
1686
1320
933
813
1269
876
1248
2127
1338
561
3717
1710
798
945
2232
1038
2721
2391
5661
1440
270
957
681
2103
9771
624
1890
327
1008
1761
1362
585
2541
1719
1461
1593
1773
1239
834
8148
1683
5250
1026
777
2475
2709
759
654
456
465
873
1536
1005
456
3084
1482
1056
837
288
765
336
1596
1200
1131
2676
2214
399
399
378
402
3120
2394
1233
2349
1464
1386
1629
570
1905
1122
4950
1512
2538
366
1260
1698
432
2148
1014
663
450
972
2733
348
1515
1200
762
204
717
1182
2820
7320
16965
17289
825
2211
807
1878
837
534
717
687
714
390
687
1239
1164
549
1020
1440
777
462
543
333
1494
582
399
963
711
990
3498
2031
918
1275
459
1128
2496
2640
870
939
1890
876
984
1353
5403
948
576
2151
2379
585
585
585
585
585
945
1428
945
945
954
975
975
1458
975
957
963
939
786
960
948
993
972
984
939
945
966
942
942
948
936
978
951
939
948
444
444
444
444
444
933
939
939
939
981
954
945
939
957
1968
1428
945
1008
1482
1551
1467
1497
966
975
951
975
963
966
942
942
939
984
948
942
990
942
945
960
972
963
1002
2919
1728
1344
786
1896
2133
1389
2235
1026
312
14262
1371
1359
657
1692
9897
528
951
951
984
954
912
948
927
993
1554
1821
3282
1179
1476
1209
2631
831
1698
969
936
945
945
1968
1074
1521
1110
471
1545
4179
447
3414
633
1404
546
597
726
3087
3864
876
3117
1917
1941
1758
5550
558
2304
693
969
2739
3522
2724
2082
1824
1176
4068
1053
3375
1119
1281
1524
1881
1428
348
1548
2424
615
2862
792
3339
1506
426
384
1599
2487
552
3816
456
5061
1263
1365
1173
4746
2700
8742
963
1758
1377
1335
1425
969
969
393
369
369
3390
1647
999
999
999
1173
1416
180
2058
723
3981
1698
969
993
1869
585
2604
7290
1032
729
1596
2394
2433
2742
1749
1125
942
234
207
1041
2946
1086
1857
636
1164
1122
2856
594
744
2697
1224
1962
390
783
885
5361
450
501
1275
1311
996
1569
1125
3240
681
5595
1536
1530
2154
3648
6441
582
387
1416
684
2130
3078
3078
1584
768
903
729
1506
2229
1725
2163
1314
1035
1038
597
1107
1569
3132
1584
666
1923
1575
3426
939
861
1707
369
1506
2157
1236
804
747
570
3534
1281
1236
1095
1782
2136
297
1011
2166
2046
1560
2787
432
1440
3897
1050
1653
1320
2163
1869
6099
5718
996
1566
1275
1284
1272
1344
4953
3825
813
1116
1320
1239
1545
606
1605
795
552
990
912
2709
3054
4209
4014
930
912
918
930
909
981
930
1359
1359
1353
2253
930
930
930
948
675
987
945
951
933
933
939
936
930
972
945
945
936
942
936
987
1359
933
945
966
945
975
933
939
939
948
924
939
957
969
981
936
939
960
951
930
975
933
924
936
918
948
948
951
933
918
939
930
897
1143
5190
2130
1194
678
669
1476
1263
1680
273
1485
462
1503
384
1278
2148
735
891
369
2139
2907
933
954
945
945
939
939
960
918
945
945
930
945
930
1161
1713
603
891
885
909
909
2205
1836
1860
2151
936
975
948
945
936
936
945
2424
2313
930
870
756
1254
1302
582
555
555
483
477
645
735
678
996
720
444
723
2040
603
894
804
459
753
1197
723
804
1083
1188
1917
1515
732
3072
1746
2007
1488
1068
1167
1167
1167
2868
3423
1728
729
489
438
1389
501
1278
879
2061
3129
3456
240
1143
1506
1335
1338
1149
1758
552
2757
273
288
273
282
252
927
276
17673
1314
2625
2007
2691
1056
1008
2835
3060
792
372
723
282
894
717
1389
228
2244
516
1575
519
609
1869
660
1860
1068
375
1158
1590
1383
1653
1629
1659
1644
1626
1662
810
945
495
489
489
1626
3099
2037
1146
2367
1572
714
210
816
978
2025
1632
1992
762
912
726
624
429
798
444
3705
507
1191
1182
603
1272
378
645
4431
2319
1653
1662
5139
1830
2529
1920
2463
1833
4656
1605
5817
1494
390
651
825
555
1029
1077
2223
759
933
351
2349
1257
1212
402
501
1854
825
2145
1797
633
1176
1416
1395
867
2427
3912
600
570
4572
924
2544
6105
3129
1656
1641
495
2637
804
1212
501
1656
1332
1131
1074
609
816
882
618
1671
2403
498
270
450
2343
1296
2688
2892
1869
606
483
882
1407
2274
2352
741
1248
1371
2409
579
1410
2214
1782
855
2706
1455
2550
825
2010
1095
1080
7173
1536
990
3537
1908
351
1266
633
3489
2070
1818
1980
324
678
1176
993
1341
2853
1449
1470
621
1413
828
588
993
3735
381
663
633
1395
711
1158
960
1158
1794
1407
633
2493
1374
2658
1350
4848
2622
372
1527
2322
618
2982
966
1032
2259
156
942
888
414
651
621
720
2961
627
3609
1653
5550
1428
2121
498
564
510
609
471
222
705
213
984
585
6348
579
486
777
366
738
774
768
3777
855
2034
2826
4353
876
1860
2223
1134
987
6192
1293
708
732
627
639
264
1179
951
930
939
7062
1161
1635
1869
312
696
1401
1290
2127
2403
681
1386
963
2130
1149
1257
732
1752
1818
1257
2442
1005
1167
2100
1065
2286
564
4014
1989
1062
804
1155
1923
492
6648
1563
1638
816
714
4326
369
2892
768
441
360
1581
783
3057
2031
1434
8310
1281
1491
2997
612
5061
1584
765
2928
693
588
1065
1125
6720
1242
1959
1326
594
1959
1815
1152
1614
1377
636
1392
3639
1590
1737
1353
1359
1350
1359
1359
1350
1359
1182
2223
999
13770
1089
1515
1815
180
7806
837
948
1956
603
3480
1281
753
1272
2127
720
381
1593
2559
2871
690
1572
1521
1917
849
1503
1479
1020
1503
1932
3471
1635
1575
3303
2625
2802
2796
1167
3354
804
1515
1815
1857
627
804
1452
1542
1404
1431
1410
1434
1413
1416
714
12924
1113
1191
1134
1305
1215
294
273
2709
1038
1839
930
2199
2685
1995
1005
96
1125
654
2343
1284
4284
9171
942
1524
5970
2628
594
2652
1752
555
3576
867
756
771
690
510
1125
2781
1806
1857
1875
453
528
549
372
2052
1944
948
882
252
480
582
372
1740
438
624
2577
2118
2298
1332
1374
2340
690
3420
1326
1437
2022
795
372
804
714
1680
1644
1635
1416
1860
1380
1101
1191
300
804
4110
690
2499
606
2358
2112
1506
4383
6162
201
288
1704
1737
258
1314
687
648
1185
708
648
624
516
549
3201
312
11919
570
1101
915
1536
4134
1752
1452
1119
4500
555
879
999
378
660
3000
2826
1086
1227
432
2121
1554
1941
2928
1518
633
2721
1941
1302
1740
732
1818
486
1554
1767
822
1311
738
4635
2871
1275
6468
900
6645
327
1950
1182
2337
702
1941
1122
2634
648
1947
939
942
678
945
957
972
969
999
936
936
936
936
2361
939
936
936
927
936
942
942
930
936
933
930
1179
1236
1572
456
237
984
1173
1680
4161
3024
1251
267
2856
1506
348
1419
1179
1023
2118
1431
798
381
342
297
297
900
1446
1452
2382
3795
1134
1056
1917
1461
666
1014
1002
2337
1458
1359
1119
1260
375
6306
840
828
3900
3471
2256
2568
1713
2670
2853
2979
1068
1017
504
4314
933
4497
1011
678
1248
1962
1911
1005
3549
1845
1809
5073
1467
2997
429
7149
1257
3351
1257
1080
1161
3414
1113
1854
6417
1380
1344
846
918
2292
717
1329
1305
720
1185
2196
1017
870
813
756
627
1659
1008
1905
2562
1134
1914
1590
1488
1842
813
2997
8442
687
2373
1368
2010
1308
783
1407
357
387
4206
1008
1716
2439
5739
1119
1632
747
1827
831
828
747
309
1578
1377
1767
2211
1023
807
2577
750
792
1032
1305
3573
381
1788
900
735
1464
2067
2118
1464
408
2871
1920
1743
4362
3366
711
1095
480
642
567
918
1494
1491
1725
1449
828
714
903
1395
630
648
660
597
522
1161
4365
3015
834
570
4425
4449
678
576
600
696
450
525
624
798
690
831
726
843
744
822
552
354
540
651
477
723
696
702
1419
447
1269
1119
957
930
939
924
405
564
912
501
954
900
930
900
930
930
930
960
207
945
1056
744
1251
1359
984
4842
1296
591
1998
363
1248
597
747
1368
1074
1038
570
1869
1089
474
4455
3813
1662
3222
312
390
1926
738
678
945
312
822
606
252
600
3651
2469
1053
957
1740
468
438
615
4461
1827
900
3849
1512
3426
2139
2109
2076
2013
270
1503
1950
417
351
2112
1005
1275
4650
1305
1071
3156
1092
2292
1161
1500
2169
273
567
1230
1260
1449
732
8106
2121
762
1713
435
810
1395
1911
1032
3018
711
972
1023
1518
534
1326
1548
1134
3273
2649
3114
3138
762
2721
666
3825
789
777
408
5244
2928
2712
2211
1434
2514
1572
1422
1422
1695
5025
2223
1959
1947
7584
3057
3111
1323
543
654
1104
2496
5733
2106
1383
1053
1545
2451
1020
2733
5508
4392
1464
1521
1644
1569
1299
1998
1233
2772
441
2976
1284
753
4464
1935
2343
867
585
954
768
1275
384
396
939
936
429
1479
2181
396
3507
1455
2463
699
1455
606
546
1170
1113
2136
996
16614
552
1191
1470
1356
1356
1350
1413
2337
717
1026
1638
3252
1389
2682
2679
3084
714
4005
879
951
816
798
849
1899
1587
1548
1050
174
1179
2280
7056
2175
4731
816
1047
735
294
1686
1083
1632
1509
1836
507
294
1698
777
1869
3282
5943
954
1962
1359
1512
1518
1188
1797
657
282
1359
1410
1461
1518
1482
1524
1803
1542
1656
1695
1695
1695
1773
1572
1590
1536
1623
1920
1935
1737
1917
1887
1563
1608
1563
1452
1293
1836
4230
1329
723
1569
1482
582
2397
1365
519
1353
6363
465
1131
1641
1296
2358
1722
447
1089
2679
1101
342
1452
426
2076
993
849
915
1029
783
729
795
669
708
813
576
1119
1122
534
1191
1101
3150
504
3384
1611
516
417
333
273
1566
996
942
951
939
945
939
936
939
939
939
939
939
939
930
930
942
735
3414
462
957
717
1224
633
462
2109
1527
615
2208
1986
897
648
1638
1758
348
4029
1185
78
1305
3315
627
456
3738
954
636
1623
3231
744
1401
549
3597
570
2556
981
3627
792
624
1809
1224
5712
1590
483
6237
1263
954
942
954
1215
2139
366
3132
1335
1578
2544
13635
927
1515
264
1095
2973
1059
1053
3321
2196
2703
510
105
3012
1206
3099
1266
1044
1743
1602
2004
3579
633
912
1041
1527
831
681
978
2460
816
741
3360
1437
396
2946
5154
1545
1257
2277
1332
3258
1338
1869
2889
2190
717
1659
2286
1140
2736
558
330
390
717
1791
3264
3387
3693
1806
501
516
540
2175
555
2778
942
1494
1332
1656
447
684
1527
1608
834
2007
1383
2733
1623
633
6648
1974
714
2724
5970
687
1011
678
2025
1473
3210
294
1917
1674
729
1035
801
1146
1206
1176
2172
2670
1899
582
2736
7158
1269
1023
3093
7062
6900
729
768
702
2061
3774
726
1812
2511
2193
747
5169
981
1308
513
1437
1245
978
7440
2745
822
1146
1437
1737
3663
1221
969
1059
1017
1080
516
2076
4236
543
459
429
597
600
4707
2106
1434
438
1812
4293
2340
1437
2139
1887
261
1692
1281
1974
1836
1224
1572
9291
1983
1365
1086
1134
3747
3858
726
4395
1191
1491
2790
1770
1431
2085
2868
1833
8358
546
747
3516
1221
711
3771
717
585
981
1740
498
462
1359
711
1083
7656
1647
2412
216
1233
1050
2379
624
1950
1002
1059
1722
558
2772
3522
1995
192
1986
1809
1560
3402
2208
1683
351
1158
1761
3315
1506
2406
519
1698
1122
1377
2892
504
852
1239
1425
3150
1044
1647
1554
786
942
7377
1554
3117
942
3207
753
1191
1359
2616
630
1497
2280
1773
219
2031
3129
1698
537
855
822
549
1254
915
1779
822
972
1692
501
4461
750
1728
3468
1779
3180
1554
1416
1014
786
2919
1749
13257
867
1782
2085
1203
3264
2064
1863
2418
927
2646
810
1350
2451
1755
1770
987
990
1209
2883
1557
2172
6633
378
618
1335
276
1797
645
1866
4305
2853
1023
1215
1623
564
2697
987
1836
591
1653
330
813
6210
1866
606
8016
954
3246
945
447
1089
330
231
411
666
270
984
2436
261
492
1113
879
756
1239
1155
1896
789
1545
1788
1167
1767
2268
1119
4011
723
1020
636
5901
1182
672
3450
633
2760
1971
495
1137
720
135
1791
4317
2124
1305
6630
1092
1164
1041
597
2055
3207
858
2301
1053
714
4050
3552
501
348
4182
1059
636
741
1212
606
1803
918
927
2094
2571
13770
996
786
651
7545
1530
2058
3474
756
2019
3252
3327
1734
1041
3300
1746
2586
4089
867
651
2625
2856
1812
3153
1284
9372
2001
1551
1812
3009
480
1416
6861
588
870
2817
4497
1959
1926
1602
2217
1374
1635
1722
2844
1452
1353
1569
2583
1572
2010
4134
1308
681
786
960
2475
609
645
3456
3267
519
1239
309
1098
1305
627
876
13740
1254
2142
1002
3834
1002
5175
3120
4872
4017
1896
2016
1866
1800
3567
888
2058
1395
1509
1005
1113
483
729
1098
837
2073
402
795
852
942
522
2982
2664
4017
426
1386
4110
1890
354
1473
465
648
3279
486
912
870
2577
1497
2265
9042
966
10257
732
1752
4344
3039
3342
1071
8904
1080
2223
1278
645
2001
1266
324
819
1404
975
831
2340
1014
2511
2934
258
9510
876
2835
1044
603
1974
1968
1188
906
1860
1131
2025
2055
1338
2595
414
5718
3663
5706
954
420
924
453
1932
822
1293
258
198
3222
1488
1023
750
780
519
876
2487
2091
1347
810
5010
1272
1884
1764
1989
2292
849
1416
1392
495
813
801
2787
1035
1656
1041
3597
1239
1545
1014
2124
996
1596
591
621
1566
591
1224
819
666
939
978
1641
2664
1215
1203
807
564
669
4398
1479
2301
2499
1521
2559
1161
2049
963
1002
1005
3213
1533
666
666
666
666
666
3480
3582
2235
2856
390
330
3714
2247
2121
249
1680
2877
2274
1374
1209
3897
258
693
4896
978
1446
1077
1287
14037
84
2067
1773
1329
1260
2181
3024
1011
948
2091
2526
2877
1719
1668
1560
1053
1323
831
3978
687
2604
1515
4551
1416
1014
1176
552
3294
3138
969
1296
2127
6279
1035
996
1086
1992
1023
1920
1599
2187
462
2283
5217
1485
744
3789
795
21246
684
1509
1512
3561
1047
462
1002
822
1377
2736
1014
858
5643
4017
5010
5139
705
990
1695
840
1263
2589
456
1176
588
2724
3405
3378
1335
1467
1203
1200
2280
1254
1011
5904
780
2034
1233
1692
876
981
2037
639
2505
297
1863
1431
2439
981
1527
1527
948
966
942
924
945
936
972
975
933
915
939
939
927
936
993
945
1323
834
1713
7884
2394
1008
957
834
870
651
615
600
444
996
444
444
444
444
453
471
483
486
1371
930
1116
513
471
471
465
4560
2169
654
936
882
3861
3144
7746
651
1866
1743
3018
942
933
942
948
342
1029
1044
1308
1536
369
1749
2142
1023
1320
1914
1092
1617
1617
792
903
2346
3852
423
2367
846
1608
903
1653
840
582
921
1896
1686
486
672
5820
5808
948
693
7719
2358
1887
843
837
699
4119
1674
714
1923
1641
879
750
627
720
3219
1182
1644
3246
1821
1017
669
531
246
1047
1356
2454
1704
1911
942
660
1077
1059
3234
1557
2709
5697
2037
618
882
744
768
741
744
633
1524
1470
2739
2121
1929
1653
2394
435
7833
6141
507
1002
960
4509
6960
2802
720
216
858
1221
501
4671
1515
711
1362
1752
741
954
1701
7629
972
1035
1206
720
1026
900
1329
1419
5661
1176
1473
2298
810
477
2154
4239
1668
2160
2478
933
1716
5322
2010
675
6147
3399
645
3078
171
1245
321
1344
2514
1584
1221
1221
3231
528
690
3999
1392
603
1074
2541
1677
1152
6402
1089
2544
2388
843
1869
216
735
4128
1080
1077
2478
1290
1407
1170
672
555
2043
2703
1227
639
435
429
999
2157
753
3390
1323
738
753
2541
2136
1479
1032
4074
1263
2124
894
2127
1473
1089
891
1458
2325
1254
768
3774
459
270
4647
2400
3207
1485
1065
936
2382
2331
4485
3519
1020
1149
1764
741
855
2346
930
1530
1371
2052
1056
2481
1107
1938
2967
645
393
1404
1164
1326
20724
1593
2808
1308
1284
2142
1920
1269
3660
6987
339
573
639
1314
483
1728
894
2310
1254
2028
744
948
1062
504
4095
567
1065
699
957
951
7620
1053
1017
2745
2829
1866
1677
315
924
1521
2124
912
819
1050
1308
2766
321
438
2169
2181
741
669
3315
7026
5352
1473
1137
1488
2334
2532
1404
3837
1956
3081
1266
1926
1452
1266
1266
573
1062
3300
1056
1437
1944
1407
1287
1590
1608
339
1086
1821
2109
717
456
465
5466
2472
597
6441
1779
1362
1650
513
1056
4362
300
1371
2940
660
1143
492
378
1581
423
3846
1239
627
1449
1365
1098
2013
1416
2391
1200
792
2421
456
2253
651
978
2025
1080
1482
1017
1716
1689
1170
330
1611
1572
4716
822
3285
2295
1131
2868
2385
1983
2058
1014
1632
1800
3525
2211
5934
1548
1407
492
1827
1227
1323
3495
450
2532
2409
1866
1098
6087
2502
3351
1473
1347
5940
1086
177
2349
1869
2958
1302
2196
1374
1245
1056
492
303
1278
3399
8124
219
462
879
1908
819
705
2580
315
369
393
2622
1335
1218
1257
1269
1254
1245
1284
1221
1272
774
5769
3009
2928
474
387
345
198
252
1176
1062
6237
420
2172
2238
1191
2685
1785
1743
1260
2349
1503
2448
1257
972
1245
912
927
1416
1635
1839
1152
4077
915
1740
13941
2199
1710
1260
2784
639
4236
954
1458
1707
1362
5136
327
2169
1965
1296
2262
1146
870
1344
582
1920
1041
705
3273
177
4149
597
1722
5649
483
702
3750
1374
528
1443
1269
4665
1521
17388
978
726
1143
3717
669
2034
1617
2715
453
2148
627
234
1488
960
2175
1635
1746
942
951
1635
942
951
2565
990
1083
3762
3075
2007
1950
1917
2730
1524
3750
966
3471
723
216
2619
4500
1422
1389
1404
2517
14505
2499
1911
1947
2481
1899
1869
2250
1620
915
5307
1899
1896
1239
1896
1899
1899
804
3054
2334
4878
867
2802
1509
1893
1899
1899
3072
639
555
4260
14613
1089
1599
729
1758
915
552
3453
195
3483
1575
1812
1812
966
1134
4458
2076
918
804
846
1434
867
1335
1302
2394
3513
1746
1548
4950
411
555
3153
2046
1143
3558
462
1473
249
4206
951
1272
2343
1131
558
1638
6951
1020
1413
255
915
528
1416
438
1542
711
2922
2058
669
4671
1719
588
690
1326
984
2133
1386
2595
4182
2673
9345
4527
951
2346
11025
1626
2520
2457
2550
2628
1668
2745
2466
5721
636
720
708
14103
3684
3735
5250
1932
1083
2076
2163
2133
2061
1068
2559
2001
5934
8412
4473
1254
5328
1593
1254
1518
1194
180
1557
366
1320
1881
1713
1311
1401
777
7332
1632
360
1503
663
1074
4647
963
1032
4656
1467
1977
1272
2262
252
1290
519
1353
3222
1503
1803
246
3300
759
8616
5133
1893
564
3306
1332
1377
1527
585
915
3579
1863
1989
1152
3357
1005
5598
390
1563
3414
615
1512
1656
9177
1407
648
1056
1059
2001
2166
615
1188
5229
5643
339
3231
1398
3309
6645
492
666
165
1665
2424
366
1263
1260
3453
2703
4383
1176
1488
2940
2121
3909
1401
1107
1557
888
1500
2247
1866
3105
2961
1197
3327
1146
1107
1317
330
945
978
1020
2949
1572
11262
1110
1095
7629
855
1644
255
624
774
1065
1563
696
14586
1113
483
1569
582
651
1269
336
1746
4236
630
1926
1473
1569
927
1170
387
801
1377
1146
1458
1902
3555
969
2445
3753
2649
1089
1557
3300
5724
651
3423
3165
906
1182
297
1284
1776
1704
1491
1278
948
3084
474
1347
2898
1956
462
936
1884
3567
1443
750
2298
1053
1854
993
2925
345
2310
4251
1476
2061
774
3057
1233
7647
639
1065
1596
1893
1446
1590
822
1674
2082
321
1560
1494
4386
3612
801
1197
1605
882
1011
1725
1197
2649
2082
2238
1287
2004
2268
1566
2001
1143
1683
1473
1527
1539
1551
1353
1581
477
1419
990
1272
597
453
600
708
615
3144
2082
2082
600
1173
3123
3822
1782
1083
555
1725
6969
825
1128
1212
348
1572
1002
1080
4203
954
1251
762
5241
1044
1863
2892
1356
564
1101
2175
1194
918
414
2892
1122
786
1407
1518
1497
5061
972
1008
3774
1608
654
2751
612
528
627
1260
180
2154
990
4086
705
1089
138
906
3999
642
3303
1710
3363
1377
1569
1299
408
1767
3306
2250
2430
1032
357
462
1449
1113
612
2985
1044
5076
1725
1845
1137
366
540
3804
5118
1950
2490
8442
1770
3366
2520
840
585
1653
978
546
7707
1083
1164
1278
954
3987
3720
1440
5733
4032
1569
744
2061
807
1194
2904
582
681
1995
1359
2514
576
1158
2256
876
1452
4974
1860
4254
2385
2469
3453
540
2835
1131
1863
1854
2052
2133
1128
480
5487
1353
2637
1245
1257
4104
429
4698
1344
1104
1518
891
3288
1152
2274
957
1539
6048
2409
570
768
2910
744
2409
939
939
327
372
2568
882
1710
429
426
429
429
429
1116
1659
1404
678
1578
2589
771
2316
564
879
2271
3261
1716
372
1746
846
1647
615
483
5247
1857
1122
912
795
2373
1440
882
708
1413
849
1431
1869
939
2928
204
1704
1341
1095
759
7062
966
828
828
729
477
3459
939
918
2202
399
804
2004
2418
1437
2514
4389
681
3810
573
4014
510
657
1140
1068
816
1818
927
666
1416
1029
351
1224
519
882
738
2427
1116
618
690
498
1014
915
5424
12912
771
2013
4296
981
687
966
2355
900
909
918
5115
2361
1302
1743
1680
468
1230
744
1671
705
873
8259
357
843
918
945
519
954
423
2151
1389
822
1500
1245
654
663
390
417
1026
1527
1689
567
2343
1665
1380
939
1188
2346
2052
1650
1614
939
2094
1224
1275
729
549
1242
3198
5505
849
2115
7329
4062
1422
1017
1575
378
2778
2022
1443
900
951
627
3426
534
1731
636
1971
1563
1443
1077
267
864
1662
3405
5271
2091
1548
1086
1395
993
1194
672
1215
1503
642
741
444
219
3309
828
4395
2049
504
1458
963
642
3393
288
3162
636
417
312
309
156
444
9963
486
267
2877
2916
1473
1914
1194
555
2442
945
1275
2751
3300
1920
1353
498
1110
1110
3669
1053
2367
933
1956
1053
591
615
5229
1008
5919
525
4596
4512
3669
1110
2880
1110
1110
3669
393
612
10986
2172
654
1608
1425
561
3021
996
2976
2892
1377
864
1212
1062
1605
1923
1755
1740
1734
1734
1734
1761
1062
2076
2325
915
369
12213
486
2238
1254
945
957
726
3420
3669
1362
795
504
3555
1269
2178
2127
1365
3402
1104
4059
1950
1923
2313
1842
1572
930
471
3561
549
1812
2781
591
2022
948
5379
5889
2028
2646
1005
786
2904
1371
465
1251
801
2478
1617
6330
4857
996
3378
1275
1278
2745
1245
1317
3294
732
249
882
888
888
1299
2742
1299
3228
1368
2271
2985
1710
1671
1260
1587
702
3486
261
828
888
2787
1203
894
675
504
1998
1434
1023
765
2682
642
2772
1173
990
723
3708
1671
735
1203
333
825
420
1257
924
1311
474
957
1140
1386
261
828
888
3417
1026
2427
510
1119
1857
954
513
1347
3513
1623
996
1224
831
1218
1503
1758
2943
9693
327
1221
996
3006
2610
654
606
2025
888
5124
1110
867
894
1860
5499
1662
492
1239
1377
1032
2568
1581
588
1434
270
3459
3492
3486
294
1047
2808
1386
2019
1407
309
381
2232
375
375
375
375
375
375
2019
2391
759
2460
465
1572
1239
1578
1839
3282
4080
4149
2559
849
2691
582
798
3879
378
2043
2142
3243
1956
1413
951
3042
2871
3975
963
1731
159
8694
3420
879
3948
1518
1506
1452
1341
1983
1635
747
1854
1707
1728
1065
1932
684
1629
2166
189
207
186
384
186
186
186
186
189
186
186
2460
3066
1176
1482
5601
1647
765
1731
492
549
282
1194
285
939
957
828
981
1653
1587
2064
1650
2625
1968
2481
3756
651
1749
798
2010
582
1053
1134
1188
651
1059
1422
7131
1389
1293
2400
2391
2355
780
798
459
861
747
627
549
1479
2184
1605
795
1590
2490
927
492
1680
1716
1686
564
1269
1209
939
1125
1479
627
1416
2241
1242
2163
522
3495
2691
3576
2781
2265
531
1449
1218
1056
399
3660
2184
4308
1377
1038
1041
954
1158
1863
2139
1686
945
384
4206
498
1275
795
822
1323
3258
1467
1461
372
1623
1482
3228
2154
1239
1548
930
2079
1968
1911
2490
2649
3285
1662
366
1575
2061
1623
1314
1839
732
543
723
1629
453
4650
825
1239
2613
1341
2640
1341
819
2907
1440
1437
1053
3255
2370
3654
729
2244
2349
15366
2313
816
1326
2061
1377
1161
1365
1206
3972
2469
2070
1239
1101
5199
1188
1221
1047
450
3684
3024
11112
975
1332
1341
3540
2325
1416
1119
2925
684
1455
1224
792
792
2613
900
435
1188
1236
951
354
1509
1794
1200
1203
1038
1218
3927
1644
729
3666
717
1260
594
1245
1212
291
1521
240
1020
2472
1188
522
1644
1794
2322
3798
1182
1164
483
2142
231
1482
1434
1161
1308
3159
993
2178
2532
1752
1560
663
2841
1371
429
1851
2397
1494
927
1236
915
3654
558
231
633
510
1281
1140
1152
1506
1038
720
1620
378
3261
2247
1563
1524
918
1593
11862
3021
2862
594
588
1203
879
714
1548
7566
1641
543
1569
420
837
1962
1731
2445
1341
2274
7992
39
2388
636
1677
1236
591
423
1083
1275
1896
1845
4368
2145
2031
954
1353
1356
477
1437
1479
288
1239
948
1272
2499
774
3177
897
1263
1308
585
2580
708
534
768
915
3192
1347
813
1710
2493
1206
7008
795
5826
1476
1257
2415
1851
1326
1317
684
2145
4260
1023
2415
3156
1749
1689
1233
4047
768
2193
939
939
942
930
930
948
948
945
945
948
972
1092
942
2373
2520
1437
1104
375
333
1269
3540
2397
1863
1518
1200
3000
8886
795
3510
513
1539
1650
3987
1500
1386
1989
3393
1230
354
765
2229
594
609
876
720
240
2802
3999
1482
573
1959
945
1053
423
1305
684
3609
711
3312
1347
1509
1335
4221
2424
438
2589
2226
660
849
2124
720
618
360
4422
1728
1155
717
2925
2904
3537
372
396
357
1707
906
1329
1257
1992
297
519
1440
1281
1344
870
921
876
2175
1968
2211
1212
354
735
903
636
1530
1095
465
984
4689
2223
816
531
1986
888
342
2508
930
1506
3591
1527
678
1506
3042
1017
750
753
1725
1221
1065
744
702
2022
1209
513
873
1182
1647
1023
13284
4932
480
378
687
6003
573
1215
438
2712
3312
2031
2106
2136
693
3873
351
423
1074
1035
3654
4017
903
561
2526
774
1233
438
663
1038
6024
951
714
1761
2265
2643
1815
711
1863
3372
936
882
1662
603
1431
5817
5814
5820
5820
5826
5823
906
1029
483
240
414
1656
13461
1650
1200
2961
2457
2481
1221
1332
567
1173
483
1473
459
612
2259
1695
1566
1407
999
423
1143
7323
759
819
690
2295
1035
2286
2598
4278
882
7278
759
1740
1272
687
441
846
711
5721
3444
1524
1572
870
903
1095
10593
1185
3195
3810
1365
3006
2814
1452
906
1071
633
873
3159
618
1110
1791
2472
654
357
1926
615
2451
768
1896
1713
1458
1701
1362
3111
1989
3207
1071
846
1578
978
579
342
1044
1302
1302
1266
2787
1068
3462
237
1584
531
399
951
1107
627
573
1437
2175
1380
1779
1947
723
1668
1095
3582
1233
6708
636
5181
1095
780
471
744
2079
1413
1689
1314
1287
1134
3015
2985
1173
6165
648
2088
3006
1407
1182
2286
1881
1419
4353
4512
1677
1893
1368
789
4143
747
1329
5535
1083
1146
1299
8520
1323
1347
711
1914
555
1794
2220
2598
1980
1215
1191
1485
1269
924
3021
357
681
648
1692
300
300
294
300
297
291
3225
1593
1119
3030
1092
987
975
1458
2790
1017
2676
2706
1737
2694
1839
2739
1080
2856
612
2643
1563
525
1779
1713
276
855
447
363
282
342
414
270
279
279
1650
282
264
1650
1650
1650
468
2913
1515
2094
783
1062
1221
1683
7152
828
1332
597
3945
1800
1674
1650
1650
1650
1650
1650
1650
921
7104
1938
4476
3552
1140
3282
384
1035
618
1251
1278
465
423
786
78
1359
1503
540
1797
591
1236
1311
4746
4473
1149
615
1338
504
849
963
3768
348
1599
1530
1017
1251
462
828
1338
1605
615
2970
1233
1845
1845
2112
1989
1323
1683
1389
885
4596
777
2148
1137
1236
888
1578
1353
1407
1380
1395
1755
1485
1275
1269
1476
1296
297
297
297
525
366
504
534
387
372
387
387
468
558
708
633
588
606
618
546
501
588
411
441
753
525
480
480
465
510
483
510
1026
1554
318
1215
1215
1185
1251
1350
1371
1347
1368
1404
1377
1371
1203
1872
1419
1422
1299
342
306
1860
2238
1314
1749
903
1827
2127
3306
2019
1266
1485
576
1512
2028
2037
2514
480
651
3054
396
1593
2364
2385
2313
1173
2514
2232
987
1695
735
654
1401
1356
1356
2382
1089
4155
2244
528
531
3732
321
993
1353
765
2271
2292
1074
1239
471
1842
411
861
1182
684
5592
2901
789
507
606
3663
1455
765
642
558
495
1758
999
1659
288
294
1605
774
588
1041
3369
1941
1362
966
1044
2295
2736
1341
1080
1782
2481
3120
4509
1698
2859
675
1848
2310
1191
300
2919
729
1299
1242
2559
777
696
1491
2370
918
1080
861
3303
1155
2844
2670
3171
1248
2055
2502
387
3318
5103
534
5103
534
2235
1068
1074
639
363
2475
594
2367
2922
2760
2631
1848
1608
2529
786
966
1278
1131
1842
786
312
1521
633
2319
558
813
1080
906
1071
1296
756
810
675
654
732
753
273
174
855
2676
1341
411
1065
777
462
1734
1521
210
1101
804
1821
819
1284
759
1125
969
1362
1836
324
723
864
3156
1224
1254
2454
1164
4395
480
2598
447
1713
924
1848
1080
1329
2826
1899
2409
7134
4584
1107
1299
345
1731
1038
3966
459
459
1887
1671
987
2022
1431
831
1662
888
717
282
405
645
3441
699
273
1704
1893
1731
1359
2712
987
462
573
1161
1566
747
270
933
924
2148
1680
2139
2238
5574
354
2352
1791
3630
2991
4356
1023
1131
2268
2895
366
1083
2976
945
360
2340
5028
540
1221
1362
1578
1308
3546
939
4815
711
1758
1818
2742
2139
1641
648
3750
3591
6525
1317
1137
2253
4440
2427
6225
756
3921
2877
1029
894
1881
384
1296
1452
2817
2544
1221
1596
654
654
654
669
654
690
5511
570
828
2934
3384
2217
1032
1458
1845
2466
2247
4905
1134
2025
2532
2868
1038
2019
828
984
669
5829
1371
999
2160
8763
1020
1590
1083
1578
1572
1146
1341
1626
4866
4875
4854
4632
4929
1005
1257
1284
1530
1008
1110
2943
624
1830
540
1071
6519
213
1605
1818
2997
1437
1125
1326
900
606
675
585
618
672
873
1077
624
1491
3702
1476
1107
1386
1689
1737
2367
1398
621
792
486
1518
597
606
465
288
1971
2172
729
669
963
654
4071
3609
1581
3063
9291
2976
234
189
927
5469
1179
411
2433
3273
786
1917
1554
1143
3447
1983
372
918
6102
1884
1164
1239
2055
1266
2040
495
5664
1158
1155
3879
624
2484
573
165
1125
852
1803
513
1212
573
666
1350
2379
2148
1761
5811
2418
2181
798
675
705
912
429
672
678
1671
13389
1197
3372
663
1866
1758
1206
846
2232
1080
1377
1599
1170
1683
2304
3429
2859
1236
3015
1509
1821
15624
849
1299
4008
606
1605
4125
405
3243
1782
225
3360
7827
1128
1479
2646
1827
1068
264
444
870
522
2334
597
864
1434
294
465
1527
615
795
255
1170
378
1203
489
960
924
1491
1662
246
2013
579
735
996
1464
1422
7536
3084
1398
1248
723
747
495
1170
960
1461
564
1371
1983
1035
837
930
930
3579
2172
1041
936
1335
1485
1974
2229
519
1401
942
1332
1632
531
1419
1929
6018
3162
2691
5058
516
519
819
2934
210
1350
3264
1866
1845
2190
9228
906
4398
1023
6036
750
6189
672
1968
2853
588
1461
750
1545
939
8598
1017
1377
600
1191
867
2754
660
1341
2394
519
2271
795
1980
1248
1266
7614
921
819
1431
978
894
1623
1629
4578
4065
5772
2523
360
1230
3021
1788
2238
2694
1902
891
1560
1974
3837
906
10002
1752
1140
2853
963
1173
3936
1257
753
2589
2598
972
1332
2721
2691
2706
2685
3150
3123
3000
3357
444
1149
894
4308
699
738
2106
2631
1887
2604
6747
1917
2313
984
1605
1485
1107
1008
579
1680
663
939
2268
2481
2667
4869
903
1734
1461
2664
654
1278
4791
2763
1170
7740
987
1005
1662
837
1215
1041
6822
1131
1866
1617
2262
780
249
3048
1404
1860
1797
1281
2175
231
555
1503
1194
5547
1545
1818
1971
768
1764
747
1755
1092
1659
1980
4344
1236
2223
663
1602
555
657
1008
2016
870
4473
519
1143
1515
1272
1647
3756
2928
6513
2475
3906
579
447
1041
483
1533
1221
165
999
2406
612
2796
3651
1851
3537
5154
720
999
1335
1128
1278
1176
1173
1173
1179
1143
1248
1194
420
1125
2358
2319
3639
1365
1542
996
1011
6681
1608
675
1602
1533
747
405
2058
1260
1428
1524
6747
1134
3234
306
3492
5544
915
1050
3903
3444
2832
2886
1401
816
225
429
1032
3396
1131
918
867
1638
1140
1266
1749
870
1149
873
711
774
1158
2670
3693
513
936
792
849
1164
2040
1674
2157
756
771
804
762
2634
807
1197
1782
1299
3132
1863
930
6441
3411
633
594
4101
1302
2118
507
1536
894
399
642
2133
642
711
1224
438
6912
357
2268
555
1416
1011
1956
876
171
1965
1485
3903
3666
759
933
690
1104
1248
1578
1398
654
699
3648
4614
450
1395
1683
996
1422
1779
312
1779
3282
288
1863
483
207
597
945
942
2070
1617
1887
1371
1668
1638
1719
2232
594
1080
1125
1155
1692
1458
1527
393
450
909
1482
1443
630
954
939
1032
2277
2007
2760
1728
417
555
1524
2820
1116
693
1365
2577
1533
1755
1203
1386
1068
3441
690
972
1023
837
1491
1212
1506
1107
2871
1326
2016
4116
1392
1044
2667
561
522
2679
2010
2139
1305
987
2382
3291
5847
1290
264
2862
2754
357
861
318
2880
2397
1269
1953
594
1080
1125
426
510
570
1704
2172
2001
1680
795
834
666
471
1554
2244
1113
1407
363
2406
1335
765
582
723
4992
1632
1806
1731
2538
2661
615
627
627
627
627
1293
4149
4086
726
1518
1707
1743
4098
3750
2568
1782
222
411
327
525
567
966
882
1215
1200
2418
4041
2391
1260
879
1005
249
1359
981
453
8430
1185
849
342
210
2466
1221
657
741
2193
2013
1173
3297
3312
870
1251
945
1209
585
942
975
936
939
1788
939
1020
939
1929
1617
1446
1851
2373
1665
1173
1461
1281
1602
981
222
492
1365
5238
936
876
1413
1422
1125
963
4899
1062
936
1599
816
2775
822
552
2220
1644
3564
1137
2661
1875
1197
1425
2112
501
1272
2121
2697
1212
2613
684
693
1827
951
783
4944
2583
594
2556
6144
597
735
660
570
894
1359
753
1527
2133
1788
1608
1104
1848
1296
894
252
978
1386
1833
2082
1314
1788
1515
1701
2229
1185
2013
1596
2001
1599
1119
1623
1848
1431
1884
1932
2016
1926
1662
1590
1731
3036
948
321
1110
324
1377
2694
531
1047
1530
2160
1044
597
348
900
690
4713
1083
1089
1317
657
1527
1254
1092
669
570
1509
843
1980
1584
750
672
7521
1191
1110
300
3321
579
2007
2856
1725
1803
2940
429
1911
2067
660
1077
1056
153
609
4410
2508
1284
2829
1209
1002
1023
927
414
1137
1959
1998
2472
963
960
930
930
960
1695
1500
729
1068
2208
1899
6966
1083
4089
2079
1941
5670
3036
1731
1596
1563
1563
1575
948
951
948
957
1563
1575
951
747
624
1059
564
339
1272
1068
2733
1155
1974
2751
1233
1803
228
900
4299
3393
1158
5658
1233
6474
780
795
1215
2112
990
1848
1320
279
309
3699
1479
1329
705
543
822
876
639
1941
777
1863
1869
5112
3180
2670
1119
396
3375
531
1932
672
1632
1224
1989
4044
2187
753
621
663
2043
705
4104
1044
420
630
927
918
1158
1677
1866
1242
531
387
606
1269
1029
1848
1905
2274
3357
1053
1119
927
1452
1086
3249
1506
957
1440
1107
360
783
420
3966
1209
1134
1938
1842
1905
822
435
900
3471
1125
1047
2913
3615
1311
1929
1335
1500
1863
1497
1806
1392
1611
1587
1722
1788
1713
1668
1731
1692
1128
2325
2025
1629
2430
3843
1692
1767
3759
1719
1596
2595
1542
1869
1512
1860
3576
1707
1938
888
1851
1980
825
858
663
840
426
1233
1608
3903
3246
2862
2151
378
3153
708
1128
3993
1464
2352
648
2061
2796
1419
2313
1572
1077
453
1482
1275
852
1392
3213
1677
1077
1923
1293
291
1200
1716
1767
1872
1899
2175
657
1254
264
1614
279
243
537
1110
1806
1041
255
1881
2544
903
1041
1041
993
300
1431
1773
1227
675
3108
453
1902
1443
1029
261
777
1464
8148
1068
546
306
741
483
2175
3864
1383
3726
2127
1956
1368
282
342
1887
348
1215
717
1644
825
4572
573
378
735
807
240
1500
879
1602
1599
1257
1239
1692
1653
1692
1944
3273
1911
1467
1299
1935
2067
2310
2310
1428
1923
1830
2061
1611
1221
1983
1830
1560
2091
1998
8739
5346
1164
444
759
945
321
942
3480
1053
1959
1233
1050
2022
15117
2466
657
2736
2160
411
411
972
987
1770
1701
1170
1071
801
1557
417
837
852
1317
1776
828
405
591
603
603
2316
429
2085
1596
603
981
4161
441
3264
1062
1764
1041
486
711
420
429
420
429
597
1890
966
1257
2511
2502
1926
2865
720
924
1446
1158
1473
1851
4386
711
591
621
7695
2124
4674
1830
1635
2052
1056
849
396
642
1224
1485
1485
1476
1485
1476
1515
2685
2571
1032
1173
528
519
708
1338
1194
774
393
882
735
798
2109
1035
759
741
1104
438
681
2739
1065
558
3042
2943
2691
1875
981
2013
1452
1647
7554
696
1071
1482
8538
339
3231
360
1581
1050
1287
1281
1260
1275
1260
1008
1008
1008
1260
1281
1314
750
1041
1923
765
738
1902
615
1872
513
567
2148
1167
1008
1392
1563
1284
756
2040
1659
2049
1854
1617
1425
1476
1449
1782
2124
2121
2103
2412
2400
2013
2217
2724
1773
2478
1998
1791
579
1254
900
1278
1365
1425
1887
1617
1086
954
252
384
306
2010
1740
2025
1428
396
2076
2499
480
609
2409
2259
1146
1515
2283
2487
1533
894
1017
1638
1293
1143
540
1089
1950
1401
357
1149
1812
1917
2220
1890
2025
2154
3825
1053
1755
1200
417
1479
1539
591
375
360
378
333
2010
1500
1617
615
1320
1908
450
1161
213
1890
2637
2262
1488
1626
429
4500
1773
567
3912
1041
582
1596
429
1053
1014
3432
1128
2766
1311
888
4041
4683
1632
1437
264
1401
900
906
858
399
672
522
1626
2760
2763
1614
1254
2124
492
1380
705
639
4011
1341
1311
1200
4383
1098
1437
375
567
1965
978
987
1470
1032
1248
2892
1053
1098
630
1179
813
2340
2025
1563
1386
1005
579
528
2214
1392
426
1005
498
492
468
498
498
498
633
1371
1314
624
390
3585
2100
3645
2211
846
1356
729
1689
303
1557
1683
873
2409
708
612
477
1098
987
906
609
6111
657
3939
1284
753
1116
462
2412
1779
2868
1257
2244
1251
1566
771
1947
1704
1569
849
2097
1425
2616
666
6111
2274
1263
1383
3324
789
3426
744
789
567
852
2142
1773
597
6486
972
1071
87
1281
789
771
786
786
765
882
735
762
783
753
831
753
747
834
756
1047
1392
1404
1095
594
1011
2604
768
504
498
522
561
2094
1500
1155
1788
1362
2136
1656
1191
975
1734
1053
1056
1062
1458
1518
1854
1599
2229
1758
1959
2775
2346
2811
1770
1407
1608
1389
1734
1887
1986
1773
2712
1398
1551
1926
2118
2376
2157
1569
1530
2157
1956
1434
1608
2457
1668
2520
2037
1755
1188
906
2913
1440
1572
2241
1854
1392
576
3186
969
2094
828
1278
783
711
816
792
255
762
1500
2262
795
2121
1419
933
585
1896
1446
1776
1794
900
1500
864
1353
2403
1437
447
459
1452
1470
1959
1347
1233
1026
1047
1029
1335
1368
864
915
3114
3189
1020
996
2172
2349
837
633
1626
1161
3348
681
2646
1080
2337
702
1389
267
2769
600
534
531
414
669
1617
618
669
3180
621
4722
1047
1080
1689
1491
795
3180
972
594
519
843
1428
1731
2976
864
864
3102
2985
3132
3147
3603
1149
984
351
1488
1491
1491
486
1554
1710
1833
1881
2607
2154
1650
357
1614
1677
4767
2769
1419
615
1884
930
1884
1689
1803
1980
1209
423
1638
1995
2337
1062
1347
1533
1329
1923
1269
1785
1464
1701
1284
1734
1302
2013
1314
1605
1557
1209
1224
1902
1728
2568
1728
2031
1884
648
2379
1227
1977
1533
1626
1962
2148
1728
330
1476
1488
1497
1596
615
990
1266
1635
2121
1662
1353
2073
1536
2508
669
552
2205
471
336
300
282
552
288
1092
1212
948
615
1077
1533
1212
1176
600
414
924
1410
888
1512
705
816
771
300
1668
1617
879
327
1113
1029
594
1197
1164
1515
765
1605
2082
2121
696
1800
2721
1785
1158
1809
2205
498
459
1365
2520
2409
342
618
378
495
1626
2295
2022
945
585
2628
3534
4290
810
2442
5130
2061
525
711
1800
1743
603
1623
1383
447
1668
1719
762
531
981
1953
363
786
1338
1155
2019
618
2034
1494
2523
906
2223
2034
1191
1113
1050
3651
3621
843
2160
2331
621
1713
153
192
1227
3657
1569
1659
1263
1395
2556
1038
2067
1347
1950
3954
678
387
1917
1998
498
4233
273
1215
1035
828
2346
246
1965
2334
951
561
2304
288
630
471
1935
2688
537
2064
3714
1533
5622
2022
2853
1065
822
1374
1392
1167
1728
1959
423
2136
897
438
417
429
444
480
441
426
426
426
429
678
777
438
1251
2070
1098
1455
2532
1197
591
4149
747
2256
267
309
372
255
231
204
216
897
1281
546
468
516
702
2244
1791
993
708
1320
402
1740
1716
1581
1929
1491
1167
2244
4626
2043
585
603
2562
807
3867
1140
1377
1362
1419
1845
750
765
771
1455
1764
1518
1788
1191
462
738
1314
639
2565
675
921
1002
399
1299
2589
291
366
1308
663
6192
1989
2106
1425
5826
2394
1737
717
1938
216
738
2244
900
1506
7329
609
1152
1314
1614
2799
1374
240
1593
3039
540
1731
2646
1155
2979
519
714
390
786
1128
1071
4986
648
1881
3207
1896
327
258
1611
264
246
1692
615
3270
981
2064
3603
1452
1446
4485
243
2028
1578
1824
1704
1758
2112
972
2298
3876
2871
2556
2301
8148
4326
1035
2589
1104
1314
2103
447
1521
2091
879
1104
789
762
1359
1029
1422
231
1092
753
993
810
741
1860
930
1464
1581
372
336
354
1389
1749
399
1746
1554
597
471
873
486
1737
375
270
261
402
726
270
240
264
222
282
300
696
990
540
483
1122
960
2091
1458
684
858
1443
1482
2115
4029
2124
3351
1740
834
2487
1098
2163
2043
1701
1809
762
1626
1617
3705
4275
2613
4980
5358
2916
1734
2298
5757
2577
1503
1167
1746
1563
687
795
444
813
1038
1308
2853
1119
522
3309
783
1383
1542
2766
3144
3162
2046
3105
3147
1890
1545
405
921
606
972
579
1212
1296
2361
921
516
516
1353
1296
1191
1107
720
1992
1869
1290
864
414
1038
585
732
1506
978
1572
1185
1746
912
1356
156
585
5034
717
1680
4593
1152
900
2499
2751
3258
1158
747
1191
1221
1338
1443
1224
11088
252
1437
1995
1194
2169
1257
615
2034
2055
1503
6723
687
1311
726
1680
897
627
1221
3855
1884
2619
1392
345
1356
1467
957
7950
1593
543
3903
903
606
1536
888
1164
1770
1410
621
597
1647
2679
609
2826
570
1155
900
654
1113
585
1002
3366
1086
1656
1755
1383
846
1416
1122
3477
3378
1098
759
894
822
3060
2514
1017
897
327
1365
2313
468
2904
2793
645
5301
960
2472
1647
429
2211
2850
675
678
765
309
633
624
198
528
519
519
483
414
273
159
246
255
219
177
192
138
333
189
147
216
171
135
198
135
177
252
240
192
264
492
192
4776
465
3444
2145
702
519
6816
1326
648
873
3936
2754
660
972
816
1548
978
1674
1014
477
1167
3033
7281
1701
1050
5166
642
378
2157
372
177
756
420
390
759
2061
1443
1323
834
834
6897
2820
1680
720
2004
2622
573
405
6078
894
2265
1272
1128
1440
1410
867
6810
303
525
2013
531
933
1224
189
6039
1557
708
2148
1989
1479
2355
3426
2091
3201
3957
2001
243
390
255
1362
1986
930
1602
1782
1239
1422
483
1311
1656
723
522
2352
1005
381
2277
939
297
1386
1131
3780
2760
807
909
1161
1638
2343
771
4512
774
2010
849
768
666
1206
816
1098
1113
780
879
756
897
339
291
441
291
738
498
312
543
2310
693
2106
1290
4020
1776
1116
3087
3060
1626
1023
2199
5943
504
969
10011
204
4716
279
1302
948
1638
1674
1380
1725
2601
1737
1272
1536
4395
948
681
1458
588
6009
918
1350
1119
678
1041
4920
699
663
1803
1653
1431
1077
618
936
4923
3054
621
318
924
1701
657
1110
621
1515
984
1095
1575
816
2889
831
2322
1878
837
2298
1209
1422
663
1935
2601
1905
2367
6309
1500
777
912
1818
2523
930
1326
1908
1179
699
4920
1848
909
4920
465
972
1842
666
1563
360
1083
1365
2589
438
1632
1629
1530
657
645
1047
1068
804
3816
642
690
1422
1341
372
447
429
1467
1158
708
1500
348
735
405
357
726
6663
2469
1761
3354
1239
1155
720
381
1710
948
2622
3282
603
5421
636
618
2067
7704
3075
1110
2127
1020
2514
1134
591
759
3963
816
7446
1632
708
840
1131
2811
873
1377
1332
1161
1971
2046
612
2850
954
3063
2052
855
1788
648
513
192
2274
3597
924
609
759
990
1527
2382
2259
1134
1212
501
1203
1221
1194
1272
1767
1284
1053
567
2751
3099
462
2748
438
3021
1530
579
1917
792
2064
1104
2958
3729
1230
6456
4812
741
1995
756
1137
1980
954
1518
1524
1569
1743
636
2271
738
1806
1479
867
2205
801
465
1032
1302
1344
996
1047
1014
1197
5883
501
2055
1647
972
561
333
1020
2694
843
894
954
945
2409
1656
837
1257
579
1185
2463
966
3099
1176
399
1920
2106
891
408
642
7098
585
1260
1107
903
1695
2592
654
384
1401
1248
1515
1590
2421
495
1224
1251
1338
645
2190
1023
1713
381
429
609
2010
2154
318
1503
1239
600
1149
573
1161
1122
1155
552
756
726
1212
702
1515
1602
1392
213
1056
411
6672
1824
993
195
1503
5502
1455
2250
3096
1062
924
1110
1524
930
327
7245
2118
2289
1764
2934
912
1035
333
2343
615
462
789
507
1830
387
3825
690
3426
1194
555
543
207
2571
930
1236
780
324
387
1494
5883
813
843
945
1266
906
303
1062
1551
1461
1272
483
1173
510
1935
2967
981
4506
855
1290
1446
1410
1095
996
600
720
1167
1302
1596
1407
1215
864
1074
3708
1149
2112
1428
1050
1407
372
6762
1410
2220
1266
9060
1737
1614
1554
399
3570
3516
1467
1062
981
1524
2259
1134
3636
2034
1131
2010
5460
2010
1104
1095
5517
1758
2880
5682
447
858
2124
1818
801
1449
762
3708
267
2319
1188
2475
1530
1266
690
972
1551
1728
879
1116
1203
1137
897
1866
1080
2088
1122
993
2085
558
588
1413
1782
1770
1689
1773
8487
1077
2451
561
687
1737
621
762
420
741
2043
999
561
1734
1215
4851
645
2283
2004
807
2925
576
1566
5289
957
3150
3126
135
501
1068
1662
1056
606
423
3039
987
729
1359
2580
1557
885
972
1455
1065
873
2028
2418
669
954
1449
483
1155
1011
1761
240
1059
1587
1278
1983
4956
990
1593
2400
2103
2883
675
1962
3708
3054
1173
3942
1998
2136
2322
435
2223
3105
1935
267
1560
1119
1101
2250
1278
1896
2667
816
1347
516
90
597
999
1815
1419
2418
2454
2664
1221
1110
4407
1689
1032
1224
1224
828
2499
1896
1044
1803
2091
960
1041
1041
1044
1413
906
1680
2139
552
11058
2376
546
1938
975
9564
3108
657
1263
1335
1713
351
2193
354
447
1395
3459
1065
750
552
5268
1053
411
960
4365
7665
1989
1431
2781
1146
1011
609
1584
1563
402
2250
468
573
4362
1302
516
1731
1461
2181
1053
2472
900
462
2793
3177
1491
2763
1521
2340
1821
2118
624
1410
1287
474
1986
1863
480
1974
480
567
567
567
567
567
1419
990
1386
693
2067
474
1458
1509
1239
483
1242
3648
702
783
519
798
1191
936
1701
1944
2526
1728
2091
537
1083
1431
1005
459
1848
942
5901
1884
1296
2400
351
354
354
354
354
354
354
354
354
351
354
441
309
1317
2451
2565
4188
3816
4482
1179
495
1512
495
819
819
819
1887
2337
2226
2226
336
246
246
567
567
567
219
327
336
642
642
1122
2082
231
4683
4467
3702
1140
786
13125
3075
3291
5403
576
2886
1749
3942
1821
4296
1416
1557
1764
336
336
348
333
342
660
2136
936
1041
1080
1875
207
777
777
1599
777
2412
138
2400
750
1572
180
3408
957
2115
675
2511
2205
1734
1200
3477
894
2763
2409
711
3312
1041
1767
1419
1176
1002
867
1020
1014
987
1098
1167
669
423
3699
1620
2454
2778
1860
489
1518
552
1110
6534
2547
852
4113
1416
1044
5622
3141
2076
1107
1557
1545
1545
3678
1710
396
3753
792
582
1134
3672
579
240
240
579
240
240
603
603
1383
855
675
501
1620
1875
4551
2259
930
1014
1572
702
2874
624
7479
1008
243
4503
765
1254
756
1014
1428
1113
1020
1002
792
1563
1170
5409
849
345
1086
1956
2238
2073
807
2088
2424
1770
1962
1800
2157
906
726
1149
4044
1521
747
3306
786
3447
954
738
1398
2016
1734
1695
1350
771
1515
504
2271
2874
1131
294
1980
321
1290
1350
6873
1362
903
1140
1899
2088
684
336
1509
1881
1881
1509
138
1677
4188
2517
1644
837
378
1596
363
354
621
387
303
315
306
834
648
603
480
867
507
606
834
138
444
447
138
924
1212
1167
1221
2061
1230
4749
1248
2091
2568
1287
3363
456
693
2814
1314
555
645
5334
957
603
462
2208
939
1164
681
1197
5073
5076
3771
3327
429
429
2013
894
1002
207
4167
567
1377
1635
1926
1101
273
3414
2922
336
933
663
3255
1377
1143
2298
3204
942
1893
1092
1929
342
1920
2742
6222
1284
1209
2280
975
4602
588
1026
897
669
459
1284
948
156
1452
1032
213
594
1248
867
555
867
2019
978
1074
1233
2688
546
957
900
867
867
867
867
867
867
867
867
867
867
867
1677
2685
4782
1494
3807
2145
387
8199
2982
1392
1392
897
1131
3213
2706
234
2025
1143
1095
2316
5358
1992
714
1842
2214
978
1008
969
1746
1644
4011
927
1251
2145
552
1065
1938
2742
1218
1671
1743
978
1098
657
639
804
813
642
252
342
342
342
237
180
795
1533
180
180
1557
237
2697
570
570
570
570
570
570
570
570
570
2715
396
2040
891
2631
9243
1200
2268
777
786
2331
1176
1527
1404
738
1386
3006
3390
1086
822
1341
312
441
294
294
294
294
1932
3429
1122
300
426
2514
543
219
2538
327
327
1899
768
3936
285
1653
477
1002
948
1272
1053
1290
1272
948
957
477
1002
2325
1812
2022
789
603
1854
306
2322
696
552
1995
954
1521
1110
1479
1899
945
384
945
237
945
945
384
945
519
1122
2169
1347
1392
1200
930
6186
1737
1290
1944
1251
711
1077
1107
3663
747
1155
1032
1908
741
2238
5730
1704
1182
522
2328
3774
1116
2841
708
1284
6108
786
2139
1497
1095
1095
1095
1095
1233
1791
7944
765
645
909
879
1413
1344
1020
5616
432
474
1434
693
1548
1260
543
543
543
1764
1545
1401
300
7056
348
1116
570
207
324
876
594
642
744
348
1116
1116
348
1266
867
663
1566
615
792
2406
558
3747
927
579
1569
945
927
927
927
945
927
7668
1983
4335
135
378
378
2511
1626
1626
1206
1206
4620
435
792
1491
1491
1491
1491
444
1491
1491
444
321
2235
1965
1623
321
1317
2172
321
1665
