lag	cross_corr	plus_count	minus_count
0	2078	499849	500151
1	4593	499849	500151
2	3416	499849	500151
3	3913	499849	500151
4	2909	499849	500151
5	2810	499849	500151
6	2808	499849	500151
7	2942	499849	500151
8	3150	499849	500151
9	3268	499849	500151
10	3165	499849	500151
11	3276	499849	500151
12	3437	499849	500151
13	3279	499849	500151
14	3048	499849	500151
15	3240	499849	500151
16	3334	499849	500151
17	3894	499849	500151
18	3402	499849	500151
19	3882	499849	500151
20	3695	499849	500151
21	4703	499849	500151
22	4142	499849	500151
23	4631	499849	500151
24	4362	499849	500151
25	5024	499849	500151
26	4384	499849	500151
27	4144	499849	500151
28	4112	499849	500151
29	4427	499849	500151
30	4784	499849	500151
31	5151	499849	500151
32	5915	499849	500151
33	5233	499849	500151
34	7196	499849	500151
35	6903	499849	500151
36	7358	499849	500151
37	4572	499849	500151
38	5451	499849	500151
39	5309	499849	500151
40	4454	499849	500151
41	4128	499849	500151
42	4847	499849	500151
43	3335	499849	500151
44	3822	499849	500151
45	3295	499849	500151
46	1934	499849	500151
47	2382	499849	500151
48	2379	499849	500151
49	4576	499849	500151
50	1399	499849	500151
51	2049	499849	500151
52	2397	499849	500151
53	3038	499849	500151
54	2996	499849	500151
55	3914	499849	500151
56	3006	499849	500151
57	4649	499849	500151
58	3407	499849	500151
59	3531	499849	500151
60	3351	499849	500151
61	3246	499849	500151
62	3370	499849	500151
63	3649	499849	500151
64	3358	499849	500151
65	3451	499849	500151
66	3438	499849	500151
67	3317	499849	500151
68	3372	499849	500151
69	3385	499849	500151
70	3401	499849	500151
71	3383	499849	500151
72	3408	499849	500151
73	3407	499849	500151
74	3373	499849	500151
75	3331	499849	500151
76	3456	499849	500151
77	3355	499849	500151
78	3421	499849	500151
79	3323	499849	500151
80	3284	499849	500151
81	3380	499849	500151
82	3292	499849	500151
83	3411	499849	500151
84	3315	499849	500151
85	3433	499849	500151
86	3220	499849	500151
87	3392	499849	500151
88	3345	499849	500151
89	3303	499849	500151
90	3270	499849	500151
91	3299	499849	500151
92	3369	499849	500151
93	3236	499849	500151
94	3218	499849	500151
95	3243	499849	500151
96	3265	499849	500151
97	3249	499849	500151
98	3216	499849	500151
99	3165	499849	500151
100	3152	499849	500151
101	3112	499849	500151
102	3163	499849	500151
103	3247	499849	500151
104	3075	499849	500151
105	3113	499849	500151
106	3054	499849	500151
107	3158	499849	500151
108	3206	499849	500151
109	3041	499849	500151
110	3046	499849	500151
111	3067	499849	500151
112	3002	499849	500151
113	3154	499849	500151
114	3048	499849	500151
115	3021	499849	500151
116	2851	499849	500151
117	2968	499849	500151
118	3009	499849	500151
119	2927	499849	500151
120	2927	499849	500151
121	2902	499849	500151
122	2969	499849	500151
123	2939	499849	500151
124	2920	499849	500151
125	2931	499849	500151
126	2921	499849	500151
127	2853	499849	500151
128	2737	499849	500151
129	2764	499849	500151
130	2785	499849	500151
131	2753	499849	500151
132	2808	499849	500151
133	2717	499849	500151
134	2736	499849	500151
135	2741	499849	500151
136	2672	499849	500151
137	2689	499849	500151
138	2707	499849	500151
139	2597	499849	500151
140	2709	499849	500151
141	2677	499849	500151
142	2662	499849	500151
143	2607	499849	500151
144	2575	499849	500151
145	2458	499849	500151
146	2577	499849	500151
147	2485	499849	500151
148	2573	499849	500151
149	2440	499849	500151
150	2408	499849	500151
151	2475	499849	500151
152	2337	499849	500151
153	2407	499849	500151
154	2372	499849	500151
155	2375	499849	500151
156	2378	499849	500151
157	2357	499849	500151
158	2305	499849	500151
159	2276	499849	500151
160	2333	499849	500151
161	2239	499849	500151
162	2306	499849	500151
163	2251	499849	500151
164	2145	499849	500151
165	2184	499849	500151
166	2252	499849	500151
167	2149	499849	500151
168	2123	499849	500151
169	2159	499849	500151
170	2134	499849	500151
171	2145	499849	500151
172	2081	499849	500151
173	2173	499849	500151
174	2033	499849	500151
175	2077	499849	500151
176	2023	499849	500151
177	2000	499849	500151
178	1981	499849	500151
179	2089	499849	500151
180	1977	499849	500151
181	2024	499849	500151
182	1919	499849	500151
183	1953	499849	500151
184	1824	499849	500151
185	1920	499849	500151
186	1902	499849	500151
187	1930	499849	500151
188	1906	499849	500151
189	1814	499849	500151
190	1829	499849	500151
191	1865	499849	500151
192	1783	499849	500151
193	1810	499849	500151
194	1735	499849	500151
195	1704	499849	500151
196	1728	499849	500151
197	1700	499849	500151
198	1692	499849	500151
199	1688	499849	500151
200	1677	499849	500151
201	1639	499849	500151
202	1605	499849	500151
203	1628	499849	500151
204	1624	499849	500151
205	1614	499849	500151
206	1600	499849	500151
207	1533	499849	500151
208	1617	499849	500151
209	1575	499849	500151
210	1538	499849	500151
211	1519	499849	500151
212	1540	499849	500151
213	1527	499849	500151
214	1471	499849	500151
215	1532	499849	500151
216	1510	499849	500151
217	1495	499849	500151
218	1437	499849	500151
219	1464	499849	500151
220	1507	499849	500151
221	1488	499849	500151
222	1393	499849	500151
223	1416	499849	500151
224	1352	499849	500151
225	1383	499849	500151
226	1342	499849	500151
227	1399	499849	500151
228	1377	499849	500151
229	1366	499849	500151
230	1355	499849	500151
231	1275	499849	500151
232	1307	499849	500151
233	1289	499849	500151
234	1356	499849	500151
235	1279	499849	500151
236	1272	499849	500151
237	1275	499849	500151
238	1276	499849	500151
239	1229	499849	500151
240	1273	499849	500151
241	1183	499849	500151
242	1178	499849	500151
243	1202	499849	500151
244	1202	499849	500151
245	1189	499849	500151
246	1201	499849	500151
247	1178	499849	500151
248	1154	499849	500151
249	1153	499849	500151
250	1180	499849	500151
251	1090	499849	500151
252	1154	499849	500151
253	1090	499849	500151
254	1070	499849	500151
255	1067	499849	500151
256	1043	499849	500151
257	1085	499849	500151
258	1094	499849	500151
259	1136	499849	500151
260	1036	499849	500151
261	1020	499849	500151
262	1069	499849	500151
263	973	499849	500151
264	1007	499849	500151
265	1026	499849	500151
266	1044	499849	500151
267	1039	499849	500151
268	1041	499849	500151
269	962	499849	500151
270	1009	499849	500151
271	945	499849	500151
272	921	499849	500151
273	979	499849	500151
274	954	499849	500151
275	903	499849	500151
276	974	499849	500151
277	900	499849	500151
278	903	499849	500151
279	942	499849	500151
280	959	499849	500151
281	887	499849	500151
282	872	499849	500151
283	928	499849	500151
284	853	499849	500151
285	895	499849	500151
286	858	499849	500151
287	869	499849	500151
288	838	499849	500151
289	876	499849	500151
290	903	499849	500151
291	833	499849	500151
292	799	499849	500151
293	819	499849	500151
294	859	499849	500151
295	826	499849	500151
296	756	499849	500151
297	863	499849	500151
298	791	499849	500151
299	832	499849	500151
300	837	499849	500151
301	850	499849	500151
302	805	499849	500151
303	753	499849	500151
304	846	499849	500151
305	787	499849	500151
306	779	499849	500151
307	780	499849	500151
308	729	499849	500151
309	750	499849	500151
310	808	499849	500151
311	700	499849	500151
312	731	499849	500151
313	736	499849	500151
314	728	499849	500151
315	772	499849	500151
316	738	499849	500151
317	775	499849	500151
318	728	499849	500151
319	710	499849	500151
320	672	499849	500151
321	743	499849	500151
322	687	499849	500151
323	696	499849	500151
324	682	499849	500151
325	729	499849	500151
326	686	499849	500151
327	661	499849	500151
328	630	499849	500151
329	711	499849	500151
330	653	499849	500151
331	685	499849	500151
332	691	499849	500151
333	655	499849	500151
334	665	499849	500151
335	661	499849	500151
336	675	499849	500151
337	624	499849	500151
338	615	499849	500151
339	660	499849	500151
340	678	499849	500151
341	614	499849	500151
342	631	499849	500151
343	627	499849	500151
344	650	499849	500151
345	639	499849	500151
346	647	499849	500151
347	630	499849	500151
348	655	499849	500151
349	635	499849	500151
350	587	499849	500151
351	592	499849	500151
352	576	499849	500151
353	600	499849	500151
354	621	499849	500151
355	661	499849	500151
356	599	499849	500151
357	584	499849	500151
358	590	499849	500151
359	608	499849	500151
360	582	499849	500151
361	574	499849	500151
362	585	499849	500151
363	557	499849	500151
364	540	499849	500151
365	593	499849	500151
366	591	499849	500151
367	567	499849	500151
368	565	499849	500151
369	593	499849	500151
370	564	499849	500151
371	550	499849	500151
372	528	499849	500151
373	573	499849	500151
374	625	499849	500151
375	588	499849	500151
376	528	499849	500151
377	525	499849	500151
378	528	499849	500151
379	546	499849	500151
380	595	499849	500151
381	550	499849	500151
382	578	499849	500151
383	526	499849	500151
384	536	499849	500151
385	522	499849	500151
386	511	499849	500151
387	496	499849	500151
388	507	499849	500151
389	546	499849	500151
390	558	499849	500151
391	515	499849	500151
392	506	499849	500151
393	502	499849	500151
394	481	499849	500151
395	459	499849	500151
396	473	499849	500151
397	484	499849	500151
398	486	499849	500151
399	487	499849	500151
400	506	499849	500151
401	453	499849	500151
402	491	499849	500151
403	492	499849	500151
404	470	499849	500151
405	471	499849	500151
406	487	499849	500151
407	462	499849	500151
408	494	499849	500151
409	486	499849	500151
410	489	499849	500151
411	480	499849	500151
412	477	499849	500151
413	486	499849	500151
414	482	499849	500151
415	441	499849	500151
416	445	499849	500151
417	453	499849	500151
418	479	499849	500151
419	474	499849	500151
420	460	499849	500151
421	494	499849	500151
422	475	499849	500151
423	467	499849	500151
424	433	499849	500151
425	502	499849	500151
426	466	499849	500151
427	452	499849	500151
428	415	499849	500151
429	403	499849	500151
430	451	499849	500151
431	419	499849	500151
432	412	499849	500151
433	469	499849	500151
434	433	499849	500151
435	453	499849	500151
436	417	499849	500151
437	460	499849	500151
438	431	499849	500151
439	387	499849	500151
440	419	499849	500151
441	409	499849	500151
442	425	499849	500151
443	453	499849	500151
444	471	499849	500151
445	456	499849	500151
446	393	499849	500151
447	443	499849	500151
448	415	499849	500151
449	426	499849	500151
450	430	499849	500151
451	363	499849	500151
452	432	499849	500151
453	459	499849	500151
454	373	499849	500151
455	416	499849	500151
456	409	499849	500151
457	403	499849	500151
458	368	499849	500151
459	372	499849	500151
460	410	499849	500151
461	368	499849	500151
462	365	499849	500151
463	393	499849	500151
464	393	499849	500151
465	415	499849	500151
466	410	499849	500151
467	384	499849	500151
468	374	499849	500151
469	404	499849	500151
470	369	499849	500151
471	388	499849	500151
472	382	499849	500151
473	389	499849	500151
474	382	499849	500151
475	378	499849	500151
476	357	499849	500151
477	366	499849	500151
478	327	499849	500151
479	394	499849	500151
480	361	499849	500151
481	342	499849	500151
482	367	499849	500151
483	376	499849	500151
484	381	499849	500151
485	368	499849	500151
486	378	499849	500151
487	338	499849	500151
488	380	499849	500151
489	419	499849	500151
490	341	499849	500151
491	359	499849	500151
492	361	499849	500151
493	348	499849	500151
494	319	499849	500151
495	351	499849	500151
496	356	499849	500151
497	392	499849	500151
498	331	499849	500151
499	362	499849	500151
500	365	499849	500151
