value
0.0
0.0444
0.0479
0.0693
0.0
0.0518
0.0
0.0548
0.0589
0.039
0.0
0.0
0.0202
0.0566
0.0647
0.0707
0.0
0.0
0.0382
0.053
0.0055
0.0462
0.0842
0.0539
0.0332
0.0
0.0523
0.0381
0.0233
0.1227
0.0322
0.076
0.0309
0.0386
0.0811
0.0392
0.0
0.056
0.123
0.0688
0.0782
0.0
0.0848
0.0169
0.0605
0.0582
0.0604
0.0459
0.0
0.0387
0.0
0.0377
0.0296
0.0456
0.0724
0.0437
0.0463
0.0679
0.0474
0.085
0.0604
0.0
0.0691
0.0685
0.0403
0.0729
0.0
0.0382
0.0501
0.0345
0.0759
0.0985
0.0446
0.0709
0.0396
0.0245
0.0935
0.0396
0.0
0.0296
0.0496
0.0175
0.0911
0.0001
0.0446
0.5495
0.0
0.0505
0.0758
0.0582
0.0
0.0
0.0
0.1081
0.0508
0.081
0.0519
0.0729
0.0383
0.0465
0.1205
0.0612
0.0486
0.0499
0.0814
0.0497
0.0603
0.0907
0.0
0.0805
0.0771
0.0821
0.0786
0.071
0.0557
0.0
0.1292
0.0
0.0421
0.0216
0.04
0.0221
0.0348
0.0307
0.0451
0.0613
0.0511
0.0531
0.1285
0.0542
0.0404
0.0442
0.0534
0.0
0.0279
0.0288
0.0
0.1779
0.0
0.0428
0.047
0.0678
0.1048
0.0611
0.0378
0.0422
0.0423
0.1013
0.0822
0.0
0.0613
0.0
0.0594
0.0
0.0588
0.0
0.0547
0.0489
0.1054
0.0926
0.0888
0.0522
0.081
0.0689
0.0771
0.0614
0.117
0.0488
0.1088
0.0374
0.0891
0.0239
0.0436
0.0464
0.0
0.0507
0.0
0.065
0.083
0.0489
0.0443
0.0495
0.0804
0.0492
0.0771
0.0534
0.0646
0.0589
0.0483
0.0926
0.0859
0.0577
0.0673
0.0653
0.0728
0.0324
0.0541
0.0269
0.0
0.076
0.0589
0.0413
0.0463
0.0783
0.0
0.1114
0.0495
0.0822
0.0505
0.0476
0.0292
0.0
0.054
0.0
0.1091
0.0634
0.0473
0.0339
0.0377
0.0521
0.0263
0.081
0.0566
0.0459
0.0
0.0507
0.1251
0.0
0.0378
0.0645
0.0396
0.0545
0.0406
0.1177
0.0669
0.0625
0.0818
0.0
0.0518
0.0459
0.0869
0.0687
0.0915
0.0431
0.0753
0.0754
0.055
0.0316
0.0306
