barcode	reads	human	mouse	pig	top_species	top_fraction	second_fraction	margin
AAAGGATCAGCGTATT	75	8	3	64	pig	0.853333	0.106667	0.746667
AAAGGGCAGACGCATG	77	8	65	4	mouse	0.844156	0.103896	0.740260
AAAGGGCAGAGTGGCT	199	21	164	14	mouse	0.824121	0.105528	0.718593
AACAAAGCACTGCGAC	171	17	143	11	mouse	0.836257	0.099415	0.736842
AACAAAGTCTTGATTC	56	3	1	52	pig	0.928571	0.053571	0.875000
AACAACCGTTTCGATG	62	4	1	57	pig	0.919355	0.064516	0.854839
AACAACCTCGCGTGCA	669	86	41	542	pig	0.810164	0.128550	0.681614
AACAAGACAAGTTCCA	286	147	107	32	human	0.513986	0.374126	0.139860
AACACACGTAGGTGCA	60	8	6	46	pig	0.766667	0.133333	0.633333
AACCAACGTCCGGATC	190	18	158	14	mouse	0.831579	0.094737	0.736842
AACCTGACACCCTGTT	14	2	0	12	pig	0.857143	0.142857	0.714286
AACGAAAAGTCTACCA	246	206	0	40	human	0.837398	0.162602	0.674797
AACGGGAGTCCAGCCA	143	14	121	8	mouse	0.846154	0.097902	0.748252
AACGTCACACGGTAGA	80	3	3	74	pig	0.925000	0.037500	0.887500
AAGACTCTCACCTCGT	148	84	43	21	human	0.567568	0.290541	0.277027
AAGCATCCACATACGT	35	5	3	27	pig	0.771429	0.142857	0.628571
AAGCCATCACCATAAC	74	49	18	7	human	0.662162	0.243243	0.418919
AAGCGAGGTTGGGAAC	49	25	20	4	human	0.510204	0.408163	0.102041
AAGGTAATCATCGCCT	241	24	200	17	mouse	0.829876	0.099585	0.730290
AAGTGAAAGTGGACTG	275	55	20	200	pig	0.727273	0.200000	0.527273
AATAGAGCAAAGTGTA	172	18	141	13	mouse	0.819767	0.104651	0.715116
AATGGCTAGCACACCC	355	47	23	285	pig	0.802817	0.132394	0.670423
AATGGCTCATCAGCAT	96	55	29	12	human	0.572917	0.302083	0.270833
AATGGCTGTCAGTTTG	17	4	1	12	pig	0.705882	0.235294	0.470588
AATTTCCGTCCTGGTG	88	14	6	68	pig	0.772727	0.159091	0.613636
ACAAAGACAACGGGTA	55	4	45	6	mouse	0.818182	0.109091	0.709091
ACAAAGATCTTACCGC	47	8	2	37	pig	0.787234	0.170213	0.617021
ACAAGCTCAAGACCGA	52	3	46	3	mouse	0.884615	0.057692	0.826923
ACACTGAAGTATGACA	97	4	1	92	pig	0.948454	0.041237	0.907216
ACAGAAAGTGTTGATC	170	29	8	133	pig	0.782353	0.170588	0.611765
ACAGCCGCAATCCTTT	56	1	52	3	mouse	0.928571	0.053571	0.875000
ACATCCCTCAATGTCG	54	46	1	7	human	0.851852	0.129630	0.722222
ACATCGAAGAAACACT	298	28	246	24	mouse	0.825503	0.093960	0.731544
ACCAACACACGGTAGA	78	8	5	65	pig	0.833333	0.102564	0.730769
ACCAACATCATGCCGG	109	94	0	15	human	0.862385	0.137615	0.724771
ACCACAAAGATGAAGG	17	2	1	14	pig	0.823529	0.117647	0.705882
ACCACAACATGAATAG	43	7	2	34	pig	0.790698	0.162791	0.627907
ACCCTCAGTGACGTCC	26	3	1	22	pig	0.846154	0.115385	0.730769
ACCCTTGCACTGAATC	308	258	1	49	human	0.837662	0.159091	0.678571
ACCGTTCTCCACGGGT	48	10	5	33	pig	0.687500	0.208333	0.479167
ACCTACCAGCAGATAT	53	7	1	45	pig	0.849057	0.132075	0.716981
ACCTGTCGTAGTGGCA	233	134	75	24	human	0.575107	0.321888	0.253219
ACGATCATCTTTACAC	21	3	1	17	pig	0.809524	0.142857	0.666667
ACGGGTCCATAGATCC	194	24	11	159	pig	0.819588	0.123711	0.695876
ACGGTCGGTAAGCGGT	140	89	32	19	human	0.635714	0.228571	0.407143
ACGGTTAGTCACGACC	26	4	0	22	pig	0.846154	0.153846	0.692308
ACGGTTAGTCCCTCAT	49	6	40	3	mouse	0.816327	0.122449	0.693878
ACGTAGTGTAATTGGA	45	5	3	37	pig	0.822222	0.111111	0.711111
ACTACGAGTCAAGGCA	85	5	2	78	pig	0.917647	0.058824	0.858824
ACTATGGGTAAGCAAT	224	21	187	16	mouse	0.834821	0.093750	0.741071
ACTATGGTCCTTCAGC	14	1	1	12	pig	0.857143	0.071429	0.785714
ACTCCCAGTCCTGGGT	409	62	33	314	pig	0.767726	0.151589	0.616137
ACTCTCGCAAGAGGTC	75	13	7	55	pig	0.733333	0.173333	0.560000
ACTGTCCGTGGCAACA	222	23	184	15	mouse	0.828829	0.103604	0.725225
ACTGTGAGTCCGGATC	148	20	10	118	pig	0.797297	0.135135	0.662162
ACTTATCAGGGTAGCT	68	6	60	2	mouse	0.882353	0.088235	0.794118
ACTTCCGCACTCTCGT	179	32	14	133	pig	0.743017	0.178771	0.564246
ACTTCGCCACTGTGAT	208	34	18	156	pig	0.750000	0.163462	0.586538
ACTTTCACATCATGAC	92	12	4	76	pig	0.826087	0.130435	0.695652
AGAAATGTCATTTACC	241	28	199	14	mouse	0.825726	0.116183	0.709544
AGAACCTAGCGCCTAC	120	26	13	81	pig	0.675000	0.216667	0.458333
AGAACCTCAACTGAAA	128	15	109	4	mouse	0.851562	0.117188	0.734375
AGAAGCGGTGGAAATT	442	367	3	72	human	0.830317	0.162896	0.667421
AGAAGTAAGCGCATCC	121	9	5	107	pig	0.884298	0.074380	0.809917
AGACACTCACAATGCT	46	11	3	32	pig	0.695652	0.239130	0.456522
AGACACTCACTCAGAT	99	4	4	91	pig	0.919192	0.040404	0.878788
AGACAGGCAGAACGCA	76	42	24	10	human	0.552632	0.315789	0.236842
AGAGAATCACGTGTGC	290	26	246	18	mouse	0.848276	0.089655	0.758621
AGAGAGCTCTATGCCC	34	7	22	5	mouse	0.647059	0.205882	0.441176
AGAGAGCTCTGTAACG	25	0	22	3	mouse	0.880000	0.120000	0.760000
AGAGCCCAGTCGGCAA	55	5	4	46	pig	0.836364	0.090909	0.745455
AGATAGATCCGGCAAC	208	138	38	32	human	0.663462	0.182692	0.480769
AGATCCACACCTGTCT	180	21	146	13	mouse	0.811111	0.116667	0.694444
AGATCGTAGAGAACCC	86	8	75	3	mouse	0.872093	0.093023	0.779070
AGCATCAAGTTCATCG	28	2	2	24	pig	0.857143	0.071429	0.785714
AGCCAATGTCTACGAT	437	59	30	348	pig	0.796339	0.135011	0.661327
AGCGATTGTAAGGTCG	252	25	210	17	mouse	0.833333	0.099206	0.734127
AGCGCCAAGAATTTGG	144	6	132	6	mouse	0.916667	0.041667	0.875000
AGCGCCACAGCTTTGA	16	1	15	0	mouse	0.937500	0.062500	0.875000
AGCGTATTCGCTGATA	49	7	4	38	pig	0.775510	0.142857	0.632653
AGCTACAGTCTGATAC	15	7	7	1	human	0.466667	0.466667	0.000000
AGCTTCCCAAGAAATC	77	11	6	60	pig	0.779221	0.142857	0.636364
AGCTTCCTCTGATTCT	15	1	14	0	mouse	0.933333	0.066667	0.866667
AGGAAATCACTTGGCG	173	20	139	14	mouse	0.803468	0.115607	0.687861
AGGAATACAGTTTCAG	79	6	69	4	mouse	0.873418	0.075949	0.797468
AGGAATATCCGACAGC	39	4	33	2	mouse	0.846154	0.102564	0.743590
AGGACGAGTCTTCCGT	77	39	28	10	human	0.506494	0.363636	0.142857
AGGAGGTCAAGCAATA	499	53	405	41	mouse	0.811623	0.106212	0.705411
AGGAGGTGTTTCCATT	111	96	0	15	human	0.864865	0.135135	0.729730
AGGATAATCATCGCCT	18	2	2	14	pig	0.777778	0.111111	0.666667
AGGATAATCTGCCCTA	16	1	14	1	mouse	0.875000	0.062500	0.812500
AGGCATTAGTTACGAA	125	13	101	11	mouse	0.808000	0.104000	0.704000
AGGCATTCAGCGTACC	84	11	2	71	pig	0.845238	0.130952	0.714286
AGGCTGCGTAATTGGA	171	21	136	14	mouse	0.795322	0.122807	0.672515
AGGCTGCGTGTGAATA	72	40	22	10	human	0.555556	0.305556	0.250000
AGGTAGGAGTGCCTCG	123	10	9	104	pig	0.845528	0.081301	0.764228
AGGTCATCACGCACCA	283	236	2	45	human	0.833922	0.159011	0.674912
AGGTCTAAGTTCCGGC	62	7	4	51	pig	0.822581	0.112903	0.709677
AGGTCTACAGTCTTCC	22	2	0	20	pig	0.909091	0.090909	0.818182
AGGTTACAGCCTATTG	72	44	21	7	human	0.611111	0.291667	0.319444
AGGTTACTCGACGCGT	44	5	36	3	mouse	0.818182	0.113636	0.704545
AGGTTGTCACTGAGGA	26	0	24	2	mouse	0.923077	0.076923	0.846154
AGGTTGTGTAGCGATG	28	0	28	0	mouse	1.000000	0.000000	1.000000
AGTAACCGTCTGTTAG	391	29	346	16	mouse	0.884910	0.074169	0.810742
AGTAGCTAGAGTGTGC	59	4	2	53	pig	0.898305	0.067797	0.830508
AGTAGCTTCAAACCTG	442	45	359	38	mouse	0.812217	0.101810	0.710407
AGTAGTCAGTCTGCGC	282	240	1	41	human	0.851064	0.145390	0.705674
AGTCAACAGGATCATA	37	2	33	2	mouse	0.891892	0.054054	0.837838
AGTCTCCAGATTCGCT	21	4	0	17	pig	0.809524	0.190476	0.619048
AGTGATCCAAATAAGC	82	9	3	70	pig	0.853659	0.109756	0.743902
AGTGTTGCAGATCATC	28	5	1	22	pig	0.785714	0.178571	0.607143
AGTTAGCGTCCTTGTC	325	37	266	22	mouse	0.818462	0.113846	0.704615
AGTTAGCGTGGTCAAG	62	5	51	6	mouse	0.822581	0.096774	0.725806
AGTTAGCTCATTGGTG	18	3	1	14	pig	0.777778	0.166667	0.611111
AGTTCCCCATGAAGCG	293	250	2	41	human	0.853242	0.139932	0.713311
ATACCGACACCCAATA	74	7	2	65	pig	0.878378	0.094595	0.783784
ATACCGAGTTATAGCC	153	136	1	16	human	0.888889	0.104575	0.784314
ATACTTCGTCTTACAG	54	4	1	49	pig	0.907407	0.074074	0.833333
ATAGACCCACATATGC	34	8	1	25	pig	0.735294	0.235294	0.500000
ATCACAGGTGAATATG	176	22	9	145	pig	0.823864	0.125000	0.698864
ATCACGAAGACTTAAG	52	11	6	35	pig	0.673077	0.211538	0.461538
ATCAGGTAGGTAACTA	81	9	5	67	pig	0.827160	0.111111	0.716049
ATCAGGTGTTGTAGCT	188	150	2	36	human	0.797872	0.191489	0.606383
ATCATTCAGCCGTCGT	195	163	2	30	human	0.835897	0.153846	0.682051
ATCATTCCACTCATAG	104	6	2	96	pig	0.923077	0.057692	0.865385
ATCCACCCAACCGTAT	434	41	364	29	mouse	0.838710	0.094470	0.744240
ATCCATTCACCATAAC	24	0	24	0	mouse	1.000000	0.000000	1.000000
ATCCCTGCACCTAAAC	254	34	17	203	pig	0.799213	0.133858	0.665354
ATCCCTGTCGTTGTAG	279	225	2	52	human	0.806452	0.186380	0.620072
ATCCTATAGGCCATAG	166	20	134	12	mouse	0.807229	0.120482	0.686747
ATCCTATGTTTGGCTA	63	7	7	49	pig	0.777778	0.111111	0.666667
ATCGGATGTACTGACT	1829	75	1693	61	mouse	0.925642	0.041006	0.884636
ATCGGATGTTAGGGAC	216	187	2	27	human	0.865741	0.125000	0.740741
ATCGTAGTCCGGGACT	18	1	15	2	mouse	0.833333	0.111111	0.722222
ATCGTCCGTAATGATG	56	3	2	51	pig	0.910714	0.053571	0.857143
ATCGTGACAGCAGACA	190	95	76	19	human	0.500000	0.400000	0.100000
ATCTCTAAGTGCTCGC	428	367	2	59	human	0.857477	0.137850	0.719626
ATCTTCACAAGACGAC	9	0	8	1	mouse	0.888889	0.111111	0.777778
ATGGGAGCAAGTGGAC	126	11	9	106	pig	0.841270	0.087302	0.753968
ATGGGAGCAATCTCGA	51	6	43	2	mouse	0.843137	0.117647	0.725490
ATGGTTGAGTAGGAAG	222	31	10	181	pig	0.815315	0.139640	0.675676
ATTACCTAGCCTGAAG	33	3	7	23	pig	0.696970	0.212121	0.484848
ATTACCTCATCCGTTC	50	5	3	42	pig	0.840000	0.100000	0.740000
ATTACCTGTACGATCT	173	146	0	27	human	0.843931	0.156069	0.687861
ATTCCCGCAATCCTTT	432	63	35	334	pig	0.773148	0.145833	0.627315
ATTCCCGTCTCAATCT	190	29	12	149	pig	0.784211	0.152632	0.631579
ATTCGTTAGTTGGGAC	140	16	11	113	pig	0.807143	0.114286	0.692857
ATTCTACTCGACGAGA	84	13	6	65	pig	0.773810	0.154762	0.619048
ATTGGGTAGGCACTAG	162	139	0	23	human	0.858025	0.141975	0.716049
ATTGGGTGTACCTGTA	52	6	44	2	mouse	0.846154	0.115385	0.730769
ATTGGGTGTTATTCTC	18	3	1	14	pig	0.777778	0.166667	0.611111
ATTGTTCTCTCGCAGG	40	8	4	28	pig	0.700000	0.200000	0.500000
ATTTCACAGTAGGATT	24	15	6	3	human	0.625000	0.250000	0.375000
CAAGAGGTCGCGAAGA	50	4	45	1	mouse	0.900000	0.080000	0.820000
CAAGGGACAGCCCACA	66	36	23	7	human	0.545455	0.348485	0.196970
CAATACGTCACCTCTG	199	33	14	152	pig	0.763819	0.165829	0.597990
CAATCGAAGCACTCAT	53	2	47	4	mouse	0.886792	0.075472	0.811321
CAATGACGTTCTTCAT	71	8	3	60	pig	0.845070	0.112676	0.732394
CAATTTCAGTCTTGGT	73	3	1	69	pig	0.945205	0.041096	0.904110
CAATTTCTCACAATGC	102	9	6	87	pig	0.852941	0.088235	0.764706
CACAACAGTGTTATCG	61	50	0	11	human	0.819672	0.180328	0.639344
CACAACATCACTGGTA	151	22	5	124	pig	0.821192	0.145695	0.675497
CACACAAAGCGATGCA	28	3	2	23	pig	0.821429	0.107143	0.714286
CACACAAAGGTTCATC	358	60	32	266	pig	0.743017	0.167598	0.575419
CACAGGCAGCGATTCT	36	5	4	27	pig	0.750000	0.138889	0.611111
CACAGGCGTGTACGCC	191	95	64	32	human	0.497382	0.335079	0.162304
CACCAAATCACGAGGA	67	9	3	55	pig	0.820896	0.134328	0.686567
CACCAAATCTAATTCC	84	13	6	65	pig	0.773810	0.154762	0.619048
CACCGTTAGAGGACTC	300	254	2	44	human	0.846667	0.146667	0.700000
CACGAATAGGGAGGCA	42	5	2	35	pig	0.833333	0.119048	0.714286
CACGAATGTGGCACTC	284	39	15	230	pig	0.809859	0.137324	0.672535
CACGGGTCAATACGCT	33	8	1	24	pig	0.727273	0.242424	0.484848
CACGTGGGTATCGGTT	100	16	75	9	mouse	0.750000	0.160000	0.590000
CACGTGGGTCTGTGTA	14	0	13	1	mouse	0.928571	0.071429	0.857143
CACGTGGTCTGACAGT	381	44	21	316	pig	0.829396	0.115486	0.713911
CACGTTCGTATGTGTC	34	4	2	28	pig	0.823529	0.117647	0.705882
CACGTTCTCCCGTGTT	171	25	11	135	pig	0.789474	0.146199	0.643275
CACTAAGAGGTTCTTG	210	102	83	25	human	0.485714	0.395238	0.090476
CACTAAGCAGACCAGA	299	45	20	234	pig	0.782609	0.150502	0.632107
CAGATCAAGACGACGT	443	377	3	63	human	0.851016	0.142212	0.708804
CAGATCAGTAATGTGA	16	10	4	2	human	0.625000	0.250000	0.375000
CAGATTGTCTGCGGCA	67	42	18	7	human	0.626866	0.268657	0.358209
CAGCAATAGGACAGTC	19	3	1	15	pig	0.789474	0.157895	0.631579
CAGCAGCCACAGAAGC	649	105	44	500	pig	0.770416	0.161787	0.608629
CAGCAGCGTCCACACG	110	8	4	98	pig	0.890909	0.072727	0.818182
CAGCGTGCAAATGGAT	215	28	168	19	mouse	0.781395	0.130233	0.651163
CAGGTATAGCAGTACG	176	23	6	147	pig	0.835227	0.130682	0.704545
CATACAGTCGAGTGGA	72	15	6	51	pig	0.708333	0.208333	0.500000
CATCCACAGGCCTGCT	317	28	267	22	mouse	0.842271	0.088328	0.753943
CATCCGTGTGTCACAT	22	1	21	0	mouse	0.954545	0.045455	0.909091
CATGAGTAGTATGGCG	46	9	2	35	pig	0.760870	0.195652	0.565217
CATGCAAAGTCCGCCA	314	50	27	237	pig	0.754777	0.159236	0.595541
CATGCCTGTGGAACCA	133	82	33	18	human	0.616541	0.248120	0.368421
CATGCGGTCGCCAGTG	152	14	128	10	mouse	0.842105	0.092105	0.750000
CATGCTCGTACCAATC	23	4	2	17	pig	0.739130	0.173913	0.565217
CATGGTACAGCTCCTT	44	8	4	32	pig	0.727273	0.181818	0.545455
CATTCATAGCGTGCCT	10	10	0	0	human	1.000000	0.000000	1.000000
CATTCATAGTCCCAGC	105	16	7	82	pig	0.780952	0.152381	0.628571
CATTGAGGTGTTTGCA	69	9	1	59	pig	0.855072	0.130435	0.724638
CCAAGCGCATCCGAGC	83	7	1	75	pig	0.903614	0.084337	0.819277
CCAATGAAGCTAGTTC	378	42	23	313	pig	0.828042	0.111111	0.716931
CCAATTTGTCATCCCT	826	37	756	33	mouse	0.915254	0.044794	0.870460
CCACACTGTCGACTTA	108	5	91	12	mouse	0.842593	0.111111	0.731481
CCACACTTCATAGAGA	187	18	156	13	mouse	0.834225	0.096257	0.737968
CCACCATAGGCCATAG	26	13	11	2	human	0.500000	0.423077	0.076923
CCACCATCATAGACTC	54	5	1	48	pig	0.888889	0.092593	0.796296
CCACCATGTTGAATCC	17	9	7	1	human	0.529412	0.411765	0.117647
CCACCATTCTCCTGAC	37	5	3	29	pig	0.783784	0.135135	0.648649
CCACGAGAGCCTATCA	237	25	197	15	mouse	0.831224	0.105485	0.725738
CCACGTTAGCACGTCC	69	46	21	2	human	0.666667	0.304348	0.362319
CCACTTGGTGTCCAAT	20	3	4	13	pig	0.650000	0.200000	0.450000
CCATAAGTCGTAACAC	60	4	53	3	mouse	0.883333	0.066667	0.816667
CCCAACTGTCAGACGA	56	8	1	47	pig	0.839286	0.142857	0.696429
CCCATTGTCAGAGTGG	38	0	38	0	mouse	1.000000	0.000000	1.000000
CCCGAAGCAGCTACCG	118	12	98	8	mouse	0.830508	0.101695	0.728814
CCCTAACAGCGTTGTT	376	54	20	302	pig	0.803191	0.143617	0.659574
CCCTAACGTTGTAAAG	30	19	8	3	human	0.633333	0.266667	0.366667
CCCTAACTCGGAATGG	149	29	14	106	pig	0.711409	0.194631	0.516779
CCGATCTCACAGTACT	13	0	0	13	pig	1.000000	0.000000	1.000000
CCGATGGAGACGATAT	229	20	195	14	mouse	0.851528	0.087336	0.764192
CCGATGGGTAGTGCGA	82	14	5	63	pig	0.768293	0.170732	0.597561
CCGCAAGGTCCACATA	31	1	29	1	mouse	0.935484	0.032258	0.903226
CCGGACAGTTAACCTG	64	4	6	54	pig	0.843750	0.093750	0.750000
CCGGGTAAGGGTTTCT	236	198	1	37	human	0.838983	0.156780	0.682203
CCGGTAGTCCATAAGC	60	8	2	50	pig	0.833333	0.133333	0.700000
CCGGTGAAGCTTCGTA	208	118	75	15	human	0.567308	0.360577	0.206731
CCGTGAGAGATTGAGT	83	12	7	64	pig	0.771084	0.144578	0.626506
CCGTGAGCAGAATTCC	299	45	20	234	pig	0.782609	0.150502	0.632107
CCGTGAGTCCATTCAT	614	71	499	44	mouse	0.812704	0.115635	0.697068
CCGTTCATCTCTTAAC	101	13	7	81	pig	0.801980	0.128713	0.673267
CCTAACCCATGTCGTA	216	121	71	24	human	0.560185	0.328704	0.231481
CCTCAACCATGGAAGC	443	45	369	29	mouse	0.832957	0.101580	0.731377
CCTCACACACTCAGAT	159	78	71	10	human	0.490566	0.446541	0.044025
CCTCACAGTATAATGG	60	7	4	49	pig	0.816667	0.116667	0.700000
CCTCCAAAGAGGTATT	48	11	9	28	pig	0.583333	0.229167	0.354167
CCTCTCCAGATGGCGT	51	30	17	4	human	0.588235	0.333333	0.254902
CCTCTCCAGTGCCTCG	39	9	2	28	pig	0.717949	0.230769	0.487179
CCTGCATAGGGTCTTT	15	5	8	2	mouse	0.533333	0.333333	0.200000
CCTTGTGAGGTCATTC	266	24	219	23	mouse	0.823308	0.090226	0.733083
CGAAGGAGTCAATCTG	100	6	6	88	pig	0.880000	0.060000	0.820000
CGAAGGAGTGTCTAAC	21	10	11	0	mouse	0.523810	0.476190	0.047619
CGAAGTTAGACATCCT	62	10	2	50	pig	0.806452	0.161290	0.645161
CGAATTGCAGTTTGGT	371	45	300	26	mouse	0.808625	0.121294	0.687332
CGAGGCTTCGATGCTA	34	4	0	30	pig	0.882353	0.117647	0.764706
CGAGTTACAGGATTCT	82	37	33	12	human	0.451220	0.402439	0.048780
CGATGGCAGCCGAACA	23	2	2	19	pig	0.826087	0.086957	0.739130
CGCAGGTAGTCACTGT	47	40	1	6	human	0.851064	0.127660	0.723404
CGCATGGAGCCACAAG	162	15	134	13	mouse	0.827160	0.092593	0.734568
CGCCATTGTTCTATCT	294	33	233	28	mouse	0.792517	0.112245	0.680272
CGGAATTGTCTACAGT	387	59	29	299	pig	0.772610	0.152455	0.620155
CGGCAGTAGGGTGAAA	215	22	182	11	mouse	0.846512	0.102326	0.744186
CGGGTCATCGTAGGAG	204	32	155	17	mouse	0.759804	0.156863	0.602941
CGGTCAGAGATTAGAC	171	21	136	14	mouse	0.795322	0.122807	0.672515
CGGTCAGAGGCTGTAG	141	77	50	14	human	0.546099	0.354610	0.191489
CGTGAATTCATCGGGC	156	14	129	13	mouse	0.826923	0.089744	0.737179
CGTGTCTCAAGATGTA	30	16	11	3	human	0.533333	0.366667	0.166667
CGTGTCTCAGGATGAC	35	19	11	5	human	0.542857	0.314286	0.228571
CGTTAGATCTTCCGTG	208	26	168	14	mouse	0.807692	0.125000	0.682692
CGTTCTGTCGAGTGAG	286	40	18	228	pig	0.797203	0.139860	0.657343
CTAACTTGTGTGATGG	240	201	0	39	human	0.837500	0.162500	0.675000
CTAACTTTCTGCGTCT	260	29	214	17	mouse	0.823077	0.111538	0.711538
CTACAGATCTGCTCTG	57	8	1	48	pig	0.842105	0.140351	0.701754
CTACCCATCGAGTCTA	58	3	1	54	pig	0.931034	0.051724	0.879310
CTACCTGCAACAGTGG	17	3	3	11	pig	0.647059	0.176471	0.470588
CTACGGGAGCTCCATA	32	3	5	24	pig	0.750000	0.156250	0.593750
CTATAGGCAGCCATTA	44	5	38	1	mouse	0.863636	0.113636	0.750000
CTATCCGTCATCGGGC	22	2	19	1	mouse	0.863636	0.090909	0.772727
CTATCCGTCGATACGT	51	30	12	9	human	0.588235	0.235294	0.352941
CTCAAGAGTGCGGTAA	32	5	2	25	pig	0.781250	0.156250	0.625000
CTCAAGATCCATACTT	95	12	78	5	mouse	0.821053	0.126316	0.694737
CTCACTGTCCGGACGT	52	5	4	43	pig	0.826923	0.096154	0.730769
CTCAGGGAGCCAACCC	144	84	41	19	human	0.583333	0.284722	0.298611
CTCAGGGCATGTGGTT	62	2	58	2	mouse	0.935484	0.032258	0.903226
CTCAGGGGTGCATGTT	50	7	3	40	pig	0.800000	0.140000	0.660000
CTCATCGGTTTCACAG	203	26	9	168	pig	0.827586	0.128079	0.699507
CTCATGCGTGTCCCTT	113	14	4	95	pig	0.840708	0.123894	0.716814
CTCATTATCGTTATCT	327	27	284	16	mouse	0.868502	0.082569	0.785933
CTCCACATCTACACAG	88	11	6	71	pig	0.806818	0.125000	0.681818
CTCCCAATCAGCATTG	119	12	103	4	mouse	0.865546	0.100840	0.764706
CTCCCTCCAAGACTGG	61	3	56	2	mouse	0.918033	0.049180	0.868852
CTCCTCCAGGTCCTGC	56	11	3	42	pig	0.750000	0.196429	0.553571
CTCTGGTTCGGCTATA	28	5	2	21	pig	0.750000	0.178571	0.571429
CTGAGCGCACCCTATC	210	113	70	27	human	0.538095	0.333333	0.204762
CTGAGCGGTCGAATGG	44	4	1	39	pig	0.886364	0.090909	0.795455
CTGATCCCACCAGGTC	25	3	0	22	pig	0.880000	0.120000	0.760000
CTGATCCGTATCACCA	20	1	1	18	pig	0.900000	0.050000	0.850000
CTGCATCGTATAGCTC	139	27	8	104	pig	0.748201	0.194245	0.553957
CTGCCATGTGTCTTGA	383	51	26	306	pig	0.798956	0.133159	0.665796
CTGGACGAGCAATAGT	13	6	6	1	mouse	0.461538	0.461538	0.000000
CTGGTCTAGGAAAGTG	340	289	3	48	human	0.850000	0.141176	0.708824
CTGTATTAGTCATAGA	38	5	3	30	pig	0.789474	0.131579	0.657895
CTTACCGCAGATCCAT	201	21	163	17	mouse	0.810945	0.104478	0.706468
CTTACCGTCGGAATGG	211	18	178	15	mouse	0.843602	0.085308	0.758294
CTTCCGAGTAAGGTCG	109	47	51	11	mouse	0.467890	0.431193	0.036697
CTTCCTTGTTCGTTCC	27	4	21	2	mouse	0.777778	0.148148	0.629630
CTTCGGTTCACCGGGT	232	31	16	185	pig	0.797414	0.133621	0.663793
CTTCTAACAGACCAAG	96	15	3	78	pig	0.812500	0.156250	0.656250
CTTCTCTCACGTATAC	375	33	316	26	mouse	0.842667	0.088000	0.754667
CTTCTCTTCGGTCACG	143	13	7	123	pig	0.860140	0.090909	0.769231
CTTTCGGGTCAGTTTG	44	24	17	3	human	0.545455	0.386364	0.159091
CTTTCGGTCGGACAAG	71	5	3	63	pig	0.887324	0.070423	0.816901
GAAACCTTCTCGCAGG	186	158	0	28	human	0.849462	0.150538	0.698925
GAACACTCAATGTGGG	93	59	23	11	human	0.634409	0.247312	0.387097
GAAGCCCAGGAAAGTG	40	6	1	33	pig	0.825000	0.150000	0.675000
GAAGCGACAATCCTTT	26	3	1	22	pig	0.846154	0.115385	0.730769
GAAGTAACAGTGGGTA	57	5	51	1	mouse	0.894737	0.087719	0.807018
GAAGTAATCGTGACTA	208	22	13	173	pig	0.831731	0.105769	0.725962
GAATCACGTCGTTATG	3	0	0	3	pig	1.000000	0.000000	1.000000
GACACGCTCCATGAGT	953	151	79	723	pig	0.758657	0.158447	0.600210
GACAGCCAGACTGGGT	73	46	16	11	human	0.630137	0.219178	0.410959
GACAGCCCACGGAAGT	96	5	5	86	pig	0.895833	0.052083	0.843750
GACATCAAGTCAACAA	161	13	5	143	pig	0.888199	0.080745	0.807453
GACATCACATGTTCGA	147	13	122	12	mouse	0.829932	0.088435	0.741497
GACCCAGGTCACTGAT	251	32	17	202	pig	0.804781	0.127490	0.677291
GACCCTTCATTCAGGT	143	74	52	17	human	0.517483	0.363636	0.153846
GACCGTGTCCCTATTA	80	40	33	7	human	0.500000	0.412500	0.087500
GACGCTGAGGTAATCA	13	5	8	0	mouse	0.615385	0.384615	0.230769
GACGTTAAGCCGCTTG	224	189	1	34	human	0.843750	0.151786	0.691964
GACGTTAGTCTTCATT	91	10	5	76	pig	0.835165	0.109890	0.725275
GACTCAATCTTGATTC	58	31	20	7	human	0.534483	0.344828	0.189655
GACTCTCAGAGCCTGA	32	5	0	27	pig	0.843750	0.156250	0.687500
GAGACCCTCAGCTGTA	691	108	46	537	pig	0.777135	0.156295	0.620839
GAGACCCTCGGAAGGT	86	49	30	7	human	0.569767	0.348837	0.220930
GAGCCTGAGACCAAGC	14	0	3	11	pig	0.785714	0.214286	0.571429
GAGCCTGCACGCCACA	260	209	3	48	human	0.803846	0.184615	0.619231
GAGCCTGCACTTGAAC	88	50	24	14	human	0.568182	0.272727	0.295455
GAGCCTGGTGACACAG	127	8	113	6	mouse	0.889764	0.062992	0.826772
GAGGGTAAGTCCGCGT	84	10	2	72	pig	0.857143	0.119048	0.738095
GAGGGTATCGGCCAAC	82	45	31	6	human	0.548780	0.378049	0.170732
GAGGGTATCGGTGAAG	241	32	12	197	pig	0.817427	0.132780	0.684647
GAGTCTATCGTTACCC	52	10	3	39	pig	0.750000	0.192308	0.557692
GAGTGTTGTGCCGTTG	37	3	0	34	pig	0.918919	0.081081	0.837838
GATAGCTTCGCACTCT	35	17	15	3	human	0.485714	0.428571	0.057143
GATCAGTTCCGGCAAC	259	25	13	221	pig	0.853282	0.096525	0.756757
GATGATCCAGCATGCC	173	14	150	9	mouse	0.867052	0.080925	0.786127
GATGTTGGTTTGACAC	39	4	3	32	pig	0.820513	0.102564	0.717949
GATTCGAAGGAAGAAC	61	9	5	47	pig	0.770492	0.147541	0.622951
GATTCTTCAGTGACCC	61	7	2	52	pig	0.852459	0.114754	0.737705
GATTGGTAGACATCAA	22	2	20	0	mouse	0.909091	0.090909	0.818182
GCAACATAGCGGATCA	12	1	11	0	mouse	0.916667	0.083333	0.833333
GCAACATTCACGGACC	261	34	208	19	mouse	0.796935	0.130268	0.666667
GCAACCGAGGTACCTT	107	53	37	17	human	0.495327	0.345794	0.149533
GCAGCTGCACGTGTGC	103	14	7	82	pig	0.796117	0.135922	0.660194
GCATCGGAGCTAGATA	24	8	14	2	mouse	0.583333	0.333333	0.250000
GCATGATGTCTCAGAT	506	56	411	39	mouse	0.812253	0.110672	0.701581
GCATGATTCACATCAG	118	71	32	15	human	0.601695	0.271186	0.330508
GCCAGCATCACATACG	214	20	12	182	pig	0.850467	0.093458	0.757009
GCCAGGTAGCTGAGTG	27	5	2	20	pig	0.740741	0.185185	0.555556
GCCATGGGTCTTTCAT	92	65	22	5	human	0.706522	0.239130	0.467391
GCCCGAACACAATGCT	286	52	22	212	pig	0.741259	0.181818	0.559441
GCCCGAATCTACGGTA	282	36	18	228	pig	0.808511	0.127660	0.680851
GCGAGAAAGGTTCCGC	63	35	20	8	human	0.555556	0.317460	0.238095
GCGGAAAAGTATCCTG	57	6	47	4	mouse	0.824561	0.105263	0.719298
GCGGAAACACATGACT	91	14	6	71	pig	0.780220	0.153846	0.626374
GCGGATCTCCGTCCTA	41	1	39	1	mouse	0.951220	0.024390	0.926829
GCGTGCAAGCTGTCCG	138	18	8	112	pig	0.811594	0.130435	0.681159
GCTACAACATGGGTTT	23	2	2	19	pig	0.826087	0.086957	0.739130
GCTCAAATCGAACGCC	63	12	2	49	pig	0.777778	0.190476	0.587302
GCTGAATCAAGGCAAC	204	17	174	13	mouse	0.852941	0.083333	0.769608
GCTGGGTAGTCACTCA	75	5	0	70	pig	0.933333	0.066667	0.866667
GCTGGGTGTTGGCTAT	159	20	129	10	mouse	0.811321	0.125786	0.685535
GGAACCCCACATCCCT	28	15	10	3	human	0.535714	0.357143	0.178571
GGAATCTCACTACACA	239	23	200	16	mouse	0.836820	0.096234	0.740586
GGAGGATAGTTGCATC	81	70	0	11	human	0.864198	0.135802	0.728395
GGATCTACAGGCACTC	61	6	2	53	pig	0.868852	0.098361	0.770492
GGATGTTGTCGAATGG	53	31	14	8	human	0.584906	0.264151	0.320755
GGCTTGGCATGAAGCG	29	2	26	1	mouse	0.896552	0.068966	0.827586
GGGACAATCGTGGGTC	159	30	9	120	pig	0.754717	0.188679	0.566038
GGGACCTGTTATGACC	87	5	3	79	pig	0.908046	0.057471	0.850575
GGGATCCTCGGTCATA	329	58	24	247	pig	0.750760	0.176292	0.574468
GGGATGAAGAGGACTC	84	12	8	64	pig	0.761905	0.142857	0.619048
GGGCCATGTATGTCAC	193	167	1	25	human	0.865285	0.129534	0.735751
GGGCTCAAGAATCTAG	218	116	76	26	human	0.532110	0.348624	0.183486
GGGCTCAGTTGACGGA	236	196	1	39	human	0.830508	0.165254	0.665254
GGGTAGAAGTCCTACA	30	6	1	23	pig	0.766667	0.200000	0.566667
GGGTATTGTCTCGACG	186	153	0	33	human	0.822581	0.177419	0.645161
GGGTGTCCAATTGCAC	198	105	67	26	human	0.530303	0.338384	0.191919
GGGTTATCAGGACGAT	263	30	213	20	mouse	0.809886	0.114068	0.695817
GGTAGAGAGTCATACC	84	34	47	3	mouse	0.559524	0.404762	0.154762
GGTAGAGTCCACGGGT	77	14	7	56	pig	0.727273	0.181818	0.545455
GGTCTGGTCTACCACC	59	1	58	0	mouse	0.983051	0.016949	0.966102
GGTGAAGCAGGACTTT	226	117	84	25	human	0.517699	0.371681	0.146018
GGTGTCGGTATGTGTC	37	1	33	3	mouse	0.891892	0.081081	0.810811
GGTTGTAAGTGCAGCA	236	34	13	189	pig	0.800847	0.144068	0.656780
GGTTGTAGTAGCTTTG	176	89	66	21	human	0.505682	0.375000	0.130682
GTAACACAGACCATAA	40	5	3	32	pig	0.800000	0.125000	0.675000
GTAACACCAAACCATC	28	5	3	20	pig	0.714286	0.178571	0.535714
GTAACACGTGCCCTTT	21	8	8	5	mouse	0.380952	0.380952	0.000000
GTAAGTCTCTACACTT	25	0	2	23	pig	0.920000	0.080000	0.840000
GTAATCGAGCTACAAA	52	7	3	42	pig	0.807692	0.134615	0.673077
GTAATCGTCACGATAC	27	5	6	16	pig	0.592593	0.222222	0.370370
GTAATGCAGCCTGTCG	229	25	189	15	mouse	0.825328	0.109170	0.716157
GTAGAGGTCACAACCA	48	5	3	40	pig	0.833333	0.104167	0.729167
GTAGAGGTCCTGTTGC	247	125	93	29	human	0.506073	0.376518	0.129555
GTAGCTAAGCTACTGT	48	4	42	2	mouse	0.875000	0.083333	0.791667
GTAGCTAAGGTTTGAA	21	1	20	0	mouse	0.952381	0.047619	0.904762
GTAGCTACACTAGGTT	47	6	3	38	pig	0.808511	0.127660	0.680851
GTAGGAGTCCCAGTGG	166	12	148	6	mouse	0.891566	0.072289	0.819277
GTAGGTTCAAGTATCC	19	4	1	14	pig	0.736842	0.210526	0.526316
GTATTGGAGACTGTTC	47	2	42	3	mouse	0.893617	0.063830	0.829787
GTATTGGGTAGCTGAG	51	44	0	7	human	0.862745	0.137255	0.725490
GTATTGGTCCAATCCC	197	27	13	157	pig	0.796954	0.137056	0.659898
GTCAAACGTAACATAG	181	149	1	31	human	0.823204	0.171271	0.651934
GTCAAACTCGGAAACG	44	5	1	38	pig	0.863636	0.113636	0.750000
GTCAAGTCAGACAATA	260	26	13	221	pig	0.850000	0.100000	0.750000
GTCAAGTCAGTCGTTA	91	14	9	68	pig	0.747253	0.153846	0.593407
GTCATGAGTAGTCTGT	49	39	1	9	human	0.795918	0.183673	0.612245
GTCCCATAGGTAAACT	46	5	0	41	pig	0.891304	0.108696	0.782609
GTCGAATTCGCACTCT	160	138	0	22	human	0.862500	0.137500	0.725000
GTCGCGATCGAGAAAT	40	21	18	1	human	0.525000	0.450000	0.075000
GTCGCGATCGTCCTCA	39	4	3	32	pig	0.820513	0.102564	0.717949
GTCGTAAAGGTAGTAT	51	5	1	45	pig	0.882353	0.098039	0.784314
GTCGTAATCCTACCAC	92	12	7	73	pig	0.793478	0.130435	0.663043
GTCTACCGTATCCTTT	50	5	43	2	mouse	0.860000	0.100000	0.760000
GTCTTTAGTTATGGTC	62	36	20	6	human	0.580645	0.322581	0.258065
GTCTTTATCCCGTGTT	66	17	9	40	pig	0.606061	0.257576	0.348485
GTGCGTGTCCCATTTA	41	3	36	2	mouse	0.878049	0.073171	0.804878
GTGGAAGTCGAAGCAG	256	38	17	201	pig	0.785156	0.148438	0.636719
GTGGGAACATCGTGGC	177	18	9	150	pig	0.847458	0.101695	0.745763
GTGTAACTCCCTTGGT	15	8	5	2	human	0.533333	0.333333	0.200000
GTGTCCTTCACTTATC	245	209	3	33	human	0.853061	0.134694	0.718367
GTGTGATCAGTTGAAA	49	4	43	2	mouse	0.877551	0.081633	0.795918
GTTACGAAGTATGAGT	140	17	13	110	pig	0.785714	0.121429	0.664286
GTTACGATCGACGCTG	23	2	1	20	pig	0.869565	0.086957	0.782609
GTTAGACAGCATGATA	13	1	12	0	mouse	0.923077	0.076923	0.846154
GTTAGACCACTCAGAT	40	3	2	35	pig	0.875000	0.075000	0.800000
GTTAGTGGTCATCAGT	71	62	0	9	human	0.873239	0.126761	0.746479
GTTAGTGTCAGAACCT	90	13	7	70	pig	0.777778	0.144444	0.633333
GTTCGCTCAGTTACCA	66	2	61	3	mouse	0.924242	0.045455	0.878788
GTTCTATCAACGTTAC	310	52	24	234	pig	0.754839	0.167742	0.587097
GTTCTATTCATGAGAA	350	51	17	282	pig	0.805714	0.145714	0.660000
GTTCTATTCGCGTGAC	74	34	31	9	human	0.459459	0.418919	0.040541
GTTCTATTCGTGGCGT	66	14	5	47	pig	0.712121	0.212121	0.500000
GTTGAACAGGGTTAGC	154	78	52	24	human	0.506494	0.337662	0.168831
GTTGCGGCACATATGC	17	5	1	11	pig	0.647059	0.294118	0.352941
GTTGCTCGTTTACCTT	200	24	10	166	pig	0.830000	0.120000	0.710000
GTTGTAGAGGAACGCT	14	1	12	1	mouse	0.857143	0.071429	0.785714
GTTGTAGGTCTACACA	29	3	1	25	pig	0.862069	0.103448	0.758621
GTTGTCCCACTACGGC	109	14	84	11	mouse	0.770642	0.128440	0.642202
GTTGTGAAGGTCGTGA	38	1	37	0	mouse	0.973684	0.026316	0.947368
GTTTGGACACCGAATT	281	42	18	221	pig	0.786477	0.149466	0.637011
GTTTGGAGTCGAGATG	344	53	25	266	pig	0.773256	0.154070	0.619186
TAACACGAGGCGACAT	92	53	26	13	human	0.576087	0.282609	0.293478
TAACACGCATAGATGA	15	7	7	1	mouse	0.466667	0.466667	0.000000
TAACGACGTATAGGAT	68	8	1	59	pig	0.867647	0.117647	0.750000
TAACGACTCGCGAAGA	101	18	12	71	pig	0.702970	0.178218	0.524752
TAAGCACCATAGCTGT	82	5	71	6	mouse	0.865854	0.073171	0.792683
TAAGCACGTAGAGTTA	120	10	7	103	pig	0.858333	0.083333	0.775000
TAATCTCCACCAGACC	53	20	30	3	mouse	0.566038	0.377358	0.188679
TACCGAACAGATTCGT	125	11	5	109	pig	0.872000	0.088000	0.784000
TACCGAAGTCCGACGT	48	3	2	43	pig	0.895833	0.062500	0.833333
TACCGGGGTCCAGGTC	105	14	85	6	mouse	0.809524	0.133333	0.676190
TACCTGCCACCCTAGG	34	2	1	31	pig	0.911765	0.058824	0.852941
TACGTCCAGGTAGGCT	29	12	12	5	human	0.413793	0.413793	0.000000
TAGACCAAGAGCTTTC	30	1	3	26	pig	0.866667	0.100000	0.766667
TAGACTGGTCGAGATG	124	16	98	10	mouse	0.790323	0.129032	0.661290
TAGAGTCCAATGCAGG	226	32	181	13	mouse	0.800885	0.141593	0.659292
TAGGGTTGTGCAAGAC	137	27	12	98	pig	0.715328	0.197080	0.518248
TAGGTACTCCGCTTAC	42	4	38	0	mouse	0.904762	0.095238	0.809524
TAGTGCAAGTCGTCTA	16	0	16	0	mouse	1.000000	0.000000	1.000000
TATACCTAGTATTCCG	101	13	8	80	pig	0.792079	0.128713	0.663366
TATATCCGTTCCACGG	13	7	6	0	human	0.538462	0.461538	0.076923
TATCTTGAGGTTGTTC	41	1	1	39	pig	0.951220	0.024390	0.926829
TATCTTGTCCACTGAA	76	9	4	63	pig	0.828947	0.118421	0.710526
TATTCCAAGCGACCCT	50	6	39	5	mouse	0.780000	0.120000	0.660000
TCAAGACAGGCTAACG	266	143	88	35	human	0.537594	0.330827	0.206767
TCAAGCAGTTTGTTCT	424	366	1	57	human	0.863208	0.134434	0.728774
TCAAGTGAGCCAGTAG	251	143	85	23	human	0.569721	0.338645	0.231076
TCAATCTAGAGGTGCT	44	3	39	2	mouse	0.886364	0.068182	0.818182
TCACAAGAGAATTCAG	187	166	2	19	human	0.887701	0.101604	0.786096
TCACACCCAGTATTCG	135	26	12	97	pig	0.718519	0.192593	0.525926
TCACACCGTGGGAGAG	177	19	150	8	mouse	0.847458	0.107345	0.740113
TCACGCTGTGCAATAA	85	12	5	68	pig	0.800000	0.141176	0.658824
TCACGCTGTTCCTTGC	75	12	2	61	pig	0.813333	0.160000	0.653333
TCACTCGAGTAGTCCT	29	7	0	22	pig	0.758621	0.241379	0.517241
TCACTCGTCATTCACT	59	5	2	52	pig	0.881356	0.084746	0.796610
TCAGCAAAGTTGCATC	117	97	0	20	human	0.829060	0.170940	0.658120
TCAGCAATCCGGGACT	34	32	1	1	human	0.941176	0.029412	0.911765
TCAGCCTAGCTTACGT	144	8	6	130	pig	0.902778	0.055556	0.847222
TCAGGGCCATTGGGAG	87	49	28	10	human	0.563218	0.321839	0.241379
TCAGTGAGTGTGCCTG	169	23	136	10	mouse	0.804734	0.136095	0.668639
TCAGTTTCACAATCTG	10	8	2	0	human	0.800000	0.200000	0.600000
TCAGTTTTCTGCGGGT	140	6	4	130	pig	0.928571	0.042857	0.885714
TCATCATAGGTCACAG	42	5	3	34	pig	0.809524	0.119048	0.690476
TCATCCGGTCGAACAG	290	38	25	227	pig	0.782759	0.131034	0.651724
TCATGAGAGCGGACAT	51	3	2	46	pig	0.901961	0.058824	0.843137
TCATGCCGTATCCCAA	399	55	35	309	pig	0.774436	0.137845	0.636591
TCATTGTGTCTGTGCG	97	7	3	87	pig	0.896907	0.072165	0.824742
TCATTTGAGGGCAAGG	67	6	56	5	mouse	0.835821	0.089552	0.746269
TCATTTGGTGATATAG	98	60	31	7	human	0.612245	0.316327	0.295918
TCCATCGTCCGTGACG	43	0	1	42	pig	0.976744	0.023256	0.953488
TCCATGCCATCAGTGT	76	7	64	5	mouse	0.842105	0.092105	0.750000
TCCCACACACCCTATC	20	3	2	15	pig	0.750000	0.150000	0.600000
TCCCAGTAGTTCATGC	81	9	6	66	pig	0.814815	0.111111	0.703704
TCCGAAACAGCGCTTG	137	17	6	114	pig	0.832117	0.124088	0.708029
TCCGATCGTAGGCAAC	189	20	154	15	mouse	0.814815	0.105820	0.708995
TCCGTGTTCCCTCAAC	186	105	62	19	human	0.564516	0.333333	0.231183
TCCTAATTCTACGGTA	156	133	1	22	human	0.852564	0.141026	0.711538
TCCTTCTCATGTCAGT	30	18	7	5	human	0.600000	0.233333	0.366667
TCCTTCTGTCCGGACT	24	4	1	19	pig	0.791667	0.166667	0.625000
TCGAAGTAGGTCGCCT	228	38	18	172	pig	0.754386	0.166667	0.587719
TCGATTTCATCCAACA	12	3	0	9	pig	0.750000	0.250000	0.500000
TCGCTCAAGGTGGGTT	11	2	0	9	pig	0.818182	0.181818	0.636364
TCGGATAGTGTTCCTC	132	67	58	7	human	0.507576	0.439394	0.068182
TCGGGACCATACCATG	21	9	9	3	mouse	0.428571	0.428571	0.000000
TCGGGCAGTAGGTTTC	69	5	61	3	mouse	0.884058	0.072464	0.811594
TCGGGTGGTCGGCTAC	68	30	28	10	human	0.441176	0.411765	0.029412
TCGGTCTTCAATCCGA	82	16	8	58	pig	0.707317	0.195122	0.512195
TCGTAGAAGGGTCACA	54	5	3	46	pig	0.851852	0.092593	0.759259
TCGTGGGCAGAAACCG	106	59	34	13	human	0.556604	0.320755	0.235849
TCTATCATCTAGTCAG	93	9	79	5	mouse	0.849462	0.096774	0.752688
TCTCACGGTCCCTGTT	213	23	176	14	mouse	0.826291	0.107981	0.718310
TCTCCGAAGGATAATC	56	35	14	7	human	0.625000	0.250000	0.375000
TCTCCGACAACCGACC	48	3	3	42	pig	0.875000	0.062500	0.812500
TCTCCGACAGGCTCTG	250	34	15	201	pig	0.804000	0.136000	0.668000
TCTCTGGGTATAGGAT	274	29	227	18	mouse	0.828467	0.105839	0.722628
TCTCTGGTCAGATTGC	95	5	5	85	pig	0.894737	0.052632	0.842105
TCTGGCTAGCTACAAA	54	11	5	38	pig	0.703704	0.203704	0.500000
TCTTAGTAGCGATGGT	63	41	13	9	human	0.650794	0.206349	0.444444
TGACCCTTCAGACAAA	310	44	19	247	pig	0.796774	0.141935	0.654839
TGAGACTAGAAGTCTA	39	6	2	31	pig	0.794872	0.153846	0.641026
TGAGGAGGTGGCACTC	143	68	60	15	human	0.475524	0.419580	0.055944
TGAGGTTAGCTGACTT	57	10	5	42	pig	0.736842	0.175439	0.561404
TGAGGTTTCGTAATGC	190	20	17	153	pig	0.805263	0.105263	0.700000
TGAGGTTTCTCTTAAC	14	1	13	0	mouse	0.928571	0.071429	0.857143
TGATCAGCACAGCCTG	67	6	2	59	pig	0.880597	0.089552	0.791045
TGATCTTGTCCGAAAG	51	5	4	42	pig	0.823529	0.098039	0.725490
TGATTCTTCAGCTAGT	160	133	3	24	human	0.831250	0.150000	0.681250
TGCAGATTCCGCGGAT	49	4	43	2	mouse	0.877551	0.081633	0.795918
TGCAGGCCACGATTCA	68	6	2	60	pig	0.882353	0.088235	0.794118
TGCAGTACAATCCTAG	159	8	145	6	mouse	0.911950	0.050314	0.861635
TGCATCCAGCGTGCCT	47	6	3	38	pig	0.808511	0.127660	0.680851
TGCATCCTCTCTCCGA	219	42	19	158	pig	0.721461	0.191781	0.529680
TGCGACGGTAGGACTG	247	36	24	187	pig	0.757085	0.145749	0.611336
TGCGACGTCAGCCCAG	37	6	3	28	pig	0.756757	0.162162	0.594595
TGCGGCAAGGTAAACT	44	6	6	32	pig	0.727273	0.136364	0.590909
TGCGGGTTCGAACTCA	101	63	29	9	human	0.623762	0.287129	0.336634
TGCTGAATCGGTAGGA	65	12	4	49	pig	0.753846	0.184615	0.569231
TGCTTGCTCGTAGGGA	387	324	25	38	human	0.837209	0.098191	0.739018
TGGAGGATCGCAGAGA	17	5	4	8	pig	0.470588	0.294118	0.176471
TGGATCAGTTCTCCAC	38	4	32	2	mouse	0.842105	0.105263	0.736842
TGGATGTCACTGATTG	1162	100	972	90	mouse	0.836489	0.086059	0.750430
TGGCGTGAGCACCTGC	182	157	1	24	human	0.862637	0.131868	0.730769
TGGCGTGTCCGGTAAT	168	18	11	139	pig	0.827381	0.107143	0.720238
TGGGAGAAGCCTCTGG	134	14	111	9	mouse	0.828358	0.104478	0.723881
TGGGAGAAGTCTACCA	167	84	62	21	human	0.502994	0.371257	0.131737
TGTAACGAGTAGCTCT	26	4	3	19	pig	0.730769	0.153846	0.576923
TGTACAGAGCAGTAAT	116	60	42	14	human	0.517241	0.362069	0.155172
TGTAGACTCCTGTTGC	99	52	35	12	human	0.525253	0.353535	0.171717
TGTCCACCAGCAGGAT	152	134	0	18	human	0.881579	0.118421	0.763158
TGTCCCAGTCACTTAG	53	8	5	40	pig	0.754717	0.150943	0.603774
TGTGAGTAGCACCTGC	73	61	1	11	human	0.835616	0.150685	0.684932
TGTGCGGAGTTGGCTT	198	24	9	165	pig	0.833333	0.121212	0.712121
TGTTCATAGTCACAGG	29	6	1	22	pig	0.758621	0.206897	0.551724
TGTTCATGTTCAACGT	29	4	4	21	pig	0.724138	0.137931	0.586207
TGTTCCGTCTCCACTG	34	5	2	27	pig	0.794118	0.147059	0.647059
TGTTCTAAGAGCAGCT	39	19	16	4	human	0.487179	0.410256	0.076923
TGTTGAGTCTGGGAGA	113	70	33	10	human	0.619469	0.292035	0.327434
TGTTTGTGTTCATCTT	205	19	174	12	mouse	0.848780	0.092683	0.756098
TTAATCCGTGGCTTGC	29	7	2	20	pig	0.689655	0.241379	0.448276
TTACAGGAGCTGACCC	24	6	2	16	pig	0.666667	0.250000	0.416667
TTACAGGCAGCATACT	213	22	171	20	mouse	0.802817	0.103286	0.699531
TTACAGGTCCTTATCA	285	45	16	224	pig	0.785965	0.157895	0.628070
TTACCGCGTGGCTACC	13	2	0	11	pig	0.846154	0.153846	0.692308
TTACGTTAGAATCGAT	25	2	2	21	pig	0.840000	0.080000	0.760000
TTAGGGTAGAAGCCAC	151	82	53	16	human	0.543046	0.350993	0.192053
TTATTGCAGAGGCGTT	101	13	8	80	pig	0.792079	0.128713	0.663366
TTATTGCGTCCTATAG	58	3	2	53	pig	0.913793	0.051724	0.862069
TTATTGCTCGCCTCTA	46	6	3	37	pig	0.804348	0.130435	0.673913
TTCACGCAGCTGTTCA	317	32	257	28	mouse	0.810726	0.100946	0.709779
TTCATGTGTCACTCAA	263	37	17	209	pig	0.794677	0.140684	0.653992
TTCCACGGTTGCATAC	86	12	9	65	pig	0.755814	0.139535	0.616279
TTCCGGTTCTTTCAGT	65	11	5	49	pig	0.753846	0.169231	0.584615
TTCCTTCTCATGTCAG	164	23	7	134	pig	0.817073	0.140244	0.676829
TTCGATTCAGGAATAT	106	8	4	94	pig	0.886792	0.075472	0.811321
TTCGGTCAGAGCAAGA	338	42	20	276	pig	0.816568	0.124260	0.692308
TTCGGTCCAGTCGGTC	40	20	18	2	human	0.500000	0.450000	0.050000
TTCTAACAGAGCCGAT	149	18	9	122	pig	0.818792	0.120805	0.697987
TTCTAGTTCCTACAAG	34	3	27	4	mouse	0.794118	0.117647	0.676471
TTCTGTAGTTCTTAGG	29	2	2	25	pig	0.862069	0.068966	0.793103
TTCTTCCTCGTGGGTC	52	2	3	47	pig	0.903846	0.057692	0.846154
TTCTTGATCGAGAAAT	65	6	4	55	pig	0.846154	0.092308	0.753846
TTGACCCGTTGCGGCT	49	8	4	37	pig	0.755102	0.163265	0.591837
TTGGGATAGTGTAGTA	352	276	1	75	human	0.784091	0.213068	0.571023
TTGGGATGTGTGACCC	21	12	6	3	human	0.571429	0.285714	0.285714
TTGGGATGTGTTCATG	73	6	60	7	mouse	0.821918	0.095890	0.726027
TTGTGGAGTATGACAA	215	41	17	157	pig	0.730233	0.190698	0.539535
TTGTGGAGTGCATTTG	187	98	67	22	human	0.524064	0.358289	0.165775
TTGTGTTAGGATTCAA	29	6	4	19	pig	0.655172	0.206897	0.448276
TTTAGTCGTTCCTAAG	44	40	2	2	human	0.909091	0.045455	0.863636
TTTATGCGTGAGCCAA	29	4	24	1	mouse	0.827586	0.137931	0.689655
TTTCACAGTCGGCACT	19	0	1	18	pig	0.947368	0.052632	0.894737
TTTCCTCAGTCCCAAT	55	10	3	42	pig	0.763636	0.181818	0.581818
TTTCGATGTAGACTGG	241	27	194	20	mouse	0.804979	0.112033	0.692946
TTTGATCTCAGGACAG	30	16	12	2	human	0.533333	0.400000	0.133333
TTTGGAGCATCCGATA	31	4	25	2	mouse	0.806452	0.129032	0.677419
TTTGGTTCAGCGTATT	145	22	7	116	pig	0.800000	0.151724	0.648276
TTTGGTTGTCCAAAGG	184	27	12	145	pig	0.788043	0.146739	0.641304
TTTGGTTTCTTCTCAA	24	5	2	17	pig	0.708333	0.208333	0.500000
TTTGTTGTCCGTGACG	227	32	11	184	pig	0.810573	0.140969	0.669604
