rank	chrom	start	end	strand_code	motif	annotated	unique	multi	total	max_overhang	length
1	chr6	73519229	73519336	2	2	0	166	3	169	53	108
2	chrX	12975169	12976245	1	1	0	160	0	160	50	1077
3	chr12	6536594	6536683	1	1	0	117	0	117	53	90
4	chr7	5528186	5528280	2	2	0	107	1	108	53	95
5	chr7	5527892	5528003	2	2	0	94	0	94	53	112
6	chr5	150404768	150405084	2	2	0	89	0	89	53	317
7	chr5	150406322	150406880	2	2	0	84	0	84	53	559
8	chr5	150402626	150404679	2	2	0	83	0	83	52	2054
9	chr12	6537391	6537583	1	1	0	79	0	79	53	193
10	chr2	88857684	88860885	2	2	0	76	3	79	42	3202
11	chr7	5528720	5529160	2	2	0	76	0	76	53	441
12	chr13	45339603	45339993	2	2	0	74	0	74	53	391
13	chr5	150407325	150412624	2	2	0	74	0	74	53	5300
14	chr12	6537997	6538100	1	1	0	71	0	71	53	104
15	chr12	6537217	6537308	1	1	0	70	2	72	53	92
16	chr12	6536791	6536919	1	1	0	70	0	70	53	129
17	chr12	6534862	6536493	1	1	0	67	0	67	53	1632
18	chr13	45337389	45338659	2	2	0	66	0	66	51	1271
19	chr9	19378919	19379486	2	2	0	64	0	64	53	568
20	chr2	101002809	101004157	1	1	0	63	1	64	53	1349
21	chrX	72275725	72276156	2	2	0	63	1	64	52	432
22	chr5	150402251	150402562	2	2	0	62	0	62	52	312
23	chr19	41860846	41861111	1	1	0	60	1	61	52	266
24	chr13	45338777	45339496	2	2	0	60	0	60	53	720
25	chr2	89040520	89040643	2	2	0	58	48	106	53	124
26	chr8	56073273	56073694	2	2	0	58	2	60	53	422
27	chr12	6537011	6537100	1	1	0	58	0	58	53	90
28	chr5	150406961	150407151	2	2	0	58	0	58	53	191
29	chr7	5529664	5530523	2	2	0	58	0	58	53	860
30	chr4	70657292	70662091	2	2	0	58	0	58	53	4800
31	chr5	40834266	40834470	2	2	0	57	1	58	52	205
32	chr13	45340786	45341041	2	2	0	57	0	57	51	256
33	chr5	150446964	150447584	2	2	0	57	0	57	51	621
34	chr15	69453021	69453646	1	1	0	56	3	59	52	626
35	chr19	41861213	41869030	1	1	0	56	0	56	53	7818
36	chrX	72272773	72273231	2	2	0	55	0	55	52	459
37	chrX	12976362	12976776	1	1	0	54	81	135	53	415
38	chrX	72273390	72273800	2	2	0	54	0	54	52	411
39	chr2	88857684	88861220	2	2	0	53	0	53	38	3537
40	chr6	73518265	73518353	2	2	0	51	76	127	53	89
41	chrX	72275151	72275543	2	2	0	51	0	51	53	393
42	chr19	49497326	49497519	1	1	0	51	0	51	48	194
43	chr14	49586050	49586284	2	2	0	49	0	49	53	235
44	chrX	72273973	72275052	2	2	0	49	0	49	53	1080
45	chr15	66500177	66500292	2	2	0	48	2	50	53	116
46	chr1	44778130	44778575	1	1	0	48	0	48	53	446
47	chr19	49490298	49490474	1	1	0	47	2	49	53	177
48	chr17	38852733	38853021	2	2	0	47	0	47	53	289
49	chr2	216499399	216499948	1	1	0	46	0	46	53	550
50	chr17	4946821	4948262	2	2	0	46	0	46	52	1442
51	chr5	150405181	150406258	2	2	0	46	0	46	50	1078
52	chr6	132816564	132816959	1	1	0	45	2	47	53	396
53	chr8	98045089	98045346	2	2	0	45	1	46	53	258
54	chr9	19376389	19376493	2	2	0	45	0	45	53	105
55	chr4	70656540	70657210	2	2	0	45	0	45	53	671
56	chr13	45340185	45340711	2	2	0	45	0	45	49	527
57	chr15	66499653	66500055	2	2	0	44	2	46	53	403
58	chr12	120196935	120197321	2	2	0	44	1	45	53	387
59	chr15	66503165	66503357	2	2	0	44	0	44	53	193
60	chr11	75400825	75401639	1	1	0	44	0	44	53	815
61	chr17	38850476	38852603	2	2	0	44	0	44	53	2128
62	chr16	18788143	18788980	2	2	0	43	5	48	53	838
63	chr3	12839531	12840141	2	2	0	43	0	43	53	611
64	chr11	17075624	17077167	2	2	0	43	0	43	53	1544
65	chr9	111661716	111664536	1	1	0	43	0	43	52	2821
66	chr6	73518611	73518697	2	2	0	42	57	99	53	87
67	chr7	5529401	5529534	2	2	0	42	0	42	53	134
68	chr1	44777790	44777999	1	1	0	42	0	42	53	210
69	chr2	84906118	84906388	1	1	0	42	0	42	53	271
70	chr22	39317630	39318399	2	2	0	42	0	42	44	770
71	chr1	44776775	44777613	1	1	0	41	0	41	53	839
72	chr15	69453722	69455169	1	1	0	40	16	56	53	1448
73	chr12	120199206	120199309	2	2	0	40	2	42	53	104
74	chr17	42998832	42999932	1	1	0	40	1	41	53	1101
75	chr17	81510834	81510926	2	2	0	40	0	40	53	93
76	chr17	39203110	39204076	1	1	0	40	0	40	53	967
77	chr1	23692760	23693806	1	1	0	40	0	40	51	1047
78	chr17	39202440	39202988	1	1	0	39	0	39	53	549
79	chr1	23694792	23695797	1	1	0	39	0	39	53	1006
80	chr2	216500032	216501340	1	1	0	39	0	39	53	1309
81	chr17	81512143	81512231	2	2	0	39	0	39	52	89
82	chr19	55386439	55386569	1	1	0	39	0	39	50	131
83	chr17	74204191	74209186	1	1	0	38	0	38	53	4996
84	chr8	56073769	56074059	2	2	0	38	0	38	52	291
85	chr15	69455288	69455427	1	1	0	38	0	38	51	140
86	chr11	810358	811596	1	1	0	38	0	38	50	1239
87	chr8	98042776	98044942	2	2	0	37	0	37	53	2167
88	chr11	62567011	62567398	2	2	0	37	0	37	52	388
89	chr4	70662216	70666426	2	2	0	37	0	37	52	4211
90	chr16	1962657	1962735	2	2	0	37	0	37	51	79
91	chr19	18573404	18573661	1	1	0	37	0	37	50	258
92	chr1	8863344	8863890	2	2	0	36	0	36	53	547
93	chr9	111664590	111666814	1	1	0	36	0	36	53	2225
94	chr1	23693914	23694659	1	1	0	36	0	36	52	746
95	chr11	811646	812534	1	1	0	36	0	36	51	889
96	chr9	19378515	19378707	2	2	0	36	0	36	50	193
97	chr1	8864093	8865284	2	2	0	36	0	36	50	1192
98	chr9	19376652	19378367	2	2	0	35	28	63	47	1716
99	chr14	49583676	49585949	2	2	0	35	1	36	53	2274
100	chrX	154399942	154400463	1	1	0	35	0	35	52	522
101	chr1	8865483	8866278	2	2	0	35	0	35	52	796
102	chr1	92833459	92833544	1	1	0	34	1	35	52	86
103	chr1	8871987	8874823	2	2	0	34	0	34	53	2837
104	chr5	82276256	82276397	2	2	0	34	0	34	52	142
105	chr12	120197463	120198553	2	2	0	33	17	50	53	1091
106	chr9	111666947	111669268	1	1	0	33	8	41	53	2322
107	chr12	120199486	120200729	2	2	0	33	1	34	53	1244
108	chr16	18784824	18788062	2	2	0	33	0	33	51	3239
109	chr11	119017546	119017957	2	2	0	32	5	37	53	412
110	chr1	8870511	8871890	2	2	0	32	3	35	50	1380
111	chr19	49497596	49497916	1	1	0	32	1	33	53	321
112	chr19	41869215	41869698	1	1	0	32	1	33	52	484
113	chr2	88861263	89268002	1	1	0	32	1	33	43	406740
114	chr22	39314209	39314685	2	2	0	32	0	32	53	477
115	chr11	8684893	8685677	1	1	0	32	0	32	53	785
116	chr10	69097232	69103870	1	1	0	32	0	32	53	6639
117	chr17	43000103	43002672	1	1	0	32	0	32	49	2570
118	chr6_GL000254v2_alt	2612813	2612933	2	2	0	31	0	31	53	121
119	chr8	56074160	56074380	2	2	0	31	0	31	53	221
120	chr1	8862946	8863234	2	2	0	31	0	31	52	289
121	chr8	144789963	144790354	2	2	0	31	0	31	52	392
122	chr19	5690601	5691318	1	1	0	31	0	31	52	718
123	chr19	49498047	49499511	1	1	0	31	0	31	52	1465
124	chr16	89562392	89562883	1	1	0	30	2	32	53	492
125	chr19	49490577	49490778	1	1	0	30	1	31	51	202
126	chr9	133350320	133350596	1	1	0	30	0	30	53	277
127	chr19	3981453	3981946	2	2	0	30	0	30	53	494
128	chr5	181242346	181243691	2	2	0	30	0	30	53	1346
129	chr19	39435709	39435847	2	2	0	30	0	30	52	139
130	chr22	39315556	39316705	2	2	0	30	0	30	52	1150
131	chr15	72208892	72209672	2	2	0	30	0	30	51	781
132	chr2	55234205	55234830	1	1	0	29	6	35	53	626
133	chr5	40832574	40834180	2	2	0	29	2	31	53	1607
134	chr16	1962910	1963148	2	2	0	29	1	30	52	239
135	chr17	39204188	39204524	1	1	0	29	0	29	53	337
136	chr15	72207278	72208620	2	4	0	29	0	29	53	1343
137	chr10	78035418	78035510	1	1	0	29	0	29	52	93
138	chr9	133350053	133350239	1	1	0	29	0	29	50	187
139	chr2	101004284	101005958	1	1	0	28	0	28	51	1675
140	chr12	56712909	56713061	2	2	0	28	0	28	50	153
141	chr12	56713191	56713536	2	2	0	28	0	28	49	346
142	chr15	66501913	66502611	2	2	0	27	1	28	53	699
143	chr6	35470352	35470579	1	1	0	27	0	27	53	228
144	chr15	66501505	66501787	2	2	0	27	0	27	53	283
145	chr17	28722900	28723570	1	1	0	27	0	27	53	671
146	chr1	8868058	8870451	2	2	0	27	0	27	53	2394
147	chr17	38850215	38850361	2	2	0	27	0	27	52	147
148	chr19	48966407	48966582	1	1	0	27	0	27	52	176
149	chr12	103937807	103938339	1	1	0	27	0	27	51	533
150	chr3	197951312	197954002	1	1	0	27	0	27	49	2691
151	chrX	154399397	154399486	1	1	0	26	8	34	52	90
152	chr16	89561752	89562334	1	1	0	26	6	32	53	583
153	chr11	62567529	62570964	2	2	0	26	2	28	52	3436
154	chr12	112406038	112406293	2	2	0	26	1	27	46	256
155	chr17	81511109	81511187	2	2	0	26	0	26	53	79
156	chr11	810040	810233	1	1	0	26	0	26	53	194
157	chr11	119018054	119018281	2	2	0	26	0	26	53	228
158	chr5	181241640	181242173	2	4	0	26	0	26	53	534
159	chr11	75401734	75402351	1	1	0	26	0	26	53	618
160	chr8	100715602	100717772	2	2	0	26	0	26	53	2171
161	chr19	48965610	48965769	1	1	0	26	0	26	52	160
162	chr20	62387675	62387842	1	1	0	26	0	26	52	168
163	chr1	8866502	8867116	2	2	0	26	0	26	52	615
164	chr11	17077247	17077428	2	2	0	26	0	26	51	182
165	chr8	98041851	98042644	2	2	0	26	0	26	51	794
166	chr3	40458737	40461406	1	1	0	26	0	26	51	2670
167	chr2	55234963	55235427	1	1	0	26	0	26	49	465
168	chr19	48617424	48617790	2	2	0	26	0	26	48	367
169	chr9	19379619	19380189	2	2	0	26	0	26	39	571
170	chr9	133350728	133351001	1	1	0	25	5	30	53	274
171	chr11	75402447	75404019	1	1	0	25	3	28	53	1573
172	chr19	49489923	49490231	1	1	0	25	2	27	51	309
173	chr2	88857684	88861885	2	2	0	25	1	26	44	4202
174	chr11	62571902	62572583	2	2	0	25	0	25	53	682
175	chr8	144790471	144791276	2	2	0	25	0	25	53	806
176	chr11	65855731	65855934	2	2	0	25	0	25	52	204
177	chr17	41690190	41690781	1	1	0	25	0	25	52	592
178	chr17	74203959	74204129	1	1	0	25	0	25	43	171
179	chr5	82276519	82277692	2	2	0	24	22	46	51	1174
180	chr6_GL000254v2_alt	2697576	2698150	2	2	0	24	19	43	53	575
181	chr5	181238240	181239066	2	2	0	24	0	24	53	827
182	chr12	6867682	6868863	1	1	0	24	0	24	53	1182
183	chr15	72217501	72218943	2	2	0	24	0	24	53	1443
184	chr1	8874918	8878579	2	2	0	24	0	24	53	3662
185	chr15	66502751	66503057	2	2	0	24	0	24	52	307
186	chr1	92833661	92834778	1	1	0	24	0	24	52	1118
187	chr11	18405573	18407116	1	1	0	24	0	24	52	1544
188	chr13	46154887	46156437	2	2	0	24	0	24	52	1551
189	chr10	69088237	69097083	1	1	0	24	0	24	52	8847
190	chr11	123058485	123058631	2	2	0	24	0	24	51	147
191	chr6	132817062	132817479	1	1	0	24	0	24	50	418
192	chr17	16381185	16381901	1	1	0	24	0	24	43	717
193	chr14_KI270846v1_alt	851777	851877	2	2	0	23	22	45	52	101
194	chr20	62387389	62387610	1	1	0	23	1	24	49	222
195	chr8	144791915	144791991	2	2	0	23	0	23	53	77
196	chr17	81512361	81512733	2	2	0	23	0	23	53	373
197	chr19	48615947	48616078	2	2	0	23	0	23	52	132
198	chr6	32641559	32641971	1	1	0	23	0	23	52	413
199	chr1	30735266	30737603	2	2	0	23	0	23	52	2338
200	chr19	39433762	39435606	2	2	0	23	0	23	47	1845
