Pos,SampleShared,Sample,SampleL,StartPosition,EndPosition,MethylationPercentage,CountMethylated,CountNonMethylated,Chromosome,Coverage,Dage
1_10453,20,17,8,10453,10453,50,20,20,1,40,1273.5
1_10453,20,10,1,10453,10453,51.85185185,14,13,1,27,2373.5
1_10453,20,2,2,10453,10453,57.89473684,22,16,1,38,-1177.5
1_10453,20,6,6,10453,10453,40.90909091,9,13,1,22,-1464
1_10453,20,14,5,10453,10453,61.53846154,32,20,1,52,169.5
1_10453,20,5,5,10453,10453,55.17241379,16,13,1,29,-169.5
1_10453,20,3,3,10453,10453,67.64705882,23,11,1,34,-1282
1_10453,20,15,6,10453,10453,41.50943396,22,31,1,53,1464
1_10453,20,21,10,10453,10453,45.94594595,17,20,1,37,740.5
