##FastQC	0.12.1
>>Basic Statistics	pass
#Measure	Value
Filename	deg_simple_q2_sampleB_fq_gz.gz
File type	Conventional base calls
Encoding	Sanger / Illumina 1.9
Total Sequences	199140
Total Bases	21.3 Mbp
Sequences flagged as poor quality	0
Sequence length	107
%GC	48
>>END_MODULE
>>Per base sequence quality	pass
#Base	Mean	Median	Lower Quartile	Upper Quartile	10th Percentile	90th Percentile
1	31.472336044993472	31.0	31.0	34.0	30.0	34.0
2	31.046163503063173	31.0	31.0	34.0	27.0	34.0
3	29.303033042080948	31.0	28.0	34.0	16.0	34.0
4	33.68926885608115	35.0	33.0	37.0	28.0	37.0
5	34.78556794215125	35.0	35.0	37.0	32.0	37.0
6	35.18576880586522	37.0	35.0	37.0	32.0	37.0
7	35.37083458873155	37.0	35.0	37.0	33.0	37.0
8	35.43247464095611	37.0	35.0	37.0	33.0	37.0
9	37.1292106056041	39.0	37.0	39.0	33.0	39.0
10-11	37.14675102942653	39.0	37.0	39.0	33.0	39.0
12-13	37.074904589735866	39.0	37.0	39.0	33.0	39.0
14-15	37.82491463292156	40.0	38.0	40.0	33.0	40.0
16-17	37.71649593250979	40.0	37.0	40.0	33.0	40.0
18-19	37.809473234910115	40.0	37.5	40.0	33.0	40.0
20-21	37.82819624384855	40.0	37.0	40.0	33.0	40.0
22-23	37.76807271266446	40.0	37.0	40.0	33.0	40.0
24-25	37.64175705533795	40.0	37.0	40.0	33.0	40.0
26-27	37.4844104649995	40.0	37.0	40.0	32.0	40.0
28-29	37.36028673295169	40.0	37.0	40.0	32.0	40.0
30-31	37.237548960530276	40.0	37.0	40.0	32.0	40.0
32-33	37.12771668173144	40.0	36.5	40.0	31.0	40.0
34-35	36.86404037360651	39.0	36.0	40.0	31.0	40.0
36-37	36.79018529677614	39.0	36.0	40.0	30.5	40.0
38-39	36.6280380636738	39.0	36.0	40.0	30.0	40.0
40-41	36.49381339760972	39.0	35.0	40.0	30.0	40.0
42-43	36.429760470021094	39.0	35.0	40.0	30.0	40.0
44-45	36.32747815607111	39.0	35.0	40.0	30.0	40.0
46-47	36.38754644973386	39.0	35.0	40.0	30.0	40.0
48-49	36.408393592447524	39.0	35.0	40.0	30.0	40.0
50-51	36.3055162197449	39.0	35.0	40.0	30.0	40.0
52-53	36.08961785678417	39.0	35.0	40.0	30.0	40.0
54-55	35.90109219644471	38.5	35.0	40.0	29.0	40.0
56-57	35.70048458370995	38.0	34.5	40.0	29.0	40.0
58-59	35.43043587425932	38.0	34.0	40.0	28.5	40.0
60-61	35.14668072712665	37.0	34.0	40.0	28.0	40.0
62-63	34.936238324796626	37.0	34.0	40.0	28.0	40.0
64-65	34.68403886712865	36.5	34.0	39.5	28.0	40.0
66-67	34.33982374209099	36.0	33.0	39.0	27.0	40.0
68-69	34.04319574168926	35.5	33.0	39.0	26.5	40.0
70-71	33.74526965953601	35.0	33.0	38.5	26.0	40.0
72-73	33.352603695892334	35.0	32.5	37.5	26.0	40.0
74-75	32.990087375715575	35.0	32.0	37.0	26.0	39.0
76-77	31.976262930601585	34.0	30.5	36.0	24.5	39.0
78-79	32.409136788189215	35.0	32.0	36.0	25.0	39.0
80-81	32.313505573968065	35.0	32.0	36.0	25.0	37.5
82-83	32.04932961735462	35.0	32.0	35.0	25.0	37.0
84-85	31.726970975193332	35.0	32.0	35.0	24.0	37.0
86-87	31.518617555488603	34.0	31.0	35.0	24.0	36.0
88-89	31.319303002912523	34.0	31.0	35.0	24.0	36.0
90-91	31.07260470021091	34.0	31.0	35.0	23.0	36.0
92-93	30.873563824445114	34.0	31.0	35.0	21.0	35.0
94-95	30.722978808878175	34.0	31.0	35.0	20.0	35.0
96-97	30.5201365873255	34.0	31.0	35.0	19.5	35.0
98-99	30.295623681831877	34.0	31.0	35.0	18.5	35.0
100-101	30.06423119413478	34.0	30.0	35.0	17.0	35.0
102-103	29.808220347494228	34.0	30.0	35.0	7.0	35.0
104-105	29.472029727829668	34.0	30.0	35.0	4.0	35.0
106-107	28.59013759164407	33.5	28.5	35.0	4.0	35.0
>>END_MODULE
>>Per sequence quality scores	pass
#Quality	Count
4	10.0
5	3.0
6	4.0
7	16.0
8	39.0
9	106.0
10	213.0
11	281.0
12	351.0
13	388.0
14	465.0
15	506.0
16	593.0
17	610.0
18	723.0
19	750.0
20	792.0
21	900.0
22	1012.0
23	1200.0
24	1488.0
25	1923.0
26	2430.0
27	2972.0
28	3679.0
29	4607.0
30	5724.0
31	6923.0
32	8882.0
33	11131.0
34	14838.0
35	21670.0
36	35459.0
37	48165.0
38	20194.0
39	93.0
>>END_MODULE
>>Per base sequence content	fail
#Base	G	A	T	C
1	25.03464968664631	12.9594849750924	12.012393540093203	49.99347179816809
2	20.518603728280578	20.258397673215352	39.61762770440994	19.605370894094126
3	25.459357125998682	23.302048338580978	25.702908048228107	25.535686487192233
4	26.437682032740785	31.27397810585518	20.12604198051622	22.16229788088782
5	27.97310259281765	31.492464608013982	21.540524388957802	18.99390841021057
6	21.614944260319373	33.82394295470523	22.634327608717484	21.92678517625791
7	19.623882695591043	16.323189715777843	40.52425429346189	23.528673295169227
8	20.378628100833584	20.738174148840013	29.341167018178165	29.542030732148238
9	21.11630009038867	20.31636034950286	31.451240333433766	27.1160992266747
10-11	25.488852063874663	29.658782765893342	21.12709651501456	23.725268655217434
12-13	23.08476448729537	23.698654213116402	27.796525057748315	25.420056241839912
14-15	23.896002812091997	25.062267751330726	26.590840614642964	24.450888821934317
16-17	24.95430350507181	25.227478156071104	25.412272772923572	24.405945565933514
18-19	24.442603193733053	25.435874259315057	25.508687355629206	24.612835191322688
20-21	24.49583207793512	25.58601988550768	25.649040875765795	24.269107160791403
22-23	24.373421312965444	25.853055936365415	25.64415452678307	24.12936822388607
24-25	24.39177499504079	25.8175161770651	25.654050606530088	24.136658221364023
26-27	24.07551605821448	25.967687647256817	25.805924936073588	24.150871358455117
28-29	24.41131776909842	25.541838823514635	25.622213570773734	24.42462983661321
30-31	24.206403013182673	25.693659761456374	25.69968612680477	24.400251098556183
32-33	24.132943985658077	25.773025035591164	25.894047550298417	24.19998342845234
34-35	24.60128552776941	25.84814703223863	25.358792809079038	24.191774630912928
36-37	24.46394496334237	25.738676308124937	25.36080144621874	24.43657728231395
38-39	24.337271955769587	25.82191333691542	25.704658555079618	24.136156152235376
40-41	24.366249522929515	25.755780085571377	25.51900247072294	24.358967920776166
42-43	24.300647063106855	25.69897629946191	25.803430413723667	24.19694622370757
44-45	24.338276279382743	25.878908701961944	25.760900677416277	24.021914341239032
46-47	24.509139298985637	25.71381942352114	25.676408556794218	24.100632720699007
48-49	24.231757135073654	25.623997248160208	25.82285282427645	24.32139279248969
50-51	24.189324568957943	25.832393874645664	25.917007926604214	24.061273629792183
52-53	24.573530519496824	25.727270444673213	25.697391217013582	24.00180781881638
54-55	24.389055858108804	25.601528584377203	25.598013442905316	24.411402114608677
56-57	24.227679019785075	25.755749723812393	25.832077935121024	24.18449332128151
58-59	24.556342271768607	25.814000200863713	25.563673797328512	24.065983730039168
60-61	24.194787586622475	25.954604800642766	25.650296273978107	24.200311338756652
62-63	24.15335944561615	25.882293863613537	25.99151350808476	23.972833182685548
64-65	24.258561815807976	25.90966154464196	25.755247564527465	24.0765290750226
66-67	24.298985638244453	25.916691774630912	25.598322787988348	24.185999799136287
68-69	24.063472933614545	25.946570252083962	25.89986943858592	24.090087375715576
70-71	24.239479762980817	25.806216731947373	25.909912624284427	24.044390880787386
72-73	24.285549289692124	25.87614681202577	25.711437739468412	24.12686615881369
74-75	24.150121904369726	26.169641668947403	25.891433550191707	23.788802876491165
76-77	24.36340078694485	25.85744094774877	25.76202325680667	24.017135008499707
78-79	24.266276988126354	25.65274921725332	25.97714655880204	24.103827235818287
80-81	24.334638947474136	25.845134076529074	25.96138395098925	23.85884302500753
82-83	24.332630310334437	25.824545545847144	25.957115597067386	23.88570854675103
84-85	24.098373003916844	25.973937933112385	25.94129757959225	23.986391483378526
86-87	24.250025107964245	25.969920658832983	26.004820729135282	23.77523350406749
88-89	24.179220648789794	25.90840614642965	25.83684844832781	24.075524756452747
90-91	24.14758461383951	25.956864517424926	25.84638947474139	24.049161393994176
92-93	24.22793009942754	26.036205684443104	26.01159987948177	23.724264336647586
94-95	24.353218841016368	25.937280305312843	25.714321582806065	23.995179270864718
96-97	24.307020186803253	25.72662448528673	25.86873556292056	24.097619764989457
98-99	24.1872551973486	25.93778246459777	25.881038465401225	23.993923872652406
100-101	24.24981984628557	25.954940229140462	25.78118919027496	24.01405073429901
102-103	24.12971425701803	25.86124642193542	25.959423492191032	24.049615828855522
104-105	24.128259532209263	26.078266437332864	25.903001845551216	23.890472184906656
106-107	24.396864296977792	25.942117051515122	25.684491226660505	23.97652742484658
>>END_MODULE
>>Per sequence GC content	pass
#GC Content	Count
0	1.0
1	0.5
2	0.0
3	0.0
4	0.5
5	0.5
6	0.0
7	0.0
8	0.0
9	0.5
10	1.0
11	1.5
12	3.0
13	4.5
14	4.0
15	6.5
16	11.0
17	13.5
18	21.0
19	43.0
20	66.5
21	114.0
22	178.0
23	250.5
24	350.0
25	522.5
26	728.0
27	920.0
28	1219.0
29	1539.0
30	1805.0
31	2123.5
32	2442.0
33	2751.5
34	3035.0
35	3393.5
36	3915.5
37	4354.5
38	4756.5
39	5150.0
40	5467.5
41	5850.5
42	6195.5
43	6414.5
44	6561.5
45	6661.5
46	6685.5
47	6631.5
48	6593.0
49	6565.0
50	6639.5
51	6640.5
52	6514.0
53	6366.0
54	6194.0
55	6172.5
56	6076.0
57	5694.5
58	5328.0
59	5076.5
60	4786.0
61	4472.0
62	4037.0
63	3485.5
64	2992.0
65	2652.5
66	2300.5
67	1955.5
68	1673.5
69	1339.0
70	1034.5
71	794.5
72	663.0
73	574.0
74	453.0
75	364.5
76	314.0
77	270.0
78	211.5
79	163.5
80	151.5
81	117.5
82	76.5
83	51.0
84	36.0
85	32.0
86	25.0
87	19.0
88	14.5
89	10.0
90	5.5
91	4.0
92	3.5
93	1.5
94	1.5
95	1.5
96	0.0
97	0.0
98	0.0
99	0.0
100	0.0
>>END_MODULE
>>Per base N content	pass
#Base	N-Count
1	0.002008637139700713
2	0.03364467208998694
3	0.0015064778547755348
4	0.0
5	0.006528070704027317
6	0.0
7	0.0
8	0.0
9	0.0
10-11	0.0
12-13	0.0
14-15	0.0
16-17	0.0
18-19	0.0
20-21	0.0
22-23	0.0015064778547755348
24-25	0.007783468916340263
26-27	0.041679220648789796
28-29	0.036406548157075426
30-31	0.007532389273877674
32-33	0.001757557497238124
34-35	0.0
36-37	0.0
38-39	5.021592849251782E-4
40-41	0.004017274279401426
42-43	0.004770513206789193
44-45	5.021592849251782E-4
46-47	0.0
48-49	2.510796424625891E-4
50-51	2.510796424625891E-4
52-53	0.0025107964246258913
54-55	7.532389273877674E-4
56-57	0.0
58-59	0.0
60-61	0.0
62-63	0.0
64-65	0.0
66-67	0.0
68-69	0.0
70-71	0.0
72-73	5.021592849251782E-4
74-75	0.004268353921864016
76-77	0.007783468916340263
78-79	7.532389273877674E-4
80-81	0.0
82-83	0.0
84-85	0.0
86-87	0.0
88-89	0.0
90-91	0.0
92-93	0.0
94-95	0.0
96-97	0.0
98-99	0.0
100-101	0.002259716782163302
102-103	0.005021592849251783
104-105	0.006276991061564728
106-107	0.007030229988952496
>>END_MODULE
>>Sequence Length Distribution	pass
#Length	Count
107	199140.0
>>END_MODULE
>>Sequence Duplication Levels	pass
#Total Deduplicated Percentage	92.49908446918903
#Duplication Level	Percentage of total
1	88.13207487618351
2	5.983488599883008
3	2.1999847751058224
4	1.1531236065533244
5	0.6654671407826236
6	0.5084945857935164
7	0.28606282672601674
8	0.18112921109197502
9	0.1944625587531334
>10	0.6957118191270675
>50	0.0
>100	0.0
>500	0.0
>1k	0.0
>5k	0.0
>10k+	0.0
>>END_MODULE
>>Overrepresented sequences	pass
>>END_MODULE
>>Adapter Content	pass
#Position	Illumina Universal Adapter	Illumina Small RNA 3' Adapter	Illumina Small RNA 5' Adapter	Nextera Transposase Sequence	PolyA	PolyG
1	0.02058853068193231	0.0	0.0	0.0	0.007532389273877674	0.0
2	0.02058853068193231	0.0	0.0	0.0	0.010043185698503565	0.0
3	0.02058853068193231	0.0	0.0	0.0	0.010043185698503565	0.0
4	0.021090689966857486	0.0	0.0	0.0	0.012051822838204279	0.0
5	0.021090689966857486	0.0	0.0	0.0	0.01456261926283017	0.0
6	0.021090689966857486	0.0	0.0	0.0	0.015064778547755347	0.0
7	0.021090689966857486	0.0	0.0	0.0	0.017073415687456062	0.0
8	0.021090689966857486	0.0	0.0	0.0	0.022095008536707844	0.0
9	0.021090689966857486	0.0	0.0	0.0	0.03163603495028623	0.0
10-11	0.022095008536707844	0.0	0.0	0.0	0.04117706136386462	0.0
12-13	0.024103645676408558	0.0	0.0	0.0	0.04996484885005524	0.0
14-15	0.024605804961333737	0.0	0.0	0.0	0.06502962739781058	0.0
16-17	0.026614442101034447	0.0	0.0	0.0	0.07281309631415084	0.0
18-19	0.028371999598272572	0.0	0.0	0.0	0.08134980415787887	0.0
20-21	0.029627397810585515	0.0	0.0	0.0	0.09139298985638244	5.021592849251782E-4
22-23	0.030631716380435874	0.0	0.0	0.0	0.09892537913026012	5.021592849251782E-4
24-25	0.03138495530782364	0.0	0.0	2.510796424625891E-4	0.10796424625891332	5.021592849251782E-4
26-27	0.03339359244752435	0.0	0.0	5.021592849251782E-4	0.11675203374510396	0.0010043185698503565
28-29	0.03364467208998694	0.0	0.0	5.021592849251782E-4	0.12528874158883196	0.0015064778547755348
30-31	0.03414683137491212	0.0	0.0	5.021592849251782E-4	0.13482976800241037	0.002008637139700713
32-33	0.034900070302299885	0.0	0.0	5.021592849251782E-4	0.14462187405845134	0.0030129557095510697
34-35	0.03640654815707542	0.0	0.0	5.021592849251782E-4	0.15843125439389374	0.0030129557095510697
36-37	0.03891734458170132	2.510796424625891E-4	0.0	5.021592849251782E-4	0.16872551973485989	0.003264035352013659
38-39	0.03992166315155167	5.021592849251782E-4	0.0	5.021592849251782E-4	0.17876870543336346	0.0037661946369388372
40-41	0.04042382243647685	5.021592849251782E-4	0.0	5.021592849251782E-4	0.18579893542231596	0.005021592849251783
42-43	0.04067490207893944	5.021592849251782E-4	0.0	5.021592849251782E-4	0.19282916541126843	0.006025911419102139
44-45	0.04067490207893944	5.021592849251782E-4	0.0	5.021592849251782E-4	0.20061263432760873	0.00878778748619062
46-47	0.04092598172140203	5.021592849251782E-4	0.0	5.021592849251782E-4	0.21417093502058854	0.009792106056040976
48-49	0.041679220648789796	5.021592849251782E-4	0.0	5.021592849251782E-4	0.2237119614341669	0.01180074319574169
50-51	0.04193030029125239	5.021592849251782E-4	0.0	5.021592849251782E-4	0.23626594355729638	0.014311539620367582
52-53	0.04368785778849051	5.021592849251782E-4	0.0	5.021592849251782E-4	0.24555589032841219	0.01732449532991865
54-55	0.04368785778849051	0.0015064778547755348	0.0	5.021592849251782E-4	0.2561012353118409	0.01832881389976901
56-57	0.043938937430953104	0.0015064778547755348	0.0	5.021592849251782E-4	0.2648890227980315	0.019333132469619364
58-59	0.044692176358340864	0.0015064778547755348	0.0	5.021592849251782E-4	0.27141709350205884	0.020839610324394898
60-61	0.0461986542131164	0.0015064778547755348	0.0	5.021592849251782E-4	0.28045596063071204	0.02259716782163302
62-63	0.04745405242542935	0.002008637139700713	0.0	5.021592849251782E-4	0.29049914632921564	0.024354725318871145
64-65	0.049211609922667474	0.002008637139700713	0.0	5.021592849251782E-4	0.2960228984633926	0.02611228281610927
66-67	0.05096916741990559	0.002008637139700713	0.0	5.021592849251782E-4	0.3100833584412976	0.02812091995580998
68-69	0.05197348598975595	0.002008637139700713	0.0	5.021592849251782E-4	0.31987546449733856	0.029878477453048106
70-71	0.053479963844531485	0.002008637139700713	0.0	5.021592849251782E-4	0.32941649091091696	0.031133875665361053
72-73	0.05523752134176961	0.002008637139700713	0.0	5.021592849251782E-4	0.33920859696695793	0.03389575173244953
74-75	0.056743999196545145	0.0025107964246258913	0.0	5.021592849251782E-4	0.34749422516822337	0.03540222958722507
76-77	0.05724615848147033	0.0025107964246258913	0.0	5.021592849251782E-4	0.3580395701516521	0.03891734458170132
78-79	0.059003715978708446	0.0025107964246258913	0.0	5.021592849251782E-4	0.3705935522747815	0.041428141006327204
80-81	0.06051019383348398	0.0025107964246258913	0.0	5.021592849251782E-4	0.37762378226373405	0.0461986542131164
82-83	0.0625188309731847	0.0025107964246258913	0.0	5.021592849251782E-4	0.38314753439791105	0.049211609922667474
84-85	0.06528070704027318	0.0030129557095510697	0.0	5.021592849251782E-4	0.3936928793813398	0.05222456563221854
86-87	0.07331525559907603	0.0030129557095510697	0.0	5.021592849251782E-4	0.40348498543738076	0.05498644169930702
88-89	0.07883900773325299	0.003264035352013659	0.0	5.021592849251782E-4	0.41277493220849654	0.056995078839007736
90-91	0.08586923772220548	0.003515114994476248	0.0	5.021592849251782E-4	0.42231595862207494	0.06101235311840916
92-93	0.0946570252083961	0.003515114994476248	0.0	5.021592849251782E-4	0.4293461886110274	0.06427638847042283
94-95	0.10796424625891332	0.003515114994476248	0.0	5.021592849251782E-4	0.4386361353821432	0.06754042382243648
96	0.11650095410264136	0.003515114994476248	0.0	5.021592849251782E-4	0.4434066485889324	0.07130661845937532
>>END_MODULE
