sample	mean_distance	PC1	PC2	PC3	PC4	inflammation	interferon	acute_phase	fibrosis_tissue_remodeling	proliferation	immune_cells	epithelial	expressed_genes_gt1tpm	total_tpm
Sample_1	0.0338818	0.328954	-0.178597	-0.198425	-0.0154541	0.634433	0.410907	0.229237	-0.536192	0.0244047	-0.229285	-0.444726	14893	1e+06
Sample_2	0.0354858	-0.391619	0.0271028	-0.00209385	0.00804809	-0.861672	-0.961608	-0.578129	0.694314	-0.913825	-0.0672162	0.61657	15910	1e+06
Sample_3	0.0373059	-0.389382	0.17557	-0.159581	0.0908484	-0.923272	-1.23135	-0.195069	0.185321	-0.633012	-1.08924	0.313947	16128	1e+06
Sample_4	0.0327756	0.35793	-0.0560183	-0.00483604	0.053359	0.571746	1.00222	0.620624	-0.828173	0.91378	0.606717	-0.605627	14782	1e+06
Sample_5	0.0377666	-0.407658	-0.166218	0.107868	0.0824542	-0.936359	-0.911807	0.142925	0.65698	-1.32422	-0.571148	0.10026	16909	1e+06
Sample_6	0.0292907	0.295526	0.0335588	0.148258	0.0899788	0.657102	0.7489	-0.16545	-0.386228	0.898309	0.277041	-0.602952	14319	1e+06
Sample_7	0.0354535	-0.399519	-0.0430822	0.0407459	-0.181845	-0.466089	-0.829599	-0.74041	0.898822	-0.828471	0.0401356	1.11999	16430	1e+06
Sample_8	0.0292569	0.291177	0.104491	0.0396537	0.0444954	0.473487	0.668359	0.110412	-0.747795	1.05996	0.387283	-0.613378	14788	1e+06
Sample_9	0.0315621	0.314591	0.103193	0.0284095	-0.171884	0.850624	1.10398	0.575859	0.0629511	0.803072	0.645716	0.115917	15069	1e+06
