gene	variance_log2_tpm	mad_log2_tpm	cluster0_median	cluster1_median	delta_cluster1_minus_cluster0	Sample_1	Sample_2	Sample_3	Sample_4	Sample_5	Sample_6	Sample_7	Sample_8	Sample_9
SERPINB4	33.0356	1.44727	11.7071	0.672933	-11.0342	11.7071	0.358439	0.69516	11.4584	0.980523	11.8815	0.650707	10.6184	12.0657
S100A7A	28.4313	2.06584	10.6409	0.430388	-10.2105	10.6409	0.293524	0.567053	11.341	0.528426	10.9048	0.33235	9.27516	10.2971
S100A9	28.2731	0.44182	13.866	3.91636	-9.94965	13.866	3.05883	3.61022	13.9097	4.398	13.7787	4.2225	13.7109	14.1527
SPRR2A	27.3301	0.978389	10.3717	0.396301	-9.97537	10.5773	0.22555	0.567053	10.9142	1.0438	10.1472	0.14225	10.3717	9.93582
S100A8	27.2264	0.363651	13.4281	3.78232	-9.64579	13.4281	2.84896	3.56901	13.5649	3.99563	13.4035	4.09708	13.3795	13.7432
S100A7	26.5947	0.63748	12.8466	3.07619	-9.77044	12.3873	2.70663	2.1049	12.8466	3.83498	13.0248	3.44575	12.6811	12.8668
PI3	21.8489	1.18023	10.2313	1.5275	-8.70381	9.98385	0.839722	1.11726	10.9814	1.93775	9.80112	2.02039	10.2313	10.4987
DEFB4A	20.8248	2.50627	8.75563	0.171766	-8.58386	10.1524	0	0.270654	9.0157	0.339608	7.64613	0.0728775	8.083	8.75563
SPRR2B	18.919	0.833769	8.73121	0.548655	-8.18255	8.73121	0.154214	0.185955	9.19735	0.914343	8.92111	0.911356	8.62904	8.36358
SPRR2F	18.8569	2.10063	8.15626	0.143803	-8.01246	9.07894	0.0791665	0.350655	9.47863	0	8.15626	0.208439	7.37799	7.383
KRT6C	18.5171	2.07999	9.8493	2.39711	-7.45219	11.7655	3.69582	2.55673	9.68548	2.2375	9.8493	0.911356	10.5616	9.72876
TCN1	18.2567	2.15683	8.26662	0.100735	-8.16589	8.26662	0.0791665	0.185955	8.55836	0.122303	7.16865	0.0728775	7.3485	9.32548
HEPHL1	17.9423	1.83584	9.59087	1.72617	-7.8647	10.2834	0.64531	1.5146	9.87756	1.93775	9.59087	1.98306	8.44755	9.14301
RHCG	16.0885	0.916584	8.64182	0.921651	-7.72017	8.91594	0.420558	0.350655	8.90991	1.42274	8.00405	1.59488	7.99935	8.64182
SERPINB3	14.6337	1.19944	11.4155	4.08239	-7.33314	11.1941	3.9953	3.45599	11.6533	4.5474	11.5462	4.16948	10.4538	11.4155
KRT16	14.1323	1.18653	12.794	5.63241	-7.16155	13.4938	6.97533	6.04293	12.794	5.13907	12.3073	5.2219	13.1789	12.6264
SPRR2D	12.1811	0.997789	9.41727	2.93414	-6.48313	9.75889	2.35551	1.90743	10.1554	4.57978	9.41727	3.51277	9.15765	9.19779
TMPRSS11D	11.5114	2.39629	6.92778	0.542949	-6.38483	7.89924	0.696424	0.0959714	7.41493	0.695368	5.50296	0.39053	6.07383	6.92778
KRT6A	10.8035	0.719818	13.8606	7.71298	-6.14767	14.1989	8.43317	8.42148	13.8606	7.00448	13.4791	6.91698	14.0981	13.5489
SPRR2G	10.3416	1.33238	9.84155	3.90295	-5.9386	10.0399	2.07561	3.22079	9.84155	4.58511	9.89464	5.40417	9.68995	8.70751
LTF	10.2631	3.21171	7.42784	1.19559	-6.23226	7.42784	0.358439	0.921591	7.91683	1.46958	4.1333	3.69119	6.11692	8.89709
AKR1B10	10.235	0.37	8.20691	2.3596	-5.84731	8.26921	1.89047	1.28953	8.20691	2.82873	8.1908	3.21568	8.20432	8.5608
IFI27	10.2174	1.35611	9.30326	2.83083	-6.47243	8.09696	2.61661	2.39634	8.83824	4.31065	9.30326	3.04505	9.45308	9.43331
ATP12A	10.1976	1.54462	8.43379	2.45869	-5.9751	7.75318	3.56441	3.85617	9.11829	1.21851	8.48493	1.35297	7.57367	8.43379
G25746	10.1712	1.23976	0.568706	6.55759	5.98888	0.568706	6.30296	6.67209	0.110439	6.91635	1.32046	6.44309	0.0806981	0.823688
DCD	10.0992	0.426452	0	4.98062	4.98062	0.18657	5.78532	0.426452	0	4.17592	0	7.57975	0	6.15363
LCE3E	10.0983	0.739833	7.20188	1.30846	-5.89342	7.64291	1.23498	0.755185	7.20188	1.93775	7.09154	1.38194	7.68574	6.94591
LCE3D	9.77427	0.745414	8.64875	2.37269	-6.27607	8.64875	1.95486	2.08164	8.31897	3.87032	8.66303	2.66373	8.73656	7.99115
GDA	9.72838	1.155	7.12843	1.53689	-5.59154	7.55084	0.154214	2.5735	7.6774	2.98199	7.12843	0.500292	6.5224	7.11704
LCN2	9.62882	1.42347	7.63947	1.73498	-5.90449	7.30601	1.86835	2.48764	8.16414	1.60162	7.63947	1.19869	6.74067	8.09636
LCE3A	9.59493	0.887289	5.89129	0.132561	-5.75873	6.24462	0.0791665	0.185955	5.89129	0.339608	5.76476	0	6.50742	5.62013
AADACL3	9.14256	2.1766	0.157288	5.17247	5.01518	0.096299	6.06359	8.84204	0.110439	1.79792	0.157288	4.28135	4.25715	3.88699
BTC	8.99772	1.04006	0.941463	6.64368	5.70222	0.870527	6.78331	6.50405	1.07983	6.3363	0.508285	6.9722	0.941463	1.54834
KRT77	8.62392	1.60384	3.62822	8.94973	5.3215	2.59431	8.77698	9.39393	2.33839	7.23462	3.62822	9.12247	3.82813	3.94223
IL36A	8.62362	1.72444	5.29717	0	-5.29717	6.60017	0	0.0959714	5.72223	0	5.29717	0	5.10778	4.87573
GJB2	8.56913	0.922002	12.0616	6.37938	-5.68222	12.0616	6.0925	6.27335	12.0887	6.5102	11.6644	6.48542	11.2977	12.2197
SLC6A14	8.49048	1.27501	9.10805	3.75142	-5.35663	9.42343	4.24747	2.70106	9.55057	4.50867	9.03034	3.25536	8.27555	9.10805
IL36G	8.39397	0.437649	8.92371	3.44069	-5.48302	9.25649	2.95771	3.32349	9.1564	4.43388	8.81884	3.5579	8.92371	8.8998
H19	8.09859	1.75779	1.20884	6.55667	5.34783	1.20884	7.55798	7.15472	0.441488	3.10576	0.620631	5.95862	2.37842	1.26995
KYNU	8.01198	0.85811	6.98054	1.70075	-5.27979	6.98054	1.79989	1.07077	7.08965	1.60162	6.59577	2.07463	6.7069	7.45388
S100A12	8.01132	0.927592	5.45269	0.0479857	-5.40471	5.83765	0	0.0959714	5.79638	0	4.91006	0.14225	4.98997	5.45269
FADS2	7.32037	1.96228	3.21464	7.14344	3.9288	3.21464	8.12458	10.6179	2.66227	4.51427	2.43711	6.1623	6.25916	6.46994
TNIP3	7.20603	2.62033	5.31946	0	-5.31946	5.31946	0	0	5.75235	0	4.36869	0.0728775	2.62033	5.84934
SCARA5	7.20026	2.81014	2.73073	7.14558	4.41485	0.499951	7.11397	6.56086	1.85813	7.55819	2.90477	7.1772	2.73073	3.31009
KRT6B	7.19565	2.10901	11.6601	6.97348	-4.68665	12.559	8.25896	7.82059	11.6601	5.6645	10.2614	6.12637	12.3704	11.5837
RAB3B	7.00273	1.331	0.757327	5.87624	5.11891	0.096299	6.01785	5.78666	0.261701	4.80194	1.4273	5.96582	0.757327	1.06401
KRT79	6.96432	1.49593	2.40046	5.31441	2.91395	2.40046	6.06237	8.57535	0.563001	3.53811	0.91312	4.56644	6.04772	5.56645
C10orf99	6.92568	0.76556	7.65786	2.71958	-4.93827	7.79324	2.23967	1.7687	7.8567	3.54905	7.09114	3.1995	7.45971	7.65786
OASL	6.85752	0.749585	5.73123	0.572858	-5.15838	5.13622	0.358439	0.755185	5.75872	1.0438	5.35381	0.39053	5.73123	5.8858
DEFB4B	6.7702	2.38504	3.60145	0	-3.60145	4.74504	0	0	3.60145	0	2.38504	0	2.42553	7.33106
IGHA1	6.7021	1.98129	2.59737	4.56561	1.96824	7.96049	6.27906	0.69516	2.59737	4.97426	0.343435	4.15697	2.99297	1.38074
NOS2	6.66213	2.72467	5.44182	0.349023	-5.0928	6.0419	0.358439	0.868227	5.95281	0.339608	5.44182	0.208439	3.22814	4.70879
EPGN	6.59876	2.28712	5.23554	0.826267	-4.40927	6.74925	0.839722	0.812813	5.17489	0.844979	4.46213	0.39053	5.23554	5.66095
SEC14L6	6.51464	1.1503	0.690944	4.18415	3.4932	0.427754	4.30212	8.28019	0.563001	2.91588	0.690944	4.06618	4.47247	4.6023
CHI3L2	6.36376	1.64372	7.85347	2.8062	-5.04727	7.85347	2.44789	4.19101	8.32579	2.46258	7.86555	3.14983	6.68206	7.68285
CHAC1	6.34257	0.785874	4.81454	0.148232	-4.66631	5.49091	0.154214	0	4.84825	0.339608	4.71294	0.14225	4.70503	4.81454
CXCL8	6.32503	2.58221	4.82819	0.132277	-4.69591	5.52158	0.0791665	0.185955	4.82819	0.122303	4.28876	0.14225	2.72446	5.74274
KLK6	6.32456	2.26333	5.71599	1.70084	-4.01515	5.71599	2.33952	2.71624	7.41963	0.339608	5.60777	1.06216	5.1563	6.37944
THRSP	6.27895	2.0661	0.206124	3.82103	3.61491	0	4.85408	7.53084	0.162642	1.21851	0.206124	2.78798	3.14613	3.03315
LCE3C	6.27318	0.293524	4.50374	0.0611515	-4.44259	4.91311	0.293524	0	0	0.122303	4.17376	0	5.54024	4.50374
OAS2	6.14509	0.581079	6.80888	2.00664	-4.80224	6.37272	2.16905	1.40645	6.94018	2.6162	6.80888	1.84423	6.3591	6.82049
IFI6	6.13854	1.91613	6.93737	2.28216	-4.65521	6.0419	2.38697	1.85353	6.93737	3.21975	7.02675	2.17736	6.8909	7.95803
PM20D1	6.07061	1.49152	1.45956	3.71327	2.25371	0.351753	5.16883	7.69404	1.45956	1.21851	0.0543571	2.25771	2.7055	3.74923
WIF1	6.01132	0.298797	0.0543571	4.67496	4.6206	0	5.43836	4.92789	0	4.42202	0.0543571	4.00231	0.298797	0.174177
PLAT	5.98692	2.1617	6.41229	2.04507	-4.36721	6.84071	2.05617	2.03398	6.41229	2.09539	7.81405	1.92519	4.08689	6.29944
TNXB	5.89346	1.61291	3.96197	8.46525	4.50328	2.9697	8.42087	7.76738	3.65254	8.78915	4.58261	8.50964	3.96197	4.15981
ELOVL3	5.77159	1.8813	0.779057	3.67293	2.89387	0.351753	4.48404	7.76099	0.779057	0.980523	0.620631	2.86182	3.3471	3.37399
XIST	5.74147	0.0409132	0.0409132	0.839012	0.798099	0.271524	1.67802	7.28451	0	0	0.253361	0	0.0409132	0
ANKRD33B	5.68858	1.94634	1.83448	6.63694	4.80247	1.77229	6.63726	6.63662	1.48028	6.30112	3.42662	6.70694	2.32972	1.83448
HSPD1P3	5.67677	2.94128	3.83605	0	-3.83605	6.0629	0	0	4.81398	0	2.94128	0	3.30573	3.83605
C5orf46	5.67526	2.2231	2.60129	6.56571	3.96441	0.870527	6.45726	6.12768	1.65445	6.67416	2.60129	6.79034	3.09363	2.61655
MFAP5	5.6199	2.57556	1.88274	6.54568	4.66295	1.29253	6.58397	5.39217	1.10673	6.5074	1.88274	6.80646	2.59308	3.8681
SPRR1B	5.48708	1.00059	8.96166	4.33795	-4.62371	9.07174	4.70917	4.34543	9.20835	4.22452	8.20776	4.33047	8.96166	8.58173
KRT25	5.45652	0.122303	0.0562759	0.196478	0.140203	0.18657	0	0.270654	0.0562759	0.122303	0	5.39354	0	5.37453
VNN3	5.4479	1.43542	4.46293	0.0364388	-4.42649	4.46293	0	0	4.97591	0.235043	3.54049	0.0728775	4.31041	4.89141
SPRR2E	5.44185	1.06483	10.5019	6.42168	-4.08024	10.7007	5.54155	5.24555	11.0803	7.35723	10.495	7.30181	10.5019	10.0155
GJB6	5.40368	0.407808	9.96967	5.57244	-4.39723	10.1558	5.76302	5.25077	9.96967	5.38186	9.748	5.98128	9.93454	10.1027
SNTB1	5.16705	0.549534	1.8202	6.05487	4.23467	1.88443	5.92179	6.11199	1.65445	6.31722	2.06588	5.99775	1.8202	1.51634
APOL1	5.15154	1.6789	5.99672	2.04382	-3.9529	6.45788	1.93371	1.07077	7.01751	2.15393	5.99672	2.42015	5.33862	5.37006
CXCL1	5.11539	1.19813	4.69716	0.071125	-4.62604	4.71122	0.154214	0	4.69716	0	3.77707	0.14225	1.19813	4.80795
GJB4	5.06912	1.30775	1.36415	5.3021	3.93795	0.427754	5.36127	5.24293	0.601333	5.57362	1.36415	5.11595	1.7355	1.51634
PAMR1	5.0587	2.25468	1.8778	5.67618	3.79838	0.427754	5.63949	5.15932	0.601333	5.86615	3.38481	5.71287	1.8778	2.00559
TPPP	4.98363	2.33503	1.80829	6.21196	4.40368	1.6507	6.53566	6.14602	1.32859	6.2144	3.66362	6.20953	2.7799	1.80829
MX1	4.96645	0.867105	7.38657	3.09322	-4.29335	6.87844	2.61661	2.77541	7.63125	3.4821	7.38657	3.41104	6.76415	7.51942
RPS4Y1	4.95593	0.131182	7.20138	7.28641	0.0850235	7.10729	7.46293	0.632528	7.23235	7.10988	7.20138	7.63269	7.0702	7.46702
SPRR2C	4.94685	1.37528	4.08842	0	-4.08842	4.77445	0	0	4.72997	0	4.08842	0	3.39916	3.70732
PLA2G4D	4.93413	1.06573	8.99395	4.84048	-4.15346	9.33012	4.25175	4.84745	9.21802	5.19241	8.86341	4.83352	8.26439	8.99395
AWAT2	4.93346	1.3201	0.110439	3.25121	3.14077	0.096299	3.91126	6.74791	0.110439	1.46958	0	2.59116	2.71817	3.40053
TYMP	4.8885	0.692106	7.57584	3.61583	-3.96002	7.44395	3.04903	3.64236	7.45408	3.65417	7.6286	3.58929	7.57584	8.13605
RSAD2	4.88758	1.68979	5.07492	1.14415	-3.93077	4.55477	1.0896	0.921591	6.24456	1.46958	4.87462	1.19869	5.07492	5.55862
WNK2	4.87041	0.900366	1.20506	5.1374	3.93234	0.499951	5.03126	5.20846	0.563001	5.17837	1.20506	5.09642	1.40032	1.23104
IFI44	4.82721	1.57535	6.41949	2.15005	-4.26945	5.2687	1.99624	1.64724	6.49733	2.57395	5.92651	2.30385	6.41949	6.84404
S100P	4.78434	1.0677	6.04643	1.88488	-4.16154	6.04643	2.05617	0.632528	6.58721	2.31649	2.78128	1.71359	3.46076	6.11676
GAL	4.77836	1.46552	0.110439	2.79153	2.68109	0	4.11754	6.35078	0.110439	0.844979	0.10674	1.46552	3.0492	3.03315
UPP1	4.7663	1.67873	5.86054	1.83408	-4.02645	6.67809	1.39825	1.90743	6.16041	1.76074	4.99936	1.94474	5.20211	5.86054
AQP9	4.72125	2.01652	2.09497	6.16327	4.06829	1.74284	6.09845	6.09176	1.37358	6.22808	3.3901	6.23158	2.24471	2.09497
KRT71	4.717	0.0409132	0	0.194629	0.194629	0	0.154214	0	0	0.235043	0	5.25163	0.0409132	4.69456
HSD11B1	4.68218	1.1958	1.02532	5.12305	4.09773	1.02532	5.45515	5.86537	0.638672	4.57444	0.91312	4.79095	1.46187	1.83448
PI16	4.66513	2.20679	1.93739	6.05301	4.11562	1.93739	6.49203	5.72796	1.13313	5.45643	1.78967	6.37807	2.26212	4.14419
HRNR	4.65792	1.92228	5.31299	2.07901	-3.23398	6.67906	1.9757	1.36852	5.2967	2.18232	4.10461	2.71016	7.28207	5.31299
CLDN17	4.65268	0.8834	3.3194	0.110708	-3.20869	5.29684	0.0791665	0	5.01548	0.235043	0.8834	0.14225	2.27932	3.3194
TCHH	4.56008	1.13372	3.0356	1.28452	-1.75108	5.31946	0.64531	1.40645	3.0356	1.16259	1.8056	6.2824	2.29632	5.64254
IL34	4.49886	1.79765	1.80984	5.83648	4.02664	1.16511	6.24298	5.75209	1.80984	5.39405	2.96276	5.92087	1.6718	2.00559
PRSS22	4.42935	0.648334	5.43355	1.44918	-3.98436	5.51941	1.48802	2.5226	5.57831	0.528426	5.29294	1.41034	4.92998	5.43355
IL19	4.41885	2.55121	3.61019	0	-3.61019	3.9666	0	0	3.27376	0	3.61019	0	2.55121	5.31996
DGAT2L6	4.41845	1.22935	0.427754	2.94653	2.51878	0.427754	3.50113	6.38561	0	1.16259	0	2.39194	3.029	3.4437
HYAL4	4.34313	1.91044	4.39795	0.349023	-4.04893	2.86424	0.358439	0.0959714	4.77468	0.339608	4.34162	0.871055	4.68259	4.39795
LCE5A	4.27362	0.31531	1.40656	5.31449	3.90794	1.37163	5.25019	5.50136	1.5007	5.3788	1.40656	5.10514	1.50637	1.19106
HS3ST6	4.25182	0.973868	1.33263	5.357	4.02438	1.33263	5.20899	5.75577	1.13313	5.50502	1.74079	4.88755	2.107	1.14994
ZBTB16	4.23568	1.77923	0.656216	4.77504	4.11882	2.1088	5.14603	4.08974	1.92009	4.40404	0.656216	5.40063	0.458322	0.329573
IGFBP5	4.21469	1.83114	5.19351	8.95766	3.76416	4.87967	8.81379	8.83271	4.6082	9.08262	5.19351	9.49362	5.34782	6.43933
FABP7	4.16774	1.05812	2.4561	4.12772	1.67162	3.10317	7.48217	5.40394	1.79338	2.73599	0.584146	2.8515	2.4561	4.0579
MTCO1P12	4.15226	0.244637	6.41318	4.83652	-1.57666	2.06187	2.65588	3.01522	6.31905	6.65781	6.47269	7.23441	6.41318	6.44146
ELN	4.14061	1.60833	2.01336	5.84769	3.83433	2.01336	6.29883	5.32939	1.48028	5.71883	1.54588	5.97654	2.39429	3.08861
IGKC	4.11971	1.61288	3.39328	3.53896	0.145683	6.60325	5.00616	0.498464	3.39328	3.97954	0.386447	3.09839	3.62112	1.75443
ARSF	4.09828	1.07737	5.55665	1.83635	-3.7203	5.24263	1.54491	2.12778	5.98125	0.914343	5.96957	2.89234	4.90388	5.55665
SPRR1A	4.08043	1.17817	6.72758	2.76628	-3.9613	6.77675	3.55058	3.24192	6.72758	2.29064	5.63478	1.90537	6.81295	6.0693
AKR1B15	4.05496	1.80133	4.19733	0.282624	-3.91471	4.89314	0.293524	0.185955	3.31471	0.339608	3.09181	0.271724	4.19733	4.30267
CACNA1H	4.04015	0.392928	0.354393	3.94291	3.58852	0.568706	4.35875	5.29188	0.354393	3.52708	0.206124	0.911356	0.264661	0.657589
CCL20	4.02656	2.22032	2.95649	0.100735	-2.85575	2.82261	0.0791665	0	2.95649	0.122303	4.70022	0.602291	2.91258	5.08382
FLG2	3.99532	2.03603	10.3065	13.8772	3.57067	10.3065	13.8626	13.3833	9.01957	13.9812	11.3473	13.8918	10.6301	9.67055
DSC2	3.99027	2.03737	9.6761	6.37519	-3.30091	10.9042	6.28429	6.66721	10.2985	5.60281	8.86685	6.4661	9.55694	9.6761
EPHB2	3.97864	1.0733	5.48145	1.5746	-3.90684	4.59241	1.84589	1.8258	5.48145	1.21851	5.48204	1.32341	5.66571	5.15569
JCHAIN	3.9454	1.55867	2.15855	4.16359	2.00503	5.66783	5.56409	0.632528	1.28215	4.50867	0.75799	3.8185	2.1912	2.15855
NES	3.93443	1.91099	6.6049	2.85392	-3.75098	6.60222	2.82619	2.76084	7.27558	2.88165	6.6049	3.01762	4.92862	6.78483
CD274	3.91969	1.40691	4.90452	1.06081	-3.84371	5.24	1.05084	1.07077	5.25823	1.0438	4.90452	1.32341	3.85132	4.72288
PRSS27	3.90793	0.972199	5.31764	1.50926	-3.80838	5.40655	1.33514	1.79753	5.69147	1.68337	4.71927	1.16575	4.81232	5.31764
FABP5	3.90777	0.540992	9.88778	6.13508	-3.75269	9.47919	6.33457	5.53813	9.78517	6.70873	10.0202	5.9356	9.94291	9.88778
KLK13	3.88376	1.77542	6.35816	3.08113	-3.27704	6.87165	3.02923	3.13302	7.64651	3.19209	6.34494	2.65188	5.8711	6.35816
LGALS7	3.88352	1.44244	6.27454	3.4043	-2.87024	6.13411	3.78116	3.02744	7.54508	2.36685	6.75963	6.10264	2.74936	6.27454
UGT3A2	3.84633	0.197691	0.15712	4.0244	3.86728	0.096299	4.35079	3.9871	0.0562759	2.69715	0.206124	4.06171	0.15712	0.253967
CRAT	3.84244	1.88267	1.80116	4.94098	3.13983	1.80116	5.98611	7.34375	1.74283	3.14957	1.72412	3.89586	3.68382	4.46236
MYH14	3.83378	1.99643	5.07835	8.20056	3.1222	3.46061	8.18455	8.21656	3.96335	8.2651	5.45704	8.0007	5.28214	5.07835
KRT17	3.81629	1.49906	11.4691	8.08165	-3.38746	12.0016	8.66174	9.12613	11.2988	7.50156	11.0644	7.48404	12.5635	11.4691
SCGB2A2	3.81317	0.632528	0	2.41514	2.41514	0	3.61177	0.632528	0	1.21851	0	4.27364	0.0409132	4.4497
NPTX1	3.80663	1.02434	0.253361	3.79099	3.53763	0.351753	4.55499	3.8285	0.0562759	3.54905	0.253361	3.75348	3.53066	0.0897157
IGFL1	3.79337	1.65043	2.81316	0.194629	-2.61853	2.03782	0.154214	0.0959714	4.88949	0.235043	2.81316	0.78691	5.11499	1.88547
PGBD5	3.79217	1.5407	4.78304	1.10672	-3.67632	5.47308	1.05084	1.20596	4.78304	1.16259	3.9519	0.98873	3.93238	5.21172
PHYHIP	3.78685	1.87054	1.72673	5.4211	3.69437	0.870527	5.76601	5.70911	3.15638	4.97019	2.8899	5.1331	1.28584	1.72673
MATN4	3.78122	0.690944	0.253967	3.83523	3.58126	0	4.56534	3.45599	0.213021	3.37545	0.690944	4.21447	0.298797	0.253967
TMPRSS4	3.77336	1.21502	5.31954	1.61614	-3.70339	5.01826	1.4288	1.54892	5.84412	1.68337	5.31954	2.37763	4.65978	5.8748
CHRDL1	3.76215	1.06034	2.04802	5.56906	3.52104	1.29253	5.5363	5.15376	1.90485	5.98779	2.35287	5.60181	2.04802	2.15855
DDX3Y	3.75304	0.10424	6.30292	6.3351	0.0321841	6.40716	6.29573	0.498464	6.10146	6.43253	6.13161	6.37447	6.30292	6.35477
PRG4	3.74992	1.05475	0.597682	4.40259	3.80491	0.499951	4.30212	3.16656	0.67507	4.50306	0.10674	4.66991	1.16149	0.597682
TF	3.74198	1.33253	0.428213	2.99019	2.56198	0.096299	3.01923	5.72045	0.308792	1.76074	0.428213	2.96115	4.14199	1.10761
FADS1	3.7406	1.38634	3.20074	5.40646	2.20572	2.82261	6.09964	8.74453	3.20074	3.65417	2.57364	4.71329	4.76579	5.19665
ISG15	3.71196	1.21516	4.4365	1.11623	-3.32028	4.29553	0.970064	0.755185	4.94457	1.60162	4.37137	1.2624	4.4365	5.51069
SERPINA3	3.70684	1.72796	5.98413	2.43321	-3.55092	5.63012	2.61661	2.33865	6.4257	1.64307	6.2264	2.52776	3.90216	5.98413
PRR9	3.70397	1.19206	4.12337	0.644392	-3.47898	5.60375	0.420558	0.868227	4.12337	0.339608	2.72374	3.91581	4.082	4.13894
GBP6	3.69662	1.46647	5.28477	2.20929	-3.07548	6.36065	2.44789	1.88073	5.03662	1.97069	3.3472	2.79876	6.89613	5.28477
PDK4	3.69423	0.725367	1.61983	5.09654	3.47671	1.88443	6.03905	3.90336	1.15907	4.57444	1.61983	5.61864	1.43142	1.8602
IL37	3.69315	2.26057	2.86424	6.17996	3.31572	2.86424	6.35956	6.07272	1.30556	6.00379	3.18002	6.2872	3.56613	2.71852
HERC6	3.68732	0.878611	6.62469	3.12236	-3.50233	6.26289	3.301	2.80411	7.00282	3.16388	6.62469	3.08083	6.40439	7.1415
ALDH1A3	3.67804	1.54956	4.97619	1.4008	-3.57539	5.17257	1.19999	1.16229	5.91145	1.60162	4.61914	1.75846	2.71185	4.97619
DCT	3.65623	0.553436	7.8682	9.09482	1.22661	3.06797	8.79614	9.28838	7.91683	9.27434	8.36186	8.91529	7.8682	7.70653
GSTM1	3.64455	0.358918	3.67068	3.52859	-0.142093	3.99186	3.83347	3.97453	3.67068	0	0	3.2237	4.0296	0
DES	3.63823	1.09418	3.58733	5.12986	1.54253	2.1317	5.04858	5.21114	0	6.03137	3.58733	4.93719	3.7126	5.33838
ZC3H12A	3.6186	0.796509	8.00382	4.27191	-3.73192	8.30649	4.09867	4.41221	8.02345	4.58511	7.53851	4.1316	7.50998	8.00382
C14orf132	3.57289	1.15529	3.83322	7.32419	3.49097	3.83322	7.45877	7.22141	3.02154	6.98042	3.81298	7.42698	4.17683	3.86174
CD24P4	3.57132	0.417383	7.86302	4.15132	-3.7117	7.89213	3.8505	4.07215	7.94411	4.92469	7.81159	4.23049	7.52673	7.86302
C1QTNF7	3.52515	0.625548	0.715107	4.11795	3.40284	0.18657	4.11285	3.68927	0.812118	4.61146	0.790379	4.12305	0.574346	0.715107
PITX1	3.52146	1.68132	3.52132	0.652436	-2.86889	5.06363	0.293524	1.16229	3.38231	0.914343	3.52132	0.39053	4.77945	3.49386
PAPL	3.51204	0.538762	7.57088	3.96545	-3.60543	7.57088	3.27601	4.10712	7.70379	5.16064	7.71524	3.82379	7.3988	7.17647
CXCL9	3.50251	1.92473	3.99608	0.395994	-3.60009	4.53772	0.293524	0.498464	3.99608	0.61431	4.23975	0.0728775	3.42644	2.53904
ADH1B	3.4789	1.88824	1.93739	5.05784	3.12045	1.93739	5.05104	5.06464	3.1628	5.80125	2.06588	4.87995	1.08531	1.14994
HLA-DQB1	3.46359	0.99142	2.94405	2.01246	-0.931592	2.94405	1.51675	1.07077	2.03658	2.50817	5.79899	3.27865	0.941463	5.92746
IGSF10	3.44837	1.70517	1.60516	5.07493	3.46977	2.86424	5.00616	4.80193	1.15907	5.90714	1.52678	5.14371	1.60516	2.09497
GPD1	3.42096	1.16388	0.351753	2.77573	2.42398	0.351753	3.35767	5.95608	0.162642	1.46958	0.206124	2.19379	2.22709	2.45713
PTGIS	3.41204	0.910854	2.26199	5.57065	3.30866	2.26199	5.17785	5.03165	1.56029	5.96345	1.95595	6.01635	2.47115	2.40565
CXCL10	3.40747	1.77907	3.31826	0.386175	-2.93209	4.71881	0.537306	0	3.26185	0.235043	4.33065	0.78691	3.31826	2.93973
LRG1	3.40729	0.935984	6.02975	2.45911	-3.57065	6.02975	2.33952	4.0603	6.65938	2.09539	5.75248	2.5787	5.7234	6.21971
LGR5	3.4036	1.80162	0.271524	3.98298	3.71145	0.271524	2.58983	3.47396	0.162642	4.67279	0.206124	4.49199	0.655624	2.07314
FHL1	3.39442	1.23183	3.01166	6.39838	3.38672	3.06797	6.64297	6.49528	2.34969	6.18663	3.01166	6.30148	2.83909	3.58152
MMP12	3.38152	1.53686	3.61213	0.603918	-3.00821	4.10614	0	0.868227	3.52375	0.339608	4.99763	1.29322	3.46076	3.61213
SERPINA12	3.36415	1.55916	6.13977	8.98555	2.84577	6.13977	9.19878	8.84139	4.29982	8.96214	6.55747	9.00895	7.40297	5.21671
WISP2	3.3562	1.36484	2.07905	5.67763	3.59859	2.17645	5.82606	4.36483	1.59869	5.85516	2.07905	5.52921	1.64552	3.01036
G35484	3.35167	0.343435	3.40701	0.0395832	-3.36742	4.08282	0.0791665	0	1.6361	0.122303	0.343435	0	3.40701	4.09628
IGHA2	3.32681	1.13788	0.770419	3.0863	2.31589	4.70742	4.39788	0.0959714	0.638672	3.68427	0.299101	2.48834	1.23386	0.770419
RORC	3.31135	1.1849	2.08761	5.3483	3.26069	1.93739	5.41947	5.78666	1.30556	5.27713	2.16802	5.04074	2.08761	2.49046
CLEC3A	3.3047	0	2.25669	0	-2.25669	4.36484	0	0	2.25669	0.122303	0	0	0	3.83605
NLRP2	3.27079	1.23389	4.9686	2.47501	-2.49359	3.70164	0.22555	3.73471	4.9686	2.6162	5.93377	2.33382	5.66162	4.48733
RP4-529N6.2	3.26248	1.53976	3.75386	0.398555	-3.3553	4.62506	0.293524	0.350655	3.75386	0.844979	3.0853	0.446455	3.92966	3.69308
UTY	3.25792	0.148149	5.7463	6.16506	0.418762	5.70267	6.12668	0.632528	5.91716	6.62586	5.7463	6.20345	5.76901	5.62389
ADGRF1	3.25607	1.82706	3.09829	0	-3.09829	4.08282	0	0	4.12337	0	3.09829	0.14225	2.29632	2.82685
S100A2	3.23609	0.856867	9.35953	5.83154	-3.52799	9.35953	5.57949	6.20101	8.7748	5.75709	8.79509	5.90599	9.63167	9.52147
ZDHHC11B	3.23371	1.10019	0.815004	4.34323	3.52823	0.815004	3.64468	4.72146	0.48314	4.29773	1.58333	4.38873	1.17993	0.657589
TMPRSS11A	3.19896	1.38765	3.25737	0.240929	-3.01644	4.53343	0.358439	0.0959714	3.95227	0.339608	3.25737	0.14225	3.029	1.48362
KRT27	3.1969	0.190274	0.757327	0.502078	-0.255249	0.815004	0.420558	0.567053	0.48314	0.437104	0.253361	4.70472	0.757327	4.42837
STEAP4	3.1883	1.97119	7.82229	4.17034	-3.65195	7.88077	5.01877	3.83547	8.23423	3.83498	7.03184	4.50522	5.85111	7.82229
CMAHP	3.17943	1.75991	2.38147	5.50129	3.11982	2.38147	5.33126	5.68231	1.35126	5.53285	3.11117	5.46973	2.5723	1.83448
POSTN	3.17825	1.45398	6.0267	8.3892	2.3625	6.0267	8.12779	8.65061	4.73644	7.73335	6.6738	9.98147	4.67935	6.33656
LIPG	3.16768	1.20844	5.63253	2.02357	-3.60897	5.66587	1.95486	3.40069	5.63253	1.55893	4.76277	2.09227	4.45743	6.23084
GALNT16	3.16753	0.915901	0.962911	4.32994	3.36703	0.499951	4.39788	3.4286	0.523623	4.60623	1.05318	4.262	0.962911	1.41585
TXLNGY	3.1521	0.394014	5.44107	5.65412	0.21305	5.75524	5.27352	0.350655	5.44107	6.12396	5.04705	6.03471	5.01329	5.65912
CLEC7A	3.13219	0.989411	6.03432	2.497	-3.53733	6.03432	2.50635	2.48764	6.29221	2.48555	5.3028	3.08964	5.99664	6.0939
SLC44A5	3.11474	0.586197	5.19653	3.34297	-1.85357	5.02745	1.72801	5.86196	4.44125	4.95792	5.19653	1.16575	5.39592	6.08983
TPPP3	3.11374	0.677831	5.59928	7.48444	1.88516	3.18209	7.43734	7.64679	3.28558	7.53154	7.1185	6.74507	6.8537	5.59928
PCOLCE2	3.10259	1.49985	0.757258	4.12917	3.37191	0.757258	3.7452	4.22325	0.110439	4.03509	0.428213	4.30801	1.38451	1.61029
FOXE1	3.09877	0.777345	4.78799	1.28475	-3.50323	4.85923	1.05084	0.755185	4.48034	2.18232	4.08189	1.51866	4.82701	4.78799
KRT16P2	3.08623	1.13218	3.30073	0.113546	-3.18718	4.39355	0.154214	0.498464	3.97434	0	1.20506	0.0728775	2.00731	3.30073
ZFY	3.08377	0.120698	5.52081	5.47171	-0.0491036	5.6017	5.5433	0.270654	5.41171	5.40011	5.65471	5.73268	5.33348	5.52081
SVEP1	3.06614	1.34154	2.91793	6.18281	3.26488	2.91793	6.0166	5.38269	2.26865	6.81458	3.61019	6.34902	2.90151	3.08861
CLEC3B	3.06258	1.45976	1.44775	4.54174	3.09399	0.568706	4.5619	4.11287	0.710572	4.72198	1.44775	4.52158	1.64552	2.02846
SAMD9	3.05827	1.90328	7.67103	4.56122	-3.10981	7.67103	4.88471	4.31584	8.87354	4.55285	6.78798	4.56959	7.52042	7.80253
PRKY	3.04514	0.302849	4.80168	5.15598	0.354303	5.42984	4.84562	0	4.80168	5.86176	4.54277	5.46635	4.80045	4.89763
HLA-DRB5	3.0399	0.963085	2.47884	1.98348	-0.495358	4.47193	2.16905	1.20596	2.47884	1.79792	0.584146	2.42015	1.08531	6.03301
VNN1	3.02363	1.636	3.99543	0.535881	-3.45955	4.53772	0.64531	0.426452	4.08331	0.339608	2.44731	1.35297	3.78663	3.99543
SLIT3	3.02026	1.5071	4.13645	7.08074	2.94428	4.07693	7.00351	6.66917	2.76715	7.38193	4.13645	7.15796	4.16762	4.27425
XLOC_008878	3.01857	1.13938	3.43633	0.197014	-3.23931	3.88806	0.358439	0.0959714	3.43633	0.122303	2.74868	0.271724	3.87979	3.26266
TMEM56	3.01684	0.750246	1.36415	3.60707	2.24292	1.2513	3.71453	6.54607	0.906985	2.2375	1.36415	3.49961	2.98774	3.469
FAM153B	3.00617	1.45428	0.655624	3.83125	3.17562	0.351753	4.12689	3.8493	0.110439	3.77097	1.56472	3.81319	0.655624	0.770419
XLOC_013994	2.99767	1.25727	9.88729	8.58271	-1.30458	8.0181	9.27537	7.39829	9.15126	9.80017	12.9452	7.89004	9.88729	11.0796
SOX5	2.99547	1.55542	2.03795	5.41764	3.3797	1.77229	5.31908	5.7631	2.67131	4.78352	3.22811	5.5162	2.03795	1.48362
CFD	2.95271	1.49112	3.74081	7.03872	3.29791	3.14879	7.01299	6.43462	3.77916	7.23462	3.61019	7.06444	3.74081	4.63992
CLDN8	2.95072	1.17885	0.94224	4.28602	3.34378	0.757258	4.91739	4.16911	1.18454	3.09086	0.94224	4.40293	0.655624	1.83448
PNPLA5	2.94971	1.19508	0.157288	2.15479	1.9975	0.096299	2.87138	5.38269	0.0562759	0.695368	0.157288	1.43819	1.35236	1.8602
USP9Y	2.94618	0.611029	5.28202	6.04979	0.76777	5.42057	6.0316	0.632528	5.28202	6.06798	5.5054	6.28432	4.75507	5.27524
RND1	2.94347	1.48799	3.4437	0.212969	-3.23073	3.81918	0.154214	0.0959714	3.99608	0.437104	3.20427	0.271724	2.50809	3.4437
COL1A1	2.9422	1.15675	7.36571	9.93189	2.56618	7.74902	10.5868	9.2906	7.60644	8.90577	6.94189	10.5732	5.41938	7.36571
TIMP3	2.93982	1.54887	4.09662	7.18679	3.09017	4.26995	7.25596	6.80316	3.15638	7.42639	3.80111	7.11762	4.09662	4.70524
CLSTN2	2.93753	1.48078	0.94224	4.15455	3.21231	0.499951	4.3706	4.71392	0.441488	3.9385	0.94224	3.78635	1.92227	1.88547
GAN	2.92916	1.07866	7.51621	10.7439	3.22766	7.4901	10.7391	10.7486	7.51621	10.8417	7.5548	10.4447	7.99269	6.91403
IGHG1	2.9275	1.00109	2.75552	1.19475	-1.56077	5.62408	3.67685	0.498464	3.67068	0.844979	0.822057	1.54452	2.75552	1.75443
SYT8	2.91865	1.25945	2.67131	5.119	2.44769	3.85403	5.11349	6.51711	2.67131	5.12451	1.32046	4.8672	2.75552	2.11648
FBLN1	2.91282	0.755298	4.48291	7.94585	3.46294	4.43097	7.97574	7.17065	4.48291	8.05656	4.53083	7.91596	4.41332	5.16862
TYRP1	2.91118	0.214204	8.64391	8.41192	-0.231989	3.76161	8.30909	8.35666	8.25297	9.16986	9.4463	8.46718	9.09354	8.64391
G41074	2.89232	1.35146	0.941463	3.52278	2.58132	0.096299	3.5296	3.4286	0.601333	3.51596	1.44775	5.05205	0.941463	1.26995
RAI14	2.89063	0.968301	3.40416	6.82883	3.42467	3.21464	6.21477	7.10729	3.40416	6.89184	4.18294	6.76582	3.30152	3.89323
CCDC80	2.89063	1.52531	5.30122	8.61086	3.30964	5.05167	9.07885	8.30425	4.86213	8.14849	6.08912	8.91746	5.30122	6.77895
MAP1A	2.87068	0.509887	2.4377	5.4609	3.0232	2.4377	5.15062	4.77681	2.17008	5.77118	2.45743	6.06851	1.99695	2.50683
MMP2	2.86778	1.2756	4.96493	8.17848	3.21355	5.70649	7.8684	6.95245	4.96493	8.88621	4.75458	8.48856	4.26365	6.03018
ELF3	2.86228	1.19205	4.62909	1.18754	-3.44155	4.62909	1.05084	0.755185	4.71912	1.32424	4.08842	1.84423	3.52706	4.69098
APOD	2.86097	1.35662	2.48604	5.45409	2.96806	1.40961	5.85306	4.45356	1.74283	5.52178	2.90477	5.38641	2.48604	3.09945
CMPK2	2.8536	1.34782	4.25959	1.28528	-2.97431	4.25959	1.16412	1.40645	5.17648	0.980523	3.82866	1.43819	3.99358	4.55189
ERAP2	2.85121	1.58617	6.27527	4.50673	-1.76854	7.05057	5.4644	2.93963	6.27527	3.54905	3.23988	5.808	6.85514	3.19352
SLC46A2	2.83677	1.27304	1.7965	4.86429	3.06778	2.03782	4.70605	5.02252	1.07983	5.12451	2.35287	4.38157	1.7965	1.30783
G29816	2.83014	1.68036	0.657589	3.68474	3.02715	0.568706	3.05883	2.68572	0.354393	4.31065	0.970784	4.89007	2.33795	0.657589
CD36	2.82896	1.27248	8.35955	5.20833	-3.15122	8.2089	5.29855	5.96246	8.35955	4.91203	7.76192	5.11811	8.65552	9.0344
NPY1R	2.82369	1.27252	1.59146	4.78339	3.19193	1.40961	4.49129	4.53286	1.13313	5.10239	1.92711	5.03391	1.59146	2.40565
GFRA1	2.82307	0.960112	2.59431	5.85667	3.26236	2.59431	5.44585	6.14742	2.40492	6.06608	2.68981	5.64726	2.47115	3.36503
AC006262.4	2.81819	1.35786	1.26995	4.71755	3.4476	0.815004	4.91199	4.57926	1.20957	4.85583	2.99786	4.41349	3.49797	1.26995
ABI3BP	2.81579	1.51827	2.86424	5.95114	3.0869	2.86424	5.55026	5.15097	2.73303	6.35201	3.6327	6.37177	2.06795	2.9154
OAS1	2.80684	1.43713	6.2929	3.24032	-3.05257	5.54949	3.17151	2.9525	6.64569	3.50476	6.1053	3.30914	6.2929	6.98662
IGLC3	2.77418	0.48314	0.298797	1.31443	1.01563	4.90316	3.17151	0.185955	0.48314	1.21851	0	1.41034	0.298797	0.253967
CDH12	2.77059	0.242825	0.253967	3.18157	2.9276	0.096299	2.76765	2.45181	0.0562759	4.08859	0.299101	3.59549	0.264661	0.253967
FAM21B	2.76837	1.09869	3.41466	0.641617	-2.77304	3.41466	0.480113	0.632528	0.48314	4.44564	3.62822	0.650707	3.45321	3.34695
LOR	2.76096	1.59823	6.57009	9.61562	3.04553	6.57009	9.60647	9.44395	5.92285	10.2782	7.1813	9.62476	8.00825	6.36492
FUT3	2.75424	0.622283	4.15462	1.00789	-3.14673	3.68625	0.64531	1.24835	4.30853	1.10442	4.03872	0.911356	4.27869	4.15462
HSD3B1	2.75122	0.209337	0.568706	1.41497	0.846268	0.568706	2.1324	5.40862	0	0.528426	1.85238	0.697551	0.488214	0.715107
PER1	2.74507	1.30093	3.06911	5.90176	2.83265	6.15383	6.74816	5.2689	4.53087	5.2337	2.76507	6.53462	3.06911	2.40565
