rowname	baseMean	log2FoldChange	lfcSE	stat	pvalue	padj
PA14_22910	22914.9009962831	-4.6160604537506	0.11532492968623	-40.0265620478567	0	0
PA14_22980	13858.6940585217	-4.68390193201481	0.0931074416025873	-50.3064185997852	0	0
PA14_33710	8137.27475815123	6.64034462963187	0.185943671960903	35.7115924387472	2.61241321025899e-279	5.07504806312979e-276
PA14_23090	9688.81331057301	-3.67689006924254	0.103055993432827	-35.6785660568027	8.50009641377752e-279	1.23846404748738e-275
PA14_33530	2230.88220293651	4.77079055696545	0.135286871796868	35.2642536086483	2.07485302771984e-272	2.41844868911025e-269
PA14_72990	7695.18682473858	-3.38976762964014	0.0988871223058801	-34.2791614377738	1.60437818906824e-257	1.55838601431495e-254
PA14_72980	4014.2464467411	-3.048281026312	0.0918392325629399	-33.1914906216462	1.42831013400421e-241	1.18917020871093e-238
PA14_35340	5733.61153775997	-5.75760771097555	0.174290246512775	-33.0345950285493	2.58918179031812e-239	1.88621893424675e-236
PA14_35360	6101.18741798377	-6.11598482812654	0.193394273901761	-31.6244359501217	1.70393777756953e-219	1.10339437418614e-216
PA14_20020	237851.875604748	7.96367417512223	0.256114387421675	31.0942085499108	2.88432955167767e-212	1.68098726271775e-209
PA14_23080	8138.09229113461	-4.76106313796949	0.153235932086973	-31.0701483204815	6.09768576461861e-212	3.23066478510884e-209
PA14_23070	22729.9771383358	-4.46611407159225	0.144419564107378	-30.9245779766488	5.58297865184291e-210	2.71146663191171e-207
PA14_33820	13159.1209835039	6.30186923909212	0.20488816095331	30.7576055628133	9.67520514776473e-208	4.33746889239791e-205
PA14_33610	200243.428202272	6.47932574451842	0.213903696544408	30.2908544788671	1.51277702731684e-201	6.29747465371612e-199
PA14_40390	4802.85472943637	-3.93516765847496	0.131042681306306	-30.0296637648667	4.02454797379929e-198	1.56367103942015e-195
PA14_33540	1766.29104729276	5.07499291550532	0.169454352083955	29.9490267030201	4.53018648544488e-197	1.6501204273233e-194
PA14_33720	8642.32553716854	6.57970039696486	0.220365239756277	29.8581591372668	6.87902299956118e-196	2.35829094361427e-193
PA14_22890	19885.6364453693	-4.11993234956373	0.139047907608421	-29.6295889699115	6.214908502612e-193	2.01224926406793e-190
PA14_33740	6938.03110823266	5.89918875301228	0.199962106864659	29.5015332930306	2.75148332578141e-191	8.43981306455477e-189
PA14_33580	3755.01537960701	5.31211813273547	0.180173223770918	29.4833939336601	4.7007788049779e-191	1.36980694377056e-188
PA14_35320	5143.63763466354	-5.71454184030653	0.193902720247128	-29.4711793265375	6.74091113213395e-191	1.87076333705127e-188
PA14_33280	205380.276322447	7.04927284817707	0.241004006724464	29.2496085189006	4.54203536189128e-188	1.20322645859556e-185
PA14_33750	2690.12182526344	3.64429689021041	0.124753249154621	29.2120398859802	1.3637448613862e-187	3.45561089224296e-185
PA14_22930	7318.34678320921	-3.46451087983541	0.118738612115278	-29.1776265371189	3.72885967081496e-187	9.05491423396233e-185
PA14_20040	4320.73114065056	6.2745798941384	0.216598232272178	28.9687493213414	1.62944815019658e-184	3.79856952773826e-182
PA14_40380	7348.13523006663	-4.71529797443681	0.16338148310547	-28.8606633065809	3.72348811107464e-183	8.346341812055e-181
PA14_33810	33105.5140255763	7.17887879364936	0.250365645925294	28.6735776672469	8.14898751650651e-181	1.75897404615555e-178
PA14_33650	120430.952389762	5.68805961104718	0.202951963937527	28.0266300492568	7.69837743710978e-173	1.60236227512414e-170
PA14_63110	15217.6077262417	-4.48779362313267	0.162851401323622	-27.557599054456	3.58836096926977e-167	7.21136818238076e-165
PA14_34640	3528.78571567258	-3.40521943363461	0.124400060145558	-27.3731333381209	5.72958123494203e-165	1.11306664790807e-162
PA14_33630	104304.588585825	5.79427045615809	0.212461938883927	27.2720398137929	9.10554964264533e-164	1.71184333281732e-161
PA14_63150	8306.82112529586	-3.5125919344402	0.128956914393726	-27.2384924139523	2.2747493335985e-163	4.14288722381627e-161
PA14_73000	7364.94243078399	-4.64953630911322	0.170960870319709	-27.1964941475687	7.14559669453951e-163	1.26195568290231e-160
PA14_63130	14057.5494971731	-3.96347944792287	0.146021749911102	-27.1430759481778	3.05638553533857e-162	5.23900438233918e-160
PA14_33730	5042.70543317929	6.03941680176715	0.225404682982378	26.793661612786	3.83032074191478e-158	6.37803122396553e-156
PA14_35330	2240.26220227473	-4.89300330355725	0.183990287283107	-26.5938130529051	8.00406237444373e-156	1.29576876439606e-153
PA14_63220	3954.13474765031	-3.10322329656232	0.116831449365539	-26.5615406931488	1.88947557680451e-155	2.9761793680045e-153
PA14_33550	2584.08029872621	5.07549835636866	0.19127884228583	26.5345518391642	3.87216739985921e-155	5.9386820016788e-153
PA14_63160	6195.78772994488	-3.38337832136391	0.128004596502927	-26.4316939687907	5.92452101143432e-154	8.85336114221519e-152
PA14_20030	6172.05694316455	6.47873458598095	0.24719301542883	26.2092137787213	2.08663498457499e-151	3.04022717252576e-149
PA14_33570	2029.82189527885	4.89042889509589	0.186979238380139	26.1549300203768	8.6614425974613e-151	1.2311923770245e-148
PA14_33270	3444.98790245479	6.86747983954387	0.26802302314255	25.6227235967388	8.51703145348679e-145	1.17251990887047e-142
PA14_33770	3724.1390391996	3.43262484820609	0.133971174050169	25.6221151493429	8.65105629399966e-145	1.17251990887047e-142
PA14_33700	5855.90743920318	4.40827080470665	0.173032939886788	25.4764833076921	3.59299263344103e-143	4.75908206083962e-141
PA14_33520	7019.95159777239	6.67710524168855	0.262389509983345	25.4473025316918	7.56192509582648e-143	9.79353321299483e-141
PA14_33510	5983.93099693765	6.80949068752029	0.269348767292274	25.2813137256026	5.1277699698596e-141	6.49666160529168e-139
PA14_40410	1796.45095336571	-2.68004655948972	0.10641172904365	-25.185631166564	5.75615122734518e-140	7.13762752190802e-138
PA14_34660	5929.1979735718	-1.88154164896645	0.074910760334123	-25.1171078837572	3.23443501941543e-139	3.92714318607357e-137
PA14_23010	5069.82290706888	-3.91677192490386	0.156813719119433	-24.9772274192461	1.08097191628149e-137	1.28569476083439e-135
PA14_33760	4013.77620982893	3.43432617276161	0.139605776370336	24.6001724430891	1.2578259407947e-133	1.4661219165903e-131
PA14_73010	26134.6478161878	-4.87488911257546	0.199788398548827	-24.4002612162891	1.69929873170168e-131	1.94186529575635e-129
PA14_09950	4582.17940803215	-3.64238303884663	0.15032521181505	-24.2300209982605	1.07405192474053e-129	1.20376434949766e-127
PA14_32905	6984.57066761595	5.39174756284593	0.22270461692299	24.2103088716403	1.73269919519117e-129	1.90531526595738e-127
PA14_18330	3867.72581333806	-2.26251222021807	0.0940118607573551	-24.0662423016775	5.64382477793925e-128	6.09115014922777e-126
PA14_60850	428.514050733319	2.72287236865238	0.113976315460445	23.8898086646548	3.90889545382084e-126	4.06804334015498e-124
PA14_18360	5327.65032880889	-2.47178304651309	0.103586940918202	-23.8619175796007	7.61669598940735e-126	7.78773758355545e-124
PA14_38440	2043.07037155961	2.24550976115419	0.0941933339519209	23.8393702286869	1.30534644985811e-125	1.31164812237467e-123
PA14_33590	3589.99005834834	5.04311370232328	0.212406874445021	23.7427047288369	1.30696126893359e-124	1.29101191107542e-122
PA14_18350	12975.5880160375	-2.40902803166296	0.101862734241546	-23.6497483559636	1.18737378805444e-123	1.15333573946355e-121
PA14_33560	3002.77522345842	4.36161328536714	0.185574485647893	23.5033025695289	3.77360608016825e-122	3.6053403664296e-120
PA14_54000	5939.0143848203	1.97698040696495	0.0842944553386403	23.4532674660834	1.22422482913795e-121	1.15077133938968e-119
PA14_63120	34099.9868547502	-4.51250275568845	0.193076479972901	-23.3715818535836	8.31650814821457e-121	7.6934300774277e-119
PA14_43910	486.401231887642	-1.67886454534909	0.0719444627972017	-23.3355630172888	1.93162690670162e-120	1.75898775191516e-118
PA14_33830	5869.46895607452	6.08991503031505	0.262675649094304	23.1841628689711	6.57851781521523e-119	5.89840028108837e-117
PA14_51530	27633.3006689457	3.43395428694369	0.149805297946523	22.9227826653336	2.75404691630761e-116	2.43190688306678e-114
PA14_40420	4350.46422371209	-1.77301620484916	0.078404715034503	-22.6136426115307	3.18167777252587e-113	2.76758478481803e-111
PA14_49720	1148.83397524828	4.20792895273477	0.191167418273761	22.0117475599781	2.22257985117681e-107	1.90488167244977e-105
PA14_18340	3631.20692988622	-2.49659701812898	0.113573427091252	-21.982228432035	4.26028897045979e-107	3.59840059707821e-105
PA14_11280	2529.04060028049	-2.24553524283554	0.102216601749188	-21.9684004790678	5.7767270968141e-107	4.80953793146179e-105
PA14_22940	2606.72054597675	-2.89634339375569	0.132068676426551	-21.9305854508694	1.32709005977868e-106	1.08933533357608e-104
PA14_31820	1067.27848589034	3.40863802489023	0.155570984896029	21.9104997449768	2.06306081629815e-106	1.66993311630356e-104
PA14_51520	4250.75672957529	2.96257875151074	0.135383437742767	21.8828743080061	3.78237711514744e-106	3.01968408590127e-104
PA14_73070	9377.37748769551	-2.8408781923699	0.129914372634358	-21.8673125595234	5.32001343632856e-106	4.18987004147606e-104
PA14_18370	9022.51105663231	-2.5513652541586	0.116767644563436	-21.8499333757865	7.78464055128519e-106	6.04918468438534e-104
PA14_54190	6166.28683198203	-2.46152850933559	0.114431262583447	-21.5109792006408	1.22882940384686e-102	9.42318127055195e-101
PA14_20050	3666.48336432458	3.98199722899537	0.186533733420167	21.3473303513737	4.12859563619433e-101	3.1248643334728e-99
PA14_41470	23491.6130247484	-1.77724749601082	0.0834490685876448	-21.2973916436732	1.20020846309282e-100	8.96771143962176e-99
PA14_55160	931.020152654931	3.78513974833913	0.181832337350496	20.816647926837	3.05846923777971e-96	2.22809483972252e-94
PA14_33600	5275.04203862622	4.20215355188211	0.203148545735702	20.6851274109003	4.71526862278337e-95	3.39266488068907e-93
PA14_44311	30743.6510501991	-3.64109050603486	0.176031939398817	-20.6842605862884	4.80077614251397e-95	3.41206382421603e-93
PA14_17690	2681.02194413866	-2.84956516994746	0.138088879333401	-20.6357324623331	1.31143426267119e-94	9.2084805817442e-93
PA14_11310	4171.56764330617	-2.64732809933808	0.129505166512092	-20.4418724799748	7.09636545589598e-93	4.92352593773354e-91
PA14_18320	702.797496615236	-2.22281044754772	0.108791843992421	-20.4317747174371	8.72716605212495e-93	5.98375573550402e-91
PA14_63550	652.6464228183	-1.53985714373582	0.0755826595101273	-20.3731537592891	2.89425342606168e-92	1.93881712265373e-90
PA14_23000	1730.07166225804	-2.79765710434218	0.137723599705921	-20.3135636181161	9.75622987674033e-92	6.46128496836849e-90
PA14_42400	1587.09263169305	2.55595923776038	0.126427092515151	20.2168632285368	6.95682904824696e-91	4.55555052732396e-89
PA14_42430	5027.27639344626	2.71499146958912	0.134340392490044	20.2097925967451	8.02846122844522e-91	5.19887467104208e-89
PA14_49520	6546.51895449128	2.94884505610135	0.147614588880064	19.9766505361964	8.79289617593149e-89	5.57010857753573e-87
PA14_18300	9354.99834697872	-2.33955840297317	0.117436988147633	-19.9218188398365	2.63252733701563e-88	1.64971713119646e-86
PA14_69190	12075.3198191159	-2.14234587283701	0.107874838043309	-19.8595512326694	9.11211253444453e-88	5.64950977135561e-86
PA14_11290	9498.44662612636	-2.6792312357119	0.135567717278812	-19.7630474975228	6.19492565408229e-87	3.76083611583245e-85
PA14_34630	3515.85757880055	-3.50954479411887	0.177732799928279	-19.7461852597556	8.65110291598811e-87	5.19779667983286e-85
PA14_19680	3123.62487202382	-5.3059551089352	0.269045635756431	-19.721394454206	1.41279238798656e-86	8.40178983386291e-85
PA14_39130	5040.16587372329	-1.73214571200756	0.0882422707075061	-19.6294326757417	8.66770714596577e-86	5.10256537845338e-84
PA14_20010	14031.3485285204	5.44097209198648	0.277241089373027	19.6254173733449	9.38035746677181e-86	5.46687233163461e-84
PA14_10750	718.501162027158	-1.80001366560684	0.0918064287282737	-19.6066189540438	1.35762427501998e-85	7.83389532160043e-84
PA14_43610	1628.49552973428	2.08243663428419	0.106232458702052	19.6026399061775	1.46806615888279e-85	8.38812703330283e-84
PA14_49270	1318.08239181993	-3.31681115225069	0.170615906935045	-19.4402222620041	3.52634760068949e-84	1.97611094392484e-82
PA14_22990	1358.002865988	-2.57032056073514	0.132349580162591	-19.4206929676505	5.15891155886154e-84	2.86344157762334e-82
PA14_68290	9227.23456950701	4.83088148854388	0.251104918250354	19.2384980836076	1.76241463336686e-82	9.68995517288875e-81
PA14_73110	1127.95210989084	2.16854844565795	0.113566380541406	19.0949859925077	2.77932009608136e-81	1.51382032896843e-79
PA14_39630	1910.47312734901	-4.42761021692866	0.232522599173393	-19.0416339429742	7.70849145978567e-81	4.15973039144731e-79
PA14_42390	1615.7021240269	2.5806063943187	0.136074895800011	18.9646031264386	3.34542787660488e-80	1.78872969402323e-78
PA14_38740	928.637796087889	1.82879380718359	0.0964526029274927	18.9605438492766	3.61387945128439e-80	1.91469904018958e-78
PA14_64890	394.953431537221	1.91328313752551	0.101445001081334	18.8602998386439	2.41844563620069e-79	1.26979289799798e-77
PA14_42380	3259.74977171931	2.93378361604595	0.156719596076009	18.7199539145256	3.40445580509792e-78	1.77153289572417e-76
PA14_21760	18916.6742886171	-2.05794430863612	0.110190249206001	-18.6762832779223	7.72117255316208e-78	3.9822118265335e-76
PA14_39330	727.198643845318	1.58133412675583	0.0846784819719347	18.6745686735378	7.97314082836774e-78	4.07609339892344e-76
PA14_42320	699.63035330067	3.34042754943994	0.180245876855302	18.5326156010857	1.12674432968445e-76	5.61253500290682e-75
PA14_42410	447.979193518761	2.75821615810445	0.148863012539085	18.5285526005344	1.21511670279842e-76	6.00144079992306e-75
PA14_44050	3973.65134521276	-1.87186206339173	0.101490982042998	-18.4436294310238	5.86677434492512e-76	2.87324041027089e-74
PA14_35300	4140.3782474647	-3.91732939025274	0.212521719590634	-18.4326072544416	7.19313781597093e-76	3.49346726595655e-74
PA14_68280	3867.80307157208	4.99729873380651	0.273393136529667	18.2788009868866	1.22080427487052e-74	5.88003910243418e-73
PA14_56780	14087.9065504101	-2.20620869987809	0.12078388467343	-18.2657537952445	1.5505684668521e-74	7.40714182361807e-73
PA14_63330	1043.75049631684	1.59655475647102	0.0884911544884287	18.0419700217584	9.12328337544792e-73	4.32280451317971e-71
PA14_64520	4969.78578291326	-2.86492047846554	0.159068526970245	-18.0106054480623	1.60859460792009e-72	7.56039465722443e-71
PA14_29940	20424.5627701919	-2.39811435110073	0.133750839143136	-17.9297144336743	6.91338444929297e-72	3.22329636563836e-70
PA14_38430	970.838105449925	1.95302205825322	0.110145369535418	17.7313133224834	2.40353635164389e-70	1.10297715412445e-68
PA14_30180	18805.1640223547	-1.51092367503095	0.085477986590724	-17.676172957435	6.39954597025238e-70	2.91379327458054e-68
PA14_18310	1094.35255318879	-2.25709923838934	0.128336548096409	-17.5873457083617	3.07968910249469e-69	1.39135101467744e-67
PA14_73060	4341.84417921203	-3.47009859304856	0.19734121023007	-17.5842571807629	3.25215350103602e-69	1.45796543107984e-67
PA14_55730	798.216826890779	1.71338995034248	0.097451503737577	17.5819754916906	3.38571644457854e-69	1.50625614038196e-67
PA14_29920	3528.82002215152	-2.42964810017924	0.13846575156208	-17.5469245843795	6.27892178381982e-69	2.77223910273499e-67
PA14_35270	5512.8579788179	-3.70574332351432	0.211352927977893	-17.5334373598171	7.96080916583206e-69	3.4883906630428e-67
PA14_39320	261.571543510111	1.68973744115311	0.0970746128601974	17.406584392838	7.354281507798e-68	3.15152592848873e-66
PA14_33500	13425.5556656623	6.06871238694935	0.349130393489856	17.3823663024219	1.1222569339867e-67	4.77409738049233e-66
PA14_32930	2541.10532144602	2.48587813194641	0.143538140807147	17.3185894562083	3.40604676936246e-67	1.42808924977298e-65
PA14_24360	1731.80024023624	-1.52882959535922	0.0883160855251364	-17.3108849454621	3.89384048079739e-67	1.62095016586337e-65
PA14_23350	2152.95762250816	1.63456801407821	0.0951776533591447	17.1738633638119	4.16735889546646e-66	1.72250834345947e-64
PA14_34610	169.990297604279	-3.5411458275836	0.206368443388117	-17.1593377817159	5.35204027937668e-66	2.1965979400146e-64
PA14_56300	3304.28148221435	-2.41029244532217	0.140488160211973	-17.1565521371015	5.61496331160313e-66	2.28839204056105e-64
PA14_29930	5167.67839483632	-2.29996021900849	0.13442265075984	-17.1099156727507	1.25180582168357e-65	5.0663363394249e-64
PA14_11240	813.582042529084	1.71010024403564	0.10020690416547	17.065692811064	2.6720055128381e-65	1.07396193991865e-63
PA14_26420	11416.974564871	-3.9912642304404	0.233899606586678	-17.0640057445386	2.7503193970409e-65	1.09786722232564e-63
PA14_64880	192.019128629294	1.99848059717608	0.117325917053975	17.0335817299148	4.62826585523245e-65	1.83493424519012e-63
PA14_44060	7105.14912388482	-1.829534081531	0.107829601909193	-16.9669000825183	1.44353785268152e-64	5.64626752042142e-63
PA14_11550	5815.2281839156	-1.67434641705275	0.0988809036620853	-16.9329603092488	2.57117343250647e-64	9.98986584309847e-63
PA14_29980	4827.16960390754	-2.13385792801329	0.127644134830974	-16.7172422833132	9.81574055167233e-63	3.78848582351963e-61
PA14_25920	940.419639556574	-2.45197567545265	0.146942503141554	-16.6866333635992	1.63959654774343e-62	6.2865583422689e-61
PA14_59220	2623.05092612283	3.11495758757775	0.186804091992426	16.674996539712	1.99222997281912e-62	7.58870345201951e-61
PA14_41920	4046.6138562786	-1.581333362338	0.0954545234315966	-16.5663533323405	1.22003933967265e-61	4.58734791716918e-60
PA14_19690	4055.24103323658	-4.38684120808397	0.264817828939401	-16.5655055237532	1.23735823654757e-61	4.62264346320464e-60
PA14_29890	1225.75334497525	-2.25032006752412	0.136851800048255	-16.44348168406	9.33957197405642e-61	3.44500161169625e-59
PA14_68260	21946.1711729508	4.26027015333109	0.259269293089992	16.4318346478939	1.13182201632878e-60	4.14859038437995e-59
PA14_49510	4341.46223935548	1.752215992121	0.106772528591085	16.4107379982692	1.60245722898476e-60	5.836950456577e-59
PA14_73020	5223.47713165882	-3.99234074843161	0.243828016435214	-16.3735931858856	2.95255703071883e-60	1.06219150463144e-58
PA14_73050	9660.32121285205	-3.54684848908149	0.216694624925322	-16.3679578591477	3.23901076158141e-60	1.15809538150285e-58
PA14_42440	8520.73872792932	3.79274089664865	0.231953430291075	16.3513033279533	4.25774849286587e-60	1.51305842783063e-58
PA14_54370	6184.79480685177	-1.55915655471657	0.0955559516384676	-16.3166870088383	7.51023661059804e-60	2.65270660403427e-58
PA14_60710	2785.0456268561	-1.80718812396891	0.110761107406683	-16.3160893411207	7.58410879046487e-60	2.6626618090861e-58
PA14_42310	950.857527597208	3.33176577627924	0.205215130671399	16.2354781802821	2.8303375211608e-59	9.81857563888401e-58
PA14_53040	2919.22061756583	1.66494960217571	0.10273464258942	16.2063113299541	4.55075461470141e-59	1.56933715351952e-57
PA14_42450	9135.40969934803	3.82789785573091	0.23752261122465	16.1159303360405	1.97174043339983e-58	6.72006037769252e-57
PA14_29990	13036.6164756154	-2.13940637458391	0.132832844011444	-16.1060044336595	2.31507931604489e-58	7.84435014762188e-57
PA14_68450	1876.44675097535	-1.56159953318822	0.097122052716554	-16.0787327852889	3.5966081446017e-58	1.21162036223923e-56
PA14_60860	987.702104655845	1.68628345953028	0.105049706930303	16.0522433503701	5.51346468560255e-58	1.84669380389033e-56
PA14_00560	5370.52593305273	3.57413524405002	0.223988430066072	15.9567851026757	2.55560708647351e-57	8.51090177141008e-56
PA14_44290	31242.8808072876	-1.64274354968603	0.103003862195905	-15.9483684850735	2.92437293484351e-57	9.68366219560682e-56
PA14_24140	3617.51283809882	2.65055244377142	0.166406657954798	15.928163430164	4.04051246933703e-57	1.32292734108406e-55
PA14_42460	3164.91001423571	3.8501238813911	0.241714494828104	15.9283947126511	4.02559687903148e-57	1.32292734108406e-55
PA14_26400	2181.62285380905	-3.33898927568565	0.210116815323957	-15.8911092886003	7.30238085628825e-57	2.35128594643359e-55
PA14_52380	711.89677883409	-2.76038612000473	0.174308006620328	-15.8362554510609	1.74932514208186e-56	5.5407972435071e-55
PA14_48950	194.346406307402	1.61042983410421	0.101712180955579	15.8332052166647	1.83624154176976e-56	5.78465713807253e-55
PA14_54180	39038.3090648547	-3.64448196361517	0.230890299506107	-15.7844741481605	3.97951847457781e-56	1.24691578870105e-54
PA14_29900	1902.52275895582	-2.16762436113057	0.137878636606948	-15.7212488785324	1.08170285118937e-55	3.37121081108644e-54
PA14_60830	907.336572913366	1.71485987453339	0.109332031616122	15.684880717798	1.91923309351566e-55	5.91814310529591e-54
PA14_36360	409.825991641646	2.00194372200503	0.127796542075474	15.6650852166464	2.62078165563913e-55	8.03890288898151e-54
PA14_41090	6683.16159908446	-1.94309722068498	0.124389281013788	-15.6210985773734	5.22967440312182e-55	1.59573520530859e-53
PA14_58360	2082.0738141416	1.53384467696181	0.0983576712743091	15.5945607199674	7.92667765280027e-55	2.39361022593368e-53
PA14_42300	515.629275764464	2.96095121462019	0.190715704538309	15.5254713909804	2.33283487186213e-54	6.93661307816964e-53
PA14_42470	2560.87130625839	3.56519626706966	0.231349218676334	15.410453026243	1.39232342638513e-53	4.05723046448627e-52
PA14_25930	664.492656220719	-2.43967719114904	0.158946534125105	-15.3490430261839	3.59449697438445e-53	1.03706576072835e-51
PA14_67840	1034.85313306523	1.70226211970214	0.111134351616871	15.3171552714015	5.87322863399797e-53	1.68616632901183e-51
PA14_17990	712.752633060896	-1.52735484482248	0.099741049478542	-15.3132020648236	6.24140013912308e-53	1.78308235347104e-51
PA14_33000	17897.8403385642	-2.41932122681716	0.158372388842436	-15.2761554239365	1.10256339661828e-52	3.13450706121528e-51
PA14_20000	2553.1604432431	3.89869193896294	0.25689526235021	15.1761924423818	5.08452366235806e-52	1.4315267586581e-50
PA14_55540	638.28063580302	2.14175183676828	0.141651906865128	15.1198235460926	1.19863356475197e-51	3.32649353113071e-50
PA14_49250	10421.9235770292	-2.51644284549105	0.166834651404499	-15.0834543322166	2.0809084934313e-51	5.74764677711736e-50
PA14_20070	703.439540783557	2.04975441615632	0.136090229356724	15.0617309254689	2.89117059230027e-51	7.94799160939905e-50
PA14_39620	1516.42317150683	-3.36408898242559	0.223739324135041	-15.0357519646173	4.28158614686197e-51	1.17150629408036e-49
PA14_14330	534.755906050684	3.00185476344141	0.200094327609374	15.0021982097447	7.10274446031587e-51	1.93433620162247e-49
PA14_49260	1017.06023809027	-3.36761390657811	0.224927164766411	-14.9720195427502	1.11871782122501e-50	3.03250579632528e-49
PA14_25840	8107.23943172157	-1.51737614141251	0.101651493706473	-14.9272390014658	2.19154094244214e-50	5.91310213544112e-49
PA14_50520	19543.6625684078	1.65653402373421	0.111045920775766	14.9175585394013	2.53375820909326e-50	6.77373524889701e-49
PA14_34600	3543.48719077438	-2.30620841483211	0.154757929119762	-14.9020371876869	3.19681732982698e-50	8.50732940558521e-49
PA14_52070	2328.11008859717	2.00977913649759	0.134953142728982	14.892421887008	3.6915145615431e-50	9.77915766576055e-49
PA14_35290	7032.42363155489	-3.80724809059933	0.256149603167281	-14.8633768841444	5.69791561419527e-50	1.48912341701929e-48
PA14_26390	1942.23235529443	-2.99124111244188	0.201595105686909	-14.8378657420755	8.33663243650998e-50	2.16901311785626e-48
PA14_41563	738.650140158104	-1.50649910859019	0.102519806925098	-14.6947126977215	6.96934481099502e-49	1.78931020081405e-47
PA14_05510	32272.9511244592	2.7151209890135	0.18620374170459	14.5814523605063	3.68590877959857e-48	9.21951775429206e-47
PA14_42480	353.067164179243	3.53423568930726	0.242561542160992	14.5704700663617	4.32901972875141e-48	1.07818491363945e-46
PA14_35370	9153.46856903902	-1.74864721907776	0.120223789519426	-14.5449351252999	6.28904404049451e-48	1.55968292204264e-46
PA14_64140	1829.30708447119	-1.73857320466102	0.119815551594647	-14.5104135608611	1.04091100085268e-47	2.5596748155989e-46
PA14_30010	8464.35370727769	-2.16148471221576	0.149238749047965	-14.4834014356491	1.542700652757e-47	3.76186585952628e-46
PA14_04630	7764.5035586274	-1.53766420737516	0.106447542564098	-14.4452767094106	2.68476896855421e-47	6.51951397863914e-46
PA14_38395	317.092677870716	1.84601354372239	0.128099478973291	14.4107810470273	4.42675820426539e-47	1.06169328454563e-45
PA14_23030	5811.27863795565	-2.66960430040008	0.185636398842273	-14.3808235725814	6.82771992985752e-47	1.62416129596774e-45
PA14_29880	7112.50887420401	-2.32343436292812	0.161691255670471	-14.3695733779402	8.03245155697527e-47	1.90297266967691e-45
PA14_42290	586.40937037181	2.77697333375129	0.19329904604612	14.3662029924799	8.43295682419114e-47	1.98976811220186e-45
PA14_68080	466.477768921312	2.29351116925713	0.159976006320071	14.3365947307649	1.29243220091257e-46	3.02501801884276e-45
PA14_16140	1278.25543373254	2.06351778062041	0.144120319725327	14.3180211128673	1.68863389896859e-46	3.92085990565296e-45
PA14_58350	4940.64184911973	1.79433838952609	0.125353736047349	14.3141995293091	1.78406500156324e-46	4.1260042972661e-45
PA14_42360	515.390307105294	3.16850407150165	0.221420020930948	14.309925806076	1.89715619802771e-46	4.37020803245277e-45
PA14_31430	664.738352583126	-1.50110378240333	0.105409654289701	-14.240666972285	5.12357062928958e-46	1.16187430457197e-44
PA14_13140	7381.33185655267	2.42896465655807	0.171949318006995	14.1260499588563	2.62458659712652e-45	5.83820255269212e-44
PA14_22880	778.95907973933	-2.08427175143571	0.148019582530833	-14.081054113239	4.96634292601031e-45	1.09222062538823e-43
PA14_23500	6301.87700548079	-1.51170297275058	0.107997470284721	-13.9975776170051	1.61274647791603e-44	3.46829759162163e-43
PA14_68090	383.28827871346	1.71632953161822	0.122745671511548	13.9828110472861	1.98490443022146e-44	4.2529496394598e-43
PA14_39610	4676.01430340772	-1.73121196721172	0.124040248813512	-13.9568566152628	2.85762023111696e-44	6.10044348239914e-43
PA14_58150	7334.39253327097	-1.8086193113753	0.13001401866392	-13.9109561412027	5.43480242766552e-44	1.14760973001575e-42
PA14_22960	1759.02701004316	-2.36633744047621	0.170350616033356	-13.8909825839013	7.18429448658803e-44	1.50611756359119e-42
PA14_63570	401.216884296894	-2.71889043794872	0.197899877266651	-13.738717150821	5.95210959291631e-43	1.22143995449001e-41
PA14_42610	490.332985314043	2.71925102485724	0.198763712506202	13.680822271683	1.32189351756923e-42	2.69370469244526e-41
PA14_67560	8572.10958192007	-2.24868369697821	0.165366077741923	-13.5982163191148	4.10318555063238e-42	8.27452089587733e-41
PA14_29850	4813.36150772229	-2.47302447830298	0.182155722579777	-13.5764303381679	5.52544225453928e-42	1.11042336067086e-40
PA14_16150	2252.2636715341	1.5853444678571	0.117373089793778	13.5068819491974	1.42427073201737e-41	2.83298628880452e-40
PA14_32985	2674.39250353444	-2.24188051735044	0.166392721870722	-13.4734289585831	2.24206930248232e-41	4.42941691351422e-40
PA14_42270	534.425757818684	2.21348941271709	0.164716059380768	13.4382125279008	3.61052886627394e-41	7.0611282659881e-40
PA14_36345	1383.39914321957	1.8666058023394	0.139412526438057	13.389082387577	7.00407217705011e-41	1.35164677641881e-39
PA14_73030	6193.40602197609	-2.15437990986748	0.161263544299632	-13.3593734357257	1.0443953526209e-40	1.99565118527036e-39
PA14_44500	2166.34364407412	-1.56415858599659	0.117177631226832	-13.3486107341485	1.20678560272443e-40	2.29841388649606e-39
PA14_29320	1113.19494338001	2.11196765321654	0.158344438633836	13.3378075759286	1.39502158097292e-40	2.64826898172969e-39
PA14_39660	8251.4818755523	-3.40548818496035	0.255336537175852	-13.3372537382496	1.405422238002e-40	2.6593509100895e-39
PA14_33910	1282.77672327952	3.06630879437902	0.230041650446075	13.3293635671328	1.56224697910488e-40	2.94652925379393e-39
PA14_29860	5940.68248716361	-2.43337967645057	0.182831528373233	-13.3094094771393	2.04088407785461e-40	3.83686206636667e-39
PA14_10640	237.467488581786	1.59736413358326	0.120092585567164	13.3011053599967	2.28071448594987e-40	4.27395627785076e-39
PA14_36350	628.700870010093	1.62164037000212	0.122229954245814	13.2671273584941	3.59083973041849e-40	6.6860747440508e-39
PA14_27370	7941.24523421424	-3.39654361500942	0.256352032120415	-13.2495287317012	4.54045453451702e-40	8.40056159592545e-39
PA14_09150	56097.5818611156	-4.21063768006988	0.318105467995678	-13.2366089353959	5.39293435984359e-40	9.9462093193571e-39
PA14_33690	7128.56660092479	3.11553535731214	0.235487676083605	13.2301418449008	5.87763428436675e-40	1.08059471953594e-38
PA14_68040	2879.48886204615	2.33480789287742	0.17655638924259	13.2241484032015	6.36540940143519e-40	1.16659138338252e-38
PA14_68070	5130.81422880225	2.15023732565227	0.163005578397897	13.1911885886724	9.86179832236451e-40	1.80171036434923e-38
PA14_41960	1753.29295923799	-2.77032490621571	0.210900929829317	-13.1356694750362	2.05664436908161e-39	3.74566355718988e-38
PA14_42280	271.231354184942	2.55447621952209	0.195114509125983	13.0921899707248	3.64932023085524e-39	6.58459390260815e-38
PA14_68030	266.104698843562	2.90578400261707	0.22223751793196	13.0751280416419	4.56794133305609e-39	8.14127281010731e-38
PA14_42350	1976.90304388548	2.59404175643627	0.199161395666964	13.0248221436147	8.84068373157022e-39	1.5613183268967e-37
PA14_47380	2874.91420924906	2.7830664159678	0.214385786430458	12.9815808328812	1.55634764121158e-38	2.70758031432271e-37
PA14_38460	1391.55252018523	1.93884409637173	0.149711665147184	12.9505212200106	2.3336419562623e-38	4.02380630801676e-37
PA14_04100	6420.65964503297	2.42244035143771	0.18986281308147	12.7588984494728	2.7810596269398e-37	4.63086157308719e-36
PA14_14380	897.260985912775	1.63658262319076	0.128482118061705	12.7378241258817	3.64416939199333e-37	6.03358500469804e-36
PA14_54830	2926.66548970445	-1.72592973377799	0.136041143829321	-12.686821686411	6.99679237556036e-37	1.14222145559568e-35
PA14_10950	227.883382302866	1.60158572076497	0.126350540962142	12.6757329930613	8.06016857158284e-37	1.31214140880404e-35
PA14_17490	920.938110886943	-1.66444871110857	0.131933994447199	-12.6157683475179	1.72863432978074e-36	2.77533908373613e-35
PA14_01730	22940.1314299115	-1.89089120692639	0.151095847693938	-12.5145146990181	6.21867874318114e-36	9.8484944878423e-35
PA14_33250	1844.56886330509	4.80421258125166	0.384631566850371	12.4904271913818	8.42003134126172e-36	1.32986294463071e-34
PA14_11320	11979.5704642617	-2.40357587624582	0.193166427030447	-12.4430311891981	1.52600920521786e-35	2.36531426808768e-34
PA14_42340	1173.99181931094	2.55863457618497	0.205899094717244	12.426643155953	1.8733717516693e-35	2.89602402353546e-34
PA14_57560	9813.46858267613	-2.27474045691982	0.183316526679432	-12.4088127684073	2.34098228181701e-35	3.5715300362381e-34
PA14_48970	345.701513578534	1.89023989563942	0.153047020147257	12.3507134854419	4.8281324526228e-35	7.25215359120764e-34
PA14_42620	254.273329932424	2.65258376132603	0.21491446563062	12.3425091630877	5.34633548954763e-35	7.98934441873938e-34
PA14_50940	1233.91288076873	1.51023361430338	0.122395474839437	12.3389660956384	5.58686824570952e-35	8.30619085101915e-34
PA14_52940	961.607249433719	1.60865491937169	0.13169871117334	12.2146595440437	2.59585864096963e-34	3.76334929342562e-33
PA14_39590	7350.44799295527	-3.83535507179762	0.31526972038871	-12.1653137734536	4.75614257401313e-34	6.7938232650364e-33
PA14_48940	701.466375689522	1.63119043606467	0.134435311841317	12.1336456450525	7.00595573155998e-34	9.95870975695892e-33
PA14_14680	2754.59180625718	-1.54131975242326	0.127137610411057	-12.1232399086306	7.95509543865959e-34	1.12529845185699e-32
PA14_38200	4749.55679936159	2.04200769251897	0.168710497247449	12.103619667032	1.01054959388856e-33	1.42602494750183e-32
PA14_72460	4774.68616308556	-1.75095563801611	0.145403560241559	-12.0420410277936	2.13604439213234e-33	2.99972691984271e-32
PA14_40670	10032.4781292576	-1.65063718691652	0.137493947000734	-12.0051625756857	3.33807290338822e-33	4.67651175022754e-32
PA14_73040	11054.311416062	-2.52494286103474	0.210390388636237	-12.0012272300154	3.50066812761767e-33	4.89254049106853e-32
PA14_10650	113.235272377401	1.66500037170602	0.139532617009993	11.9326965077046	7.99413173448035e-33	1.10664607478745e-31
PA14_63920	10086.3728613251	-2.52720518359289	0.211879113157568	-11.9275805242468	8.50084129590158e-33	1.17400244247664e-31
PA14_42600	609.34131917152	2.67186889722299	0.225306852063213	11.8587999998924	1.93731710787292e-32	2.64418831491413e-31
PA14_49200	81224.9219640889	2.06698261032085	0.174480451371565	11.8464996741618	2.24368371690841e-32	3.04806263453198e-31
PA14_13130	7004.75813805253	2.29287927701565	0.193888071306314	11.8257882579751	2.8719408257852e-32	3.88345037881118e-31
PA14_42530	173.377153080424	2.44198124813181	0.206638184171595	11.8176669908402	3.16348078688864e-32	4.26776991342291e-31
PA14_55770	2405.03877623876	-1.82030054003528	0.154207213241339	-11.8042502796964	3.7108367105021e-32	4.99463195122546e-31
PA14_57570	5301.31201317229	-1.95689105335169	0.16612289412167	-11.7797794439967	4.96227455032023e-32	6.63305873377667e-31
PA14_34770	401.245463479629	1.76253096746992	0.150090425451968	11.7431272658626	7.66006054959766e-32	1.01230913567019e-30
PA14_33680	68640.5481924858	4.99238965309272	0.425159538579975	11.7423912674456	7.72702820880734e-32	1.01884887784908e-30
PA14_60890	4448.37216318212	-1.97956221294704	0.168887020062003	-11.7212217506135	9.92304821887994e-32	1.30545203204588e-30
PA14_44370	6688.05322101688	-1.71213090401865	0.146113992256205	-11.7177751259886	1.0335068539169e-31	1.35354560553431e-30
PA14_50530	1958.34025060746	1.78959243974665	0.153670311866029	11.6456615335487	2.41440842248103e-31	3.12692717471543e-30
PA14_24650	70983.2086531875	2.21918140415582	0.192001110484667	11.5581696301337	6.71243023875463e-31	8.54149419900917e-30
PA14_42630	141.493622350674	2.29520876793563	0.198949296774267	11.5366518261174	8.6216153590493e-31	1.08995172044554e-29
PA14_57780	3857.25982519595	-1.68636550324432	0.147752485183608	-11.4134493314865	3.58235952759361e-30	4.44212581421607e-29
PA14_44970	4037.30749380334	1.69925489549733	0.14961571322408	11.3574627883661	6.80936098331416e-30	8.33717559049473e-29
PA14_52420	1216.23416141948	-1.81220402451688	0.160017716750725	-11.3250211371277	9.8655072676931e-30	1.20033771098362e-28
PA14_41970	19462.8106969429	-2.58084257523475	0.227913405294026	-11.3237857681309	1.00055688861582e-29	1.21484282226105e-28
PA14_57590	15077.0474192033	-1.83791153591345	0.16320545280306	-11.2613365812676	2.03646326885976e-29	2.41721139122498e-28
PA14_34750	469.063012208036	2.24618746298966	0.199490703114869	11.2596097357794	2.07676362976833e-29	2.46003626713208e-28
PA14_13300	723.137180177772	-2.71644264891782	0.241695600338568	-11.2391067322393	2.62020152161941e-29	3.08495967446348e-28
PA14_63580	768.086140233813	-2.9409243019072	0.2635988752922	-11.1568165783984	6.63241591754752e-29	7.65420197375583e-28
PA14_67580	2625.95384534545	-1.89975858952864	0.170744013016456	-11.1263555070921	9.3375639853177e-29	1.07124651390613e-27
PA14_58410	1131.41177672979	1.8515181417096	0.167633706693406	11.0450229743827	2.31708382375823e-28	2.62212903395397e-27
PA14_43790	569.423855542175	-1.89645547756366	0.171966208542438	-11.0280705357044	2.79803556828638e-28	3.16026187828935e-27
PA14_18660	738.452677081464	-2.04421206560491	0.18544755567996	-11.0231275797064	2.95606167122646e-28	3.329071285849e-27
PA14_49180	15103.8181698004	1.60937577290556	0.146137895472311	11.0127203331082	3.31830375258073e-28	3.71905274423856e-27
PA14_49010	57.7528123537754	1.63110949049492	0.148830640210189	10.9595005987433	5.98286028004927e-28	6.66694258358071e-27
PA14_52230	2213.81197720707	2.61102789235839	0.239134690131646	10.9186496150809	9.3881212768007e-28	1.03821576472855e-26
PA14_63970	4454.86874643978	-2.40697591288892	0.220510776067311	-10.9154570847558	9.7238919226136e-28	1.07331140388243e-26
PA14_60480	12682.6530709578	5.20474829290772	0.479274443544779	10.8596407820386	1.79453716978584e-27	1.95853232687488e-26
PA14_45260	602.482579289714	-1.5865522432536	0.146099130813566	-10.8594228755417	1.79882423070415e-27	1.95954161056893e-26
PA14_57580	9098.47466247928	-1.95736026786248	0.180629013699579	-10.8363558421348	2.31510162969076e-27	2.49397639516409e-26
PA14_42570	682.308582616956	2.30322387741936	0.212814592780481	10.822678310388	2.68805252633102e-27	2.88507737080243e-26
PA14_38470	548.738442037336	1.50022020329755	0.139350346664991	10.7658160829997	4.99173213042289e-27	5.27982120800446e-26
PA14_27740	689.461468519086	1.67347683840439	0.155481468652766	10.7631916067229	5.13599671058378e-27	5.40299437351666e-26
PA14_42580	134.728945767574	2.49908458973461	0.233064732075935	10.7227059515825	7.96387096056401e-27	8.3029409585272e-26
PA14_63940	15008.9736055115	-2.71015411913827	0.252832993371959	-10.7191473826012	8.27627285059714e-27	8.61323538808573e-26
PA14_07070	4426.74478664617	-2.5825651503998	0.243008608598339	-10.6274636330618	2.22069846574406e-26	2.25474401713526e-25
PA14_12940	614.852379621188	1.65923856629057	0.156165292681022	10.6248868606143	2.28288817035865e-26	2.3138560446696e-25
PA14_42640	133.186613766566	1.78332380867787	0.168244986962966	10.5995657931277	2.99366893706995e-26	3.02376127647204e-25
PA14_62780	1597.28648545984	-1.63090480438291	0.153877633693844	-10.5987125304239	3.02110507796146e-26	3.04619383985457e-25
PA14_52430	145.45631114359	-2.1119309977605	0.19935669210462	-10.5937301400054	3.18636055977915e-26	3.20174299006774e-25
PA14_39050	1292.08551779999	-2.23291149371156	0.211003164823688	-10.5823602009826	3.59779189526263e-26	3.60273731367536e-25
PA14_34780	288.02435868245	1.74179079564801	0.164879640876155	10.5640137641754	4.37543545668898e-26	4.35898082762109e-25
PA14_24870	128.4715320627	-1.84778357732715	0.175185663397356	-10.5475730233473	5.21261600328633e-26	5.15774636114648e-25
PA14_39640	15261.1248493008	-3.53247766672862	0.340026408876644	-10.3888332626839	2.78741920094348e-25	2.68513704183448e-24
PA14_44560	654.168014883438	2.07309525513896	0.200961982384986	10.3158579077285	5.97453117022292e-25	5.62513209370908e-24
PA14_42540	187.56334918561	2.37423057760135	0.230322747823892	10.3082765381764	6.46502705555355e-25	6.06733940092851e-24
PA14_38210	9349.83512051517	4.24712511884656	0.412957295471401	10.2846593713724	8.26337379466726e-25	7.71777924283987e-24
PA14_47430	567.43619281575	1.92192543863715	0.187582434027442	10.2457644747055	1.23643532310976e-24	1.14018118086767e-23
PA14_61700	1993.03453184078	-1.61924257169244	0.158101616387062	-10.2417837887769	1.28838728167909e-24	1.18621186060438e-23
PA14_49560	1716.44188644372	2.23498054831431	0.218591217834598	10.2244754865013	1.54059684848562e-24	1.40730382961978e-23
PA14_19990	683.305103236505	3.20892910676445	0.313903338407963	10.2226663884472	1.56962865623426e-24	1.4315799387376e-23
PA14_73120	3215.70425659063	1.65077963252572	0.161598273106257	10.2153296616002	1.69302670873098e-24	1.53930727901469e-23
PA14_45340	637.556516626835	-2.26286445718695	0.222029505305907	-10.1917285906178	2.15890832013852e-24	1.94468588713559e-23
PA14_66770	3847.8089446998	-1.53954500134442	0.151089327456734	-10.1896343524679	2.20592324411285e-24	1.98396923868668e-23
PA14_04780	1440.7692943037	-1.57586916639776	0.154742916512505	-10.1837887117141	2.34259026909338e-24	2.10363884256952e-23
PA14_64430	1216.61275785588	-1.54181680899099	0.151690351360937	-10.1642378381888	2.8635276580154e-24	2.55568747180915e-23
PA14_07910	1421.30620304446	-1.75164369019086	0.172451428387899	-10.1573162168935	3.07422234332785e-24	2.73953636344262e-23
PA14_42520	140.509135896738	2.27989292233748	0.224620980103939	10.1499553660682	3.31515006868833e-24	2.9497243664604e-23
PA14_47180	2517.66456228255	-2.67967696839227	0.266035074971225	-10.0726453783664	7.29880468059755e-24	6.39660656819888e-23
PA14_39500	815.794151633964	1.86363515781018	0.185108048962659	10.0678234590767	7.66556537279368e-24	6.70794519409033e-23
PA14_58010	22333.817015267	4.51105485588374	0.450937614806582	10.0037227052319	1.46773453674914e-23	1.26164555754779e-22
PA14_42250	164.302442220408	2.02160848362257	0.202445987069856	9.9859153193538	1.75672158436501e-23	1.49900049687837e-22
PA14_58000	46199.9963273087	4.77441871923447	0.479632545433939	9.95432600370124	2.41453389771434e-23	2.03057771369108e-22
PA14_70190	9902.39140031928	-1.7218504260466	0.172994401063072	-9.9532147599322	2.4416567959989e-23	2.05042879064576e-22
PA14_57530	1048.81773558133	-1.52585119358035	0.153861599502799	-9.91703711979543	3.51021512557978e-23	2.91417859713376e-22
PA14_51880	37424.6580571335	1.57005093241565	0.158643110803862	9.89674827012677	4.30030083634433e-23	3.53985215737496e-22
PA14_60400	3478.08144586508	-1.94867054993373	0.197037976196439	-9.88982219341814	4.60845697440926e-23	3.78282918969819e-22
PA14_09260	14898.7731768226	2.89306963799609	0.29425415324593	9.83187358982878	8.20773510037964e-23	6.68082125209672e-22
PA14_48140	22126.7704022378	3.59484104037241	0.365924094162878	9.82400748602331	8.87438663775684e-23	7.20333221794524e-22
PA14_13720	2200.35649830424	-2.29870434205043	0.234567869288526	-9.79974089811487	1.1287480815103e-22	9.09867748138597e-22
PA14_61770	8820.13542238394	-1.58302847914908	0.161820788673032	-9.78260266885533	1.33726716558139e-22	1.07497835048391e-21
PA14_57990	17449.2236546571	4.49360519541553	0.459854767396395	9.77179212658253	1.48796377225598e-22	1.19118858031701e-21
PA14_26020	10847.0039632877	1.50844855688743	0.156963384998562	9.61019384808278	7.24125300278388e-22	5.60451826032197e-21
PA14_13290	677.648097811288	-2.96009268085028	0.30910684867572	-9.57627659669127	1.00606623839491e-21	7.72510413355141e-21
PA14_41950	1921.28494045376	-1.5187669723508	0.159546846750104	-9.51925408296925	1.74426537348218e-21	1.31849268439094e-20
PA14_64870	447.597149162086	1.51555525399239	0.159344321835331	9.51119711412495	1.88480873847148e-21	1.42104338005327e-20
PA14_47190	7427.90615193174	-2.24841373569484	0.237085664273173	-9.48354993368213	2.45776340713914e-21	1.84348071258776e-20
PA14_09160	4197.85139650091	-1.61280782347704	0.170225786830408	-9.47452118452442	2.67986916323867e-21	2.00234326709679e-20
PA14_19960	522.089302443953	3.23875968212994	0.343117888180945	9.43920382379472	3.7562261837932e-21	2.78161196939603e-20
PA14_44360	15737.0847892883	-2.44575280408027	0.261000615579579	-9.37067829763247	7.2067877425242e-21	5.28981850924824e-20
PA14_33840	1309.20885252155	1.6668218866346	0.179031489008195	9.31021629696828	1.27572287705306e-20	9.20162491022922e-20
PA14_64690	3314.16645832344	2.4538298799227	0.263877773385307	9.29911545198501	1.41618917320328e-20	1.01770043174214e-19
PA14_00280	1240.65867600045	-1.71194830503063	0.184542825853518	-9.27669930875286	1.74809943390584e-20	1.25312712187002e-19
PA14_25640	1704.14220295217	-1.55412012109109	0.167946136772026	-9.25368187063862	2.16889893119439e-20	1.54716560232569e-19
PA14_07550	1706.57361305425	-1.76442343805787	0.19075957119319	-9.24946217388465	2.25625077026544e-20	1.60750971749474e-19
PA14_55000	813.196279769655	2.51119110277434	0.273701278186772	9.1749337796688	4.51852097021239e-20	3.14622941629603e-19
PA14_07560	4647.88675272115	-1.76503515333901	0.192520414128845	-9.16804153640432	4.81690420903746e-20	3.3459973456818e-19
PA14_05000	834.681212665174	-1.60146995651738	0.174696521011668	-9.16715425838625	4.85670515650599e-20	3.36962829191868e-19
PA14_19540	3925.78543705905	2.43479418817199	0.266039116135693	9.15201577699621	5.58809238798587e-20	3.85413046593866e-19
PA14_13320	342.609905762847	-2.19320811693669	0.239651845838881	-9.15164291457697	5.60741691314433e-20	3.86288720683276e-19
PA14_56830	19717.55065364	1.83013276860775	0.200153300757336	9.14365519670641	6.03763565107265e-20	4.14945053944002e-19
PA14_63960	67460.1134276636	-2.81779702656131	0.311531697353309	-9.04497696542779	1.49696728617489e-19	1.00778097924389e-18
PA14_37080	1779.75414581544	-1.92789724063189	0.213472214916102	-9.0311389769839	1.69894164499357e-19	1.13288694588358e-18
PA14_30460	620.579126302518	1.7055902009993	0.189074539805345	9.02072908787841	1.86841612701752e-19	1.2444719072295e-18
PA14_60700	15848.9243174511	-3.69496038021835	0.411859302019781	-8.97141417493317	2.92731500249565e-19	1.927727890909e-18
PA14_30020	1873.19563314544	-1.92897284106148	0.215495019913864	-8.95135693545268	3.51138977518517e-19	2.30195496172994e-18
PA14_42490	134.490170047878	1.6075959019622	0.181519694040431	8.8563167234302	8.27016857194399e-19	5.28492789882561e-18
PA14_30100	4984.4517865694	-2.10768618399744	0.238414231729066	-8.84043779061232	9.5344263834142e-19	6.07950076176564e-18
PA14_52080	1572.8531006884	1.68288030491513	0.190933305237269	8.81396937440456	1.20791066795782e-18	7.64354329300561e-18
PA14_38220	20387.2414914444	4.18578314189277	0.475402659764298	8.80471123987414	1.31189894154959e-18	8.27461799929761e-18
PA14_44350	8457.71997185636	-2.34105970505478	0.266156934989327	-8.79578698615784	1.4204884139991e-18	8.94017978054728e-18
PA14_46150	2313.70558204509	-1.55770328823015	0.177291918084745	-8.7860930439343	1.54851359661311e-18	9.71446419920475e-18
PA14_07870	1443.74153048006	1.58456818416095	0.181137149932026	8.74789177568255	2.17375587754057e-18	1.34772864407515e-17
PA14_45330	1690.36457313373	-1.88312634131532	0.216240285954811	-8.70848987736192	3.07949832001852e-18	1.89317681530253e-17
PA14_42260	291.173237882144	1.93116609905856	0.22185536200473	8.70461764641679	3.18647155506099e-18	1.95276090671876e-17
PA14_58030	89072.8204094378	4.47209445958151	0.514356966158285	8.69453463998637	3.48254146364479e-18	2.12526195289234e-17
PA14_18670	3153.18928536337	-3.36008261286427	0.388554353123412	-8.64765144401058	5.25701114216825e-18	3.161801954237e-17
PA14_19170	2506.43793489486	-1.5019574614803	0.173891093496845	-8.63734554356316	5.75341652995438e-18	3.44613684856877e-17
PA14_42550	385.828446428143	1.94407229658159	0.225515194103758	8.62058232620518	6.66144706676928e-18	3.97775753126346e-17
PA14_15130	4531.3667701838	-2.4234744133164	0.281181872037576	-8.61888569044215	6.76088058408187e-18	4.03300020921485e-17
PA14_45310	7667.46299584961	-1.92708822581036	0.223711073901053	-8.61418342957271	7.04418367521851e-18	4.1976996379523e-17
PA14_33010	1497.81038804122	-1.56299327084007	0.182908431133339	-8.54522266226569	1.28288687237269e-17	7.4320722586362e-17
PA14_57540	12610.46204296	-1.55710034518841	0.182741390555776	-8.52078634431291	1.58473644935133e-17	9.13434357418071e-17
PA14_58720	441.788860185006	-1.70977317844775	0.200661477695273	-8.52068467792426	1.58612829393804e-17	9.13434357418071e-17
PA14_44300	18580.9535283429	-1.57388566950505	0.186409815720453	-8.44314803607395	3.08903488402994e-17	1.7360554777364e-16
PA14_45280	3794.6009698073	-1.89735983751717	0.225293539494835	-8.42172324058442	3.7098660684189e-17	2.07098653704457e-16
PA14_66460	27113.7777882843	-2.10145874067296	0.251136423794106	-8.36779750593185	5.8705162731321e-17	3.22767630564282e-16
PA14_15080	5799.32201476341	-1.66770976226874	0.199385637398845	-8.36424219931503	6.05025221518065e-17	3.32336191423872e-16
PA14_15120	11327.4827288268	-3.25149796107624	0.38907199804409	-8.35705981777639	6.43007002746825e-17	3.52534789464581e-16
PA14_12960	303.624037481924	1.60593558921636	0.192317913998457	8.35042121572328	6.80199517984327e-17	3.71527909167072e-16
PA14_12920	1356.0753298163	1.77216012939636	0.213511411825519	8.30007217995714	1.04048160532074e-16	5.59919371727544e-16
PA14_47160	752.628221840345	-2.19143996156502	0.266402858290357	-8.2260377220748	1.93508096318235e-16	1.02338038597339e-15
PA14_10420	527.860406947566	1.87262225333011	0.228164113393897	8.20734788427165	2.26127670865855e-16	1.18941522184675e-15
PA14_45980	159.48421488276	-1.51593080497625	0.187636624111523	-8.07907737710759	6.52586115853446e-16	3.35090033761575e-15
PA14_48590	2681.21569724222	-3.92393281565662	0.488230015515229	-8.03705772066409	9.20213284782559e-16	4.68384543555699e-15
PA14_47210	2611.06419159844	-1.65509855064629	0.206992641105677	-7.99592942920761	1.28600029258395e-15	6.47220181794409e-15
PA14_06920	1438.5919699996	-1.96003605451704	0.245933619619857	-7.96977679402551	1.58961211458349e-15	7.94533396551679e-15
PA14_44520	264.968746688659	2.88732726111845	0.364587034903021	7.91944579676694	2.38571537951651e-15	1.17531269922419e-14
PA14_45290	1832.38287502498	-1.75642365097141	0.222983202317729	-7.87693257929212	3.35515832292051e-15	1.63357249005687e-14
PA14_39650	25569.6901625973	-3.06546390290606	0.389391398089748	-7.87244894967999	3.47765595835271e-15	1.69039023563633e-14
PA14_47920	109.484225368389	1.81508272179419	0.231109078125062	7.85379240192363	4.03642199452499e-15	1.94898652726525e-14
PA14_47390	4296.23286836341	3.50559308365761	0.449531210395438	7.79833080015479	6.27313900852938e-15	2.99180475791401e-14
PA14_15050	4526.3999707122	-1.7139906875018	0.220576993367492	-7.77048712712394	7.81848589810324e-15	3.70155449343182e-14
PA14_39820	1171.41869798505	1.86546117980144	0.240603701805332	7.75325219771866	8.95684825788418e-15	4.21651951913966e-14
PA14_52800	10131.0403817738	-1.69738838144991	0.219480595857244	-7.73366034851635	1.04497603686255e-14	4.8995336627795e-14
PA14_10380	28005.210317489	-1.81801047647495	0.235398358246537	-7.72312300738697	1.13513532009795e-14	5.30093641468817e-14
PA14_60750	3603.2903621163	1.80086129562422	0.235979115275962	7.6314435432908	2.32139498914933e-14	1.05448869811085e-13
PA14_32740	2005.87627384531	1.88820372494697	0.248945516973942	7.5848071011643	3.32982086026457e-14	1.48592618481026e-13
PA14_19970	526.368860010364	2.72685012434353	0.360202416940885	7.57032711635317	3.72285578879109e-14	1.65877702882832e-13
PA14_71630	29177.1533906931	-1.61062602243276	0.212840890304975	-7.56727722819109	3.81127979752928e-14	1.69428975286046e-13
PA14_45300	1861.52709639561	-1.61942774133048	0.215984413098464	-7.49789171402942	6.48524395749295e-14	2.83116118234224e-13
PA14_09980	519.355368533969	2.04252604103983	0.272458756969964	7.49664302867314	6.54729676770994e-14	2.85611119477646e-13
PA14_58040	9004.12307946017	4.10935893331919	0.549013838436323	7.48498242780781	7.155671000911e-14	3.11683487244464e-13
PA14_03110	164.696303456109	1.72135167924357	0.230530600295867	7.46691188516559	8.20987035099381e-14	3.55212504867052e-13
PA14_06890	1119.13182024936	-2.27760979667575	0.305079395076219	-7.46562971290385	8.29021773996625e-14	3.58157071820039e-13
PA14_01310	642.642208703812	1.59606491967695	0.213832106649304	7.46410323822224	8.38688264984869e-14	3.62064830246801e-13
PA14_18680	5046.23235020222	2.77642052703919	0.372222640851578	7.45903183290313	8.71605499482199e-14	3.75718701995729e-13
PA14_44340	29893.9723342994	-2.20971921994231	0.296572294975847	-7.45086192262927	9.27323768724591e-14	3.97677919361804e-13
PA14_47100	1974.3881189026	-1.67473594046001	0.228260605865587	-7.33694688187322	2.18521284127373e-13	9.06435618430129e-13
PA14_06650	1127.10889341801	-2.95223991179031	0.403377263514821	-7.31880593880283	2.50187087501706e-13	1.02972482059318e-12
PA14_64700	5417.72080937512	3.71918904586035	0.512635594888996	7.25503473215841	4.01558780948933e-13	1.62294353354395e-12
PA14_19530	3049.30301425812	2.19040281055201	0.304089292343356	7.20315665728461	5.8834310113225e-13	2.34692922203885e-12
PA14_47400	4054.31471938525	3.30994258385466	0.461076984311805	7.17872003261021	7.03670727172101e-13	2.78979115507415e-12
PA14_15070	38072.1518035238	-1.9016644862682	0.269146401816695	-7.0655393251861	1.59993367556611e-12	6.1792004381705e-12
PA14_64710	1500.429564032	1.98204735130136	0.282581555038157	7.01407192353273	2.31480302612074e-12	8.82897384570137e-12
PA14_48600	2619.5049632602	-3.29235991753942	0.469657304163975	-7.01013246967396	2.38092587792014e-12	9.06930458595987e-12
PA14_48115	11256.4359928417	2.35919659472405	0.337515934264933	6.98988212174954	2.75117299680888e-12	1.04523052316833e-11
PA14_09970	6619.7968917696	2.4485555147414	0.353043849672722	6.93555635372563	4.04625556570304e-12	1.51260920057199e-11
PA14_06900	252.10810354695	-2.17159224656937	0.315098432532182	-6.8917900641971	5.50946417931896e-12	2.03480083885113e-11
PA14_19560	1826.37239880153	2.08986351896235	0.303301768313865	6.89037696872146	5.564473370659e-12	2.05251587368359e-11
PA14_52090	1174.93234550141	1.54299779518359	0.224507704304768	6.872805545635	6.29513526326777e-12	2.31387702480641e-11
PA14_35530	2186.38456600741	2.18937377809865	0.319126771544812	6.86051429499458	6.86130770746055e-12	2.51336903325456e-11
PA14_47560	113.274421672403	1.64680014000582	0.241466197147147	6.82000279733679	9.10387378904571e-12	3.30575554159242e-11
PA14_29375	5342.83843496902	2.50175594556446	0.36697831189191	6.81717655920039	9.28471309975539e-12	3.36932178987387e-11
PA14_72060	3503.81964152476	-2.27406849117732	0.334586863673576	-6.79664606735999	1.07082732702509e-11	3.85948154724936e-11
PA14_37070	5899.57832965317	-1.74488259385733	0.258422836796566	-6.75204488692662	1.45775757395937e-11	5.19939482315495e-11
PA14_13010	6393.30916264331	1.909842789594	0.283421331722787	6.73852874088533	1.59998412831187e-11	5.68579725597659e-11
PA14_01360	664.213048402741	1.50743872300331	0.224426149523267	6.71685864684423	1.85683932264593e-11	6.55858155901848e-11
PA14_66510	1700.74838145881	-1.54046859392575	0.231101982674831	-6.66575239249783	2.63312870501206e-11	9.17266831608504e-11
PA14_10160	1489.16161683026	2.17864928352919	0.328075247678396	6.6406999581537	3.12196983321034e-11	1.08045369287113e-10
PA14_61000	1330.95782977709	-1.5378514587963	0.233545739007791	-6.58479775880219	4.55504990938864e-11	1.55063264438768e-10
PA14_54980	843.727086643506	1.52522546624253	0.232187397913324	6.5689416391664	5.06741389504756e-11	1.71702838257774e-10
PA14_20900	3548.57467566741	-1.61286761561101	0.247751007747925	-6.51003453133086	7.5133531470171e-11	2.51798862224357e-10
PA14_54860	1288.08390198651	1.78014818862238	0.275121067157024	6.47041757658773	9.77324525982035e-11	3.24919985021295e-10
PA14_55550	291.417778091468	1.81223695840947	0.281601890462381	6.43545735944398	1.23102085918286e-10	4.0579126511978e-10
PA14_39960	36421.9906926989	-3.82111428714866	0.594088793499536	-6.43189087045394	1.26026213632303e-10	4.14960888728282e-10
PA14_49690	860.22989087417	2.47761563966983	0.389377085718259	6.36302373854262	1.97820102732234e-10	6.36607155562375e-10
PA14_01720	25207.4143062002	-2.35979538385194	0.374463646145575	-6.30180101097066	2.94206735309421e-10	9.32881857118228e-10
PA14_35520	1366.99074259075	1.97227710272117	0.313647637338707	6.28819371781626	3.21180978908972e-10	1.01620127311699e-09
PA14_13050	999.25771898565	-1.51031498161848	0.241154523426654	-6.26285155326078	3.78000431422845e-10	1.18376491903941e-09
PA14_48610	1167.47487550051	-2.87291068981978	0.463348909250247	-6.20031823203919	5.63491053954138e-10	1.73482612913086e-09
PA14_06730	909.79376764123	-3.37624990195532	0.544857006909298	-6.19657976155451	5.77032944159543e-10	1.77370675029632e-09
PA14_19570	959.074785881865	1.83359902204763	0.298306309648038	6.14669875474989	7.91121741718996e-10	2.40514215479307e-09
PA14_48440	436.160727647658	1.91546295570182	0.315954979070677	6.06245535783548	1.34059024767742e-09	4.01694599663958e-09
PA14_28980	1507.28141252498	2.92731378211001	0.487616499748278	6.00331158527485	1.93333090995864e-09	5.70503926239947e-09
PA14_06720	3758.45283568046	-2.95669592791959	0.494287510180149	-5.98173303396234	2.20775912005954e-09	6.4624912866434e-09
PA14_01350	665.353357289562	1.7183709556497	0.287524355600609	5.97643615985227	2.2807187048489e-09	6.65599830338476e-09
PA14_28080	64.806911885679	1.55428143153127	0.262451047943534	5.92217651142955	3.17708341755542e-09	9.13921133144766e-09
PA14_35490	1152.82730514958	1.58625526838443	0.268873260631854	5.89963934924848	3.64296987245792e-09	1.04176783202575e-08
PA14_06160	3575.19686635812	1.56406049528645	0.265691457961168	5.8867549122149	3.93852096443763e-09	1.12407934283754e-08
PA14_06710	1004.07434617553	-2.90171146662239	0.497250202541325	-5.83551590686629	5.36243801749978e-09	1.5054089000958e-08
PA14_01990	197.492744463798	-1.98919585433354	0.342944351000795	-5.80034588273166	6.61782725365026e-09	1.83822037644544e-08
PA14_28970	1109.84897016435	2.84138499857237	0.493919192151946	5.75273251924631	8.78123663123874e-09	2.40380681478907e-08
PA14_19500	192.386423637768	1.64221774286202	0.286593953130581	5.73012000052132	1.00359611297281e-08	2.72424692426901e-08
PA14_40260	31281.1159765848	1.85721547753681	0.324393132277892	5.72519974296444	1.03312114801504e-08	2.79787641757976e-08
PA14_18590	1706.59303804967	-1.76856520660317	0.309514643185624	-5.71399526820616	1.1035406817295e-08	2.98027576140849e-08
PA14_06660	1245.51745704004	-2.75793480490846	0.485721944931017	-5.67801153250373	1.36269529684703e-08	3.65981022581773e-08
PA14_40270	482.55823295141	1.90247921847925	0.335658701226662	5.66789781264914	1.44560132957265e-08	3.87354691896526e-08
PA14_10540	7479.67380725495	-2.41652122423408	0.427192351835637	-5.65675207866045	1.54264344788965e-08	4.12788154926578e-08
PA14_38310	263.692451072024	1.83439639861643	0.324626366181304	5.6507930030302	1.59709321698585e-08	4.271619673517e-08
PA14_13030	7195.94490534871	-1.56293872518092	0.276599370490876	-5.65055055044845	1.59934764113912e-08	4.27568718007285e-08
PA14_61500	604.718605510469	1.50774134476831	0.269059004671759	5.60375723759064	2.09754436353522e-08	5.56417321378392e-08
PA14_06670	2283.88101183922	-2.53486678900217	0.453149895133734	-5.59388144237367	2.22048609878959e-08	5.8715939127703e-08
PA14_31130	252.283204625205	1.53640701111798	0.275282282729196	5.58120557518552	2.38857120551052e-08	6.30176232943202e-08
PA14_24860	1962.68608693995	-1.79308374400844	0.321449931014942	-5.57811208217398	2.43142978990641e-08	6.41193340071246e-08
PA14_39945	35238.449735835	-3.02758159715678	0.547254694764428	-5.53230813023913	3.16044074516099e-08	8.22646210933374e-08
PA14_62350	11220.507857798	2.63694102502868	0.477240284742377	5.52539487828893	3.28745368070663e-08	8.5494333115387e-08
PA14_40230	1291.88864764032	1.58927284695278	0.28885907123026	5.50189696374781	3.75726524009417e-08	9.71057286885536e-08
PA14_27330	2911.84375829439	-1.65728269915127	0.30129160828928	-5.50059362277379	3.78514699480759e-08	9.77396397241409e-08
PA14_35500	1326.721256197	1.50606193239552	0.273796251774918	5.50066672802236	3.78357779138016e-08	9.77396397241409e-08
PA14_48620	792.46886148266	-2.56010455536798	0.469725947947981	-5.45020892831643	5.03106810777731e-08	1.28432172282638e-07
PA14_48560	1459.27685573071	-2.50876925904321	0.460378415559742	-5.4493633373167	5.05504489855467e-08	1.28987748111982e-07
PA14_33260	6449.42648545752	3.03545546826943	0.561046762944888	5.41034307432161	6.29041238100041e-08	1.59393579810741e-07
PA14_32710	4007.24328398928	2.29631338667841	0.425864377606448	5.39212366055302	6.96298211147577e-08	1.75824348984752e-07
PA14_10170	4742.84156238161	2.2778131368452	0.423883471693351	5.37367764717429	7.71467249670587e-08	1.94300394601564e-07
PA14_06690	691.066682673396	-2.69836469844761	0.505167852467035	-5.34152101181794	9.21699301622119e-08	2.31028675987594e-07
PA14_06700	976.793088283533	-2.83455516460392	0.531353493131915	-5.33459401555153	9.57585635047295e-08	2.39416948994236e-07
PA14_29360	3686.37460062185	1.78320863415358	0.33517203945285	5.3202786159149	1.03608457308756e-07	2.57826681979262e-07
PA14_48540	568.609060653967	-2.3733126736647	0.44663005779003	-5.31382210460283	1.07349421687476e-07	2.66421496786451e-07
PA14_40280	5940.42533294817	1.50573962993916	0.283921305481293	5.30336963401421	1.13684399148482e-07	2.8121930315677e-07
PA14_48630	800.011766345228	-2.26491718928598	0.427641405743891	-5.2963000281652	1.18172617077543e-07	2.91826276410136e-07
PA14_40250	1639.34629737214	1.50728751665445	0.285251653948779	5.28406232107285	1.26350236573534e-07	3.10573251265523e-07
PA14_11010	2768.03354444402	1.53733827702626	0.291308645057402	5.27735205635016	1.31063939779434e-07	3.21481751277164e-07
PA14_06680	452.629623986535	-2.442245605382	0.47597169441781	-5.13107320041217	2.88094837163084e-07	6.85592777046327e-07
PA14_40240	1690.25804372097	1.52215564126481	0.297527501665271	5.11601661273414	3.12055588150594e-07	7.40798357532245e-07
PA14_10530	6806.6175373402	-1.56817364633931	0.309849978851145	-5.06107391762216	4.16901535036661e-07	9.76176033022765e-07
PA14_48570	3054.26659377072	-2.34502446573655	0.466106363533497	-5.03109300623832	4.87691477071738e-07	1.13554371888697e-06
PA14_19490	7414.90933136281	1.75822241350107	0.352645708424359	4.98580408466307	6.17046467123057e-07	1.42365273570593e-06
PA14_01900	812.183871283068	-2.31721891484308	0.467201143319654	-4.95978862204466	7.05699260104792e-07	1.61985635600265e-06
PA14_06740	1921.47019044228	-2.99643418928198	0.604350954825671	-4.95810284629454	7.11848794957279e-07	1.63332865236654e-06
PA14_32720	2118.97992433946	1.73262627621351	0.350049546096466	4.94966011393151	7.4343196094779e-07	1.70244458483447e-06
PA14_55560	1080.40577528556	1.80127824206256	0.36723918595464	4.9049184045546	9.34661849221946e-07	2.12532550029868e-06
PA14_05630	3410.42871337177	-2.13231569457583	0.4360573375953	-4.88998925309865	1.00841483062844e-06	2.28500841092633e-06
PA14_39800	2451.40718332474	2.19048918328298	0.455170623997631	4.81245728040302	1.49085747606878e-06	3.3125113879256e-06
PA14_53070	3379.8362462565	-2.48270203251063	0.52838308612658	-4.69867809492272	2.6185079348714e-06	5.70492121287122e-06
PA14_06750	19714.9386120867	-2.8712891311858	0.615176808887055	-4.66742095883032	3.05004023307485e-06	6.59578273779599e-06
PA14_01910	621.286229316262	-1.72420549044136	0.379113178750579	-4.54799671202072	5.41589815406035e-06	1.1411371815569e-05
PA14_48530	624.342581460337	-1.84229412558327	0.405543784023782	-4.5427749065813	5.55185243725392e-06	1.16767217626546e-05
PA14_10180	1666.55522561128	1.53485977745553	0.338774537607662	4.53062319350892	5.88099490806987e-06	1.23333711134333e-05
PA14_39810	4052.62933309204	2.27272608973463	0.505079784873065	4.49973678971494	6.80376540450336e-06	1.41716743307525e-05
PA14_38510	3440.71917051631	-1.94932875986978	0.436997744453957	-4.46072956807943	8.16811091873358e-06	1.68867507748774e-05
PA14_02760	495.452825601631	-1.9005841418595	0.426627191542395	-4.45490624961872	8.39298618986849e-06	1.73332117344272e-05
PA14_39870	4383.67232300096	-1.57342282128495	0.370621624563925	-4.24536162221038	2.18241161204469e-05	4.30863647526981e-05
PA14_20610	10027.4822750753	-2.03960650080834	0.482264121145068	-4.22923126847086	2.34491196136561e-05	4.61071083361632e-05
PA14_48550	196.59028814913	-1.71603749467845	0.409473003021429	-4.1908440410384	2.7791865151415e-05	5.42071586688242e-05
PA14_40290	46640.1444168431	1.87070497520082	0.446879300564684	4.18615266546686	2.83722555551807e-05	5.53056919228907e-05
PA14_21020	19514.2510751074	-1.58722853326093	0.382469530821744	-4.14994765687801	3.32551312209893e-05	6.41970535793062e-05
PA14_54870	4465.78795748507	1.99855369479426	0.483809436638816	4.13086960163256	3.61393545457272e-05	6.94886698424606e-05
PA14_58710	8.60607817218638	-1.51182453122831	0.367933907418968	-4.10895680105609	3.97450406015097e-05	7.60953011253608e-05
PA14_39970	1851.03739355287	-2.20025911025969	0.538213445443718	-4.08807904909498	4.34959950248153e-05	8.30585383370326e-05
PA14_10500	15576.6158056697	-1.93776968700978	0.479725633855089	-4.03932904614208	5.36043211212556e-05	0.000101298957034591
PA14_10490	721.833222300708	-1.57679650010627	0.39104559443059	-4.03225742103622	5.52436264647003e-05	0.000104160418970001
PA14_02770	343.286404754577	-1.78531867339967	0.443161409859223	-4.02859688068688	5.61107374507583e-05	0.000105692753026186
PA14_39925	7349.86416132918	-2.12567653106707	0.532337547282222	-3.99309900629671	6.52153219646592e-05	0.000121996436959432
PA14_13460	4198.90893235094	1.84639438088793	0.467009754154006	3.95365271167129	7.69671013634564e-05	0.000142900371693604
PA14_09450	13652.1572414669	-2.09456613904943	0.530459819184052	-3.94858585570396	7.86142212833597e-05	0.000145819122100388
PA14_40310	1501.27215128011	-1.61626821659474	0.411213725450942	-3.930482171582	8.47756798928003e-05	0.000156748941121586
PA14_20960	4019.00018208229	-1.69894128185365	0.445939189818201	-3.80980483582587	0.000139076533177815	0.000251798084920877
PA14_62300	5943.09545063982	1.58192523673915	0.419489570565925	3.77107167314078	0.000162547974019477	0.000292025151845102
PA14_20950	4689.15956586132	-1.6161088491232	0.431459567223304	-3.74567855691278	0.000179906831620184	0.00032201996765431
PA14_21000	5384.16237316901	-1.62037065673416	0.434686098136505	-3.72767995958617	0.000193250563820106	0.00034484515797415
PA14_06170	4409.65018796743	1.54469733375743	0.41730039320947	3.70164360948025	0.000214207359064654	0.000379568406393677
PA14_39910	22634.9813584366	-1.80914713589206	0.493543392879971	-3.66562932862934	0.00024673108313762	0.000433576449814028
PA14_09440	33177.1233700185	-1.81215311217159	0.49526475419168	-3.65895835880589	0.000253242480573601	0.000444413482921694
PA14_38660	378.569959209919	-1.66906511058335	0.45644988462624	-3.65662292137514	0.000255559889608785	0.000448345284960867
PA14_21010	4171.65039545364	-1.71891986278141	0.47320336661881	-3.63251824487988	0.000280668724342423	0.000489302221198816
PA14_39880	17090.6368382596	-1.60089419856697	0.45532982597681	-3.5159001392729	0.000438265793332935	0.000747939397816792
PA14_06860	2442.33112939783	-1.97680079215962	0.572421863729235	-3.45339847657301	0.000553570628196451	0.000934591431381494
PA14_09420	14244.2739106896	-1.67449933649001	0.488826745407321	-3.4255477062629	0.000613561172676128	0.00102812953259243
PA14_39890	14238.8427987169	-1.6487602145762	0.484930717399509	-3.39999128827691	0.000673880001176091	0.00112403338490391
PA14_20980	5745.75587047782	-1.60166931949016	0.473533471220525	-3.38237826222058	0.000718611203561644	0.00119522434199694
PA14_20970	7792.48479315213	-1.53145011884905	0.453094424412078	-3.37998005787914	0.000724910893628415	0.00120528974283512
PA14_53300	6369.3480932334	-1.7260575294234	0.513433123443092	-3.36179621183851	0.000774372508025326	0.00127848242968034
PA14_53290	10498.5334137967	-1.67353727792221	0.501991525455721	-3.33379587713744	0.00085669502257694	0.00140682406074342
PA14_06180	7270.17456255315	1.51159165917096	0.459750600974533	3.28785140458074	0.0010095510975495	0.00164485988160986
PA14_61020	1375.06764710076	-1.54808672292722	0.49901948812213	-3.10225704561731	0.0019205111897404	0.00302098224394252
PA14_55580	20596.4708979715	1.58234772389003	0.520808499376224	3.0382524973867	0.00237954482554187	0.00370109080417882
PA14_61040	10958.4722686469	-1.81958171268388	0.602729814534391	-3.01890112087704	0.0025369331638757	0.00393015589555225
