CB	CorrectedReads	MappedReads	DeduplicatedReads	MappingRate	DedupRate	MeanByMax	NumGenesExpressed	NumGenesOverMean
CGGAATTGTCTACAGT	7336	1939	1936	0.264313	0.00154719	0.0372308	1300	269
TCATGCCGTATCCCAA	7569	1333	1332	0.176113	0.000750188	0.0442055	972	182
CCAATGAAGCTAGTTC	8669	1905	1903	0.219749	0.00104987	0.038851	1289	243
CACGTGGTCTGACAGT	8147	2187	2183	0.268442	0.00182899	0.0637707	1556	308
GTCAAGTCAGACAATA	8006	1024	1024	0.127904	8.93619e-12	0.0324647	751	123
CATCCACAGGCCTGCT	7235	2852	2595	0.394195	0.0901122	0.00625859	1530	308
CTGCCATGTGTCTTGA	8520	2360	2357	0.276995	0.00127119	0.0450514	1414	323
CCGTGAGTCCATTCAT	11807	6637	6161	0.562124	0.0717192	0.0245478	2820	481
AGTAGCTTCAAACCTG	8364	4637	4268	0.5544	0.0795773	0.0467598	2434	652
TTCGGTCAGAGCAAGA	8007	1722	1719	0.215062	0.00174216	0.0349974	1198	228
GCATGATGTCTCAGAT	8739	5532	5025	0.633024	0.0916486	0.0289349	2446	409
AGCCAATGTCTACGAT	10402	2642	2639	0.25399	0.0011355	0.0390755	1608	387
ATTCCCGCAATCCTTT	9589	2494	2492	0.26009	0.000801925	0.0412037	1680	396
CAGCAGCCACAGAAGC	11483	4061	4058	0.353653	0.000738734	0.0224434	2009	289
AGGAGGTCAAGCAATA	8576	5181	4789	0.604128	0.0756611	0.0238501	2308	369
AACAACCTCGCGTGCA	13440	3269	3266	0.243229	0.000917712	0.0293768	1767	496
GACACGCTCCATGAGT	16399	7141	7137	0.435453	0.000560146	0.0367621	2855	735
GAGACCCTCAGCTGTA	12870	3481	3478	0.270474	0.000861821	0.0325619	1978	527
CCCTAACAGCGTTGTT	7031	2438	2437	0.34675	0.000410172	0.035944	1356	320
AGTAACCGTCTGTTAG	7168	4268	3947	0.595424	0.0752109	0.0271787	2017	607
CCTCAACCATGGAAGC	6923	4130	3747	0.596562	0.0927361	0.0406064	2006	578
GATCAGTTCCGGCAAC	6866	1203	1201	0.175211	0.00166251	0.0350391	902	149
AATGGCTAGCACACCC	6925	1491	1490	0.215307	0.000670691	0.0176373	960	172
ATCCACCCAACCGTAT	6885	4417	4045	0.64154	0.0842201	0.0293499	2297	665
GTTCTATTCATGAGAA	7078	1846	1846	0.260808	1.21014e-14	0.0745648	1303	328
TGCTTGCTCGTAGGGA	6827	3464	3368	0.507397	0.0277136	0.0206661	1509	228
TGACCCTTCAGACAAA	6890	1877	1876	0.272424	0.000532765	0.0452637	1219	260
CACACAAAGGTTCATC	6670	1978	1978	0.296552	5.16143e-13	0.0668469	1345	260
TGGATGTCACTGATTG	17922	13658	12542	0.76208	0.0817104	0.0116138	3025	410
CGAATTGCAGTTTGGT	6739	3601	3311	0.534352	0.0805332	0.0264965	1760	439
CTCATTATCGTTATCT	6436	3109	2879	0.483064	0.0739788	0.0398975	1640	468
ACTCCCAGTCCTGGGT	6239	2577	2572	0.413047	0.00194024	0.0305536	1403	363
CCGTGAGCAGAATTCC	6054	1279	1279	0.211265	9.98757e-13	0.0557104	883	166
GGGATCCTCGGTCATA	5880	2005	2003	0.340986	0.000997506	0.0309005	1271	286
TTCATGTGTCACTCAA	6791	1671	1669	0.246061	0.00119689	0.0666055	1139	253
CTTCTCTCACGTATAC	5845	3590	3334	0.6142	0.0713092	0.0188797	1698	474
GCCCGAATCTACGGTA	5697	1491	1490	0.261717	0.000670691	0.0602629	989	198
GCCAGCATCACATACG	6074	1020	1019	0.167929	0.000980392	0.0487187	747	112
ACATCGAAGAAACACT	6162	3477	3193	0.564265	0.0816796	0.0459027	1831	490
GTTTGGAGTCGAGATG	5677	2129	2129	0.375022	4.28213e-13	0.0552069	1244	288
TTACAGGTCCTTATCA	5575	1600	1598	0.286996	0.00125	0.0744954	1129	240
CACGAATGTGGCACTC	5629	1688	1686	0.299876	0.00118483	0.0580339	1076	245
TCTCCGACAGGCTCTG	5648	1315	1314	0.232826	0.000760456	0.0521615	933	178
TGCGACGGTAGGACTG	5565	1540	1538	0.27673	0.0012987	0.070544	991	199
TTCACGCAGCTGTTCA	5741	3184	2905	0.554607	0.0876256	0.0435343	1711	445
CCTTGTGAGGTCATTC	5370	2731	2525	0.508566	0.0754302	0.0608111	1597	390
CCAATTTGTCATCCCT	12414	9572	8680	0.771065	0.0931885	0.000933607	1710	102
CACTAAGCAGACCAGA	5235	1928	1925	0.36829	0.00155602	0.0366667	1250	282
GACCCAGGTCACTGAT	5334	1643	1641	0.308024	0.00121729	0.0830718	1162	226
ATCCCTGCACCTAAAC	5119	1851	1848	0.361594	0.00162075	0.0538336	1226	247
CTTCGGTTCACCGGGT	5122	1397	1396	0.272745	0.00071582	0.0501581	994	193
TCATCCGGTCGAACAG	5105	1556	1553	0.304799	0.00192802	0.0383646	1012	214
CATGCAAAGTCCGCCA	4961	1894	1893	0.381778	0.000527983	0.0415478	1199	252
TCTCTGGGTATAGGAT	5059	2911	2710	0.57541	0.0690484	0.0343708	1546	366
AGAAGCGGTGGAAATT	5713	5313	5133	0.929984	0.0338792	0.0246898	100	3
GTTTGGACACCGAATT	4870	1507	1505	0.309446	0.00132714	0.0708502	1118	215
TCAGCCTAGCTTACGT	4844	638	637	0.131709	0.0015674	0.0668977	529	67
CAGATCAAGACGACGT	5690	5304	5133	0.932162	0.0322398	0.014338	141	3
GGTTGTAAGTGCAGCA	4955	1420	1417	0.286579	0.00211268	0.043771	981	195
GCCCGAACACAATGCT	5042	1745	1743	0.346093	0.00114613	0.0661279	1146	243
CGCCATTGTTCTATCT	5026	2682	2456	0.533625	0.0842655	0.0392032	1528	340
AGTTAGCGTCCTTGTC	4737	3347	3056	0.706565	0.0869435	0.056558	1743	433
GTAATGCAGCCTGTCG	4757	2501	2296	0.525752	0.0819672	0.0569572	1493	324
AGAGAATCACGTGTGC	4666	3196	2935	0.684955	0.0816646	0.0120621	1502	413
ATCTCTAAGTGCTCGC	5465	5128	4953	0.938335	0.0341264	0.0173738	115	3
TCAAGCAGTTTGTTCT	5309	4941	4786	0.930684	0.0313702	0.0130586	178	3
GAAGTAATCGTGACTA	4649	1081	1080	0.232523	0.000925069	0.0676692	840	125
CGTTCTGTCGAGTGAG	4659	1656	1655	0.355441	0.000603865	0.0702402	1122	230
ACTATGGGTAAGCAAT	4631	2457	2273	0.530555	0.0748881	0.0609383	1492	336
GCAACATTCACGGACC	4599	2651	2379	0.57643	0.102603	0.0290087	1390	338
TTTGTTGTCCGTGACG	4571	1484	1482	0.324655	0.00134771	0.077918	951	211
TCAGTTTTCTGCGGGT	4543	690	689	0.151882	0.00144928	0.026749	477	41
TTACAGGCAGCATACT	4569	1776	1629	0.388707	0.0827703	0.0754726	1136	227
AAGGTAATCATCGCCT	4545	2506	2288	0.551375	0.0869912	0.0610329	1562	359
CCACGAGAGCCTATCA	4466	2506	2288	0.561129	0.0869912	0.05415	1457	341
ATGGTTGAGTAGGAAG	4458	1260	1259	0.282638	0.000793651	0.0480901	935	172
TCGAAGTAGGTCGCCT	4482	1343	1343	0.299643	1.75748e-12	0.0461037	971	188
GTATTGGTCCAATCCC	4500	1260	1257	0.28	0.00238095	0.0624441	915	167
GTTGCTCGTTTACCTT	4451	1227	1227	0.275668	1.01582e-11	0.0887202	922	161
GTTCTATCAACGTTAC	4446	1911	1909	0.429825	0.00104657	0.0435328	1154	275
CTGGTCTAGGAAAGTG	4592	4298	4146	0.935976	0.0353653	0.0234513	88	3
AAGTGAAAGTGGACTG	4381	1714	1713	0.391235	0.000583431	0.0556169	1100	222
GAGGGTATCGGTGAAG	4320	1204	1203	0.278704	0.000830565	0.0649428	842	157
AGAAATGTCATTTACC	4346	2597	2344	0.597561	0.0974201	0.0269531	1474	350
CTAACTTTCTGCGTCT	4261	2632	2451	0.617695	0.068769	0.0363844	1531	374
CTTACCGTCGGAATGG	4291	2234	2046	0.520625	0.084154	0.00726305	1252	220
ACTGTCCGTGGCAACA	4483	2638	2418	0.588445	0.0833965	0.0410632	1550	354
AACAAGACAAGTTCCA	4282	3352	3261	0.782812	0.027148	0.00330186	1044	58
TCTCACGGTCCCTGTT	4225	2164	1987	0.512189	0.081793	0.0527545	1395	301
TTTCGATGTAGACTGG	4199	2395	2224	0.570374	0.0713987	0.0554517	1383	308
GTGGAAGTCGAAGCAG	4173	1663	1662	0.398514	0.000601323	0.0497963	1043	223
TGCATCCTCTCTCCGA	4184	1239	1237	0.296128	0.00161421	0.139658	949	174
TTGTGGAGTATGACAA	4086	1482	1482	0.362702	1.66138e-11	0.0454378	906	221
GGAATCTCACTACACA	4245	2332	2126	0.549352	0.0883362	0.052196	1405	298
ACTTCGCCACTGTGAT	4040	1259	1259	0.311634	2.20157e-13	0.0517894	935	162
GACATCAAGTCAACAA	4297	621	621	0.144519	0	0.0493405	434	57
ACCCTTGCACTGAATC	4219	3946	3792	0.935293	0.0390269	0.0162941	126	3
ACCTGTCGTAGTGGCA	4000	2792	2736	0.698	0.0200573	0.00348441	807	34
TTGGGATAGTGTAGTA	4194	3861	3760	0.920601	0.026159	0.018251	116	3
CAATACGTCACCTCTG	4004	951	950	0.237512	0.00105152	0.0877841	773	106
TGTGCGGAGTTGGCTT	3935	1378	1377	0.350191	0.000725689	0.0434549	932	180
CGTTAGATCTTCCGTG	3960	2126	1948	0.536869	0.0837253	0.0685602	1353	316
GGGTTATCAGGACGAT	3882	2556	2378	0.658423	0.0696401	0.0459073	1400	375
CGGCAGTAGGGTGAAA	3912	2277	2080	0.582055	0.0865173	0.0471431	1337	300
CTCATCGGTTTCACAG	3907	1448	1446	0.370617	0.00138122	0.0551551	971	204
CACCGTTAGAGGACTC	3998	3689	3568	0.922711	0.0328002	0.0205461	103	3
AGTAGTCAGTCTGCGC	3966	3617	3506	0.912002	0.0306884	0.0182736	114	3
CCGATGGAGACGATAT	3874	2428	2208	0.626742	0.0906096	0.0380427	1451	318
AGCGCCAAGAATTTGG	3819	1489	1361	0.389893	0.0859637	0.0102758	833	119
ATCACAGGTGAATATG	3802	772	772	0.203051	1.15175e-11	0.0472807	628	85
TTCCTTCTCATGTCAG	3766	855	855	0.227031	2.01728e-13	0.0629371	715	95
GTGGGAACATCGTGGC	3818	723	723	0.189366	2.16949e-12	0.145766	620	95
ATTCCCGTCTCAATCT	3824	996	996	0.26046	0	0.100677	761	145
CCACACTTCATAGAGA	3876	1936	1772	0.499484	0.0847107	0.0464121	1232	258
ACGGGTCCATAGATCC	3993	955	955	0.239169	-2.22045e-16	0.0799029	747	133
TCAAGACAGGCTAACG	3776	2906	2846	0.769597	0.0206469	0.00387994	938	39
GCTGAATCAAGGCAAC	3766	2182	1994	0.579395	0.0861595	0.0432726	1280	279
TCAAGTGAGCCAGTAG	3744	2867	2814	0.765759	0.0184862	0.00391369	935	39
TGTTTGTGTTCATCTT	3721	2365	2172	0.635582	0.0816068	0.0594124	1354	321
AGCGATTGTAAGGTCG	3746	2594	2365	0.692472	0.0882806	0.0337284	1323	338
TGAGGTTTCGTAATGC	3695	942	941	0.254939	0.00106157	0.0743638	703	130
GATGATCCAGCATGCC	3718	1891	1734	0.508607	0.0830249	0.0600249	1256	248
AACCAACGTCCGGATC	3659	2192	1994	0.599071	0.0903285	0.0429002	1328	280
AGACACTCACTCAGAT	3674	393	391	0.106968	0.00508906	0.0502959	338	35
TCCGATCGTAGGCAAC	3628	2166	2012	0.597023	0.0710988	0.0313684	1309	281
GTAGAGGTCCTGTTGC	3636	2945	2863	0.809956	0.0278438	0.00393442	960	74
CTTACCGCAGATCCAT	3523	2134	1954	0.605734	0.0843486	0.037438	1273	278
TAGAGTCCAATGCAGG	3588	2120	1941	0.590858	0.084434	0.0596588	1205	268
CTTCTCTTCGGTCACG	3524	621	620	0.17622	0.00161031	0.085659	517	79
TCCGAAACAGCGCTTG	3511	721	719	0.205355	0.00277393	0.0486008	569	76
TGCAGTACAATCCTAG	3470	1890	1740	0.544669	0.0793651	0.0102251	770	60
AACGAAAAGTCTACCA	3606	3336	3234	0.925125	0.0305755	0.0319535	84	3
AGATCCACACCTGTCT	3590	1891	1737	0.526741	0.0814384	0.0499655	1242	247
GAGCCTGCACGCCACA	3529	3266	3170	0.925475	0.0293938	0.0171532	115	3
ACTGTGAGTCCGGATC	3438	885	885	0.257417	1.74971e-13	0.0444545	711	109
AACAAAGCACTGCGAC	3399	1945	1748	0.572227	0.101285	0.0547928	1227	258
ACAGAAAGTGTTGATC	3359	1165	1163	0.346829	0.00171674	0.0573471	845	145
CAGCGTGCAAATGGAT	3398	1844	1685	0.542672	0.0862256	0.0379821	1199	241
TACCGAACAGATTCGT	3488	439	438	0.12586	0.0022779	0.158009	396	45
AGGTCATCACGCACCA	3511	3282	3185	0.934776	0.0295551	0.0178401	110	3
TTTGGTTGTCCAAAGG	3356	1009	1009	0.300656	1.16629e-12	0.0795616	746	140
CCTCACACACTCAGAT	3354	1386	1365	0.413238	0.0151515	0.00633852	730	130
ATCCCTGTCGTTGTAG	3468	3228	3134	0.930796	0.0291202	0.0254383	88	3
AGTTCCCCATGAAGCG	3457	3189	3076	0.922476	0.0354343	0.0342875	63	3
GGGCTCAAGAATCTAG	3324	2363	2320	0.71089	0.0181972	0.00482525	778	51
AGAAGTAAGCGCATCC	3278	547	547	0.16687	1.04858e-11	0.0580125	449	59
CAGCAGCGTCCACACG	3349	420	420	0.125411	1.35558e-13	0.0737489	335	41
TTCGATTCAGGAATAT	3263	508	507	0.155685	0.0019685	0.074362	487	49
GACATCACATGTTCGA	3832	1270	1151	0.33142	0.0937008	0.0191716	619	80
AAAGGGCAGAGTGGCT	3287	2205	1999	0.670824	0.093424	0.0516137	1291	307
TCAGTGAGTGTGCCTG	3205	1913	1749	0.59688	0.0857292	0.0514563	1133	258
GGTGAAGCAGGACTTT	3256	2497	2440	0.766892	0.0228274	0.00387603	805	44
CGGGTCATCGTAGGAG	3194	1992	1834	0.623669	0.0793173	0.0528606	1285	283
CTAACTTGTGTGATGG	3302	3033	2931	0.918534	0.0336301	0.0232067	100	3
ATGGGAGCAAGTGGAC	3169	513	513	0.161881	1.33227e-15	0.0627753	454	54
CGCATGGAGCCACAAG	3139	1631	1512	0.519592	0.0729614	0.0831866	1136	233
CATGCGGTCGCCAGTG	3210	1387	1298	0.432087	0.0641673	0.0312828	883	142
AGGAAATCACTTGGCG	3123	1938	1766	0.620557	0.0887513	0.0261053	1109	235
ACACTGAAGTATGACA	3107	410	409	0.13196	0.00243902	0.110243	371	42
CAGGTATAGCAGTACG	3091	1180	1178	0.381753	0.00169492	0.0582505	749	144
AGATAGATCCGGCAAC	3148	2039	2001	0.647713	0.0186366	0.00451432	552	24
CAATTTCTCACAATGC	3166	282	281	0.0890714	0.0035461	0.189744	271	38
ACTTCCGCACTCTCGT	3061	988	988	0.32277	7.30338e-12	0.0743752	738	141
TGGCGTGTCCGGTAAT	3054	999	997	0.327112	0.002002	0.0513335	747	123
AATAGAGCAAAGTGTA	3079	1974	1816	0.641117	0.0800405	0.0896923	1191	263
GTAGGAGTCCCAGTGG	3114	1657	1510	0.532113	0.0887145	0.0107561	735	52
GACGTTAAGCCGCTTG	3086	2812	2718	0.911212	0.0334282	0.0208042	111	3
TTCTAACAGAGCCGAT	3046	828	826	0.271832	0.00241546	0.0838068	616	96
GTTACGAAGTATGAGT	2994	735	735	0.245491	1.09622e-11	0.0723425	635	84
AGGCATTAGTTACGAA	3033	1169	1067	0.385427	0.0872541	0.0671386	815	129
CCTAACCCATGTCGTA	2994	2291	2218	0.765197	0.0318638	0.00451842	767	55
ATCGGATGTTAGGGAC	3059	2890	2792	0.944753	0.03391	0.043253	59	3
ATCATTCCACTCATAG	3007	406	406	0.135018	1.83564e-12	0.0455668	270	31
AGGTAGGAGTGCCTCG	3013	302	302	0.100232	7.27862e-13	0.158032	273	36
CAATTTCAGTCTTGGT	3015	341	340	0.113101	0.00293255	0.10201	303	35
CGGTCAGAGATTAGAC	2973	1920	1789	0.645812	0.0682292	0.0534221	1196	273
GCTGGGTGTTGGCTAT	2954	1602	1479	0.542316	0.076779	0.0578797	1111	210
CTCCACATCTACACAG	2910	353	352	0.121306	0.00283286	0.110962	363	275
TCACACCCAGTATTCG	2897	809	808	0.279254	0.00123609	0.0939098	717	107
TTTGGTTCAGCGTATT	2928	868	868	0.296448	5.36104e-12	0.0800147	678	118
CACGTTCTCCCGTGTT	2926	1604	1604	0.548189	1.83331e-12	0.0123522	787	105
TCACACCGTGGGAGAG	2895	1779	1617	0.614508	0.0910624	0.0305382	1059	212
CTGAGCGCACCCTATC	2880	2171	2127	0.753819	0.0202672	0.00450275	802	47
GGGCTCAGTTGACGGA	2913	2719	2627	0.933402	0.033836	0.0444305	47	3
ATCGTGACAGCAGACA	2878	2236	2198	0.776928	0.0169946	0.00432507	825	36
ATCCTATAGGCCATAG	2868	1630	1498	0.56834	0.0809816	0.0423259	1106	215
CACTAAGAGGTTCTTG	2874	2196	2142	0.764092	0.0245902	0.00511144	774	52
CTCAGGGAGCCAACCC	2802	1675	1637	0.597787	0.0226866	0.00935605	313	16
TCCGTGTTCCCTCAAC	2840	2217	2163	0.780634	0.0243572	0.0052115	756	63
AGGCTGCGTAATTGGA	2835	1769	1609	0.623986	0.0904466	0.0591066	1047	226
CCGGGTAAGGGTTTCT	2850	2647	2561	0.928772	0.0324896	0.0348578	62	3
TCGGATAGTGTTCCTC	2800	1422	1371	0.507857	0.035865	0.0437963	1118	172
TGGGAGAAGTCTACCA	2776	2213	2153	0.79719	0.0271125	0.00458516	766	58
CGTGAATTCATCGGGC	2769	1729	1601	0.624413	0.0740312	0.0598281	1115	250
GGGTGTCCAATTGCAC	2762	2172	2119	0.786387	0.0244015	0.00386146	692	27
GAGGGTAAGTCCGCGT	2752	420	419	0.152616	0.00238095	0.124332	337	46
AGAACCTCAACTGAAA	2740	1368	1252	0.49927	0.0847953	0.064271	974	179
ACTACGAGTCAAGGCA	2712	366	365	0.134956	0.00273224	0.0662432	290	31
CATGCCTGTGGAACCA	2732	1676	1639	0.61347	0.0220764	0.00736695	412	11
TTGTGGAGTGCATTTG	2724	2075	2022	0.761747	0.0255422	0.00433561	745	35
CACAACATCACTGGTA	2701	678	678	0.251018	1.44207e-12	0.0532768	606	74
TAAGCACGTAGAGTTA	2748	678	678	0.246725	2.6279e-13	0.0511312	510	67
CTCATGCGTGTCCCTT	2706	463	461	0.171101	0.00431965	0.0910348	422	41
GGGACAATCGTGGGTC	2710	1295	1293	0.47786	0.0015444	0.0573392	902	176
TACCGGGGTCCAGGTC	2759	806	737	0.292135	0.0856079	0.0327556	500	71
ATTCGTTAGTTGGGAC	2680	479	478	0.178731	0.00208768	0.0359398	380	36
GGTTGTAGTAGCTTTG	2682	2072	2027	0.772558	0.0217181	0.00431565	742	46
GCGTGCAAGCTGTCCG	2700	756	756	0.28	1.33227e-15	0.0619621	581	95
CCGGTGAAGCTTCGTA	2674	2137	2088	0.799177	0.0229293	0.00342412	794	53
GGGCCATGTATGTCAC	2680	2517	2432	0.939179	0.0337704	0.0232957	89	3
ATACCGACACCCAATA	2644	335	335	0.126702	7.99028e-13	0.0938375	357	255
ATCATTCAGCCGTCGT	2676	2533	2457	0.946562	0.0300039	0.05	39	3
AACGGGAGTCCAGCCA	2659	1530	1415	0.575404	0.0751634	0.0704787	1181	203
TCACAAGAGAATTCAG	2672	2454	2377	0.918413	0.0313773	0.0276537	76	3
AGTGATCCAAATAAGC	2588	280	280	0.108192	1.50063e-10	0.124387	268	34
AGGCATTCAGCGTACC	2627	394	394	0.149981	2.44249e-15	0.0868415	349	41
CCCTAACTCGGAATGG	2568	723	721	0.281542	0.00276625	0.102255	641	92
TGAGGAGGTGGCACTC	2616	2086	2038	0.797401	0.0230105	0.00534524	758	53
GTGTCCTTCACTTATC	2670	2533	2459	0.948689	0.0292144	0.0356274	68	3
GACAGCCCACGGAAGT	2541	449	446	0.176702	0.00668151	0.0306824	316	38
ACGGTCGGTAAGCGGT	2542	1663	1633	0.654209	0.0180397	0.00788386	421	23
CCAAGCGCATCCGAGC	2541	352	352	0.138528	5.82823e-12	0.045959	333	34
CCCGAAGCAGCTACCG	2538	1125	1019	0.443262	0.0942222	0.0603101	768	120
CGAAGGAGTCAATCTG	2512	387	386	0.154061	0.00258398	0.0550328	334	32
TCATTGTGTCTGTGCG	2529	532	532	0.21036	2.44392e-11	0.0538026	412	53
TGGGAGAAGCCTCTGG	2548	1437	1326	0.563972	0.0772443	0.0639034	1038	182
GAGCCTGGTGACACAG	2501	1394	1268	0.557377	0.0903874	0.0380952	951	156
CACAGGCGTGTACGCC	2498	1914	1873	0.766213	0.0214211	0.00559348	689	41
CGGTCAGAGGCTGTAG	2446	1799	1758	0.735487	0.0227904	0.00775372	410	19
GGGACCTGTTATGACC	2411	407	407	0.16881	2.24054e-12	0.0249326	371	25
AAGACTCTCACCTCGT	2432	1784	1735	0.733553	0.0274664	0.00590625	759	39
TCTATCATCTAGTCAG	2390	894	827	0.374059	0.0749441	0.0738195	659	94
GGGTATTGTCTCGACG	2493	2305	2235	0.924589	0.0303688	0.0370888	71	3
CTCCCAATCAGCATTG	2388	1122	1022	0.469849	0.0891266	0.050937	836	108
TAGGGTTGTGCAAGAC	2393	1052	1052	0.439616	-4.44089e-16	0.0846544	731	143
GCTGGGTAGTCACTCA	2362	303	303	0.128281	6.59138e-11	0.104339	242	37
ATCAGGTAGGTAACTA	2362	269	268	0.113887	0.00371747	0.174787	278	229
ATCGGATGTACTGACT	30471	21602	19616	0.708936	0.0919359	0.000537865	3427	226
GACGTTAGTCTTCATT	2359	368	368	0.155998	3.03402e-12	0.0461037	307	38
CATTCATAGTCCCAGC	2323	415	415	0.178648	8.00515e-12	0.114704	402	40
TCCTAATTCTACGGTA	2380	2208	2139	0.927731	0.03125	0.0424759	42	3
TAGACTGGTCGAGATG	2297	1199	1085	0.521985	0.0950792	0.0763977	789	132
GTCAAACGTAACATAG	2325	2037	1967	0.876129	0.0343643	0.0239062	88	3
TGGCGTGAGCACCTGC	2356	2179	2099	0.924873	0.0367141	0.0338494	65	3
AACGTCACACGGTAGA	2495	363	362	0.145491	0.00275482	0.0695886	306	40
GTTGTCCCACTACGGC	2277	1024	940	0.449715	0.0820313	0.0896006	807	127
GAAACCTTCTCGCAGG	2295	2142	2058	0.933333	0.0392157	0.0414251	48	3
TGTCCACCAGCAGGAT	2282	2122	2043	0.929886	0.037229	0.0422548	61	3
AAAGGATCAGCGTATT	2266	332	331	0.146514	0.00301205	0.0763376	271	40
TCTCTGGTCAGATTGC	2249	597	597	0.265451	0	0.0676641	519	66
CCACACTGTCGACTTA	2474	1007	937	0.407033	0.0695134	0.014705	531	59
CTCAAGATCCATACTT	2144	749	684	0.349347	0.0867824	0.0864728	565	78
TAAGCACCATAGCTGT	2142	952	878	0.444444	0.0777311	0.0835236	657	106
CCGTTCATCTCTTAAC	2129	529	529	0.248473	2.22045e-16	0.178475	494	47
GTTGAACAGGGTTAGC	2120	1405	1383	0.662736	0.0156584	0.0123832	227	9
ATTCTACTCGACGAGA	2097	368	367	0.175489	0.00271739	0.201096	365	42
TCGGGCAGTAGGTTTC	2104	800	748	0.380228	0.065	0.0359852	385	55
ATCAGGTGTTGTAGCT	2225	2044	1969	0.918652	0.0366928	0.020002	115	3
TCACGCTGTTCCTTGC	2089	412	412	0.197224	1.108e-13	0.0564693	384	32
ACTTTCACATCATGAC	2268	298	298	0.131393	2.22045e-16	0.0547895	259	33
CTGCATCGTATAGCTC	2259	953	952	0.421868	0.00104932	0.196857	806	131
CTTTCGGTCGGACAAG	2071	295	294	0.142443	0.00338983	0.102083	320	226
ATACCGAGTTATAGCC	2095	1959	1892	0.935084	0.0342011	0.0650776	33	3
TCATTTGAGGGCAAGG	2042	606	560	0.296768	0.0759076	0.070396	430	45
TGATTCTTCAGCTAGT	2071	1883	1821	0.909223	0.0329262	0.0151598	154	4
ATTGGGTAGGCACTAG	2079	1955	1896	0.940356	0.030179	0.0494587	41	3
CTCCCTCCAAGACTGG	2061	507	456	0.245997	0.100592	0.0845384	348	47
TCACGCTGTGCAATAA	2041	488	487	0.239098	0.00204918	0.0458958	393	55
GACCCTTCATTCAGGT	2052	1616	1573	0.787524	0.0266089	0.00722421	573	39
AGAACCTAGCGCCTAC	2013	602	599	0.299056	0.00498339	0.12101	495	76
CAATGACGTTCTTCAT	2031	330	330	0.162482	1.92518e-11	0.17754	336	275
AATTTCCGTCCTGGTG	2003	416	416	0.207688	4.44089e-16	0.163	397	46
CACCAAATCTAATTCC	1986	397	397	0.199899	9.67759e-12	0.172309	384	47
ATTACCTGTACGATCT	2006	1901	1826	0.947657	0.0394529	0.0490491	41	3
TTGGGATGTGTTCATG	2087	588	549	0.281744	0.0663265	0.0383653	421	52
GAACACTCAATGTGGG	1970	1218	1189	0.618274	0.0238095	0.00873391	286	13
TATACCTAGTATTCCG	1906	414	414	0.217209	1.55431e-15	0.0958333	432	321
ACAGCCGCAATCCTTT	1990	525	488	0.263819	0.0704762	0.0693782	414	39
GATTCTTCAGTGACCC	1894	227	227	0.119852	4.18487e-11	0.306343	247	191
TAACGACGTATAGGAT	1904	301	301	0.158088	4.96181e-12	0.052993	284	27
GTCGAATTCGCACTCT	1907	1814	1762	0.951232	0.0286659	0.0579205	29	3
TTAGGGTAGAAGCCAC	1884	1372	1340	0.728238	0.0233236	0.00698353	520	20
TCCATGCCATCAGTGT	1857	523	481	0.281637	0.0803059	0.0714503	396	46
ACTTATCAGGGTAGCT	1870	748	693	0.4	0.0735294	0.0163305	412	50
CTTCTAACAGACCAAG	1835	517	516	0.281744	0.00193424	0.14726	438	59
TCACTCGTCATTCACT	1823	398	398	0.218321	3.83723e-11	0.146918	387	34
CATTGAGGTGTTTGCA	1814	445	445	0.245314	1.48148e-12	0.223618	398	49
GTCGTAATCCTACCAC	1832	531	531	0.289847	1.19904e-14	0.163838	463	60
GTTCGCTCAGTTACCA	1842	719	664	0.390337	0.0764951	0.0109972	499	50
GCAGCTGCACGTGTGC	1807	509	506	0.281682	0.00589391	0.207803	487	46
TTCCACGGTTGCATAC	1804	382	382	0.211752	0	0.158178	345	34
AGGAATACAGTTTCAG	1812	839	755	0.463024	0.100119	0.0431034	604	61
TAACGACTCGCGAAGA	1765	648	647	0.367139	0.00154321	0.0602421	537	86
AGATCGTAGAGAACCC	1749	857	797	0.489994	0.0700117	0.0627312	605	80
GCATGATTCACATCAG	1732	1188	1176	0.685912	0.010101	0.00765431	397	29
AACAAAGTCTTGATTC	1722	238	238	0.138211	0	0.104021	208	17
GCGGAAACACATGACT	1778	422	420	0.237345	0.00473934	0.0301724	290	24
TGTTGAGTCTGGGAGA	1726	1315	1292	0.761877	0.0174905	0.00822988	547	32
TCATTTGGTGATATAG	1722	1327	1303	0.770616	0.0180859	0.00668027	484	23
ATCGTCCGTAATGATG	1734	190	190	0.109573	1.45878e-11	0.236416	196	142
TGCGGGTTCGAACTCA	1708	1027	1007	0.601288	0.0194742	0.0124626	201	19
AGCTTCCCAAGAAATC	1716	495	495	0.288462	1.39538e-11	0.117521	468	53
CTCAGGGGTGCATGTT	1681	246	245	0.146341	0.00406504	0.215101	279	217
ACCAACACACGGTAGA	1719	322	322	0.187318	2.22045e-16	0.230659	349	261
GCGGAAAAGTATCCTG	1694	554	512	0.327037	0.0758123	0.0538006	340	34
GCAACCGAGGTACCTT	1678	1195	1173	0.712157	0.01841	0.00621424	429	17
TATCTTGTCCACTGAA	1707	358	358	0.209725	2.03393e-13	0.0553494	294	34
GCCATGGGTCTTTCAT	1676	1076	1051	0.642005	0.0232342	0.00901898	249	12
CTCACTGTCCGGACGT	1676	195	194	0.116348	0.00512821	0.181903	237	162
CCGATGGGTAGTGCGA	1675	511	509	0.305075	0.00391389	0.0902162	434	60
GGATCTACAGGCACTC	1675	312	312	0.186269	1.63414e-11	0.116903	348	263
CTCAGGGCATGTGGTT	1658	495	454	0.298552	0.0828283	0.0734628	412	43
TTATTGCAGAGGCGTT	1649	620	614	0.375985	0.00967742	0.17578	499	86
TTATTGCGTCCTATAG	1657	339	339	0.204587	2.22045e-16	0.180511	313	44
TAACACGAGGCGACAT	1646	1081	1058	0.656744	0.0212766	0.00798539	362	19
GGTAGAGTCCACGGGT	1617	294	294	0.181818	5.66214e-15	0.20346	289	31
AATGGCTCATCAGCAT	1628	1006	990	0.617936	0.0159046	0.0112272	247	10
GTATTGGAGACTGTTC	1591	599	563	0.376493	0.0601002	0.0606158	387	51
ACAAGCTCAAGACCGA	1590	447	398	0.281132	0.10962	0.103619	334	35
GAAGTAACAGTGGGTA	1641	577	528	0.351615	0.084922	0.0699987	397	45
TGTACAGAGCAGTAAT	1590	1219	1186	0.766667	0.0270714	0.006198	476	26
CCACCATCATAGACTC	1586	366	366	0.230769	4.56335e-12	0.0517314	283	32
CTCCTCCAGGTCCTGC	1588	398	398	0.25063	0	0.10135	357	41
ATTACCTCATCCGTTC	1585	239	239	0.150789	4.62245e-10	0.0961384	226	22
GAGACCCTCGGAAGGT	1584	996	974	0.628788	0.0220884	0.00985661	316	10
TATCTTGAGGTTGTTC	1550	171	171	0.110323	2.32667e-10	0.201271	177	145
GTAGCTAAGCTACTGT	1565	473	433	0.302236	0.0845666	0.0802521	327	38
GTTAGTGTCAGAACCT	1583	600	599	0.379027	0.00166667	0.0523373	545	79
GCGGATCTCCGTCCTA	1540	379	346	0.246104	0.0870712	0.101795	309	30
AGTAGCTAGAGTGTGC	1647	325	325	0.197328	0	0.0581187	233	25
AGGAGGTGTTTCCATT	1541	1387	1348	0.900065	0.0281182	0.0658653	27	3
TGATCAGCACAGCCTG	1536	343	341	0.223307	0.0058309	0.268082	318	36
CCCAACTGTCAGACGA	1533	430	430	0.280496	-2.22045e-16	0.169225	363	51
GTCTACCGTATCCTTT	1549	467	442	0.301485	0.0535332	0.0740026	332	37
AGAGCCCAGTCGGCAA	1505	276	276	0.183389	4.42757e-13	0.0453202	203	18
TCGTGGGCAGAAACCG	1508	1169	1147	0.775199	0.0188195	0.00705586	508	18
TGTAGACTCCTGTTGC	1504	1186	1152	0.788564	0.0286678	0.0064916	467	18
TTCCGGTTCTTTCAGT	1496	407	407	0.272059	1.11022e-16	0.186869	363	49
ATACTTCGTCTTACAG	1496	283	283	0.189171	8.09133e-11	0.0670934	222	22
ATCCTATGTTTGGCTA	1482	313	313	0.211201	1.42966e-11	0.21512	291	30
CTTCCGAGTAAGGTCG	1472	1046	1027	0.710598	0.0181644	0.00982869	387	18
CCGTGAGAGATTGAGT	1472	373	373	0.253397	5.86198e-14	0.224699	332	40
CAATCGAAGCACTCAT	1486	413	383	0.277927	0.0726392	0.104989	304	48
GGTCTGGTCTACCACC	1501	453	419	0.301799	0.0750552	0.0555649	328	34
TTGACCCGTTGCGGCT	1462	351	350	0.240082	0.002849	0.120773	322	31
AGGTTACAGCCTATTG	1452	876	861	0.603306	0.0171233	0.0118634	189	9
TCTCCGACAACCGACC	1467	272	272	0.185412	4.21343e-11	0.0615106	201	20
GATGTTGGTTTGACAC	1450	197	197	0.135862	3.44169e-15	0.197	250	168
AGGTTACTCGACGCGT	1468	498	452	0.339237	0.0923695	0.0598993	343	27
AGGTCTAAGTTCCGGC	1443	354	353	0.245322	0.00282486	0.254323	347	38
TCCCAGTAGTTCATGC	1411	354	354	0.250886	9.07368e-11	0.212613	333	37
CCGGACAGTTAACCTG	1409	373	373	0.264727	7.53105e-11	0.178128	349	41
TCATGAGAGCGGACAT	1420	280	279	0.197183	0.00357143	0.167528	268	23
GTCGTAAAGGTAGTAT	1439	190	190	0.132036	1.1895e-11	0.115854	164	22
GAGCCTGCACTTGAAC	1390	860	848	0.618705	0.0139535	0.0125166	250	12
CCATAAGTCGTAACAC	1373	580	527	0.422433	0.0913793	0.0432677	406	49
TGCTGAATCGGTAGGA	1372	498	498	0.362974	1.03493e-11	0.166589	391	76
CACCAAATCACGAGGA	1373	339	339	0.246905	8.05567e-11	0.172783	327	42
TCGGTCTTCAATCCGA	1376	419	418	0.304506	0.00238663	0.180406	331	56
CCACGTTAGCACGTCC	1362	851	836	0.624816	0.0176263	0.0140722	188	8
CAGATTGTCTGCGGCA	1356	856	836	0.631268	0.0233645	0.0114114	198	10
GACAGCCAGACTGGGT	1340	827	817	0.617164	0.0120919	0.014906	203	11
TCGTAGAAGGGTCACA	1339	214	214	0.159821	9.37905e-12	0.0682398	196	19
GAGTCTATCGTTACCC	1335	167	167	0.125094	2.22045e-16	0.304189	183	135
AACAACCGTTTCGATG	1335	538	537	0.402996	0.00185874	0.189218	473	60
GCGAGAAAGGTTCCGC	1320	818	798	0.619697	0.0244499	0.0145804	229	7
TCAGGGCCATTGGGAG	1316	814	810	0.618541	0.004914	0.0126971	191	10
TATTCCAAGCGACCCT	1325	437	401	0.329811	0.0823799	0.0860161	311	36
GACCGTGTCCCTATTA	1312	902	884	0.6875	0.0199557	0.0110379	284	13
ACCTACCAGCAGATAT	1314	232	232	0.17656	4.65161e-10	0.0924671	193	25
TCCATCGTCCGTGACG	1305	297	297	0.227586	2.63252e-11	0.0597826	216	23
TCAGCAAAGTTGCATC	1306	1211	1160	0.927259	0.042114	0.0230525	68	3
GTGTGATCAGTTGAAA	1297	546	512	0.420971	0.0622711	0.0606491	469	49
CGAAGTTAGACATCCT	1302	425	425	0.326421	3.69027e-12	0.190925	371	48
ATTGGGTGTACCTGTA	1291	402	373	0.311387	0.0721393	0.0229242	307	33
TCTTAGTAGCGATGGT	1294	780	763	0.602782	0.0217949	0.0134419	159	8
CTACAGATCTGCTCTG	1275	199	199	0.156078	-6.66134e-16	0.148729	223	171
CACGTGGGTATCGGTT	1276	1127	1037	0.883229	0.079858	0.0521866	641	159
CCGGTAGTCCATAAGC	1279	403	403	0.31509	1.60971e-12	0.218428	369	46
CAAGGGACAGCCCACA	1268	787	775	0.620662	0.0152478	0.0146436	202	6
CCTCACAGTATAATGG	1267	292	290	0.230466	0.00684932	0.34279	282	28
ACTCTCGCAAGAGGTC	1255	397	397	0.316335	1.11022e-16	0.191233	346	45
CTATAGGCAGCCATTA	1247	365	333	0.292702	0.0876712	0.0905137	283	28
TAGGTACTCCGCTTAC	1267	565	528	0.445935	0.0654867	0.0558524	155	17
CATGGTACAGCTCCTT	1241	289	289	0.232877	1.84293e-11	0.177083	272	23
TTTCCTCAGTCCCAAT	1229	253	253	0.205858	4.64928e-12	0.262448	241	18
GCTCAAATCGAACGCC	1244	370	368	0.297428	0.00540541	0.157399	334	36
AGGACGAGTCTTCCGT	1224	908	888	0.74183	0.0220264	0.0107851	332	25
ACAAAGACAACGGGTA	1221	508	471	0.416052	0.0728346	0.0896801	404	47
TTCTTCCTCGTGGGTC	1220	263	263	0.215574	4.81423e-11	0.147339	357	230
GTTCTATTCGCGTGAC	1208	896	884	0.741722	0.0133929	0.00706228	366	12
GTAATCGAGCTACAAA	1205	189	189	0.156846	1.04965e-11	0.273913	230	163
GTCAAGTCAGTCGTTA	1194	533	531	0.446399	0.00375235	0.0574675	385	69
ATGGGAGCAATCTCGA	1194	500	462	0.41876	0.076	0.085429	416	42
TCAGCAATCCGGGACT	1179	258	256	0.21883	0.00775194	0.0891055	221	20
CCCATTGTCAGAGTGG	1192	384	356	0.322148	0.0729167	0.0822361	333	26
AAGCCATCACCATAAC	1174	761	754	0.648211	0.00919842	0.0119404	291	12
TGATCTTGTCCGAAAG	1161	212	212	0.182601	4.16469e-11	0.247086	286	186
TCAATCTAGAGGTGCT	1178	461	433	0.391341	0.0607375	0.0806865	358	41
ACCAACATCATGCCGG	1154	1090	1045	0.944541	0.0412844	0.0258715	66	3
TTCTTGATCGAGAAAT	1151	345	345	0.299739	0	0.276442	312	38
GGAGGATAGTTGCATC	1153	1059	1026	0.918474	0.0311615	0.0591593	41	3
GGGATGAAGAGGACTC	1146	502	502	0.438045	6.97564e-12	0.127931	436	60
GGTGTCGGTATGTGTC	1144	487	449	0.425699	0.0780287	0.067085	291	30
GTCCCATAGGTAAACT	1133	251	251	0.221536	4.68603e-12	0.311029	269	222
AGGCTGCGTGTGAATA	1138	820	813	0.720562	0.00853659	0.0115277	358	19
GATTCGAAGGAAGAAC	1109	379	378	0.341749	0.00263852	0.173077	312	49
TAATCTCCACCAGACC	1108	463	460	0.41787	0.00647948	0.1366	449	47
ACGGTTAGTCCCTCAT	1106	325	302	0.293852	0.0707692	0.0602073	264	31
AGACAGGCAGAACGCA	1130	768	753	0.679646	0.0195312	0.0198367	146	11
GTAACACAGACCATAA	1099	311	311	0.282985	2.20521e-11	0.334409	310	28
AGTTAGCGTGGTCAAG	1154	498	458	0.431542	0.0803213	0.0389946	379	40
TGAGACTAGAAGTCTA	1100	203	203	0.184545	4.30775e-11	0.121266	186	23
GTAGCTACACTAGGTT	1083	208	208	0.192059	3.09306e-11	0.162754	213	179
TGCAGGCCACGATTCA	1084	596	595	0.549815	0.00167785	0.0268744	246	12
CATACAGTCGAGTGGA	1082	376	376	0.347505	7.77156e-16	0.216092	348	46
GGATGTTGTCGAATGG	1080	696	686	0.644444	0.0143678	0.0124628	198	12
GTGCGTGTCCCATTTA	1129	387	360	0.342781	0.0697674	0.0503696	286	33
CTACCCATCGAGTCTA	1077	333	333	0.309192	3.34877e-12	0.195308	341	270
GTTCTATTCGTGGCGT	1051	316	316	0.300666	2.69339e-11	0.214966	294	29
TTTGGAGCATCCGATA	1059	294	266	0.27762	0.0952381	0.125235	236	27
GTTAGTGGTCATCAGT	1068	1020	980	0.955056	0.0392157	0.0416171	58	3
TTATTGCTCGCCTCTA	1045	257	256	0.245933	0.00389105	0.067086	212	22
TGCATCCAGCGTGCCT	1033	207	207	0.200387	0	0.343284	201	16
GGTAGAGAGTCATACC	1044	925	905	0.886015	0.0216216	0.0060591	391	27
AGGAATATCCGACAGC	1018	283	267	0.277996	0.0565371	0.166045	268	211
GAGGGTATCGGCCAAC	1032	849	824	0.822674	0.0294464	0.0334416	112	14
TCTGGCTAGCTACAAA	1014	263	263	0.259369	1.04562e-11	0.211245	249	26
TGCGACGTCAGCCCAG	1006	197	196	0.195825	0.00507614	0.158704	247	165
AAAGGGCAGACGCATG	1007	826	757	0.820258	0.0835351	0.0533249	676	90
AGACACTCACAATGCT	1005	250	250	0.248756	1.026e-11	0.264831	236	21
TACCGAAGTCCGACGT	1009	183	183	0.181368	0	0.138636	165	17
ACGTAGTGTAATTGGA	1005	222	222	0.220896	3.33067e-15	0.25576	217	20
TCCTTCTGTCCGGACT	997	144	144	0.144433	4.44089e-16	0.331797	217	122
GTCAAACTCGGAAACG	988	222	222	0.224696	0	0.0566327	196	14
GATTGGTAGACATCAA	988	320	292	0.323887	0.0875	0.065677	247	32
CGAGTTACAGGATTCT	968	851	827	0.879132	0.0282021	0.0108971	387	15
GTCTTTATCCCGTGTT	958	262	262	0.273486	2.40836e-11	0.239927	273	218
ACCACAACATGAATAG	958	201	200	0.209812	0.00497512	0.197628	253	176
CAAGAGGTCGCGAAGA	957	384	351	0.401254	0.0859375	0.0964021	331	31
GAGTGTTGTGCCGTTG	960	151	151	0.157292	3.33067e-16	0.18149	208	118
CTGAGCGGTCGAATGG	938	199	199	0.212154	7.84989e-11	0.0600302	195	16
TTACGTTAGAATCGAT	928	192	192	0.206897	1.13243e-13	0.0839895	127	21
GTTAGACCACTCAGAT	919	179	179	0.194777	0	0.144471	177	9
GTCGCGATCGTCCTCA	956	185	184	0.193515	0.00540541	0.25	184	12
TCTCCGAAGGATAATC	914	547	532	0.598468	0.0274223	0.0130973	151	4
TGAGGTTAGCTGACTT	900	347	346	0.385556	0.00288184	0.0982955	320	37
CGAGGCTTCGATGCTA	921	204	204	0.221498	1.11022e-16	0.280709	203	19
GTAGAGGTCACAACCA	897	306	306	0.341137	-2.22045e-16	0.278182	275	34
AACACACGTAGGTGCA	874	438	438	0.501144	-2.22045e-16	0.0548803	347	40
CTGTATTAGTCATAGA	873	234	234	0.268041	1.84919e-11	0.234	200	26
TGTCCCAGTCACTTAG	852	275	274	0.32277	0.00363636	0.185763	295	219
TGTGAGTAGCACCTGC	858	762	737	0.888112	0.0328084	0.0507996	39	3
TCATCATAGGTCACAG	850	294	294	0.345882	5.63225e-11	0.153846	273	32
GTAATCGTCACGATAC	847	234	234	0.276269	0	0.201724	232	16
GAAGCCCAGGAAAGTG	824	237	237	0.287621	-2.22045e-16	0.264509	224	17
AGTGTTGCAGATCATC	844	244	244	0.2891	4.8207e-12	0.224265	272	197
CACACAAAGCGATGCA	816	168	168	0.205882	-1.11022e-15	0.203636	275	150
ATCACGAAGACTTAAG	816	317	317	0.38848	0	0.299057	265	44
CCTCTCCAGTGCCTCG	803	166	166	0.206725	0	0.172917	160	12
CCTCCAAAGAGGTATT	814	239	238	0.293612	0.0041841	0.262115	227	21
TCCTTCTCATGTCAGT	786	472	465	0.600509	0.0148305	0.0157749	181	11
TTTAGTCGTTCCTAAG	783	665	650	0.849298	0.0225564	0.0166923	132	5
CACAGGCAGCGATTCT	778	223	223	0.286632	3.33067e-16	0.238248	234	178
CTATCCGTCGATACGT	768	492	479	0.640625	0.0264228	0.0163325	141	9
GTAAGTCTCTACACTT	792	124	123	0.156566	0.00806452	0.312977	131	105
CGAAGGAGTGTCTAAC	762	315	309	0.413386	0.0190476	0.0298984	265	24
GTCATGAGTAGTCTGT	753	701	685	0.930943	0.0228245	0.0716677	27	3
GTCGCGATCGAGAAAT	750	480	476	0.64	0.00833333	0.0168866	174	8
GTCTTTAGTTATGGTC	742	558	556	0.752022	0.00358423	0.0101796	283	13
CATGCTCGTACCAATC	741	164	164	0.221323	2.22045e-16	0.144621	162	11
TGTTCCGTCTCCACTG	740	256	256	0.345946	0	0.275862	232	29
GTATTGGGTAGCTGAG	734	686	669	0.934605	0.0247813	0.180323	10	2
CCACCATTCTCCTGAC	711	208	208	0.292546	0	0.181501	191	18
TGCAGATTCCGCGGAT	712	597	542	0.838483	0.0921273	0.051007	462	75
GTAACACCAAACCATC	680	218	218	0.320588	-2.22045e-16	0.208612	209	18
TCGGGTGGTCGGCTAC	684	624	611	0.912281	0.0208333	0.0697489	60	7
CCTCTCCAGATGGCGT	698	515	503	0.737822	0.023301	0.0136314	246	8
CTCAAGAGTGCGGTAA	679	198	198	0.291605	0	0.34375	192	13
ACCCTCAGTGACGTCC	670	169	169	0.252239	2.22045e-16	0.165686	170	135
TTTGATCTCAGGACAG	664	458	454	0.689759	0.00873362	0.0253122	118	12
TTCTGTAGTTCTTAGG	655	143	143	0.218321	0	0.328736	145	132
TTTCACAGTCGGCACT	649	150	149	0.231125	0.00666667	0.245066	152	128
GACTCTCAGAGCCTGA	637	204	203	0.320251	0.00490196	0.278846	182	21
GTTGTGAAGGTCGTGA	661	526	498	0.795764	0.0532319	0.0705903	126	17
CGCAGGTAGTCACTGT	626	569	554	0.908946	0.026362	0.0585129	36	3
CACAACAGTGTTATCG	619	552	542	0.891761	0.0181159	0.097781	23	3
ATTGTTCTCTCGCAGG	610	219	219	0.359016	-2.22045e-16	0.24442	224	183
AGTCAACAGGATCATA	627	484	443	0.77193	0.0847107	0.0774644	130	16
AAGCATCCACATACGT	608	274	274	0.450658	0	0.0923181	212	33
ACCGTTCTCCACGGGT	599	183	181	0.305509	0.010929	0.219394	165	13
AGAGAGCTCTGTAACG	629	460	429	0.73132	0.0673913	0.0857314	139	15
GGGTAGAAGTCCTACA	597	226	226	0.378559	1.11022e-16	0.264019	214	25
ACATCCCTCAATGTCG	599	577	549	0.963272	0.0485269	0.0635417	20	2
GATAGCTTCGCACTCT	596	501	492	0.840604	0.0179641	0.0431619	85	16
CACGAATAGGGAGGCA	596	211	211	0.354027	-2.22045e-16	0.125595	210	16
TACCTGCCACCCTAGG	590	186	186	0.315254	-2.22045e-16	0.252717	184	11
CTTTCGGGTCAGTTTG	594	463	459	0.779461	0.00863931	0.0134011	233	19
GACTCAATCTTGATTC	584	494	482	0.84589	0.0242915	0.0367658	95	14
TGCGGCAAGGTAAACT	581	192	192	0.330465	-2.22045e-16	0.210989	182	15
ACAAAGATCTTACCGC	574	333	333	0.580139	2.22045e-16	0.049115	226	19
CTACGGGAGCTCCATA	568	249	249	0.43838	-2.22045e-16	0.332	250	217
GCTACAACATGGGTTT	568	211	211	0.371479	5.57454e-12	0.151472	199	13
ATAGACCCACATATGC	558	180	180	0.322581	-2.22045e-16	0.31746	189	154
GGCTTGGCATGAAGCG	572	488	456	0.853147	0.0655738	0.0231355	365	52
CGATGGCAGCCGAACA	550	221	221	0.401818	3.20776e-11	0.0552638	129	15
CCCTAACGTTGTAAAG	550	387	380	0.703636	0.0180879	0.02933	82	13
TTCGGTCCAGTCGGTC	536	419	412	0.781716	0.0167064	0.0268965	74	13
AGGATAATCATCGCCT	522	144	144	0.275862	2.22045e-16	0.230769	156	128
CGTGTCTCAGGATGAC	520	300	298	0.576923	0.00666667	0.0348538	57	3
CCACTTGGTGTCCAAT	515	178	177	0.345631	0.00561798	0.478378	185	157
CACGGGTCAATACGCT	510	263	263	0.515686	4.47231e-12	0.0250357	191	21
TCGCTCAAGGTGGGTT	508	106	106	0.208661	1.89651e-11	0.296919	119	91
ACGATCATCTTTACAC	500	145	145	0.29	0	0.122054	132	13
AGGTTGTCACTGAGGA	497	233	215	0.468813	0.0772532	0.114682	125	18
GTTGTAGGTCTACACA	489	163	163	0.333333	-4.44089e-16	0.227654	179	144
TTAATCCGTGGCTTGC	485	152	152	0.313402	0	0.324786	156	130
TGTTCTAAGAGCAGCT	534	431	425	0.807116	0.0139211	0.0392646	88	13
TTGTGTTAGGATTCAA	494	157	157	0.317814	0	0.268836	146	13
TAGACCAAGAGCTTTC	485	153	152	0.315464	0.00653595	0.531469	143	14
AAGCGAGGTTGGGAAC	490	415	407	0.846939	0.0192771	0.0493932	80	14
TGTAACGAGTAGCTCT	481	259	258	0.538462	0.003861	0.0699946	194	15
ACCACAAAGATGAAGG	479	159	159	0.331942	0	0.225532	141	16
CTGATCCCACCAGGTC	478	152	151	0.317992	0.00657895	0.318565	158	128
TGGAGGATCGCAGAGA	467	160	160	0.342612	0	0.34632	154	13
CACGTTCGTATGTGTC	474	160	160	0.337553	2.22045e-16	0.208333	192	137
CCACCATGTTGAATCC	474	219	216	0.462025	0.0136986	0.0608108	148	13
ATTGGGTGTTATTCTC	461	175	175	0.37961	4.18998e-13	0.053681	163	11
CATGAGTAGTATGGCG	465	270	270	0.580645	1.66533e-15	0.0961538	351	217
AGCGTATTCGCTGATA	446	210	210	0.470852	0	0.0903226	155	17
TATATCCGTTCCACGG	426	104	102	0.244131	0.0192308	0.236111	108	81
TTCTAGTTCCTACAAG	428	353	321	0.824766	0.0906516	0.0619094	305	39
GCCAGGTAGCTGAGTG	417	170	170	0.407674	0	0.259146	164	14
TACGTCCAGGTAGGCT	410	262	259	0.639024	0.0114504	0.0307759	182	13
CTCTGGTTCGGCTATA	402	132	132	0.328358	0	0.352	125	8
CGTGTCTCAAGATGTA	402	307	305	0.763682	0.00651466	0.024945	187	11
CAGATCAGTAATGTGA	398	126	124	0.316583	0.015873	0.161458	96	16
AGCATCAAGTTCATCG	401	155	155	0.386534	7.40004e-11	0.100649	140	13
ATTTCACAGTAGGATT	396	261	258	0.659091	0.0114943	0.038797	70	5
ATTACCTAGCCTGAAG	397	189	189	0.476071	0	0.33871	186	12
TGTTCATAGTCACAGG	395	158	158	0.4	0	0.351111	150	12
AGCGCCACAGCTTTGA	392	294	280	0.75	0.047619	0.0771988	117	16
AGTCTCCAGATTCGCT	391	216	216	0.55243	0	0.154286	200	16
CTATCCGTCATCGGGC	390	219	205	0.561538	0.0639269	0.115039	162	21
CCGCAAGGTCCACATA	453	337	315	0.743929	0.0652819	0.0717409	122	13
CTGATCCGTATCACCA	370	204	204	0.551351	3.33067e-16	0.061706	174	17
TGGATCAGTTCTCCAC	369	256	241	0.693767	0.0585938	0.055594	255	177
GAAGCGACAATCCTTT	370	203	203	0.548649	0	0.248775	204	175
ATCCATTCACCATAAC	389	275	254	0.706941	0.0763636	0.104227	106	15
TTACAGGAGCTGACCC	367	116	116	0.316076	0	0.483333	120	107
CCGATCTCACAGTACT	365	90	90	0.246575	0	0.478723	94	82
CATCCGTGTGTCACAT	359	297	275	0.827298	0.0740741	0.0971731	283	191
TGTTCATGTTCAACGT	357	157	156	0.439776	0.00636943	0.206623	151	13
AGCTACAGTCTGATAC	356	289	284	0.811798	0.017301	0.0572812	67	11
AGGTTGTGTAGCGATG	509	405	383	0.795678	0.054321	0.0400556	131	15
TCACTCGAGTAGTCCT	354	98	98	0.276836	0	0.462264	106	87
GTTACGATCGACGCTG	352	172	172	0.488636	-2.22045e-16	0.240223	179	149
AGGTCTACAGTCTTCC	354	183	183	0.516949	0	0.0822842	139	15
TCCCACACACCCTATC	350	169	169	0.482857	0	0.35654	158	15
GAATCACGTCGTTATG	344	124	124	0.360465	5.70322e-13	0.203279	122	7
AGAGAGCTCTATGCCC	351	264	248	0.752137	0.0606061	0.0762608	271	162
TTTATGCGTGAGCCAA	343	273	246	0.795918	0.0989011	0.0905077	302	170
GTTGCGGCACATATGC	343	188	188	0.548105	1.11022e-16	0.319728	196	167
CCACCATAGGCCATAG	342	277	272	0.809942	0.0180505	0.0360551	92	15
GTAGCTAAGGTTTGAA	322	223	202	0.692547	0.0941704	0.138832	97	14
GAGCCTGAGACCAAGC	318	159	159	0.5	0	0.15665	145	9
CTTCCTTGTTCGTTCC	317	220	206	0.694006	0.0636364	0.0995169	230	154
TTACCGCGTGGCTACC	310	155	155	0.5	0	0.0930372	98	11
ACTATGGTCCTTCAGC	308	148	148	0.480519	-2.22045e-16	0.506849	146	12
GGAACCCCACATCCCT	308	247	238	0.801948	0.0364372	0.0480226	84	13
AATGGCTGTCAGTTTG	309	152	152	0.491909	0	0.344671	147	13
TCGATTTCATCCAACA	298	108	108	0.362416	1.11022e-16	0.267327	101	7
ACGGTTAGTCACGACC	301	135	134	0.448505	0.00740741	0.197059	136	120
CCTGCATAGGGTCTTT	296	261	257	0.881757	0.0153257	0.0293446	151	10
GCAACATAGCGGATCA	294	196	177	0.666667	0.0969388	0.123776	143	16
TCGGGACCATACCATG	292	229	228	0.784247	0.00436681	0.0542857	84	11
AGCTTCCTCTGATTCT	287	243	222	0.84669	0.0864198	0.0657583	211	15
TGAGGTTTCTCTTAAC	288	209	192	0.725694	0.0813397	0.143498	223	133
CAGCAATAGGACAGTC	284	119	119	0.419014	1.11022e-16	0.336158	118	6
ATCTTCACAAGACGAC	280	203	181	0.725	0.108374	0.0695084	186	127
ATCGTAGTCCGGGACT	268	193	183	0.720149	0.0518135	0.0747549	153	17
GTAGGTTCAAGTATCC	265	129	129	0.486792	0	0.2	129	8
TAGTGCAAGTCGTCTA	272	213	199	0.783088	0.0657277	0.122236	88	13
AGTTAGCTCATTGGTG	253	110	109	0.434783	0.00909091	0.465812	117	101
GCATCGGAGCTAGATA	252	217	214	0.861111	0.0138249	0.0412173	59	9
CTACCTGCAACAGTGG	251	112	112	0.446215	2.22045e-16	0.470588	119	101
TTGGGATGTGTGACCC	250	204	203	0.816	0.00490196	0.0700483	46	12
TAACACGCATAGATGA	248	186	184	0.75	0.0107527	0.034717	100	10
TTTGGTTTCTTCTCAA	247	115	115	0.465587	1.11022e-16	0.311653	123	103
AACCTGACACCCTGTT	245	97	97	0.395918	0	0.5	97	2
AGGATAATCTGCCCTA	217	129	123	0.59447	0.0465116	0.087234	94	18
CTGGACGAGCAATAGT	212	177	175	0.834906	0.0112994	0.030012	119	13
GACGCTGAGGTAATCA	206	172	168	0.834951	0.0232558	0.0641711	77	11
GTTAGACAGCATGATA	227	167	155	0.735683	0.0718563	0.095679	108	15
TCAGTTTCACAATCTG	204	162	161	0.794118	0.00617284	0.0378041	91	8
GTAACACGTGCCCTTT	242	197	194	0.81405	0.0152284	0.044649	79	12
GTGTAACTCCCTTGGT	206	163	162	0.791262	0.00613497	0.0501548	85	10
GTTGTAGAGGAACGCT	203	148	141	0.729064	0.0472973	0.120719	146	114
CATTCATAGCGTGCCT	186	140	131	0.752688	0.0642857	0.0933048	78	14
CACGTGGGTCTGTGTA	187	148	142	0.791444	0.0405405	0.142714	199	100
