	Tumor_Core	Fibroblast_Stroma	T_Cell	B_Cell	Macrophage	Endothelial
1	0.0935002272391393	0.0434080314526092	0.0383675820505563	0.698833142144406	0.0344566062492982	0.0914344108639909
2	0.0507275714230228	0.0531943319936715	0.0499720934076229	0.046930141447287	0.0615405288382487	0.737635332890147
3	0.00429116897690091	0.00596359171820974	0.0106199763452397	0.265801695182037	0.24188546160179	0.471438106175822
4	0.0133148092082035	0.00824623489081426	0.247523304722282	0.237351310831901	0.232794339810595	0.260770000536205
5	0.0485980868521375	0.00665274492968305	0.0073079446356729	0.0144210793583721	0.295185623537751	0.627834520686383
6	0.0825126519729881	0.0145531090391879	0.0090792518044467	0.00236940757712426	0.452441812678663	0.439043766927591
7	0	0.0165978658393877	0.013464750844432	0.259164691343595	0.705059932675711	0.00571275929687458
8	0.0685856784478505	0.0165653266317517	0.0467713674757206	0.701673816034156	0.0954281084409721	0.0709757029695488
9	0.0539345224623683	0.0469572410891526	0	0.436915499129769	0.00833105809099024	0.45386167922772
10	0.0848906158779647	0.0590516933285321	0.0643875608419347	0.6942595719933	0.0150466293895333	0.0823639285687347
11	0.0524094105733492	0.0581647324550636	0.00728640446838341	0.0671494245770371	0.76815338731994	0.0468366406062268
12	0.0494672170806573	0.0764264548816017	0.0675945479570287	0.0762912752436747	0.0723422392475104	0.657878265589527
13	0.0283505724776763	0.0510919240869144	0.0687457631412822	0.742220000327704	0.0564715536826231	0.0531201862838003
14	0.0332999503900996	0.00126167425195041	0.0537092747968718	0.031576322199698	0.443169495450842	0.436983282910538
15	0.0189588705299767	0.0272049667030107	0.0261388615091397	0.456882903626304	0.425310136714763	0.0455042609168059
16	0.022574421768661	0.00116682416837117	0.0403511534273967	0.461062972535653	0.0392446180763278	0.43560001002359
17	0.0316442052213177	0.021669673412167	0.454272397179132	0.435517859448396	0.0454669260551795	0.0114289386838085
18	0.0191938189046253	0	0.0182816716605762	0.906437756643856	0.0135355923100152	0.0425511604809273
19	0.031190344848095	0.459140149115197	0.407291486916683	0.0198880005944197	0.0403138501416754	0.0421761683839294
20	0.0043715921763982	0.0221399376580929	0.448456409871302	0.471037380527923	0.0273718338623942	0.0266228459038894
21	0.107358257308353	0.0499180950483355	0.73265511906733	0.0503836989793081	0.0596848295966732	0
22	0.0602705539015636	0.064762152237515	0.727087014390573	0.0531964869373421	0.0458659408924087	0.048817851640598
23	0.050149439657961	0.00497404968777261	0	0.0250705006773423	0.0601803150406504	0.859625694936274
24	0.0555284752986863	0.042729219145769	0.0632259002047386	0.740254445037857	0.0423772517095101	0.0558847086034392
25	0	0.0050461224506047	0.646193201235275	0.0169254050561362	0.0155679191023424	0.316267352155642
26	9.0179058946803e-05	0.0781249558624823	0.0540150992938477	0.0537800090255908	0.0943342128740104	0.719655543885122
27	0.010364189954636	0	0	0.0107286073061174	0.403384555226942	0.575522647512305
28	0.0800543975283014	0.00700252322241264	0.0661950304618086	0.0826466845174945	0.716630262613001	0.0474711016569822
29	0.00254056647951828	0.0184009166308362	0.439656436946861	0.457121029706074	0.0551319614296008	0.0271490888071103
30	0.0521436996879157	0.0333114142146577	0.735671281206416	0.0638784988221891	0.0756681598262171	0.039326946242604
31	0.0277052659833121	0.0207924516422977	0.294645821119468	0.323515131737192	0.00302447253284357	0.330316856984886
32	0.027291198718515	0.0267959275483462	0.0411422221359914	0.426188748925409	0.440751060008332	0.0378308426634063
33	0.0828323163834857	0.0322128994273445	0.0588212647275622	0.0496410905756967	0.741478321438382	0.0350141074475291
34	0.020121322665857	0.0142061106046687	0.041749871867868	0.878084390026175	0.0286631471553745	0.0171751576800568
35	0.010995877396361	0.0296991067582109	0.0212946626232748	0.321465353484321	0	0.616544999737832
36	0.031350043317529	0.0530938145866981	0.0415373816148144	0.053154196170999	0.0546632744483928	0.766201289861567
37	0	0.0378093460580287	0.0351476805533573	0	0.00315151512855791	0.923891458260056
38	0.0140342270651253	0.011878981890431	0.00415693967752147	0.629680477235209	0.326136729986614	0.0141126441450996
39	0	0.0317937318429213	0.00496638578231119	0.0619941982544057	0.0175171354617328	0.883728548658629
40	0.0108155421646064	0.0238324052136957	0.0151870479655582	0.613888417009225	0.016359834157055	0.319916753489859
41	0.0452842695847662	0.0639726581055358	0.0905225500001532	0.120177685034496	0.650661852212592	0.0293809850624567
42	0.00103592279079967	0.00743507078296634	0.648649564618269	0.300008042619958	0.0160480930407295	0.026823306147278
43	0.00350754914374897	0.333241744235241	0.313376541636357	0.0174124405136294	0.0263141622385271	0.306147562232497
44	0.0227830473447996	0.038478086454779	0.0229925972586873	0.45760833785723	0.00105518159637365	0.45708274948813
45	0.0243623921886154	0.0151611003405938	0.606270113372681	0.0302470356472609	0.299519817559202	0.0244395408916466
46	0	0.0163620251368613	0	0.0204619077756814	0.2562939244874	0.706882142600058
47	0.0562958419197334	0.0155775872518032	0.0589004925376878	0.0309943994941628	0.416275403122273	0.42195627567434
48	0.0935799548279822	0.0651966146835993	0.0282697204865092	0.678277805978197	0.047708977190454	0.086966926833258
49	0.03812716380654	0.0787127416666834	0.0550136853570533	0.733146921273735	0.0546514103283074	0.0403480775676812
50	0.00621361771435798	0.0131771529291018	0	0.637824100669425	0.0296449704551039	0.313140158232011
51	0.0174711668867731	0.0102172150156353	0.0150291979191092	0.0389075934660415	0.462189866136441	0.456184960576
52	0.0593459817656983	0.0591862627865554	0.0733145530065588	0.0455724118442107	0.0667820082994621	0.695798782297515
53	0.0118778802562058	0.468232324579925	0.0392433342501539	0.460340164270639	0.0133732199983049	0.00693307664477089
54	0.0283534517567347	0.0180748867746007	0.0489284084683186	0.895936519354294	0	0.00870673364605218
55	0.0592484540659547	0.00764533700798767	0.0296403224817484	0.433335566656986	0.0187599431091225	0.451370376678201
56	0.0727311435603142	0.0686546486488954	0.0859277482013894	0.652795404531405	0.0758636543783621	0.0440274006796343
57	0.0385019409922803	0.00636656366927445	0.0531716794417921	0.423585767741194	0.0430210275422616	0.435353020613198
58	0.0330934547980543	0.00317566286757617	0.906468871148068	0.0279113961216906	0.018721680255443	0.0106289348091674
59	0.0577544317834663	0.0573274949670401	0.0848993905716739	0.700806633938179	0.0485004199471493	0.0507116287924913
60	0.00680562547043882	0	0.0165003878207504	0.250647911864856	0.256884564257166	0.469161510586789
61	0.0365565510577802	0.0173668739839692	0.0258998256612955	0.853018996204757	0.0411998732575174	0.025957879834681
62	0.0390578898297321	0.0999392119348576	0.0733634101284856	0.0608450095685862	0.063505115751494	0.663289362786844
63	0.0243596663542884	0.00938276651645439	0.337714663699313	0.60862760973956	0	0.0199152936903843
64	0.111220954711749	0.0848768628960689	0.687184484845651	0.0476323413850207	0.00703193886090318	0.0620534173006074
65	0	0	0.014283812022485	0.309511858207353	0.326913172619214	0.349291157150947
66	0.0233869630964655	0	0.0294662739214939	0.307934367803653	0.350181448282771	0.289030946895616
67	0	0	0.0461224656081013	0.448624893406599	0.035653252129593	0.469599388855706
68	0.0244993839774968	0.100741951280525	0.0479087248872067	0.0466483025372577	0.0488540414424823	0.731347595875032
69	0.05068638611086	0.0217476665684919	0.43876063021417	0.0407572720510123	0.417104339404876	0.0309437056505896
70	0.013042478231648	0.319501949496549	0.00307417754472654	0.0344553846872607	0.0140892814864129	0.615836728553403
71	0	0.304732599617485	0.329276751979639	0.319611789305618	0.0114121780456994	0.0349666810515594
72	0.0360579033908867	0.0812397329790299	0.677776348328934	0.0487523374272227	0.0799297385020248	0.0762439393719014
73	0.0889528667700205	0.0767234778839155	0.6835063037877	0.0671687179353241	0.0407244422851082	0.0429241913379316
74	0.0239860066438964	0.0292728878778706	0.398710966028932	0.0274226197826578	0.0427874087626812	0.477820110903962
75	0.0264557414558153	0.423561379268415	0.0482535044775793	0.455131479506658	0.0180181590055485	0.028579736285984
76	0.01014282242215	0.334014404997547	0.00993365048787034	0.317663855172629	0.0157878005917255	0.312457466328077
77	0.00239060273536885	0.452147449307642	0.0434401975317885	0.445705270069432	0.0219895230326395	0.0343269573231288
78	0.0551829635633925	0.465398779949209	0.0124196613765321	0.386037117422666	0.0398661536811169	0.0410953240070826
79	0.059964772606754	0.0339530970298319	0.0461529814345948	0.726357904709072	0.0803579437206249	0.053213300499122
80	0.046716212634672	0.0186168755129722	0.00975391973174054	0.445208539266089	0.453843570933233	0.0258608819212931
81	0.00869426516786769	0.292583117775529	0.661090260676546	0	0.0201905203790128	0.0174418360010444
82	0.0213670351450935	0.00565874258132119	0	0.485774292933776	0.239875410355898	0.247324518983911
83	0	0.00422942713357144	0.630932969842769	0.00473088470804215	0.0371363659991062	0.322970352316511
84	0.0306284036027846	0.0211920662765167	0.447217704982463	0.453961258482344	0.0206162059011136	0.0263843607547778
85	0.104998676242174	0.00710727223261023	0.745819246926006	0.0591103044719706	0.0247192375470146	0.0582452625802245
86	0.00837921989992311	0	0.0163088313520651	0.259276952627565	0.251162763510549	0.464872232609897
87	0.0200918057010049	0.00190197721220131	0.498877128111802	0.242971275980534	0	0.236157812994458
88	0.00301867675777496	0.0323386265027314	0	0.300987470906307	0.332398542477524	0.331256683355663
89	0.0152323857949359	0.0147753572615618	0.0361028131620413	0.0194119032824909	0.0200938990701489	0.894383641428821
90	0.0267621087321	0.0310753727507531	0.306733553889122	0.323787991629743	0.0093300465377413	0.302310926460541
91	0.0488485625207323	0.0185741635150786	0.00392882370021669	0.29280425751499	0.0219523278138562	0.613891864935126
92	0.0212017159007768	0.0333958294676357	0.424467292199039	0.453818976420444	0.0238961821422095	0.0432200038698954
93	0.0327695037038767	0.0165147811986184	0.0111058112861687	0.874574539327441	0.0389715273321317	0.0260638371517632
94	0.0830863775523114	0.0624625693559782	0.00302424390917833	0.0328458968148109	0.0335157542052683	0.785065158162453
95	0.0359284874837191	0.0130285494754745	0.604787055334868	0.00990724825249454	0.00206152205319266	0.334287137400251
96	0.0205467331743514	0.0189527335914879	0.303440786825982	0.0130159070820295	0.0126317750999866	0.631412064226163
97	0.0850100251674339	0.0596478668956256	0.0711741495697274	0.693249416413389	0.0463027316133216	0.0446158103405029
98	0.0294589209246445	0.0162695328775667	0.306654678812691	0.0218091478896964	0.332061409305707	0.293746310189694
99	0.0253668892266357	0.0439818338883752	0.0261927854134847	0.766602441312143	0.0647972922458263	0.0730587579135348
100	0.0211614666186559	0.470349429681007	0.027372841685271	0.440555480704399	0	0.0405607813106673
101	0.0353914893922542	0.0262806334256073	0.708195785274668	0.122910299453504	0.0379439549838685	0.0692778374700973
102	0.027363494039752	0.307787500629204	0.307245728207836	0.0237444682274173	0.00890476160292761	0.324954047292863
103	0.00459240304630892	0.22510800074336	0.0278168204209512	0.240852510054021	0.0218102100024354	0.479820055732923
104	0.0180491366779373	0.0126428898751433	0.452054622762451	0.461666573827779	0.0215977414748971	0.0339890353817918
105	0.0572741536666873	0.0398282742036063	0.0425903018110529	0.0634170080680705	0.676085060987486	0.120805201263097
106	0.0205200512591447	0.703462768091898	0.0324777972155443	0.0845811669359677	0.0358665054467287	0.123091711050716
107	0.0593201599767086	0.029144143583672	0.0542159638055118	0.0733115536214052	0.0224294823282022	0.7615786966845
108	0.00716423167908192	0.0227545345023804	0.00681321101243021	0.0375714262172056	0.448942822952497	0.476753773636405
109	0.0214308196096636	0.92433633648318	0.0108865942139125	0.00567256776557382	0	0.03767368192767
110	0	0.42357290375606	0.0436709981932857	0.458124318980539	0.0277414316554528	0.0468903474146628
111	0.0165889868881759	0.0206064855437778	0.837882289772848	0.0582772500380733	0.0515728770633026	0.0150721106938224
112	0.0108226716064345	0.449608639939786	0.0163057596939366	0.447727490380928	0.0563317532220632	0.0192036851568509
113	0.0459436663895318	0.0212369168685667	0.446162438631156	0.429114910053971	0.0196654553747157	0.0378766126820588
114	0.019099601872819	0.0370544067885085	0.29945015837262	0.0202434651632735	0.0142444742622882	0.609907893540491
115	0	0.247501027362867	0.233467474931046	0.00851098526616163	0.0118683925309208	0.498652119909004
116	0.121151036944851	0.0414960135264722	0.649040487129541	0.0620299029476505	0.0481529443858868	0.0781296150655983
117	0.101297666720509	0.0290444040674045	0.731469680740976	0.0495432836734253	0.0137723350858104	0.0748726297118749
118	0.0085360096166076	0.0114392197911642	0.630914654127659	0.0108505098750141	0.00125128563744105	0.337008320952114
119	0.0689165115454233	0.0618926783888106	0.760591620579484	0.0103541450386383	0.0403478707515212	0.0578971736961231
120	0.057783835602902	0.064388948011746	0.637018514483214	0.0764262089625437	0.0401613168666214	0.124221176072972
121	0.0159093481523916	0.0340574412286484	0.0302445974293388	0.442241969771011	0.44941672837102	0.0281299150475893
122	0.0497391525597422	0.014980189740206	0.826008745892785	0.0577247432038258	0.0459417915716881	0.00560537703175253
123	0.0537785733268951	0.00686486711154991	0.43930175090895	0.0156063423041076	0.0350270986499195	0.449421367698578
124	0.0198720950691169	0.0138784423647047	0.329767807566281	0.325078216086993	0.00722238266787168	0.304181056245033
125	0.0241023268607732	0.0126762190715845	0.468407115982337	0.0325948564936079	0.425310755708756	0.0369087258829416
126	0.0303580090366983	0.0229846139224027	0.0241496629650058	0.853709644109619	0.0403562009552777	0.0284418690109968
127	0.0154136638780235	0.0374455793004223	0.721190754659303	0.0283825879642095	0.11249203051423	0.085075383683812
128	0	0.0264064553037288	0.313730449511963	0.638169801122276	0.0100967637471783	0.0115965303148543
129	0.0291529216640313	0.705724904357511	0.0959151213862008	0.076450511223082	0.0479151346394463	0.0448414067297287
130	0.0850884915973461	0.0595883053586157	0.0209524085402703	0.717757334063965	0.0939702454611308	0.0226432149786722
131	0.0464965961058434	0.0414545216923109	0.0957119192755352	0.68752918383808	0.0530248836776869	0.0757828954105441
132	0.0473121154774661	0.412070943117775	0.0250895711082826	0.445955495558827	0.0482321883694313	0.0213396863682183
133	0.0342911525522586	0.443318533141981	0.402131430602877	0.0271819361907178	0.0720608435503758	0.0210161039617896
134	0.0486955517110099	0.741639401104085	0.0505875614343509	0.0114285102254272	0.0720804440247343	0.0755685315003931
135	0.0238641725965483	0.617847518629077	0.012867836262539	0.00126865416658297	0.339858166457724	0.00429365188752939
136	0	0.943996037166261	0	0.0135406961555917	0.0164051834487289	0.0260580832294188
137	6.20748638672831e-05	0.0141412451338566	0.29113946487342	0.668301024870072	0.0066168693914293	0.0197393208673545
138	0.00250949708023872	0	0.649090819388589	0.00178840688356458	0.290230374783829	0.0563809018637786
139	0.0164239003253405	0.437543406359591	0.0392382161388368	0.0298289264932224	0.00371307566242007	0.473252475020589
140	0.0438660942139569	0.700092954818417	0.0579415898708876	0.0653922769633613	0.0433431495207489	0.0893639346126284
141	0.0441968166418258	0.876716612653849	0.0510709445053871	0.0251223354480678	0	0.00289329075087051
142	0.0429410825127646	0.440026137309395	0.45036380080167	0.0319051114056546	0.0117757327524485	0.0229881352180675
143	0.00471157338482621	0.315327132663113	0.0174710557811144	0.310337861256574	0.316222970117782	0.0359294067965898
144	0.033208752986838	0.317309646818169	0.00966986308119448	0.01096890063136	0	0.628842836482439
145	0.0487844025706853	0.0436402539412534	0.13013035654	0.0222008094105441	0.0414862298862109	0.713757947651307
146	0.0133547109922362	0.00751499235589479	0.0348466501585271	0.442099897158361	0.0367847528793448	0.465398996455636
147	0.0263422732197169	0.0180020152327917	0.00746696366473552	0.883487988797946	0.0396174772072265	0.0250832818775837
148	0.0735688072120756	0.0447604412795499	0.0293321397340376	0.754394472928892	0	0.0979441388454447
149	0.0695783854963231	0.0331515516410521	0.738335733689863	0.0601213248276406	0.0166038600557471	0.0822091442893741
150	0.0498514819199855	0.0248620595665988	0.428454890193532	0.0233212390158138	0.0138497274504037	0.459660601853666
151	0.0291292102133276	0.0722769579414139	0.036917183081177	0.123136183331619	0.0341575214057415	0.704382944026721
152	0.0379110261610142	0.0357928297500388	0.445626022872595	0.00299559613463465	0.442646014557365	0.0350285105243521
153	0.0380236739842172	0.0513274604821793	0.713744703906352	0.100229182223905	0.0737822095254085	0.0228927698779378
154	0.0211458450178188	0.0167174511755318	0.455344830163257	0.46994592182441	0.00701724253618635	0.0298287092827957
155	0.00811003710297319	8.03450416710048e-05	0.0305879819000984	0.314363307967496	0.0112369479216524	0.635621380066109
156	0.0122176196988804	0.335395888289898	0.292925702678694	0.0135390916320051	0.0385195319665171	0.307402165734006
157	0.020950612191831	0.0394343321086811	0.0516750279855396	0.788059603642677	0.0502648613405826	0.0496155627306882
158	0.00629035048569841	0.00790341493449183	0.719641158849906	0.025273848776919	0.233408923034155	0.00748230391882971
159	0.0435608390318459	0.295021359265844	0.336742690575443	0.0103379882156096	0.00763791663774557	0.306699206273512
160	0.0230390635929415	0.453018149591068	0.0044660492351188	0.486060264306819	0.00090491933112879	0.0325115539429244
161	0.0306812398141898	0.0276796612709864	0.467968920540781	0.00934180854641756	0.447190803234023	0.0171375665936024
162	0	0.433711837824204	0.0229511607476023	0.0433877368658818	0.026352883293608	0.473596381268704
163	0.0297332284230586	0.842722205956024	0	0.0523126683590395	0.0404013307747506	0.0348305664871269
164	0.0367450172618583	0.622371840849598	0.336700335927143	0.00208516862419163	0	0.0020976373372095
165	0.0069671299603769	0.312663287885047	0.00715988744706332	0.019238368541902	0.0232440833673329	0.630727242798278
166	0.00838552845221617	0.710330507662647	0	0.0133363635104563	0.0307601988630673	0.237187401511613
167	0.0560436982989921	0.858610342270093	0.0271851748544556	0.0153371634925959	0.000802349390373879	0.0420212716934892
168	0.0387391795669836	0.408044979395557	0.0175722699376019	0.474639636454126	0.00971902271892903	0.0512849119268024
169	0.0803129862182422	0.00274751363665656	0.761572240909823	0.071364160084283	0.0154431008888871	0.0685599982621085
170	0.0433123966792788	0.427441785096207	0.0200597419855134	0.0230513440549174	0.464709090929795	0.0214256412542882
171	0.00897580241552014	0.919342210782143	0.0271914741395229	0.00120074293884293	0.00849843701441236	0.0347913327095588
172	0.053787240346872	0.0476860453072929	0.032389236390885	0.0983029875420908	0.0915246041986217	0.676309886214238
173	0.0212015594280123	0.867596423716007	0.0329665939882222	0.0155274995970431	0.0198817297719307	0.0428261934987851
174	0.0396600470451462	0.472988769310866	0.00708357114094442	0.465906702743802	0.000309246247548338	0.0140516635116925
175	0.0605468120228406	0.748299275639227	0.0377413635832104	0.0278817704770185	0.0807251998310538	0.04480557844665
176	0.022829895142595	0.0379727959629649	0.0478920849872599	0.429355826628856	0.441042680801248	0.0209067164770766
177	0.0164761547099868	0.0874051112315154	0.0499763220377688	0.725522893256121	0.0695861205009187	0.0510333982636893
178	0.0780737032938481	0.0757252434219661	0.0111101102186143	0.128171952401704	0.674593643756614	0.0323253469072543
179	0.0202269963080084	0	0.450406521864337	0.0436245033834173	0.0164755257927402	0.469266452651497
180	0.0219801063551188	0.000975420088156939	0.00481863983581496	0.035868740759698	0.0224120454306545	0.913945047530557
181	0.0191339474033539	0.0249377093053851	0.00850071118921522	0.296188225997572	0.332695678306381	0.318543727798093
182	0.034980525524637	0.0197924651060136	0.479368132480649	0.436122411137776	0.0211067933226824	0.00862967242824184
183	0	0	0.719215019221949	0.016140298913552	0.0110578779193333	0.253586803945166
184	0.0447642720469257	0	0.629744693482662	0.00571440644583304	0	0.319776628024579
185	0.0262043465595461	0.864905301359416	0.033260044333796	0.00424711488758336	0.0331285712394675	0.0382546216201908
186	0.0541703995295268	0.0622913601126245	0.659935623399748	0.053990630632297	0.116268603603399	0.0533433827224044
187	0.0660771338894922	0.677800601983543	0.0680330546959802	0.0268106238934248	0.0568117746951866	0.104466810842373
188	0.0817311886287265	0.0430048583157848	0.0588986602325255	0.698323839692173	0.037173380620614	0.0808680725101766
189	0.0268878690791252	0.692136314444169	0.091324834971956	0.0659466530847669	0.0265590475394997	0.0971452808804834
190	0.0320950968559606	0.293791270177213	0.00106777081178981	0.639750657593819	0.032975751016891	0.000319453544327074
191	0	0.631095792529546	0.322926725166198	0.00896479647551272	0.0134707532257842	0.0235419326029592
192	0.0321673286150096	0.440647535754899	0.0509567137311884	0.0239058029834343	0.0337687050310785	0.418553913884391
193	0.0100244146490502	0.44839410950414	0.0360674569725507	0.0415507502109579	0.436620664994172	0.0273426036691288
194	0.0247073440493775	0.94437865152107	0.0187237062075114	0	0.0111055421895687	0.00108475603247272
195	0.00796350617697173	0.85796567149574	0.032874208243802	0.0489406565206409	0.00823568092201531	0.0440202766408303
196	0.065689372047183	0.676103647552385	0.041271201095495	0.0746043983651739	0.05384250645359	0.0884888744861732
197	0.03890002916926	0.83037898477587	0.0051133965856592	0.0272352071615122	0.0516176878321881	0.0467546944755101
198	0.0362602724608793	0.45779130211075	0.454585726445198	0.00459160806137534	0	0.0467710909217976
199	6.19495171593895e-05	0.953124598749949	0.0196959928100838	0	0.0196707560428512	0.00744670287995625
200	0.0504071842820037	0.44786302451743	0.0307807463186356	0.438174814377424	0.0136297567342126	0.0191444737702933
201	0.0235705758480998	0.317016463994803	0.622004865081593	0	0.00329089225345889	0.0341172028220457
202	0.00519761921609115	0.610008525043225	0	0.045463376698905	0.316237329262888	0.0230931497788902
203	0.040854012221526	0.722588636858779	0.0402405699220168	0.0469239558006611	0.111751701870844	0.0376411233261732
204	0.00345838982331587	0.764420290064038	0.000744113061164784	0.0831702189173568	0.0415140449369048	0.106692943197219
205	0.020662124117212	0.00928743994054819	0.45337550559584	0.049773177640785	0.0310205879008897	0.435881164804726
206	0.00325925631687359	0.450509619479177	0.0154621145723126	0.264469048235747	0.00428975757822625	0.262010203817664
207	0.00957486380874207	0	0	0.0109390494633557	0.257311065797026	0.722175020930876
208	0.0249928332452905	0.0265085084493111	0.449825426910555	0.435901505615177	0.0285011881866369	0.0342705375930296
209	0.0244252561221399	0.0413336164457552	0.0214745444552244	0.475108288318066	0.431665728247061	0.00599256641175414
210	0.0202130987904025	0.0226024628824563	0.861729008157655	0.0120501032048176	0.0324645748353095	0.0509407521293594
211	0.0279395276390748	0.0475547859447404	0.0438043179429279	0.444393500847609	0.000626400642770261	0.435681466982878
212	0.0171902687101588	0.0229670668717593	0.00933335035058875	0.619978323470428	0	0.330530990597065
213	0.0116792450121161	0.0278186199429087	0.629220753312074	0.00767356433477632	0.0259694503257629	0.297638367072362
214	0.0379961466492236	0.0209377842176444	0.0306007286802584	0.453838763758705	0.0112676316186077	0.445358945075561
215	0.00713647751247707	0.0439765929823742	0.0666322394605831	0.0214406004881924	0.837063528346211	0.0237505612101621
216	0.0880754381991991	0.0894393581345854	0.0323183030119062	0.0690814120592951	0.049714611108251	0.671370877486763
217	0.0216004034671567	0.436661257451024	0.03068559694711	0.454804537021501	0.0272129087282297	0.0290352963849785
218	0.00601998351784229	0.457474045595821	0.041137646261314	0.0192845925643589	0.047477020093617	0.428606711967047
219	0.0856284134495609	0.693904378311796	0.00429451649384135	0.106964987912	0.0503354373023266	0.0588722665304752
220	0	0.619324435845501	0.01575753420407	0.0161225628172398	0	0.348795467133189
221	0.0288521358388383	0.434121888934682	0.0318433422684697	0.0328516707201665	0.0274246444265441	0.444906317811299
222	0.0677462522485873	0.669302981576045	0.0347922909626298	0.0676368836020545	0.0736162492994489	0.0869053423112348
223	0	0.654891495137821	0.00732167700671809	0	0.294421300322251	0.0433655275332102
224	0.0391685636367524	0.453337294577302	0	0.451206258365977	0.033279298162757	0.0230085852572116
225	0.014763213144614	0.889341074974469	0.0171800447629831	0.0380707646108719	0.00421396874002366	0.036430933767038
226	0	0.622828457071718	0	0.313662695921094	0.0397677180935607	0.0237411289136275
227	0.0168863169479372	0.909063175833785	0	0.0053810660401111	0	0.0686694411781666
228	0.0349464227309335	0.761507995546775	0.0119576249586368	0.0538769828016348	0.0647427338351849	0.0729682401268347
229	0.0523321139143004	0.882517990315305	0.0130069657336468	0.0108478144767796	0	0.0412951155599678
230	0.0320891770111849	0.90946086228688	0.0173386915781031	0	0.0411112691238316	0
231	0.0540330685391999	0.767077610406958	0.0442608079167149	0.0151926677767746	0.0489072251605613	0.0705286201997915
232	0.437151663018827	0.445713737049798	0.0260555208500252	0.0436823196421538	0.0309706268611181	0.0164261325780781
233	0.00502196874100579	0.581286965137515	0.0173044455628929	0.0466713515568728	0	0.349715269001713
234	0.0389894367498492	0.443816384365518	0.0488208470696572	0.00975626861205096	0	0.458617063202925
235	0.0539855875628484	0.468137218057776	0.00603459049965502	0	0.0116889832573034	0.460153620622417
236	0	0.0223188821518695	0	0.0114521246828046	0.0452454244900352	0.920983568675291
237	0.0770853712032353	0.0184909772193812	0.761348491874264	0.0398879378813157	0.0575920670319604	0.0455951547898439
238	0.0284288796185984	0.343964147262816	0.0187444693281051	0.309059245969498	0.00155452762592584	0.298248730195057
239	0.0094773718833635	0.0379655461838397	0.751760804246186	0.0590985663885792	0.0533718837337549	0.0883258275642763
240	0.0365537254220688	0.0487476169695756	0.0645377189068853	0.0445431364650075	0.741116238881265	0.0645015633551974
241	0.0230166078984102	0.0137415519957388	0.616183599946475	0.0153213248536514	0	0.331736915305725
242	0.00601925596293112	0.0259483679672551	0.317563828899157	0.0231965095117394	0	0.627272037658917
243	0.0341233299843671	0.0283188099805886	0.44464949140279	0.437150109031218	0.0134112323767797	0.0423470272242564
244	0.0109428190578195	0.0514342597706868	0.012464629020379	0.859173834636354	0.0329434504377856	0.033041007076975
245	0.0450021488223633	0.0233507838055924	0.460884252207748	0.436378288922454	0.0130388833221256	0.0213456429197167
246	0.000336587019279233	0.326292206950395	0.624583184677419	0.0191805435023017	0.00747634356267841	0.022131134287926
247	0.0784712661107973	0.693830293083188	0.0667185657173651	0.0447810976797513	0.0550210041753161	0.0611777732335821
248	0	0.906106574198356	0	0.0469472623234596	0.00983583104800255	0.0371103324301815
249	0	0.91653871621634	0.0179981982290479	0	0.0400706172408657	0.0253924683137462
250	0.0702112185885314	0.67979768028871	0.0591591556185822	0.0503389538193818	0.0834369417190736	0.0570560499657211
251	0.0372901868582979	0.876238363127999	0.00122922054219597	0.0144272793567611	0.0449988526675088	0.0258160974472374
252	0.0227920460794842	0.0756127691863671	0.675149749423058	0.0890747308367166	0.050114398008961	0.0872563064654134
253	0.0623296689505853	0.677256248202137	0.055641611359526	0.0535779767395745	0.0280515196703914	0.123142975077786
254	0.0133975338098468	0.313044646048499	0.000398162428041515	0.0181795227329699	0.317967565735467	0.337012569245175
255	0.0271830714865421	0.322132117111325	0.0182361759466245	0.293627801297582	0.322671290970501	0.0161495431874262
256	0.0557040005442413	0.711667697227376	0.00189469419089142	0.111495791686367	0.0532841506035371	0.0659536657475873
257	0.0398954666052099	0.461476475739378	0.0275439473384516	0.0388017891942295	0.418453197719677	0.0138291234030545
258	0.0528139429559584	0.0657122902436767	0.0643754154872221	0.0566960102084428	0.0480328876735236	0.712369453431177
259	0.0718243849894019	0.0634620748089671	0.0375511600285048	0.0345434172666294	0.0349688831658095	0.757650079740687
260	0.0127773119029265	0.641146836639728	0.0193304846012783	0.0252359561507239	0	0.301509410705343
261	0.0633914529849551	0.736387727921271	0.043255537756902	0.0369425650558998	0.0251692356302245	0.0948534806507477
262	0.0187384311390505	0.915780544395873	0.0223081215541081	0.0145342921928398	0.0199444877154079	0.00869412300272103
263	0.0299690619242536	0.78707226152586	0.0123308105690555	0.0660562091479234	0.038120454445135	0.0664512023877729
264	0	0.318869346750892	0.0123939159709691	0.0169000682598602	0.621642225439627	0.0301944435786508
265	0.0115795006528737	0.00974270116237757	0.316475302342874	0.0194350173670637	0.346931183541133	0.295836294933678
266	0.0592429312244356	0.739563422935541	0.00720480064959798	0.0805470299401073	0.0402232498071743	0.0732185654431437
267	0	0.49355209425769	0	0.485964795873671	0.00919885904320473	0.0112842508254345
268	0.0278624200239017	0.0249382616940797	0.0183740757954537	0.877178188332279	0.032485788773614	0.0191612653806719
269	0.0339338486466534	0.00474053669938566	0.952787942346269	0.00853767230769232	0	0
270	0	0.326083334487631	0.0172406940603707	0.332215021723059	0	0.324460949728939
271	0.0558333781869463	0.0254508374757786	0.0544106819721621	0.699340840545194	0.0702215706799179	0.0947426911400014
272	0.0137554267016143	0.0123732767628282	0.624990524653204	0.00952402654157306	0.332380217920373	0.00697652742040727
273	0.0417010706307825	0.0224645123503279	0.0147010908082162	0.0209651542001614	0.441749365397905	0.458418806612608
274	0.0524620191792896	0.0386577516412027	0.732836603886232	0.0493879083008847	0.0710785166448635	0.0555772003475275
275	0.0369625094856419	0.0152777023819939	0.493281696675146	0.00695402667049943	0.0315471525121076	0.415976912274612
276	0.082409329603773	0.760694194470016	0	0.0560599184729769	0.0587904247663948	0.0420461326868388
277	0	0.649219951791213	0.0213779387444616	0.284706621869441	0.0145816557868499	0.0301138318080345
278	0.0806697409929593	0.700693513667918	0.0393501379586494	0.0728658611522001	0.0808424305309028	0.0255783156973701
279	0	0.464840783551144	0.0299928130475091	0.00999238605285095	0.460576878774444	0.0345971385740511
280	0.0084959153614881	0.330426750232532	0.319915314729913	5.54614563047564e-05	0.320103025082902	0.0210035331368599
281	0.10325942756603	0.778828288468479	0.0369514950261341	0	0.0245406213849526	0.0564201675544042
282	0.416244937288485	0.0136305706869054	0	0.0512027666023742	0.475586763766882	0.0433349616553542
283	0.0143229109580674	0.449297199298396	0.014815491352285	0.0221544087077564	0.0147095034509392	0.484700486232556
284	0.0250078581741977	0.884240896941316	0.0372983776520502	0.00960598416470285	0	0.0438468830677332
285	0	0.46600093936462	0.00816751528366858	0.00850228553817709	0.258022035712343	0.259307224101191
286	0.320101393048468	0.301051244114132	0.00774630946028185	0.0251604145619016	0.0278910672759862	0.318049571539231
287	0.0128743795436672	0.460954559813728	0.010041270856597	0.0289050600829072	0.450778681601438	0.0364460481016617
288	0	0.62352500232312	0.0265778766792811	0	0.0424263827533901	0.307470738244209
289	0.342463300073159	0.298104605979582	0.0127034122245988	0	0.311277446245497	0.035451235477163
290	0.033019648726556	0.43281060566013	0.0453215991181725	0.0419448757195289	0.437310699201456	0.00959257157415694
291	0.01430021781587	0.92320209008455	0	0.0313277270303447	0.0109251235439222	0.0202448415253128
292	0.0835182519329185	0.67344477500409	0.0726249403391287	0.100629712647112	0.0420352738825355	0.0277470461942152
293	0.0298479793093683	0.485079297467973	0.255957555549984	0.229115167672675	0	0
294	0.0352858461115843	0.43923634880076	0.03693298202065	0.0289023700792592	0.420724980656242	0.0389174723315047
295	0.0206327835078526	0.329614883295856	0	0.296331528538513	0.353420804657778	0
296	0.0526639074018934	0	0.884202397253538	0	0.0184445767930312	0.0446891185515375
297	0.041027462101803	0.0365317331278093	0.033264017982466	0.0630458613989762	0.101982491070951	0.724148434317995
298	0.0440987161181716	0.0339792321319252	0.424752559257337	0.420469814811364	0.0333678608552493	0.0433318168259531
299	0.087266095156892	0.0111487527179536	0.0536701634102494	0.0654008619122127	0.667098873928279	0.115415252874413
300	0.0415053905630517	0.0642700229576035	0	0.042729026893045	0.0463334276685784	0.805162131917721
301	0.0168183555483273	0.00969853520550147	0.614023018903609	0.330780185288414	0.00592353294109411	0.0227563721130542
302	0.0184125794559413	0	0.651873854489079	0.00383993577996612	0.0283025452202929	0.29757108505472
303	0.0229278917849628	0.624664249931638	0.30007024560991	0	0.0228108492990773	0.0295267633744112
304	0.0405958482416169	0.445505020478345	0.0148197058859347	0.0243246110308837	0.0472547502889763	0.427500064074243
305	0.0170260064377612	0.620706310899071	0.0370813296873611	0	0.00829658478188874	0.316889768193918
306	0.0313666284407818	0.871724242488745	0.0213561820635906	0.0363794770492415	0.0187952001693812	0.0203782697882602
307	0.0457609608023467	0.69247804045781	0.0838366082598088	0.0464919687802697	0.0772755432801282	0.0541568784196366
308	0.0554099526050984	0.711464669070749	0.0633089580116792	0.0285867542292647	0.112786277895435	0.0284433881877736
309	0.0751339854679429	0.764352094872452	0	0.0411184774334843	0.0606365530230027	0.0587588892031176
310	0.0245721816804356	0.704806105382066	0.230940401398379	0.0150032682119332	0.0139008792119378	0.0107771641152484
311	0.0330527040285031	0.929797757076581	0.000497591566319214	0.00771508438115705	0.0160573931736524	0.0128794697737871
312	0.0462226781191411	0.0286347439278808	0.746957571309997	0.0617997024158822	0.0417388229196224	0.0746464813074769
313	0	0.881642303689682	0.021802402974203	0.0470397222831641	0.0384624574370482	0.0110531136159028
314	0.0389771783668	0.453067189454954	0.0214832367233036	0.0261997561534778	0.448274003711481	0.0119986355899836
315	0.441877870339483	0.0248185590283998	0.00916304639686231	0.4613568315406	0.0312437548634412	0.0315399378312145
316	0.0449870336004771	0	0.478647080662249	0.414168173064464	0.03163787883104	0.0305598338417699
317	0.0835413616450283	0.0601870917140065	0.0349048432735558	0.0373505922898666	0.664946268864881	0.119069842212662
318	0.0771692806297472	0.00844241302103861	0.0749774454049465	0.0401324305294693	0.775072914207247	0.024205516207551
319	0.309936930658755	0.316463577096577	0.00482487187437987	0.0340668799345242	0.307620058186971	0.027087682248792
320	0.0371516458258977	0.0644797570855418	0.0140456635199516	0.0546719201166541	0.0881016018159111	0.741549411636044
321	0.0157856187325863	0.61300510374028	0.0194595859840455	0.00733919989922292	0.331272960576357	0.0131375310675085
322	0.0264014267732943	0.715224541418863	0.0247570257772336	0.102217758085898	0.0521488665518601	0.0792503813928508
323	0	0.721409098710906	0.0157250658188995	0.252128777656089	0	0.010737057814105
324	0.0777355629531917	0.716968662315952	0.0546645795013448	0.0437953868498352	0.0586135810494265	0.0482222273302495
325	0	0.49551219111595	0.246933107919348	0.018414666065198	0.214925305421903	0.0242147294776005
326	0.0205793554127427	0.92083280357219	0	0.00905475597568741	0.0203965559905405	0.0291365290488397
327	0.011666567708129	0.251189103278247	0.731304260828752	0.00584006818487136	0	0
328	0.0162699549948017	0	0.931292598974742	0.00796892893227877	0.0122074455113245	0.0322610715868531
329	0.044627955239664	0.434886208881464	0.0330893149889094	0.452069812909817	0	0.0353267079801454
330	0.00454786818675747	0.00454429168484497	0.00270584555021102	0.957161193052053	0.0164588478801687	0.0145819536459651
331	0.0353908418061407	0.00839796752362404	0.60029138744303	0.019428634182245	0.0101003591015092	0.326390809943451
332	0	0	0.285422352633498	0.0129612066604256	0.46783346777064	0.233782972935437
333	0.0159329514604604	0.899310811009191	0.0263169283759321	0.0232807633768944	0.0280168795539268	0.00714166622359564
334	0.0743649122395357	0.722169019714975	0.0888723927445675	0.00335186643980697	0.0035017782255948	0.10774003063552
335	0.022143967575702	0.873121138233524	0.0608437134032938	0.00803363026405063	0.0297357749034935	0.00612177561993563
336	0.0498678957265462	0.647075718438704	0.0594221018364905	0.061024557374171	0.0412629667749947	0.141346759849094
337	0.00163794299643537	0.923014344279613	0.00301582165872483	0.0204442029625821	0.0162398101149937	0.0356478779876509
338	0.00861394760387897	0.957897255680861	0.0108754155258944	0.00486756878195948	0	0.0177458124074062
339	0.0133994517257669	0.849504481738868	0.0353691621806371	0.0312920022021314	0.0054077604864134	0.0650271416661833
340	0.0687358110465117	0.718617909176194	0.0810321227261638	0.0257004675499125	0.0477349377215199	0.0581787517796978
341	0	0.610906981943213	0.0179098563432787	0.00543131265882795	0.326100891412847	0.0396509576418331
342	0.0307669836853573	0.436463044823468	0.465807417035694	0.0091764358362109	0.0439703862785243	0.0138157323407447
343	0.0247875222404063	0.026674721259114	0.435362694384487	0.0218061351128165	0.454514580659329	0.0368543463438476
344	0.0201563327724768	0.251660155443419	0.00899141150066758	0.015954767019314	0.469162238301873	0.23407509496225
345	0.677348226963894	0.0498844272189252	0.0745199877990219	0.0582761443913036	0.0163578618267326	0.123613351800122
346	0.428326291515894	0.0376156844618831	0.0125187329948908	0.46880535522258	0.0200943474991865	0.0326395883055653
347	0.082088543247725	0.0563439474660833	0.0607237817156059	0.0738365410021868	0.663751965226753	0.0632552213416461
348	0.718726225232733	0.0285950262132644	0.0526466579040925	0.0628967793989288	0.0765769974927086	0.0605583137582731
349	0.326454994661538	0.0133553686442778	0.00549382194501707	0.312945706016106	0.0212181698876855	0.320531938845376
350	0.436724985108798	0.0442010038494123	0.0256111496136564	0.0246394731626937	0.450095578295242	0.0187278099701978
351	0.0310966372341547	0.411342927162642	0.0074025557978258	0.0439020036904163	0.477724472438622	0.0285314036763394
352	0.438883170319672	0	0.0265118270640655	0.0298618004800465	0.464445536968319	0.0402976651678962
353	0.010665779545325	0.638768673315356	0.00617204460740372	0.0347945102694925	0.282284944877501	0.027314047384921
354	0.0344533045426823	0.863066594258459	0	0.0383023495137285	0.0290293569837264	0.0351483947014038
355	0.0403094162580628	0.695916714211904	0.0965151527865726	0.0135311043792884	0.0442545666886826	0.109473045675489
356	0.0491671502611431	0.442466150934179	0.441108379650222	0.0229351983484717	0.0262450602676894	0.0180780605382957
357	0.00423217817568944	0.485847550865231	0.409829495552648	0.0559466716374088	0.0151546821451033	0.028989421623919
358	0.0359898119333631	0.677165725106499	0.0665251797306517	0.0658641549784081	0.0917042503488191	0.062750877902259
359	0.0508300277168234	0.0505578373499241	0.032852473513439	0.0372491585821625	0.09221354462434	0.736296958213311
360	0.107508937283148	0.0278007342609048	0.727541250165983	0.0244983504759953	0.0810489942469481	0.0316017335670214
361	0.0372741951509199	0.0184782923124173	0.873547601013349	0.0424417076275942	0.00319320338090521	0.0250650005148138
362	0.0995116940558645	0.0398948547478494	0.676223160214831	0.0674146466372764	0.0552340681170402	0.0617215762271389
363	0.010023915914331	0.0382145657107567	0.466571862221977	0.425186308264383	0.0247015294108966	0.035301818477655
364	0.0149920344798993	0.298499095964763	0.343326873233954	0.337863248708319	0.00531874761306451	0
365	0.0267870775377597	0.906822213845984	0.0139912417201815	0.0233109917499347	0	0.0290884751461397
366	0.0589995907342342	0.761540712067753	0.0133153753008921	0.0328752552927535	0.061262655838015	0.0720064107663523
367	0.0507631967318275	0.0788552485254461	0.0446808809492974	0.0552460659504287	0.032997349064448	0.737457258778552
368	0.0219434440145823	0.653992103853581	0.00865616855233468	0.266319101508757	0.0171025857339786	0.0319865963367665
369	0.0461720589771253	0.725123094563271	0.0492725274193845	0.0615632357483977	0.0675982557736074	0.050270827518214
370	0.0143157955999724	0.608669431292771	0.29949799013065	0.0334891213878534	0.0299129626519722	0.0141146989367813
371	0.00636680356401779	0.753133445250006	0.0631489559623254	0.0520490528644689	0.0490375480064236	0.076264194352758
372	0.0437339032436976	0.095640451552138	0.0772224284596115	0.0609439718305087	0.0320021447195691	0.690457100194475
373	0.307502334279181	0.0103337352695386	0	0.0104886526719395	0.31697240438433	0.35470287339501
374	0.0105007369749374	0	0.0306853825907896	0.000714230700577558	0.948562578127879	0.00953707160581643
375	0.0257275651733518	0.114911228572712	0.0285103345219579	0.0412010625303434	0.71825892963555	0.0713908795660855
376	0.052689467550953	0.0116596239814744	0.0123300786498111	0.0560296762876212	0.45538312252471	0.411908031005431
377	0.292824466189631	0.013810491058021	0.01224523372709	0.0137972779714051	0.635649760213329	0.0316727708405241
378	0.0165483545437172	0.0124292588313569	0.490483292119246	0	0.47720893801706	0.00333015648862059
379	0.418305863747809	0.0450574028957926	0	0.46808851306414	0.040432717381576	0.0281155029106831
380	0.0215832398911708	0.418515577735892	0.0209152118351027	0.0223611577504776	0.459269641451307	0.0573551713360491
381	0.0708989238746054	0.744560993841114	0.0130500908649904	0.0393361219884385	0.0881019229314047	0.0440519464994468
382	0.0103236941528468	0.603710175537078	0	0.324227782899174	0.0315786927604795	0.0301596546504214
383	0	0.947881507305165	0	0.0200221324666927	0.0193418340470838	0.0127545261810587
384	0.0112709909980042	0.649416199774264	0.00503844533763442	0.314799266596295	0.00536194581774289	0.0141131514760594
385	0.0721398707965235	0.00661873995036245	0.0570566536851513	0.0392107934400605	0.712420713727901	0.112553228400001
386	0.0466686696389006	0.432978124943276	0.0105117172164515	0.0293927836418901	0.0469767328884787	0.433471971671004
387	0.00639443395396906	0.316109299087885	0.00354079897246316	0.0110259047141545	0.0257546764521627	0.637174886819365
388	0.020940882418943	0.0532589298391377	0.0395972644947409	0.0293679158434349	0	0.856835007403744
389	0.0232013122164006	0.0442712896950527	0.703048198082468	0.10308763778485	0.0538456843282958	0.072545877892933
390	0.0444807091640445	0.0167677968736686	0.445728447105706	0.0178869539890898	0.432976083912557	0.0421600089549348
391	0.0104610198107838	0.00953188226669806	0.313744820619073	0.657024878826402	0.00144093346834105	0.00779646500870258
392	0.0235635480462955	0.0179692699573876	0.290844266303592	0.330965973518511	0.320921666612412	0.0157352755618013
393	0.0401184505529338	0.0602729262814305	0.0563841397111374	0.081154531873355	0.671385945359989	0.090684006221154
394	0.0369702421121564	0.0394991243397838	0.881151352779014	0.0181266120676249	0.0218480484038408	0.00240462029757968
395	0.0360183179234083	0.479427271580256	0.00513825673788024	0.224354763423956	0.2550613903345	0
396	0.0459355925490242	0.41185354870223	0.0314902217271794	0.0221123352949491	0.0313708078198527	0.457237493906765
397	0.041619606610082	0.435183660628073	0.0388134606979671	0.0167592336320121	0.440630478267393	0.0269935601644732
398	0.0121917065734885	0.430274152403445	0.0152496731999726	0.0309623612288776	0.0309844447551223	0.480337661839094
399	0.012824642560899	0.610091712492469	0.0260376478620448	0.0385113460673992	0.00237632168495172	0.310158329332236
400	0.714809426518249	0.0826154717328253	0.0482277654492094	0.0868464580822412	0.0349817993539628	0.032519078863512
401	0.0796627781623296	0.0600925824412673	0	0.085415056121489	0.685742179209136	0.0890874040657777
402	0.0237772735937356	0.0175697726429953	0.433392923961773	0.0733155684889091	0.406860046954363	0.0450844143582242
403	0.335470151186209	0.314750646617596	0.00457477824475056	0	0.328660136912561	0.016544287038883
404	0.33521989764888	0.0125882140153418	0.0031970456403305	0.017345362810989	0.625093399709861	0.00655608017459844
405	0.414426771181036	0.0367927261191314	0.0285875897868208	0.0387217527037091	0.441246718449498	0.0402244417598041
406	0.654190981831442	0.0144184295110585	0.0160970178329921	0.0305027107555578	0.272415299195812	0.0123755608731379
407	0.481683436975201	0.0102008054909633	0.0301760741292299	0.0110445301399021	0.459342972836402	0.00755218042830209
408	0.719272891119861	0.0512819759572572	0.0641524233478797	0.0684912655523518	0.0536936904423849	0.0431077535802651
409	0.00297872278428685	0.0253219250625409	0	0.0501283537650399	0.910783383930468	0.0107876144576642
410	0.446372324708101	0.0358884574398668	0.0346569250015325	0.0163461574297807	0.450799798364567	0.0159363370561521
411	0.000735532183443601	0.0213127077154811	0.037827551620368	0.0374193792715936	0.488297751850472	0.414407077358641
412	0.645888017268727	0.329438828638358	0.00543137182279096	0	0.0175140472178813	0.00172773505224243
413	0.0267292951812791	0.334989834481481	0	0.0151419480050384	0.623138922332201	0
414	0.0248454927558664	0.888163527555546	0.0300798326406597	0	0.0076996466776188	0.0492115003703094
415	0.041830167822908	0.883578845521691	0	0.0381631410891678	0.0289788994509959	0.0074489461152371
416	0.0129261854887996	0.434369538718359	0.418626578403213	0.0346418369869932	0.05787682676119	0.0415590336414459
417	0.0663495243296639	0.690498051859426	0.0495820393691745	0.0956132323952136	0.0545273810822033	0.0434297709643186
418	0	0.923209162040012	0	0	0.00939346223927109	0.0673973757207164
419	0.0234754080637952	0.317445083571684	0.325220392589528	0.315055759070739	0	0.018803356704254
420	0.0209485729288659	0.328582129977259	0.0103406425393938	0.318455516626921	0.0116227566331314	0.310050381294429
421	0.0700558429959702	0.0478532837808089	0.0920098024075629	0.719066026953351	0.0357379878140247	0.035277056048282
422	0	0.00242967197261314	0.419165811425892	0.0471794518854615	0.493751586970235	0.0374734777457983
423	0.00334345807251102	0.207741389594548	0.391448315205047	0.190350885913304	0.194130055813089	0.0129858954015003
424	0.0686925080162023	0.00690253740608401	0.801009591731184	0.0815829037712044	0.00169777818474793	0.0401146808905778
425	0.0536428709424854	0.0111588388169308	0.0537665280360967	0.0467089622350666	0.0549475242134234	0.779775275755997
426	0	0.338694239738313	0.0222971447502888	0.318463078405458	0.296405054541977	0.0241404825639634
427	0.00499566793045355	0.907220078353576	0.0388696344936581	0.00446429586758596	0.0288679113356854	0.0155824120190413
428	0.0062396309118731	0.721992910785321	0.0339184101336876	0.0423438343023095	0.102882120453526	0.0926230934132824
429	0.0231326527921925	0.892856544404144	0.0242309588552034	0.0121474015726617	0.00396177064435966	0.0436706717314389
430	0.0335035726000598	0.440116483303006	0.00784550452860246	0.0299605187183899	0.427992286766141	0.0605816340838005
431	0.0553634081828825	0.753982776557001	0.0639097930592042	0.0276842139038836	0.0710755980434646	0.0279842102535645
432	0.0239914786212527	0.0648088932742579	0.0443289177200503	0.10936431012687	0.663786338960373	0.0937200612971959
433	0.408637211961439	0.027915553030007	0.444973535204067	0.0504585051141622	0.0389934314885898	0.0290217632017348
434	0.318207899652959	0	0.00398613861064672	0.0271430125375602	0.619085547665296	0.0315774015335386
435	0.0382104916638701	0.0494738282867805	0.090069512512513	0.07043880015085	0.0574676111515087	0.694339756234478
436	0.0881168127094475	0.0245190329626057	0.739810632972406	0.043483099105165	0.0498834219163223	0.0541870003340539
437	0.633233243251869	0.0487325049159493	0.0538573626688515	0.111247340430113	0.0547454726950186	0.0981840760381989
438	0.419694683860585	0.0179994258485162	0.030720910112185	0.0234158025000597	0.46977254844593	0.0383966292327242
439	0.321418080209098	0.00673781785336642	0.0269118911753864	0.0248642946390133	0.612305786598595	0.00776212952454054
440	0.444680553593732	0.0471250407666133	0.0187097837480681	0.0114206945324065	0.431826182932702	0.0462377444264783
441	0.30855275748261	0.0103393702272028	0.0152553956415218	0.0158465796239545	0.64837672366075	0.00162917336396137
442	0.781678827476547	0.0402010146188784	0	0.0539533964734486	0.0482213240829419	0.0759454373481837
443	0.00797583334084486	0.901447558538415	0.000230672229692337	0.022829566195594	0.0113890947001865	0.0561272749952672
444	0.0195310657353706	0.703459188469317	0.00687920100211244	0.0308142125594955	0.00337327780081491	0.23594305443289
445	0.0595844421628854	0.039382905656741	0.0548264270314897	0.710411547881709	0.0801815742476762	0.0556131030194989
446	0.0404101223132377	0.870155920426602	0	5.28610601835676e-05	0.0417001626091186	0.0476809335908586
447	0.0486196412225436	0.726994048514351	0.0663885318522978	0.0791384269996642	0.0274033436346349	0.0514560077765081
448	0.0509095821177686	0.883369626318521	0	0.0406892967990094	0.00611434251415955	0.0189171522505416
449	0.0337211726264397	0.0789173124777326	0.0730306748747926	0.681968870470071	0.0835402059206253	0.048821763630339
450	0.0127143654973039	0.409639256479065	0.458523750669293	0.0413398306914938	0.0568304681064221	0.0209523285564222
451	0.018175604571632	0.033623993635043	0.00977818848866032	0.300977345550333	0.00696793504501987	0.630476932709312
452	0.0436756260345906	0.0207819277959569	0.0294196956922863	0.00994434617293564	0.468582246062881	0.427596158241349
453	0.083160472394439	0.0543024007677944	0.0620818480013573	0.0405192663684989	0.0801606987485498	0.679775313719361
454	0.0276320754571906	0.0551992079494461	0.0516426911618254	0.076129528750251	0.704380275400883	0.0850162212804037
455	0.0682724605312963	0.397082213717821	0.0322590067133932	0.033630652122495	0.0389210029307822	0.429834663984213
456	0.0157926080158258	0.729603706932978	0.0352779347713615	0.0688992978042589	0.0886043001702184	0.0618221523053574
457	0.020444723012467	0.860313702407602	0.0508764552254015	0.0177940670050575	0.0338527180854646	0.0167183342640071
458	0.0916363319462426	0.060891616641846	0.0618665510531735	0.0213189102773295	0.737019529588066	0.0272670604933426
459	0.0144182688375748	0.0321258895214146	0.476404221335887	0.445607661507947	0.0210652053363463	0.0103787534608306
460	0.065448167409394	0.0621049761217229	0.0634848790778936	0.683660299114192	0.0493939795753779	0.0759076987014198
461	0.0393403550858943	0.773505833861822	0.059014698480141	0.0349900980254316	0.034430331502909	0.058718683043802
462	0.0351317921265674	0.0293294011939552	0.0286599274298022	0.435661876341539	0.456917427015546	0.0142995758925909
463	0.25000768679257	0.00140985899216837	0.250468210131307	0.256938451637311	0.235246973910806	0.00592881853583743
464	0.689259042907033	0.0301378714661671	0.0792750108323873	0.0747771823601447	0.0722217866547389	0.0543291057795294
465	0.624299019567813	0.0197734504547989	0.00774865578786938	0.000439370826674107	0.317551592463838	0.0301879108990061
466	0.0277016630068246	0.0292679017586743	0.468379626827115	0	0.430005699274931	0.0446451091324546
467	0.449768256028971	0.0194962839578723	0.0263121052496511	0.0217438766182308	0.468036827153954	0.0146426509913205
468	0.0503945768528075	0.0308373829191061	0.0274034079855224	0.0540402972970203	0.752414075672026	0.0849102592735178
469	0.439136848299147	0.0465749131628243	0.024953576179039	0.431233393229244	0.0256727458538376	0.0324285232759083
470	0.0127873645110149	0.946157096256331	0.0238754763745837	0.00791757998327502	0	0.00926248287479506
471	0.0370290439068826	0.0164336635710276	0.439015243010286	0.0449638773363131	0.455498146472881	0.00706002570261023
472	0.0720221175170722	0.741394773944671	0.0546918950074693	0.0503203298657874	0.0394358665049718	0.042135017160028
473	0.0365987404433239	0.0393758320664998	0.0580748569683847	0.0874935085224949	0.740214085549198	0.0382429764500989
474	0.0205169015225244	0.598252212432473	0.0348896083886186	0.0291626013591373	0	0.317178676297247
475	0	0.649785905970127	0.034597752439591	0	0.303508549652395	0.0121077919378874
476	0.000692083260441922	0.635245337301899	0.00639587547450997	0.332878461878596	0.00632905796209307	0.0184591841224596
477	0.00337606266473215	0.720809815824006	0.0343671833216329	0.0639567118487386	0.0903340750132006	0.08715615132769
478	0.0652414400458199	0.0631494840105468	0.692924350602848	0.0753526575205097	0.0892711398856006	0.0140609279346753
479	0.0396355855409927	0.0382481797222471	0	0.0352206358683135	0.43254956893478	0.454346029933667
480	0.01755890936615	0.684606865201166	0.0907270144303436	0.0696713529005725	0.0476182688530726	0.0898175892486952
481	0.0815593258776358	0.115073049970892	0.0264128169402129	0.0150798558974592	0.0584274348374607	0.70344751647634
482	0.00942263464453746	0.0779475369944863	0.0617251783089314	0.06692436710926	0.697893540099017	0.0860867428437679
483	0.0314013789581277	0.01429914599826	0.0283467301935895	0.872324776785152	0.022382097888272	0.0312458701765985
484	0.0964229172952813	0.768455002119615	0.0416109693296947	0.0347262523627448	0	0.0587848588926641
485	0.0529557981104688	0.83300516786769	0	0.00687813372752721	0.0657367413861258	0.0414241589081879
486	0.0858613817348939	0.0249982010064911	0.0563753768751559	0.0576379057737115	0.0375568845165574	0.73757025009319
487	0.0395727451223422	0.0110233138077336	0	0.0322805516883563	0.453009590060716	0.464113799320852
488	0.0454846255736577	0.0459378055592834	0.00146351712921041	0.0124645484435883	0.451430594190196	0.443218909104064
489	0.051061917673258	0.0428295650079191	0.746576644021229	0.052869020833297	0.0579980719663156	0.0486647804979817
490	0.0242195637617424	0.907866457845538	0.0206047995729411	0	0.0196849482229019	0.0276242305968763
491	0.778141483924513	0.0313183536220481	0.00924501010912969	0.0635663632285138	0.0266283742530241	0.0911004148627713
492	0.893912125500368	0.041704215016559	0.0106741530223376	0.0281125663902297	0.00575634105367184	0.0198405990168336
493	0.00863962285057021	0	0	0.00539668168752977	0.974963336887332	0.0110003585745676
494	0.716030666824734	0.024644880110752	0.025077458636156	0.0882019489886992	0.0621101766647115	0.0839348687749474
495	0.0448112176034354	0.0823962514180269	0.0589255501693357	0.0608955771249922	0.710430903002804	0.0425405006814059
496	0.316447547490296	0.0230086483384332	0	0.0178386464784421	0.624899408713308	0.0178057489795209
497	0.079923622115101	0.0451481129355245	0.0507130920934582	0.0580912445862258	0.696311740485612	0.0698121877840783
498	0.304711006265087	0.0139424543814152	0.0033029164336797	0	0.00595634490191948	0.672087278017898
499	0.43273964849618	0.0164258130670853	0.0312560864261532	0.0171565962678397	0.441126090840319	0.0612957649024223
500	0.0319471662541243	0.0207085811205332	0.45180137485642	0.0401261417925234	0.427510711368987	0.0279060246074118
501	0.0212230967476119	0.0663725856034336	0.0682439339248329	0.0756630259031762	0.721993571896403	0.0465037859245425
502	0.0536994283280629	0.0497879232441886	0.126562357627503	0.0554488727503781	0.648508362945661	0.0659930551042056
503	0.290633609067122	0.632383301872729	0.0190966136048524	0.00820806204805445	0.0306526358830696	0.0190257775241725
504	0.64893483250828	0.0663697708544376	0.0513506739194266	0.106403499953134	0.0937869494820667	0.0331542732826547
505	0.00562504620156521	0.938671668404283	0.0206400954473186	0.000178169932532163	0.0219177326884178	0.0129672873258836
506	0.00537443972900816	0.307264035880007	0.0402172564079615	0.316103636841395	0.0163741046456561	0.314666526495972
507	0.0251454103062762	0.640711646067109	0	0.00746955544069298	0.318955181734105	0.00771820645181692
508	0.0340505298680727	0.00644141988591172	0.631584728479057	0	0.327923321766958	0
509	0.0768301273589142	0.115652264859545	0.0261628993622527	0.0752417004412765	0.0232273521986639	0.682885655779348
510	0.0301590812154524	0.0168271038652775	0.0292106336826632	0.869661520588564	0.0244630255847499	0.0296786350632931
511	0	0.0387925999102388	0.00152217468048507	0.0230796013294609	0.329356920648705	0.60724870343111
512	0.0421857055553211	0.0137563852833896	0.882865193419375	0.0201851926150668	0.00553859967239412	0.0354689234544531
513	0.024493810138886	0.00136260032123437	0.294670865238116	0.0204114464024787	0.00543473502856366	0.653626542870722
514	0.0112795498866979	0.334800430254685	0.309272740178866	0.324154406690456	0.0040206735480372	0.0164721994412579
515	0.0209700984953671	0.876181799864962	0.0137344621402636	0.00836386082757398	0.0402241803018457	0.0405255983699879
516	0.0144914069817105	0.325594337230586	0.293347876277394	0.33795150798485	0.0223473867008919	0.0062674848245674
517	0.00827904811027316	0.951988393356663	0.0143173142461024	0.00118253211115626	0	0.0242327121758054
518	0.0499762618941244	0.0120773072610397	0.031812929881125	0.866518599531827	0	0.0396149014318838
519	0.0143106284353215	0.615859002552731	0.0210766959215671	0.325359088121037	0	0.0233945849693432
520	0.857627407873066	0.0118248310154549	0.0330588700216497	0.025681895132864	0.0455003626912423	0.0263066332657236
521	0.0219700690485701	0.0707844344691793	0.0533643223025026	0.0496236657122939	0.753513484449944	0.0507440240175097
522	0.415817476545385	0.039199650236429	0.0360834283937642	0.0236956702551026	0.464953365372685	0.0202504091966336
523	0.455705049924329	0	0.00418015084896339	0	0.515909245639725	0.0242055535869823
524	0.0208363333633409	0.023792414950778	0.452919647549558	0.029553898266221	0.444730191998862	0.0281675138712408
525	0.0252801662438625	0.0141535255476121	0.0203115471724391	0.475070240587942	0.42997217849756	0.0352123419505849
526	0.424263868457026	0.0579048036980854	0	0.033457468370781	0.46353961419918	0.0208342452749274
527	0.0115244977601502	0.0474145992362339	0	0.0338157531089205	0.858265800892054	0.0489793490026411
528	0.415057237089297	0.0453982140216619	0.0141965974111737	0.458251287155148	0.0360792933426279	0.0310173709800911
529	0.436749714742464	0.0213433051741248	0.0614710831419651	0.0262108300712348	0.427452845549927	0.0267722213202851
530	0.0244846307473488	0	0.0121782973893832	0.251540722042037	0.711796349821231	0
531	0	0.917807693054474	0.00951902606343676	0.0208939977311722	0.0148889534553304	0.0368903296955866
532	0.423488434697022	0.0137177071828039	0.0582629481168863	0.0221931602765343	0.421756667378282	0.0605810823484713
533	0.091441896748782	0.00773245663569212	0.0383760822013195	0.0631253399886513	0.743181283523815	0.05614294090174
534	0.0280986431980509	0.906186383631997	0.0160794438120737	0.0256964240352011	0.00776514477637675	0.0161739605463006
535	0	0.719408964826254	0.00615912141457325	0	0	0.274431913759172
536	0.00914044370389575	0.894616072038066	0.0136914313391379	0.018639266316523	0.0366526099521636	0.0272601766502138
537	0.0425417757848562	0.42812176181448	0.0279085734501187	0.0434023269177516	0	0.458025562032794
538	0.0666490230989574	0.0646921347066725	0.0302409789576038	0.0566969607102335	0.0699054620279489	0.711815440498584
539	0.020048882340857	0.0289033215998629	0.0152211854811023	0.438401768646913	0.450031475236622	0.0473933666946427
540	0.027337516863628	0.30189263623176	0.298346730947186	0.0437147056067364	0.307235534920512	0.0214728754301771
541	0.00445336275151531	0.0284353192157465	0.297258561387855	0.640435062178227	0.00415755671625642	0.0252601377504003
542	0.0357631806546779	0.010792875382678	0.0184871694889592	0.905313323163611	0.00461325773706818	0.0250301935730062
543	0.0113975902371184	0.0149947481540562	0.0196283072830716	0.469496392360974	0.0274301050979027	0.457052856866877
544	0.0127020693530094	0.0303866972720425	0.311292665739312	0.308581186640598	0.0159314109872021	0.321105970007837
545	0.00560207865462734	0.317430731937181	0.0258416440467887	0.311646860141807	0.00575574522563374	0.333722939993962
546	0.0322592166982009	0.0169843187372963	0.00204430008150609	0.323424714240866	0.612333010546647	0.0129544396954834
547	0.0178006522922172	0.611306980409508	0.00375138592394576	0.0194721717199907	0.323903845610599	0.0237649640437397
548	0.0138626809079033	0.694399155143644	0.263986178846005	0.00372538824351925	0.0207084456253183	0.00331815123360935
549	0.0677424513901349	0.675377163750388	0.0693167358164577	0.0461510507405505	0.0601112510182529	0.0813013472842158
550	0.0192134211938202	0.906739198937332	0.00981035031156147	0	0.0320923090095487	0.032144720547738
551	0.00497263605796024	0.481945189768267	0.0187822155710316	0.246835377751117	0.234531409268869	0.0129331715827548
552	0.112064381743567	0.731113936132315	0.032807635754029	0.0438763713493613	0.0183011002490303	0.0618365747716982
553	0.60488288358236	0	0.330134950646694	0.0203250179387736	0.0126336038278386	0.0320235440043336
554	0.671602108110047	0.0411054760345512	0.0304961929569406	0.0480571620763723	0.0785517511413478	0.130187309680741
555	0.427705211368793	0.049724125848976	0.0385424608131037	0.437313687091935	0.0307583519615355	0.0159561629156571
556	0.243813823267569	0.0178603915357013	0.246718764804264	0.465590223439622	0.0185774205282963	0.00743937642454812
557	0.841646823635966	0.0223869799420864	0.0329396585423519	0.0401672343035828	0.0208257654642065	0.042033538111806
558	0.436598214220199	0.0384448993116936	0.0139658481970686	0.0225509886555528	0.441317185475431	0.0471228641400553
559	0.462988029065308	0.024854432758267	0.028485368802078	0.0203901872367324	0.44241715931371	0.0208648228239041
560	0.00963990260928412	0.402678681706966	0.0352412786671579	0.0579620058154124	0.452106236732818	0.0423718944683617
561	0.324091224895957	0.316035850709997	0.0202010219376848	0.0031900902355417	0.333487295755143	0.00299451646567658
562	0.076270698632848	0.687265860641603	0.0603673139090792	0.0624256822883834	0.0554179463066991	0.0582524982213873
563	0.0142045456780683	0.820443218162281	0.0658532605162443	0.0406773581597466	0.0366441823058916	0.0221774351777678
564	0.0361792554069673	0.907427070375524	0.0298069882039843	0.00199365705955719	0.000771523411570227	0.0238215055423973
565	0.0317051171932012	0.724860177928262	0.00403366225412453	0	0	0.239401042624412
566	0	0.877751810128126	0.0165099240345185	0.0490211826530278	0.00927176846462762	0.0474453147197004
567	0.0286266276503139	0.0354194268120966	0.431296646538917	0.0477460823355341	0.0572692735635903	0.399641943099548
568	0	0.665098408487306	0	0.00701615453879349	0.320724151160734	0.00716128581316668
569	0.0260737730450072	0.00528849449696043	0.337888622129146	0.017583545959142	0.298481441271794	0.314684123097951
570	0.0593860124302715	0.0392440009172313	0.0559264810203383	0.735468886556737	0.0518506019276965	0.0581240171477256
571	0.00650645830295341	0.014764801439014	0.322197012263876	0.0111518546654608	0.645379873328695	0
572	0.00307842665214958	0.00504749816591751	0.631841228055522	0.310495789451136	0.025522082706509	0.0240149749687659
573	0.0156426963569814	0.0122073888356444	0	0.943125542004616	0	0.0290243728027584
574	0.0401641226728973	0.0414539091445844	0.0128941626364223	0.450111787110737	0.0243880056137476	0.430988012821611
575	0.0183626546147435	0.440292699215857	0.00596645932398646	0.472180740362813	0.0181658433303361	0.045031603152264
576	0.0344449042535218	0.748445373437275	0.0435369698559989	0.0251279443260648	0.0658751360077514	0.0825696721193878
577	0.0400760354507605	0.712997348011192	0.040077498950052	0.0853279959822165	0.0705139267253777	0.0510071948804015
578	0.0493395965171293	0.411612054370535	0.0289641318754512	0.470923515221868	0.00980165098969685	0.0293590510253192
579	0	0.639494261459237	0.00399744395761835	0.0429061354446447	0.3136021591385	0
580	0.0561261152302357	0.0172514714040615	0.759574709396032	0.0464862280557927	0.0644446632404945	0.0561168126733832
581	0.0615881935760405	0.0673090885125393	0.033270430891992	0.0705244093592563	0.692013779220445	0.0752940984397268
582	0.0129743726359841	0.0269633248321661	0.0311613387028164	0.215094635600474	0.226217741662818	0.487588586565741
583	0.425191912855747	0.0410539732016125	0.00238222572502061	0.0313941189841639	0.481000344532559	0.0189774247008973
584	0.0185385108529273	0.275131158339007	0.357282361907761	0.0147962728957996	0.318362749723432	0.015888946281073
585	0.017554417690527	0.00944861799950941	0.0499318562241994	0.0242589286935221	0.875095374309241	0.0237108050830006
586	0.0540619195615415	0.0434629130709198	0.074222254596286	0.00820737576635722	0.0396707522309029	0.780374784773993
587	0.0411926172621882	0.0214551528900377	0.433800612796138	0.0382012799846742	0.434620760290423	0.0307295767765386
588	0.071424673488114	0.0369942720239902	0.778875070413665	0.0384197254964746	0.0436696765343765	0.0306165820433793
589	0.0267994880864405	0.694240795505535	0.0622279919904448	0.0657702434987509	0.0706390340123645	0.0803224469064644
590	0.43848411390203	0.0226612197586355	0.0383156489923632	0.0377352513445115	0.0186339196344939	0.444169846367966
591	0.46945101833118	0.427149023186041	0.0139031562518899	0.0437059621077188	0.0254187651447101	0.0203720749784602
592	0.0227290698059764	0.943440343067272	0.0139618050192687	6.17870924802028e-05	0.019806995015003	0
593	0	0.629559955180692	0.336190255225414	0	0.0273828964161095	0.0068668931777845
594	0.0148784384669156	0.904304447294529	0.0228068729445087	0.0152740622728696	0.0169759590851063	0.0257602199360711
595	0.00614369711803732	0.623703234839471	0.294488197717928	0.0367988374166391	0.0111974689454272	0.0276685639624978
596	0.0155782228076021	0.30618593690679	0.014194721011342	0.332623471740438	0.331417647533827	0
597	0.0100595697706848	0.736568994061226	0.234376409251161	0.00169952331837643	0.0112292106253525	0.00606629297319886
598	0.0902440413405538	0.0374691656867612	0.0811534332773716	0.690828762948297	0.0295601857027597	0.0707444110442572
599	0.029419002742411	0.0249896116343052	0.00549840707411337	0.0427174718583675	0.017167047016446	0.880208459674357
600	0	0.309513538861317	0.631282891440715	0.0119415181004549	0.0384630309742997	0.00879902062321338
601	0.000505508220621843	0.0307386562758651	0.788120114435701	0.0623028797359395	0.051775258999046	0.0665575823328268
602	0.0171375557276395	0.0026835899602173	0.0298857331572525	0.617518753092658	0.00913259883836271	0.32364176922387
603	0.0284184812202739	0.244503467775087	0.232860245275145	0.477743795222177	0.00483969226274837	0.0116343182445682
604	0.0794899253052072	0.0631489634697853	0.0498627392893589	0.0476073438217222	0.0934578566841706	0.666433171429756
605	0.0272867101205194	0.453096515674471	0.443252312044043	0.015840973909353	0.0344638199874875	0.0260596682641265
606	0.0298635230994047	0.69631174921337	0.0690567166240843	0.0542698546616889	0.0829841269293356	0.0675140294721169
607	0.00319359341076297	0.485586316161361	0.251753806509544	0.0155708796959558	0.00410563492948273	0.239789769292894
608	0.0268202304042457	0.453460393135524	0.0252214688997359	0.0410493741961966	0.421653034153255	0.0317954992110427
609	0.0253086365216229	0.439488016821767	0.010894053524008	0.0172472029522348	0.0567978722054622	0.450264217974905
610	0.0594002135056895	0.664554987676346	0.00378128237669362	0.0814103326144809	0.0783756571844843	0.112477526642306
611	0.00329884871994518	0.891296243577814	0.0218317268615473	0.0200415723054008	0.0183255207652498	0.0452060877700426
612	0.0311495005265719	0.753373293149771	0.0380531600572177	0.0402588384677821	0.0371432509858482	0.10002195681281
613	0.00339995903433432	0.439906917553321	0.0145370981736868	0.0359111793200866	0.489700487788577	0.0165443581299943
614	0.0185043364529453	0.852597758097752	0.0450826154719016	0.0229877111342509	0	0.0608275788431505
615	0.0308932015622928	0.421812615587173	0.0462165915610047	0.0246281311081186	0.409126306450304	0.0673231537311077
616	0.0716727066097645	0.611585330777977	0.0635116806146628	0.0902090875635185	0.0846039119377471	0.0784172824963297
617	0.0226199248698808	0.231191683447317	0.22203688228887	0	0.518748691577013	0.00540281781691831
618	0.026047301137928	0.902196766297009	0.0184075705555564	0.00981940084053145	0.0140903883840067	0.0294385727849685
619	0.281211815163999	0.313646816579026	0.0568197612464956	0.0266224003432711	0.316476574409316	0.00522263225789121
620	0.0303790818970373	0.727344483282705	0.0309971808214938	0.0637822383478192	0.0918108788587186	0.055686136792226
621	0.0262600492069035	0.61172842714918	0.0280060188250495	0.00086903013911425	0.322171065877233	0.0109654088025198
622	0.0208406819774324	0.7121195805573	0.109833176555863	0.0950675556246222	0	0.0621390052847828
623	0.0371103164768125	0.716048366219227	0	0	0.23740323718282	0.00943808012114053
624	0.0749382868527441	0.731353871426706	0.0255479465456897	0.00750165649337885	0.0151832154813892	0.145475023200092
625	0.0174366535413897	0.621106064033425	0.0102615047310049	0.290526435138694	0.0459186405926056	0.0147507019628802
626	0.0240882044767551	0.420982384362359	0.0276235136085003	0.0229391525782739	0.0121621470156167	0.492204597958494
627	0.051981771413794	0.796015444907389	0.0511171991117985	0	0.0479851231737953	0.0529004613932233
628	0.0068609172759435	0.31355542476362	0.00922425665418374	0.60049670051785	0.0395297644832416	0.0303329363051609
629	0.00766510828259856	0.0599426130711251	0.0841968101720317	0.0964297459044386	0.690277940986363	0.0614877815834431
630	0.0749287183145445	0.0561151248693347	0.0541075870936095	0.0301921496926473	0.717514532321971	0.0671418877078928
631	0.0261399335036978	0.0240191346666431	0.436210262230161	0.463996825782269	0.0176471017180059	0.0319867420992229
632	0.0429343848273842	0.0607117784873341	0.721636298394491	0.0316662853590915	0.0736754810132284	0.0693757719184708
633	0.0231848480592388	0.0214501506999269	0.00480567587530769	0.443991715948391	0.453921364755263	0.0526462446618725
634	0.0177488803935218	0.647755838257876	0	0	0.334495281348603	0
635	0.00672884270975176	0.634539446595966	0.32291274611151	0.0139098718718587	0	0.0219090927109137
636	0.0286707212970551	0.0330461950605985	0.03584535622679	0.412863376358888	0.0216517257002	0.467922625356468
637	0.0283267635147823	0.41716410161005	0.0338661304918598	0.0319391260873125	0.468981966975337	0.0197219113206584
638	0.0106760025237365	0.702743985328032	0.0775344130174525	0.0676647305088683	0.0805049699786028	0.0608758986433076
639	0.0264251870580498	0.696001542484293	0.063523461847834	0.0295991026059663	0.0965718464701105	0.0878788595337465
640	0.0445900007094577	0.0260660852994025	0.0263592251605257	0.846702470900475	0.0180374980564823	0.0382447198736563
641	0.0222932796548498	0.90724422305502	0.0320576427972614	0.0222101513391079	0.00760026168992583	0.00859444146383504
642	0.000423760774591719	0.85285091861707	0.0294613219894723	0.0490239567953462	0.0259965406443729	0.0422435011791472
643	0.100891128299128	0.0131406979212756	0.0512929492978466	0.0576297119040602	0.0757113069957262	0.701334205581963
644	0.0219129788343595	0.434550023194461	0.0314940120919863	0.0233519958383149	0.462435041948358	0.0262559480925205
645	0.0217334560957214	0.48028686821107	0.00936042628969579	0.432820319323831	0.0197947094257413	0.0360042206539411
646	0.0421202385127548	0.0613018393821586	0.0723135485292119	0.100761238927766	0.693533313707448	0.0299698209406614
647	0.0135091325546859	0.294877024808641	0.0284012378653157	0.340544715058263	0	0.322667889713094
648	0.0344352663326953	0.441774855532572	0.0311659130778924	0.0268694107908902	0.428666415634835	0.037088138631115
649	0.0274945523107048	0.307660448631033	0.28772783839523	0.326262958942346	0.0220729928125073	0.0287812089081783
650	0.00958071048612958	0.868426145851646	0	0.0455335260405108	0.0501535189586017	0.0263060986631119
651	0.0186708595370637	0.615209635547137	0.00691545151515831	0.0202273523147266	0.0188360176441324	0.320140683441782
652	0.0121204028103721	0.731918815361119	0.00625697577564563	0.242199766350626	0	0.0075040397022375
653	0.0537859723177359	0.0401063454566039	0.032369040432701	0.0789472916314086	0.0951060110134977	0.699685339148053
654	0.0732416991079213	0.737046250462476	0.0333236863169699	0.0698350867254371	0.0236870776477106	0.0628661997394852
655	0.010358551100129	0.433010500547303	0.0104140094702557	0.049220972797322	0.0465835390877347	0.450412426997256
656	0.0645182747901207	0.0492807213370322	0.0479182670922366	0.054376478747454	0.0135404646824174	0.770365793350739
657	0.011343568345625	0.0138630131399587	0.346351003834513	0	0.619899209996681	0.00854320468322266
658	0.0282802571270952	0.0146552302581052	0.0376955984319622	0.858733009139466	0.0514241496100351	0.00921175543333639
659	0.0878628808942632	0.0986896554476652	0.0508546041599463	0.0433661815493578	0.00968438127706347	0.709542296671704
660	0.0491911230423287	0.089183012709373	0.0281268626422166	0.64737853501306	0.0769356467749812	0.109184819818041
661	0.0388220116185694	0.0280949920379418	0	0.492929008237835	0.407425286502369	0.0327287016032843
662	0.0505225921332298	0.0570317560070109	0.770606047212926	0.0625140001682964	0.0200935254194603	0.0392320790590763
663	0.0419179547283744	0.0536669397468323	0.756026237509213	0.0733460770268092	0.0750427909887709	0
664	0.0238863193116959	0.32311869031233	0.617237136035967	0.0207562928662668	0.000491507098809163	0.0145100543749312
665	0.0229931644858846	0	0.481453099573379	0.0380791562099858	0	0.457474579730751
666	0.0245640664999666	0.0165862780652529	0.447807427193601	0.446455740680391	0.0196694168860958	0.0449170706746926
667	0.0554532542358927	0.0373499265296067	0.0632309132633602	0.0615351767480902	0.705609526645593	0.0768212025774574
668	0.00204105353059695	0.476792208077653	0.246643585180012	0.260511534558255	0	0.0140116186534827
669	0	0.685951981148592	0.237909984832175	0.0295517982285385	0.0144286246113006	0.0321576111793946
670	0.0198206473963428	0.903799044909011	0.0181206776625213	0	0.00837391950241945	0.049885710529706
671	0.0239428286218066	0.698193988679019	0.0528192508399515	0.051208047979076	0.104145639106116	0.0696902447740309
672	0.0493977094374539	0	0.083930610896917	0.0895021011571564	0.66141357760418	0.115756000904293
673	0.0325331103217092	0.426164155534622	0.044823925333857	0.0134974789752041	0.444146701724512	0.0388346281100952
674	0.308769305405346	0.651410422033293	0.0117536218353534	0.0151395889572103	0.00803067090105384	0.00489639086774345
675	0.0634859129559402	0.0646162645222156	0.0588947929397976	0.107105096659474	0.619432238529189	0.0864656943933835
676	0.0653976200171348	0.0600063881465086	0.040027318911101	0.0947420602471366	0.687042999666854	0.0527836130112654
677	0.0109789991890221	0.975367684337401	0	0	0.0136533164735766	0
678	0.0160079646603606	0.461055572032018	0.0275108130488676	0.0319922721521842	0.453386959864151	0.0100464182424184
679	0.057877881457737	0.722605781212637	0.0461120851903109	0.0651723627527305	0.0319930396174	0.0762388497691848
680	0.0364783794836481	0.000822851653592131	0.886379139595107	0.0335288647685597	0.0392806720252362	0.0035100924738566
681	0.000595139954616509	0.46353581698053	0.0205920378676655	0.458564738801846	0.0431442647166435	0.013568001678698
682	0.0642292661819987	0.0677493767414657	0.703295495766023	0.0688857749075622	0.0768394319245908	0.0190006544783599
683	0.04246272726841	0.422024032604464	0.00261185858540104	0.00148525887409139	0.489396697266999	0.0420194254006343
684	0.0178004900712555	0.623800398446597	0.0221149930693939	0.0317800171014071	0.00908193090556133	0.295422170405785
685	0.00715521429473814	0.00423279467192575	0.0145527306039291	0.487980078553099	0.432520131626689	0.0535590502496188
686	0.00461003918702309	0.468505091201615	0.00450196198293205	0.440610670193267	0.0392948454349711	0.0424773920001918
687	0.0585058228924526	0.723961509061838	0.0576615647933918	0	0.0597741602778839	0.100096942974433
688	0.0416322820809769	0.0379453586030373	0.458208127105885	0.0154806559685933	0.0328281995491256	0.413905376692382
689	0.00234623791374118	0.232390923506921	0.247088296629893	0.00944834301902934	0.261304794335061	0.247421404595354
690	0.0298296346364656	0.03042203975198	0.0205428957353609	0.615349356028154	0.0179024204020391	0.285953653446001
691	0.0488398859541725	0.0231497420483825	0.898331288429787	0.0206748224825582	0	0.00900426108509949
692	0.0227281772781045	0.0171682210628659	0.436209590660733	0.0256487867116949	0.0392958872147828	0.458949337071819
693	0.0373454843650911	0.0504119399768137	0.736446334953234	0.0688898642136773	0.0801198163992057	0.0267865600919784
694	0.0206687156071169	0.0494242802427797	0.45162433231039	0.0184219103891011	0.036555390626382	0.42330537082423
695	0.039918514445573	0.423388901510071	0.0469432341847664	0.0314648500669842	0.421134948747326	0.0371495510452794
696	0.0660395096168452	0.0671202957032036	0.649095912103296	0.0724243261109238	0.0920283254506263	0.0532916310151048
697	0.0500038068828876	0.0608144573993617	0.0336756813995166	0.0614044104864423	0.0635255972081279	0.730576046623664
698	0.0299644634271275	0.434752029051909	0.0457664171489097	0.455436383833014	0.0256815572407932	0.00839914929824674
699	0	0.752428144583036	0.067318271443788	0.0616639137058267	0.0773708123951368	0.0412188578722127
700	0.0824055186960757	0.0552240966877012	0.0490268733151368	0.0277125987488374	0.724688817440861	0.0609420951113879
701	0.0221516890830213	0.856101359850744	0.03130418231659	0.0593689956999036	0.0149314615095357	0.0161423115402055
702	0.0149442801674137	0.949780909741822	0	0.00406714223608619	0.00812970771031604	0.0230779601443623
703	0.0580604602287986	0.036237352917143	0.0528686903108037	0.77013387969594	0.0423228227903744	0.0403767940569399
704	0.0198482353650184	0.591962111449337	0.0189896721885071	0.0176789046001718	0.317804190558043	0.0337168858389225
705	0.0132579209299913	0.445953407009547	0.00906049537079455	0.0529166672155992	0.445823007695415	0.0329885017786531
706	0.452515773767275	0.46768075475133	0.0274748597599986	0.0123726546225827	0.0169230950645561	0.0230328620342574
707	0.467191195743751	0.0260885276645353	0.445517998289917	0	0.0367153652832825	0.0244869130185137
708	0.0205147163631712	0.605946014158855	0.0245950308231496	0.322255839827563	0.0167670027284028	0.00992139609885868
709	0.0280283867497475	0.691909272055992	0.0990802553509965	0.0418670668931717	0.0604946360169652	0.0786203829331268
710	0.00799522560699129	0.47250988362888	0.44848148257115	0.0111632021452441	0.0154904551569732	0.0443597508907613
711	0.00693700974942015	0.011707965902427	0.031640725965844	0.309377243917411	0.304180491813049	0.33615656265185
712	0.0292240871772838	0.866174844032638	0.0270264878083091	0.0149850054205555	0.0176987847658266	0.0448907907953876
713	9.39675313924656e-05	0.631029770440376	0.330671665605302	0.00954894140681246	0.0230029314159945	0.00565272360012239
714	0.0486137159359628	0.037332012155346	0.435562566370931	0.442283000484873	0.0126109265871932	0.0235977784656934
715	0.0101272775058927	0.014483829660857	0.0340555650554641	0.873248553912891	0.0400866313780761	0.0279981424868193
716	0.0494205151326659	0.0597155628149246	0.06324419252949	0.733125231946995	0.0617081702702194	0.0327863273057048
717	0.0540732146054529	0.0574102674224639	0.0363043859610389	0.73714881572445	0	0.115063316286595
718	0.0295444378594508	0.45021890303932	0.0106926287454031	0.063742972993995	0.0228139336566168	0.422987123705215
719	0.0476244776295674	0.0420494168591784	0.0298492095544953	0.421898923059846	0.0538418046445116	0.404736168252401
720	0.0118020214270015	0.0124073468462767	0.0239847156192412	0.640242029229385	0.0098507012282243	0.301713185649872
721	0.0996657187683175	0.0359264907689191	0.0776086372682792	0.0895191928668536	0.633692954381455	0.0635870059461761
722	0.0222000830824559	0.0169378209029667	0.0238884912176944	0.626271405985979	0.00487976420861219	0.305822434602292
723	0.0421683545841417	0.0486487163734389	0.00352202014802722	0	0.0147980016664055	0.890862907227987
724	0.0539260284314846	0.0263089110328832	0.0300084716855172	0.0783771949059689	0.750496904517455	0.0608824894266909
725	0.0016436427709085	0.327231854466338	0.0150233177164494	0	0.0115525098266441	0.64454867521966
726	0.0211335282201936	0.459940815218211	0.0165611258150382	0.427129253295594	0.0323677179170556	0.0428675595339077
727	0.029814314561983	0.0435985835048794	0.0188658167489331	0.0755387070657839	0.737452942804268	0.0947296353141526
728	0.050959230810883	0.686607652062495	0.100296448275825	0.069709537279777	0.0463740865178636	0.0460530450531568
729	0.074208023585225	0.734697602367737	0.0852342919703756	0.0355659722968452	0.0247255430685931	0.0455685667112241
730	0	0.882055880247013	0.0111099467239526	0.0372065974592504	0.00973790273483126	0.0598896728349527
731	0.0236595938040398	0.854439252549219	0.0190099114940004	0.0385449697887528	0.0142734045454653	0.0500728678185225
732	0.0223724703404773	0.00375771077212211	0.320912784106854	0	0.00432765089254711	0.648629383888
733	0.0147952449215933	0.69349361975484	0	0.0139553506989474	0.0249034785928728	0.252852306031746
734	0.018924264376706	0.716688474728661	0.0672163478654749	0.0789445894225048	0.056447163696862	0.0617791599097911
735	0.0183372549655554	0.448978257145897	0.440631998581012	0	0.0472359393464661	0.0448165499610694
736	0.060196325721331	0.68856202047338	0.104518695881698	0.0330944271826535	0.0145026860210027	0.099125844719935
737	0.0385367463252152	0.621465569725534	0.00151669934577739	0.00300425114318375	0.282847677533789	0.0526290559265006
738	0.053370811055926	0.756297423252102	0.0457085091534295	0.0233473189062573	0.0406697757943761	0.0806061618379093
739	0.0232646326233629	0.877545799228747	0.0208008033647073	0.0664027006653898	0.00945289111287225	0.00253317300492094
740	0.0127983611788038	0.863149375779694	0	0.0196307662400244	0.0618920862677542	0.0425294105337238
741	0.0320492899123078	0.888755105180178	0.0213685364518155	0	0.0236776533930711	0.0341494150626272
742	0.00649615292918725	0.0108990145114091	0.0502971328397334	0.0251146839161283	0.0310459781794263	0.876147037624116
743	0	0.871607368508549	0.0122054198841775	0.0368559221561643	0.034576201620059	0.0447550878310498
744	0.0661182932212938	0.0678272694312105	0.709055743265791	0.0298169579081017	0.0831047147602205	0.0440770214133821
745	0.0164391724180163	0.0306889915786515	0.0153191045174099	0.30928772197155	0.299187974713662	0.32907703480071
746	0.0224075304633058	0.451684938906949	0.0512790984213558	0.411917316452906	0.0377498156059979	0.0249613001494855
747	0.0165851599922182	0.00757155539840823	0.0408962007849406	0.474779630213959	0.435428295206245	0.0247391584042284
748	0.0149798261016629	0	0.0154078466120812	0.29460891386287	0.317895617371588	0.357107796051798
749	0.0234770598316608	0.0190049709815624	0.304412886923823	0.010969377554964	0.339790209114813	0.302345495593177
750	0.000234562402926639	0.0251024235421031	0.0281168083418766	0.423440538547056	0.0370794050790241	0.486026262087014
751	0.0439859074114441	0.035443714656093	0.0423713360857329	0.732513944080952	0.105498747951896	0.0401863498138825
752	0.0255417084188603	0.0141611765238319	0.876202609252709	0.0422882868575962	0.0334157971274132	0.00839042181958921
753	0.0275236846591357	0.025694790006533	0.430579742980295	0.447291518037772	0.0185530731269685	0.0503571911892959
754	0.0875815178054696	0.105213429268555	0.027248827512921	0.68820667816983	0.0535009519149208	0.0382485953283037
755	0.0824795310398979	0.0628852313775319	0.0709794587998533	0.66459137151463	0.0324791497369403	0.0865852575311461
756	0.0139602113541179	0.00756197345573225	0.47471649997553	0.0151469186045179	0.229606095976848	0.259008300633253
757	0.0395253554722992	0.0152617135151191	0.449060418351183	0.0557329023628991	0.439776020387496	0.000643589911003565
758	0.020545092268504	0.475697023887422	0.00502755182728311	0.0123268469258649	0.479264640944677	0.00713884414624882
759	0.0338143107386724	0.0204739111869802	0.0352161825375147	0.431125168628407	0.44493143261245	0.0344389942959754
760	0.00972310161452994	0.0467904517060791	0.00985808027762893	0.853549587726286	0.0460410797681737	0.0340376989073026
761	0.0278513689578368	0.930709015681267	0.0166484291689452	0.0161577287410287	0	0.0086334574509225
762	0.0223697554068575	0.914129717564042	0	0.0197539614257795	0.0228512531376741	0.0208953124656471
763	0.00302069208512904	0.625746491166274	0.00769748483819698	0.0136491189254783	0.319374533312395	0.0305116796725266
764	0.0422079854548149	0.0463819463663233	0.05793486762349	0.736555557654293	0.0329087734965899	0.0840108694044888
765	0	0.897199971677336	0.0239682672510578	0.0173394476350919	0.0329537220366523	0.0285385913998619
766	0.0341794633770233	0.0285806038825439	0.442241285403177	0.429130396745202	0.0347494210428617	0.0311188295491922
767	0.0423473690724502	0.468913190374621	0.0224726818007764	0.0134545863866296	0.0133786614018689	0.439433510963654
768	0.0120140331432684	0.306939067059782	0.013192900661688	0.328635632304107	0.324127729036445	0.0150906377947095
769	0.0554677674425628	0.659666465366129	0.039741685229191	0.0236888164500637	0.0814832079032095	0.139952057608844
770	0.0191667867667503	0.0584298206834545	0.737672484914456	0.0483770857244913	0.052988384225914	0.0833654376849344
771	0.0255275735972995	0.313480444912935	0.000350758986306933	0.0247742011834138	0	0.635867021320045
772	0.0334002436332308	0.890261405476729	0.0265733037623429	0.0113518531666052	0.00555062328660273	0.032862570674489
773	0.0399456351139859	0.0319173937502159	0.0208032015389565	0.420646393269348	0.481148167607693	0.00553920871980071
774	0.00958312632413269	0.00343210416480328	0.635816337190392	0.0322510969046748	0.0199535890346458	0.298963746381352
775	0.063690536705452	0.0721865752570838	0.0144973598508163	0.0292172373220821	0.0851023477912778	0.735305943073288
776	0.0178841329372498	0.0374730503145863	0.0442397538888716	0.0320125513353614	0.847666032755958	0.0207244787679732
777	0	0.0241100546605696	0.486024965544549	0.0141239240922163	0.437405244122425	0.0383358115802401
778	0.0381991610982895	0.0115627698303249	0.447785914854898	0.0474239048512349	0.420690985976175	0.0343372633890769
779	0.0102122788299612	0.00269338543614092	0.526043722192171	0.00164132157223875	0.229677229188186	0.229732062781302
780	0.0181069269563837	0.0268618920104446	0.0116941876569563	0.44787408270138	0.0181741460403814	0.477288764634454
781	0.0559037871432077	0.0489503608265066	0.0220513771383816	0.0433682846111798	0.0322010422450261	0.797525148035698
782	0.0533496797717342	0.0191066470566079	0.446824479496906	0.00718198221428267	0.062926804578117	0.410610406882352
783	0.00799032257471588	0.00450417409249425	0.327343297049002	0.0346909920456072	0.348955331740369	0.276515882497812
784	0	0.0105313139180502	0.337219738767336	0.0224527466631608	0.31499824682183	0.314797953829623
785	0.0513209547286011	0.0167853661887977	0.0382979373742496	0.425378382062862	0.0442738648980653	0.423943494747424
786	0.0110515664418942	0.0327962611200298	0.0299916741742151	0.88427524175375	0.0271739422243229	0.014711314285788
787	0.0268307981008659	0.0497348821257421	0.0645526862876131	0.0732965899805294	0.0577718775228215	0.727813165982428
788	0.0263667120196102	0.00367002614327751	0.294187641761823	0.657597371698894	0.0147273733204468	0.003450875055948
789	0.012596645968234	0.433131243743816	0.45498499789374	0.0245444389208514	0.0346510432899359	0.0400916301834229
790	0	0.908463951607417	0.0291019052072184	0.0247517707203449	0	0.0376823724650198
791	0.0397293478647504	0.86221719234352	0	0.036301635141411	0.0159002522739762	0.0458515723763423
792	0.0110548774231486	0.333367518941551	0.292575178926886	0.0162451340250427	0.334300674466886	0.0124566162164854
793	0.0133023817334766	0.246314528326431	0.240953586385351	0.246158087227243	0.00722122288897395	0.246050193438524
794	0.022369742687213	0.417279811120676	0.0201858707264306	0.021816938404428	0.0523433471966826	0.46600428986457
795	0	0.891062908132386	0.0215433900962392	0.0243632683212144	0.0309910916596721	0.0320393417904884
796	0.067758395730733	0.769322389046936	0.0433270724702605	0.0188356665111794	0.0585074377683949	0.0422490384724963
797	0.019281478914338	0.0393973669560839	0.424551168652625	0.456020842397551	0.0238413458254996	0.0369077972539021
798	0.0370833859514867	0.0222686715947759	0.844191439312816	0.0509068703102253	0.0163886192367609	0.0291610135939349
799	0.0377212843522187	0.056770118843739	0.717467391797912	0.0314775343596994	0.0810182257780909	0.0755454448683396
800	0.0263187261637227	0.452963167759262	0.423553458964654	0.0262562134045994	0.040763269072398	0.0301451646353637
801	0.0155065412776769	0.883743647110835	0.0205924597699008	0.00309521261912616	0.0262085434430304	0.050853595779431
802	0	0.880530620527966	0.0391375648799442	0.0194489698966975	0.0425173050037249	0.0183655396916677
803	0.00856142749929852	0.0127763434256973	0.336855569078321	0.00477900994748607	0	0.637027650049197
804	0.0553140886582128	0.0690485329810992	0.0785869968302161	0.72393926472688	0.0218299593166306	0.0512811574869618
805	0.00929458223353352	0.0162696879203313	0.253762742661734	0.487502776036477	0.227156820068558	0.00601339107936592
806	0	0.00137982411703356	0.952686386087872	0	0.0231846190767601	0.0227491707183344
807	0.0231293656110465	0.0199792017624197	0.389595855234945	0.470899101376362	0.0367682590119597	0.0596282170032664
808	0.045300939441961	0.0104349715296069	0.087248153012031	0.67979552466438	0.0632682799909315	0.113952131361089
809	0.0183372496452953	0.0259957577674572	0.0498012605073426	0.0325251611219187	0.0382962709975675	0.835044299960419
810	0.0137447706791931	0.0278009210651426	0.678637490594902	0.00344667912402532	0.0118515403163911	0.264518598220346
811	0	0	0.0120238665468355	0	0.0247311480072245	0.96324498544594
812	0.045334371538085	0	0.412060878056217	0.0413656455609842	0.472054060804805	0.0291850440399085
813	0.0990445020510283	0.0318560711024361	0.107550038904796	0.692139587484842	0.021376166518606	0.0480336339382915
814	0.0264425305967015	0.00427898042535061	0.624707809047077	0.306408648251138	0	0.0381620316797333
815	0.079330058854654	0.0917518853385078	0.728734982486653	0.0350971372755898	0.0126286958609146	0.0524572401836806
816	0.0879908739034879	0.0169304145688074	0.0716155556268476	0.0514095409512504	0.0453286420588925	0.726724972890714
817	0.0219889570804523	0.0165226558731666	0.051844915880549	0.054815183641003	0.776977813727436	0.0778504737973934
818	0.0454991331299812	0.0288461605958424	0.428712081845068	0.421641745074581	0.0373251887118881	0.0379756906426397
819	0.0338978193210883	0.130526997489156	0.0365833566266694	0.091225525452994	0.0280289471940942	0.679737353915998
820	0.00233838547913235	0.242344124762277	0.482322970245348	0	0.0157340709123985	0.257260448600844
821	0.046940680048821	0.0699476774664785	0.754062301510502	0.0374878368586869	0.0545039842436011	0.0370575198719108
822	0.0375072452323668	0.0452585624959877	0.708571905972692	0.0727290788856276	0.0550499368409001	0.080883270572426
823	0.0498097070261808	0.0247925759120973	0.0795832938352976	0.055628200430493	0.0279066429188144	0.762279579877117
824	0.0174383288789029	0.85690548757064	0.0527976001474731	0.011294698538143	0.0316870902700143	0.0298767945948264
825	0.0239938546191576	0.453244696241595	0.437560699496683	0.0184464337578658	0.0589025451280705	0.00785177075662815
826	0.0396377448933952	0	0.462289916418812	0.0201329826603646	0.0604824516237715	0.417456904403657
827	0.0219832772626217	0.442399122270227	0.445855557656048	0.0133320908751872	0.0360695899953453	0.0403603619405706
828	0.0521441146640524	0.0773984089503265	0.017416207107201	0.0252365256801655	0.102742874389164	0.725061869209091
829	0.0477454385934586	0.72658296824299	0.0451379962184377	0.0381839165699297	0.0162449657798606	0.126104714595324
830	0.0109132389925321	0.250163553288153	0.470728248107139	0.00801721578405168	0.260177743828124	0
831	0.029727139295062	0.0105331223366559	0.0382398641747331	0.0410975235208769	0.464954622072497	0.415447728600175
832	0.141021642170833	0.706904040249326	0.0259233111230408	0.0403102421784718	0.0185890394190705	0.0672517248592577
833	0.0561130446965383	0.0473656499922705	0.066072985551824	0.0332935059055306	0.0571609536217685	0.739993860232068
834	0.0303698481260663	0.0171340485420425	0.0158798460961588	0.839691651598384	0.0513241518541114	0.0456004537832374
835	0.0114597058672648	0.0347391755293864	0	0.0277693337098247	0.0771423304003648	0.848889454493159
836	0.0521346215951738	0.0498586797496207	0.0549782421606587	0.697699591403072	0.0871390133901652	0.05818985170131
837	0.0292279972455186	0.0454203360992054	0.727959770079502	0.0648337579550899	0.0794668074877743	0.0530913311329102
838	0.0210478512502197	0.027224805365069	0.0488645634162915	0.423951470643159	0.44844495620252	0.0304663531227411
839	0.0543455611022077	0.0214022214054074	0.0605543993389738	0.0437080720031092	0.78318812113735	0.0368016250129515
840	0.0854381281937026	0.045113176439838	0.0745891579840809	0.0707830184160169	0.0487041162404439	0.675372402725918
841	0.0178061076691532	0.0216417906228941	0.418754642626816	0.0464841103034491	0.0378785568785868	0.457434791899101
842	0.0368503309827148	0.0320119741791956	0	0.0486675312415377	0.451449666510357	0.431020497086195
843	0.00136665785601193	0.0224798193004976	0.251312055617606	0.471936170865724	0.250044385841563	0.00286091051859694
844	0.0236221717306906	0.041226515631447	0.0247316357652068	0.017975472695701	0.0437252579341848	0.84871894624277
845	0.00146548422955459	0.0196643668621332	0.295328850436345	0.00572525816289596	0.0097875586668952	0.668028481642176
846	0.0988737148575228	0.0318372501243577	0.694443953668816	0.0488828786180549	0.0785213558438037	0.0474408468874447
847	0.011698045225981	0.010379423207434	0.277018260816333	0.0393610754556708	0.014119665102775	0.647423530191806
848	0.0331761164474351	0.0559005075742005	0.0193219255197072	0.00483268762148294	0.00268741396214287	0.884081348875031
849	0.0632963176918832	0.0163934802521521	0.737592686344866	0.0249151903488096	0.0879654641311183	0.0698368612311706
850	0.0266162426346073	0.0224262085355524	0.915124352154648	0.0135084599593374	0.00574303171716778	0.0165817049986872
851	0.0202762098727062	0.350594223001257	0.011032905204563	0.00449593235732218	0.300998991640041	0.31260173792411
852	0	0	0.323939733515515	0.639244633069554	0.0173871665096822	0.0194284669052484
853	0.0290086493644408	0.0246077200816759	0.315860746348755	0.603950929971746	0	0.0265719542333825
854	0.012558785836719	0.637725967622977	0.323525150784289	0.00944213643648545	0	0.0167479593195295
855	0.00101913260312005	0.309180176366161	0.0370625269086637	0.333362210667355	0.295584239821514	0.0237917136331868
856	0.00847763358864389	0.48097630070874	0.00201118362564837	0.4688086962691	0.0112546714568293	0.0284715143510385
857	0.081608518746172	0.0142078604744763	0.083442908157806	0.0659986116094068	0.0745642422553829	0.680177858756756
858	0.0340653574055691	0.0382120731814729	0.0310847776070761	0.771087679361396	0.0728044898062887	0.0527456226381972
859	0.0148121974179002	0.462941687314594	0.0151853302105423	0.449344196266219	0.0186682752323711	0.0390483135583736
860	0.0677201155767043	0.0803251308034895	0.115140102629355	0.0289544502961056	0.652328447590973	0.055531753103372
861	0.0108812098405069	0.030745613278544	0.0187145469398638	0.316897193377877	0.322745324039521	0.300016112523687
862	0.0321566476882601	0.009398156732683	0.0139810529035815	0.0288506405584742	0.0104636415819429	0.905149860535058
863	0.00644540703272008	0.0475443606163073	0.413172741150225	0.447900065614239	0.0684987179574973	0.0164387076290115
864	0.00145264729835346	0.00616853916960255	0.616383514232007	0.0244533026493981	0.0374156434883982	0.314126353162241
865	0.0208465541830054	0.0705987141677114	0.092639372494549	0.0593553117885046	0.0514734128453706	0.705086634520859
866	0	0	0.241443127182979	0.23176146087969	0.014021394568996	0.512774017368335
867	0.079848979234654	0.0433715961293346	0.708553103927545	0.074315687617629	0.0407434374808064	0.053167195610031
868	0.078888868990924	0.0691464778233217	0.0831365477581713	0.0586776409113211	0.0607686976809853	0.649381766835277
869	0.0349777492894053	0.0158743298828597	0.0108331146687877	0.438396310437035	0.0347004034349717	0.465218092286941
870	0.033619588772733	0.0312781166952628	0.410057223603287	0.0466102515324886	0.450908917974471	0.0275259014217576
871	0.0283152043756997	0.00994903451562787	0.461481660692882	0.0252015491287355	0.0212006058822769	0.453851945404778
872	0.0692713525687637	0.0157778953927134	0.0619883826679368	0.041338985765254	0.0519510645543701	0.759672319050962
873	0.0754503824970138	0.05433594598921	0.0718639136845929	0.69568539282217	0.0266602363100415	0.0760041286969717
874	0.00362983375238123	0.0273069346196696	0.0104605221152365	0.00396541793224574	0.305572148340209	0.649065143240258
875	0.0583603237046179	0.0527368574647003	0.047396932857534	0.046348717293663	0.742620925933398	0.0525362427460866
876	0.0276942080988504	0.0739080917139228	0.0473190761516666	0.0644486303436839	0.0489356584285903	0.737694335263286
877	0.0143048266513154	0.0154240684006593	0.318786309319916	0.645466463285291	0.00601833234281862	0
878	0.0233986156705367	0.01519589648622	0.00589665459034554	0.245801307580226	0.709707525672672	0
879	0	0.0202733715547867	0	0.240265424480404	0.0228095115835599	0.71665169238125
880	0.00887461639435792	0.0254131696537237	0.829363301057584	0.0111586159727535	0.0567132672718143	0.068477029649766
881	0.0374953623647849	0.07442571619067	0.00974384743334019	0.114640489476975	0.726386539146198	0.0373080453880312
882	0.0560284840383001	0.434919721124271	0.0321410131507536	0.0107491852428172	0.0243427176700392	0.441818878773819
883	0.0327675015856125	0.0169576321042422	0.464016262458303	0.445508195025248	0.015015836385856	0.0257345724407386
884	0.0243916081445989	0.000610162119495704	0.866107593487939	0.0314836676468282	0.0468349610396593	0.0305720075614792
885	0.0354442367904032	0.0667747358844653	0.435551721693933	0.0220472331969525	0.0162536495528245	0.423928422881421
886	0.017030533201522	0	0.490386551637233	0.260250849901517	0.00599002780228127	0.226342037457446
887	0.0794155578157381	0.694408203121629	0.0157234757183659	0.0616293186115143	0.0674385985028983	0.0813848462298549
888	0.00542357513545857	0.326357315782801	0.283890637425679	0.0388609133648983	0.332799366606619	0.0126681916845441
889	0.0116816297629038	0.0214144238746273	0.32658661559405	0.630649334917705	0.00391800016204192	0.00574999568867132
890	0.00560449126836539	0.028642644156872	0.314194624753949	0.0235827197494249	0.000474143103690253	0.627501376967699
891	0.0151129165534593	0.0190695211705868	0.601156962041964	0.00867504342002432	0.0331251763944943	0.322860380419471
892	0	0.000254686992839957	0.0152743501810839	0.742124258523415	0	0.242346704302661
893	0.0708333835542066	0.0400532796200616	0.00321723505795745	0.67571980969789	0.0985984479909923	0.111577844078892
894	0.0989210578703448	0.0082531949818293	0.0600001764542325	0.719914621194497	0.0704079885432836	0.0425029609558126
895	0.0171805240020759	0.0376983312111223	0.778790711042882	0.0335332417056763	0.0777511823003753	0.055046009737868
896	0.005907874699511	0.0204339969551585	0.0365310078247472	0.472646126626089	0.012665311699432	0.451815682195062
897	0.0891193472274773	0.0808383107166048	0.0322041074044595	0.664214347436736	0.0720525609709151	0.0615713262438073
898	0.0901190548751639	0.0702324302063894	0.00172682965778798	0.731093724804572	0.0297876376039246	0.0770403228521618
899	0.0679103853695882	0.0443176626983356	0.0223128747963135	0.0637704545408617	0.0810581925484691	0.720630430046432
900	0.0223878027871628	0.0246922879931754	0.929375796722257	0.00794522260905531	0.00117598728316972	0.0144229026051795
