barcode	consensus_rank_product	scrublet_rank	tile_mixture_rank	gene_activity_mixture_rank	exact_overlap_rank	exact_overlap_fraction
AACTATTGAGACATTT-1	64.96395439	250.833333	135.166667	131.333333	4.000000	0.002988816043
TTCAGTAAGGAGTCTA-1	80.14922551	263.666667	313.333333	499.500000	1.000000	0.003244374673
ACTCTAAAAACATCAA-1	112.17237519	696.333333	581.500000	65.166667	6.000000	0.00294002352
CGTTCAGAGTATTAGG-1	121.56371515	392.833333	429.166667	647.666667	2.000000	0.003146888641
TCGAAATTGTAGAAGC-1	133.91826233	328.500000	310.166667	315.666667	10.000000	0.002784366299
CGTGTGGATCTGGCAG-1	139.73148847	550.833333	301.166667	127.666667	18.000000	0.002658003544
CAGGTTACGACGTTAG-1	143.44667680	87.333333	385.666667	483.500000	26.000000	0.002634245187
CAGATATCCAAGTCGC-1	147.69964306	319.000000	223.666667	290.000000	23.000000	0.002641878669
AAATAAGATTCCTGCG-1	154.92144249	78.166667	545.333333	675.666667	20.000000	0.002654144549
GAGGATAGCTCGACTC-1	156.63729297	696.333333	706.000000	408.166667	3.000000	0.003008488235
AGTGCAGGATAGTCGA-1	167.15702699	696.333333	462.666667	484.666667	5.000000	0.002946437967
GAATTGGAGATGAATA-1	167.84899538	696.333333	386.333333	421.500000	7.000000	0.002927033243
TCCACAACACTACAAT-1	168.31130977	84.833333	558.666667	413.000000	41.000000	0.002589383528
TCTGCAAAACGCTAAC-1	180.32516064	502.500000	564.333333	7.833333	476.000000	0.00227358848
CTTGGGCTTCAGCGCT-1	182.42720295	339.833333	519.000000	330.500000	19.000000	0.002656856734
GAGGCTACTCCATCAG-1	184.29976933	478.500000	645.833333	466.666667	8.000000	0.002920149028
GAATATTTATAGCGCT-1	185.11503674	696.333333	241.000000	437.333333	16.000000	0.002671511007
CATCTGGAAAGTAGGC-1	187.29422522	30.166667	414.166667	157.333333	626.000000	0.002222222222
AGCACGTTTTAATGCA-1	187.60419278	130.166667	492.666667	439.000000	44.000000	0.002573747773
TCAACTTAAGGTACTA-1	188.00916133	216.500000	658.500000	417.333333	21.000000	0.002649916577
ACGGAGCCTGACTGGA-1	190.73982686	245.500000	643.000000	559.000000	15.000000	0.002683455465
CGTGGGACGCCTCGGC-1	195.00812368	696.333333	347.000000	427.500000	14.000000	0.002704389432
GAACTTGTCAGAAAGT-1	208.48442606	196.000000	726.833333	282.166667	47.000000	0.00256866232
CTAATTCAACCGCTAG-1	212.36626883	565.333333	273.666667	453.333333	29.000000	0.002628918099
CCTTAACCATTAACGG-1	213.49232266	97.333333	374.166667	281.000000	203.000000	0.002409870831
GGAACCGGACCAGATT-1	215.32484756	696.333333	380.833333	48.833333	166.000000	0.002434037582
AGCTTCTAAAGACTTC-1	216.27151240	275.666667	498.333333	589.833333	27.000000	0.002631046347
CAGCCCCAATTTCACA-1	218.78959873	31.000000	287.500000	346.500000	742.000000	0.002177355503
CCGCAGATCTTACTGT-1	221.70228652	388.166667	347.833333	447.333333	40.000000	0.0026
TTCTCAACCACACACT-1	221.73823106	696.333333	498.166667	774.333333	9.000000	0.002841806126
TCATAGCCAGTGTATA-1	221.84812645	478.833333	632.666667	319.833333	25.000000	0.002636649427
GGGGCAAACAGGAATC-1	222.62078855	165.500000	570.166667	605.333333	43.000000	0.002587579618
ATATAGCCCACACGGA-1	223.95385587	258.666667	515.833333	608.166667	31.000000	0.002623347795
TCGGGCCGTTACTAAT-1	226.53019215	696.333333	588.500000	535.500000	12.000000	0.002741116751
GCTCGAGAATAGGAAC-1	227.79566349	370.166667	128.833333	672.166667	84.000000	0.002515849854
AGTAAATCGTCATCCG-1	228.03586879	284.166667	401.166667	395.333333	60.000000	0.002552062066
GTGGGTGAAGGTGAAC-1	229.02416277	696.333333	453.166667	670.666667	13.000000	0.002709179952
AAGGTGGGTAAGAGCG-1	229.86672910	473.000000	149.166667	454.833333	87.000000	0.002511048614
TATGTCCGCGAGTGAG-1	232.12827134	42.166667	799.333333	586.000000	147.000000	0.00244863196
GATTCCAGTAATGGTC-1	232.58618528	696.333333	626.833333	609.500000	11.000000	0.002766251729
GTCACGGCATCAACCC-1	233.93650809	696.333333	540.333333	265.333333	30.000000	0.002625201939
TTATTTAGGGGGTCCG-1	238.81011238	226.333333	357.166667	246.833333	163.000000	0.002434985877
CATGTCCAGTGTCCTT-1	239.27117090	696.333333	367.500000	191.166667	67.000000	0.002545525749
TAGCCTATCTCCACAA-1	239.68490110	49.333333	599.500000	481.000000	232.000000	0.002393537449
CGGCCGGGGGCCACAG-1	240.19057259	232.166667	599.000000	91.000000	263.000000	0.002372591819
TCTTGTCTTCAATTTT-1	240.52637146	696.333333	587.000000	96.333333	85.000000	0.002515236529
AGTCTGCGTGAGTTGT-1	241.66345333	696.333333	715.833333	402.500000	17.000000	0.00266590498
ACGTGCGGCCAAGTCT-1	242.28155993	143.500000	471.166667	225.500000	226.000000	0.002396242691
CGTGTACTTGACTGGT-1	243.15531808	696.333333	494.500000	423.000000	24.000000	0.002638006839
GTCGACTGTTCATGGG-1	247.47542310	177.666667	390.166667	525.333333	103.000000	0.002487046632
CCTTTGCATTGCTATA-1	248.27478497	409.166667	229.833333	325.833333	124.000000	0.002467917078
TGTGCGTTCATTTTGG-1	251.31905993	124.833333	711.500000	47.833333	939.000000	0.002063344682
GGACATTACTCTCGCG-1	253.98315128	283.666667	341.000000	145.333333	296.000000	0.002358258819
TGACTACGCTCGTAAC-1	254.52374197	184.000000	711.333333	517.166667	62.000000	0.002550499898
AACACTCGCAACGAGA-1	255.34919126	696.333333	227.500000	394.666667	68.000000	0.002541834357
TAGTTCTCGCTTAAGG-1	255.40095634	41.000000	647.666667	236.333333	678.000000	0.002202422665
GACATTCTCGATCTTC-1	255.45602085	144.000000	743.500000	602.666667	66.000000	0.002546343451
GACCACGACTAAGCGG-1	256.29760835	366.500000	516.833333	670.000000	34.000000	0.0026104208
TGGGTCCTTCCGACGA-1	257.67114327	555.166667	504.000000	492.333333	32.000000	0.00261595734
TACAAGAGATCTGGTT-1	261.03516731	255.500000	710.333333	568.500000	45.000000	0.002573238321
CCATAGTTTATGATCG-1	261.49949905	696.333333	419.000000	728.500000	22.000000	0.002646799333
GGGCGGGTGTTCATTT-1	262.00109969	101.000000	601.666667	620.333333	125.000000	0.002467612585
TGGTGTACATTTTTCT-1	262.86025689	186.666667	109.333333	524.500000	446.000000	0.002283105023
AATGGGCCCGAGGAGT-1	263.49693445	388.000000	214.333333	591.500000	98.000000	0.002493019545
CGTGCGCCCCGAAGCG-1	264.33594221	696.333333	479.666667	384.666667	38.000000	0.002606066924
ACTACCAACGACTCTG-1	266.04889750	143.000000	471.333333	95.666667	777.000000	0.002158343962
CCATTTCTGATGACTC-1	267.54541017	416.166667	605.500000	333.333333	61.000000	0.002551270729
AGTGAAGGGCAGAGTG-1	268.90620270	429.833333	541.666667	114.000000	197.000000	0.002413593358
AATGATCTTCCTTAGT-1	270.98019248	696.333333	787.333333	17.500000	562.000000	0.002247410592
GAGTAAACGCTGTGCT-1	271.03403981	88.000000	352.500000	671.666667	259.000000	0.002374806402
CCTGACGTTACCTGGC-1	271.73631601	696.333333	170.500000	612.333333	75.000000	0.002526273242
GAACAGTCCGTCAGTC-1	271.84626110	696.333333	308.500000	552.666667	46.000000	0.002569423856
TTCACGAACGCCCCCC-1	273.29119613	36.666667	490.666667	385.166667	805.000000	0.002148017965
TTGCCCCGGAATTTAT-1	274.12991584	363.666667	546.000000	592.500000	48.000000	0.002566471615
CCCAGGACGCGTGGCT-1	275.61982039	98.333333	429.500000	711.666667	192.000000	0.00241521586
CTCTGTGGCTTGCTTA-1	275.74331641	70.333333	296.666667	405.666667	683.000000	0.002198432422
GTATTCCCTGTTCGCG-1	276.54767725	276.000000	371.000000	741.833333	77.000000	0.002525784045
TGAGGGTCTTCCCTGA-1	277.62387342	514.000000	473.833333	241.500000	101.000000	0.002488514548
GTCACTTATTGGCAGA-1	277.65042677	367.000000	303.833333	585.666667	91.000000	0.002504575667
CCTCTTTGTCCAACGG-1	278.15922130	276.000000	198.500000	174.833333	625.000000	0.002222671247
ACCACGGAGATCCGCG-1	279.73543270	241.833333	520.166667	501.833333	97.000000	0.002498001599
GTTGGGCCGAGCTTCC-1	279.96893789	579.166667	417.333333	397.166667	64.000000	0.002548270117
TAATGAGAATAGAGAG-1	280.52277522	478.500000	614.500000	288.500000	73.000000	0.00253016738
ATCGATCCGTACTCTG-1	282.46669264	557.833333	535.166667	576.333333	37.000000	0.002608346709
AGGACCAGTTTCCGCT-1	282.88770709	106.166667	483.166667	507.500000	246.000000	0.00238514985
ATGGTAGGAGTGAAAC-1	284.08791039	207.333333	634.166667	532.666667	93.000000	0.002502753028
AATAGCCGAAGGTCGC-1	285.66498564	244.166667	316.666667	503.666667	171.000000	0.002428166734
GACGGAGGCCTACGGT-1	287.06775086	696.333333	938.833333	371.000000	28.000000	0.002628984555
CCGTAATCATGTAAAA-1	287.17598920	208.833333	759.500000	313.000000	137.000000	0.002456331878
AAGACTGGGAAAACGC-1	287.38611446	453.666667	421.666667	566.000000	63.000000	0.00254841998
TCAACACCATTCATGG-1	288.17334747	372.666667	199.166667	422.333333	220.000000	0.002399280216
GTCGTGATCCGCTGTG-1	288.97460494	231.166667	274.833333	522.666667	210.000000	0.002405773857
TTCCCCATGCATCACC-1	289.74988020	588.166667	282.666667	557.833333	76.000000	0.002526273242
ATCAGCTCGTTAACGA-1	291.31407532	493.500000	450.833333	390.000000	83.000000	0.00251610306
AATGGTTTGGCTCTAG-1	291.63612833	207.666667	289.333333	287.333333	419.000000	0.002294722139
GAAGCCGGACACTACA-1	292.51261652	696.333333	639.333333	498.333333	33.000000	0.002614789248
GGACGCCAGAGATCGT-1	292.58495229	696.333333	738.500000	407.166667	35.000000	0.002610179701
AGAGCCCCCATACACC-1	292.64930892	493.500000	314.000000	294.000000	161.000000	0.002435934912
AGTAAAAATTTGAAGG-1	292.73351833	139.500000	583.500000	622.166667	145.000000	0.002449936089
TTCTGTATGAACGCTC-1	293.03614905	594.666667	540.500000	388.833333	59.000000	0.002554780387
GCAGGGTAAATACGAG-1	293.36528052	696.333333	474.666667	400.166667	56.000000	0.002557041699
TGGCAGAACCTAGACG-1	293.65044479	136.333333	593.166667	427.666667	215.000000	0.002402642907
AAACAGCGCAATACAG-1	293.89854135	696.333333	240.500000	74.500000	598.000000	0.002232142857
TGGAATCTTCCAAGAT-1	294.10099817	103.833333	380.833333	460.333333	411.000000	0.002299540092
CTACAGATCAATATCG-1	294.84719057	696.333333	388.500000	45.500000	614.000000	0.002226524685
CGCACGCGTACTGCAG-1	295.07538411	696.333333	587.833333	21.166667	875.000000	0.002108350903
CCGCACGGACTGTTGA-1	295.24270692	375.833333	384.833333	500.333333	105.000000	0.002483700714
CACGGTTGACCTAGTG-1	295.24664941	191.500000	463.166667	528.833333	162.000000	0.002434985877
TTGTGTTAGTCTCCTA-1	295.91987304	594.666667	245.333333	665.333333	79.000000	0.002521273243
ACATCAGCGCGTGGCG-1	296.48391382	312.333333	299.666667	105.166667	785.000000	0.002154117301
TCACAATGCGCTCCGC-1	296.66097962	71.500000	437.333333	748.333333	331.000000	0.002334077532
TACTAGCCTCTATTTT-1	296.97306967	696.333333	124.666667	359.833333	249.000000	0.002381897578
CGCTTACCTGTAAGTG-1	297.39843494	290.166667	506.333333	102.000000	522.000000	0.002260664439
AAACCAGCTTCGTCGT-1	297.89268675	506.500000	578.500000	471.500000	57.000000	0.002556727389
CACGGACAGCCCGCCT-1	298.35530380	526.833333	614.666667	24.666667	992.000000	0.001948413435
TCGCCGACTCCATTGG-1	298.78734032	217.000000	389.833333	741.833333	127.000000	0.002466091245
ACCGCAGACCGGTAAT-1	299.68272461	696.333333	504.166667	459.500000	50.000000	0.002564891762
ACATGTCAGCGCTGGT-1	299.96036212	160.833333	628.666667	360.666667	222.000000	0.002398081535
CTATCCCAGACATAGT-1	300.21804432	696.333333	378.666667	208.166667	148.000000	0.002447620912
CAGTAAGAACGCACTA-1	301.94071941	98.833333	725.500000	445.833333	260.000000	0.002374784111
TATGGTGCAAATACGG-1	302.88227772	151.000000	456.500000	137.333333	889.000000	0.002102044716
GCGTAACTATAACCAA-1	303.82429870	696.333333	175.666667	540.000000	129.000000	0.002465078061
GCGACACGCCGGGCAC-1	303.98188109	237.833333	305.500000	277.166667	424.000000	0.002294235733
TTTATGATGTTAGCGA-1	304.62156112	395.500000	510.833333	734.833333	58.000000	0.002555910543
ATACTATAACTATTCA-1	304.67443147	323.666667	275.833333	383.000000	252.000000	0.00238118861
AGAAGCGCACGATACA-1	304.90820844	429.500000	119.166667	584.333333	289.000000	0.002361396304
AGAGGGAACTCAGCTA-1	305.65513416	696.333333	302.833333	511.000000	81.000000	0.002517116391
TACAAAGCCATAAGCA-1	305.86193547	143.166667	390.833333	248.666667	629.000000	0.002221324717
CTGATAGTGCCTCTTT-1	306.80029589	696.333333	315.000000	561.000000	72.000000	0.002532179785
GTTATTACGTGCTTCT-1	307.54888028	270.666667	438.166667	618.333333	122.000000	0.002469389855
GGCGAGTTGAATAGCA-1	307.77679917	229.833333	520.000000	620.500000	121.000000	0.002471169687
CAGATTACGGACCGTG-1	308.49820265	87.333333	728.333333	562.833333	253.000000	0.002380480063
ATCTTTGTCCACGATA-1	309.36798473	165.833333	433.000000	312.666667	408.000000	0.002300460092
CGATCGACAGGCTCGG-1	309.48394261	579.166667	480.833333	445.166667	74.000000	0.002527461845
GGTGTTCCACCCTCAG-1	309.69948165	531.500000	550.833333	293.666667	107.000000	0.002482375137
AACTATCAGATCATAT-1	309.93458453	109.500000	499.166667	715.333333	236.000000	0.002390285878
AAGGGGATACGAGTGA-1	310.15253847	577.333333	257.500000	798.000000	78.000000	0.002521432173
AGAGGCGAACTAGTTA-1	310.97749994	388.000000	567.333333	291.000000	146.000000	0.0024492995
ATGTAACACTCATATT-1	311.11733103	696.333333	575.166667	49.666667	471.000000	0.002274975272
GACCGGCGTAGTACTG-1	311.14432887	591.000000	680.166667	597.833333	39.000000	0.002604427527
TGTGTAGAAGTGGCAC-1	311.47505659	333.166667	349.000000	275.333333	294.000000	0.002358722359
AATGCCCTTCGTAAAC-1	312.01259388	370.666667	417.333333	397.833333	154.000000	0.002440512508
CTGTTACCGTAATACT-1	312.53983833	546.000000	607.166667	533.000000	54.000000	0.0025599017
CCTGTAATCGGCTCGC-1	312.68355590	91.166667	659.333333	294.500000	540.000000	0.002254329337
ACTCTATAATTCTCCT-1	313.02767608	526.833333	641.500000	546.333333	52.000000	0.002564650566
CTGCCACGCCCGCTTG-1	313.17133231	79.333333	532.666667	494.833333	460.000000	0.002279258745
ATGCAGCGAACTTAGT-1	314.09268426	96.666667	557.666667	480.166667	376.000000	0.002314348964
CAAAAACCGTCCACGG-1	314.28376844	591.000000	644.500000	711.500000	36.000000	0.002608608408
CCAATAGCGAAGACTA-1	315.36232286	303.833333	161.000000	514.500000	393.000000	0.002306226812
CACGCGTTGGTTAGGG-1	315.52489909	215.333333	687.500000	343.333333	195.000000	0.00241424404
GTTGAATACAAACAAG-1	316.69434306	279.000000	326.000000	428.666667	258.000000	0.002375296912
CACAATTTATACGTGG-1	316.76814279	408.500000	226.000000	287.000000	380.000000	0.002312584313
GCGCTTCTTATTTCCT-1	317.72532024	354.166667	380.666667	174.166667	434.000000	0.002289012739
GGTTAGTGACCGGAAC-1	318.58471532	185.833333	451.000000	146.500000	839.000000	0.002130544257
ACGAGGCCTTCCGCAC-1	319.64059256	560.166667	583.500000	580.666667	55.000000	0.002557544757
TTAAGGTGTAAGGGTT-1	319.70964148	296.500000	342.000000	324.000000	318.000000	0.002342635975
CTTGTCAGGGGATACG-1	320.28931336	570.333333	573.833333	630.500000	51.000000	0.002564891762
TATCAGAAAGCTGGGA-1	320.65483088	464.666667	383.166667	157.500000	377.000000	0.002314145213
GGCACACTGGTGTATC-1	320.82879020	123.166667	507.666667	531.166667	319.000000	0.002342606149
CGAGCGATACACATCG-1	320.91921734	696.333333	715.333333	507.000000	42.000000	0.002588190184
GGCCCTGGGTGTGTGA-1	322.16636979	221.166667	217.166667	526.500000	426.000000	0.002293338893
GGGTCATATCGTGTGT-1	322.28508692	348.500000	843.666667	426.666667	86.000000	0.002511349367
AGTTTCGTGTGGACTG-1	322.68331539	696.333333	590.500000	132.500000	199.000000	0.002413127413
AGTTCGACTATCCTTT-1	322.83409562	506.500000	478.333333	386.500000	116.000000	0.002475954671
GACGCTCGTACTATCT-1	323.98688934	478.500000	573.166667	565.833333	71.000000	0.002536783359
TTACAGCCTCATATGT-1	324.18926951	56.500000	535.000000	553.666667	660.000000	0.002210991788
TGACACACAAGCACTA-1	324.80548510	696.333333	249.666667	355.666667	180.000000	0.002422245906
TACACTAGTTTCGATA-1	327.80705240	696.333333	551.333333	567.500000	53.000000	0.002562333695
GAAGGGCGTAATGAGA-1	328.42289147	279.333333	371.500000	667.333333	168.000000	0.002433336713
ACAAGCAGTCAGTCTC-1	329.34757080	696.333333	585.000000	217.166667	133.000000	0.002463054187
TGACCCTTTAAAAAAC-1	329.48918324	305.166667	553.166667	329.333333	212.000000	0.002404077315
AATTCATGTTATTATG-1	329.85912122	696.333333	345.166667	140.333333	351.000000	0.002325806764
GTAAGGAATGCAGAAC-1	330.05341942	397.500000	538.333333	577.666667	96.000000	0.002499218994
GGGCGAGATGTTCAGT-1	330.30511476	482.666667	712.833333	320.333333	108.000000	0.002482128674
CTAGACACTCCATTGT-1	330.37789502	696.333333	464.500000	354.166667	104.000000	0.002483957773
TGGCGGTCTTTGCTGA-1	331.12607970	401.166667	299.166667	375.166667	267.000000	0.002371307183
ACATGAAGGGACCTAA-1	331.47543957	588.166667	289.500000	373.166667	190.000000	0.002415966387
TGAGCCTCACGCTTCG-1	331.51672266	60.833333	590.166667	561.666667	599.000000	0.002232142857
AAAAGGCGTAAGGTCT-1	331.62066977	591.000000	315.333333	477.166667	136.000000	0.002459177651
CAAAACGATGATACAA-1	333.54129218	321.166667	350.833333	448.333333	245.000000	0.002385448763
CCCGGGTGAACCACTC-1	334.97011840	279.666667	503.666667	726.666667	123.000000	0.002468373959
GGTTGTAATACGCACT-1	335.41342842	696.333333	273.500000	329.000000	202.000000	0.00241084882
GTCTGGATACCGATTT-1	335.57352854	591.000000	567.833333	217.166667	174.000000	0.002427655856
CCTGCACGACCTGCTT-1	335.58711606	121.666667	768.333333	558.333333	243.000000	0.00238616027
GTAATGACTTAGGGAA-1	335.74727556	696.333333	440.833333	316.000000	131.000000	0.00246381275
ACGCTTCCGGTTGGTG-1	336.20599702	577.333333	517.000000	419.666667	102.000000	0.002487820048
GAGAGGCGGACATAAT-1	336.30458587	247.000000	388.500000	152.000000	877.000000	0.00210748156
CGCCACATAAGGAATG-1	336.69785561	573.833333	490.000000	571.333333	80.000000	0.00251813054
AAGTAGCCGGGAGTTA-1	337.40249553	577.333333	409.500000	843.333333	65.000000	0.002547381292
AAGCAAGCCTACGTCG-1	338.03092691	696.333333	445.333333	277.000000	152.000000	0.002442250941
AGAGTTTCGGGTCGGG-1	339.32994896	544.000000	432.333333	164.833333	342.000000	0.002329870886
GCGAATCATTTAACTG-1	340.27785303	313.166667	186.666667	686.666667	334.000000	0.002333495382
CGTCGGGCGGAAACGG-1	340.60295252	391.166667	393.666667	426.333333	205.000000	0.002408912978
TCGTAACTCTGATTCC-1	340.61488229	250.833333	288.333333	484.666667	384.000000	0.00231140996
ACGACGTCATATAAAT-1	340.62501844	357.166667	477.000000	354.333333	223.000000	0.002397841942
GGCAACGGCCCAATGT-1	340.63195391	262.500000	294.333333	512.500000	340.000000	0.002331002331
CGCAATACTGACTCCA-1	342.33494323	696.333333	603.333333	667.166667	49.000000	0.002565198803
GGACGTTAATCGGCCC-1	343.01471755	311.000000	421.166667	471.833333	224.000000	0.002397602398
TTGCCGCATTTCGGTA-1	343.37718210	696.333333	388.666667	577.166667	89.000000	0.002507271086
AGGCTCGTCGCCCCTG-1	343.56787137	280.166667	398.166667	565.166667	221.000000	0.002399040384
CATTCCGATCGTTTCT-1	343.84268419	502.500000	577.500000	101.833333	473.000000	0.002274881517
TTACCACTACTTTCTG-1	344.24038432	696.333333	354.833333	536.166667	106.000000	0.002483608186
CCGATGCAGGATTATA-1	344.53924951	111.333333	500.333333	564.666667	448.000000	0.002282631251
TAGCGGAGGCAGATGC-1	344.98896535	373.000000	455.333333	765.166667	109.000000	0.00248188226
AAACACAATAAGTGGT-1	345.16647569	301.000000	238.666667	609.833333	324.000000	0.002339062341
CCCTTGAACGTATCGT-1	346.07704218	120.833333	544.166667	832.666667	262.000000	0.002373825988
AAAGAGCATCGAAACC-1	346.40819421	206.000000	496.500000	398.833333	353.000000	0.002324641197
TTGGTACTCTCGTTCG-1	347.77356120	145.166667	594.333333	311.666667	544.000000	0.002254018032
TACGCTAGCCAACCAG-1	348.91313129	311.000000	479.666667	437.666667	227.000000	0.002396166134
ACATCATTCTCGTGGA-1	349.00724561	457.166667	207.166667	647.333333	242.000000	0.00238616027
AGGCACATTCGCGTAT-1	349.11939637	176.666667	408.166667	844.333333	244.000000	0.002385644643
TGCGGGCGGTGGAGAT-1	349.32762404	696.333333	468.666667	97.500000	468.000000	0.00227610094
ATACTCTGTCCTGCTA-1	349.73328604	140.333333	447.833333	586.333333	406.000000	0.002301841473
TTGGCTCCAGGTGGAG-1	352.26844303	549.500000	500.666667	223.000000	251.000000	0.002381424886
CGCTTGCAAGGGGCGA-1	352.91453696	440.166667	485.000000	390.666667	186.000000	0.00241873065
CTTAGCAGAGCCATGT-1	353.20363785	696.333333	338.666667	492.500000	134.000000	0.002462801437
TGGGCCTCGATGCTAG-1	353.58981203	696.333333	406.000000	366.166667	151.000000	0.00244474868
AGGGAGATCCCTACTT-1	353.70918190	283.833333	599.500000	474.166667	194.000000	0.00241424404
TCCTAGTAAGATTGAT-1	353.77389649	314.833333	359.500000	228.000000	607.000000	0.002228525122
GCAGAACAAGCCTCTT-1	353.82909497	696.333333	419.166667	254.500000	211.000000	0.002404308521
ATCCACCATTTAAAGA-1	353.83932944	696.333333	579.666667	562.833333	69.000000	0.002540757993
AATTGCCGCGCCCATT-1	354.94088676	296.500000	164.333333	601.000000	542.000000	0.002254098361
TCCGGGTCTAGGCTTG-1	355.68546848	522.500000	294.833333	118.333333	878.000000	0.002107279693
AATGATTAGCGGAAGG-1	356.30536513	237.666667	405.666667	599.166667	279.000000	0.00236576836
TTTTTCGTTGGGAATT-1	356.35243603	268.000000	366.833333	563.666667	291.000000	0.002360426929
AGAGCCCTTGGTTGTT-1	356.35493366	696.333333	497.166667	529.333333	88.000000	0.002507522568
CTGGAATAAATTAGTA-1	356.38126431	696.333333	271.000000	718.333333	119.000000	0.002472697301
CGAGTTCTTTACGCAG-1	356.61402339	314.333333	760.833333	578.000000	117.000000	0.002475758201
TTGGTTGGTACCGCGT-1	356.62438193	582.500000	605.500000	382.166667	120.000000	0.002472442567
CCGCAGGCCAGAAGCT-1	356.83088226	478.500000	666.166667	281.000000	181.000000	0.002421776615
GGGATGTTGTAACCCC-1	357.62284610	206.000000	533.000000	206.333333	722.000000	0.002185575204
TGAGTAATATCATCCC-1	357.64192712	395.666667	572.000000	657.166667	110.000000	0.002481646159
ACTTCCACGCGAGACG-1	357.97898472	381.166667	256.500000	470.500000	357.000000	0.002323371
CGAACATATTTCAGAG-1	358.44616523	502.500000	540.833333	440.166667	138.000000	0.002455554464
CCGTGAGCTGCGAATA-1	359.32444567	257.833333	523.000000	179.166667	690.000000	0.002196047115
CCTGACAACTGTACAT-1	359.34625978	374.666667	619.000000	781.500000	92.000000	0.002504434937
TAGGTCTTAAAAGTTG-1	359.94111333	696.333333	666.500000	516.666667	70.000000	0.002537327998
AACAATAAAAACACGC-1	360.98029063	696.333333	600.666667	51.000000	796.000000	0.002151168476
CAAACCACTTTCTATC-1	361.21291721	696.333333	230.000000	489.833333	217.000000	0.002401085708
GACGTCGCGTACGCCG-1	362.40720917	354.500000	541.833333	90.166667	996.000000	0.001935546308
GTGAAGGACCAATTGA-1	364.58329703	591.000000	461.666667	578.166667	112.000000	0.002481133051
GGCATCGAGACAGACG-1	364.79385188	378.500000	620.666667	486.333333	155.000000	0.002440512508
AGATCGGGCTATATCG-1	364.92802163	696.333333	560.000000	483.833333	94.000000	0.002501250625
CTCGCGATCGGGCCGT-1	365.42020021	696.333333	441.000000	367.500000	158.000000	0.002438072947
CCAGTAACTGTTTCTT-1	367.64498483	461.166667	316.833333	258.333333	484.000000	0.002271604938
GCGGGTCCAGTGCAGA-1	367.70666039	58.166667	416.500000	816.666667	924.000000	0.002077767884
AACACATACGCCAGTT-1	367.82774368	78.333333	584.000000	653.833333	612.000000	0.002226720648
ATCTGACCACTTTGAA-1	368.76265257	288.166667	248.166667	891.666667	290.000000	0.002360810545
GTCGGTCACCCGATTA-1	368.84731949	551.833333	410.666667	544.500000	150.000000	0.002445236882
TCCCCAAGAACGAACG-1	370.05080813	324.333333	611.666667	675.166667	140.000000	0.002453867295
TACCCAGATTCGAACT-1	370.37097680	446.666667	320.000000	645.333333	204.000000	0.002409406322
CTCAGATTTCCGGATG-1	370.73933337	696.333333	650.166667	421.500000	99.000000	0.00249089864
GGAAAGAAAACAGTGG-1	372.46703149	557.833333	601.000000	448.500000	128.000000	0.002465584549
CAATTGCACCAGAACC-1	372.96305799	348.833333	586.666667	402.333333	235.000000	0.002390438247
AGACCATTCCTCCTCA-1	373.10822920	463.500000	409.500000	650.333333	157.000000	0.002438528754
CCCCTATGAAGTCACA-1	373.88545418	397.166667	495.666667	501.333333	198.000000	0.002413273002
ACACAATTTACAGTTC-1	374.06126947	565.333333	625.166667	615.500000	90.000000	0.002504957729
AGTATCAAACATCTTG-1	374.33222355	497.833333	690.166667	357.166667	160.000000	0.002437043054
TAATATGTGAAAAGTT-1	374.82810733	455.000000	342.500000	385.000000	329.000000	0.002337814144
CGACAGGAAGGCTTCT-1	374.98981465	453.666667	291.000000	314.000000	477.000000	0.002273373117
CTCTACTCTACCAGAA-1	375.60641547	487.833333	276.166667	157.000000	941.000000	0.00206043956
TACGTTTACTCGCATT-1	375.86861213	394.666667	639.833333	506.666667	156.000000	0.002438765772
AACTGGATCTACTCGG-1	375.95626108	233.666667	657.666667	610.333333	213.000000	0.002403615037
GGCTCTTGCCCCTCCA-1	377.24374639	229.833333	551.500000	545.333333	293.000000	0.00235941801
AGAGATAGTAACACTC-1	377.54482044	95.500000	614.500000	420.166667	824.000000	0.00213740458
CTTCCAATACTAAGAA-1	377.73545160	306.333333	291.833333	300.833333	757.000000	0.002167701251
AACCATCGCCCAAGTC-1	377.94524487	421.166667	331.500000	412.833333	354.000000	0.002324406266
CTCGAGTGAACGTTCT-1	378.12151930	373.000000	552.166667	594.333333	167.000000	0.002433336713
AATGGCCGGCGTTGAT-1	378.30765798	696.333333	224.166667	463.666667	283.000000	0.002364795394
GGACCCCTCTGTGTTC-1	378.81992918	119.833333	414.833333	433.333333	956.000000	0.00203685742
CAAACCTTGCATTCGC-1	378.93680385	509.833333	621.333333	566.000000	115.000000	0.002476780186
GCGTGTCTAGTCCAGT-1	379.04839153	506.500000	251.333333	546.000000	297.000000	0.002356489773
ACGACGATCAGACAGT-1	379.25177101	250.833333	597.000000	204.666667	675.000000	0.002204331992
TTTCGCGGGGAATCTA-1	379.51991195	531.500000	718.333333	662.666667	82.000000	0.002516356316
CGAGCAATAGAGGTGG-1	381.66086603	96.666667	643.000000	400.666667	852.000000	0.00212170894
CTCACTCGTGAGGACT-1	383.11237482	145.166667	337.500000	583.166667	754.000000	0.00217155266
AGGTGTTTAGGTGATG-1	383.91499918	266.000000	733.000000	324.833333	343.000000	0.002329870886
AATTTAGTCGCACTTG-1	384.01284571	696.333333	151.666667	496.166667	415.000000	0.002297170304
CCTGGAGTGGTGGGGG-1	384.06273484	431.166667	206.500000	669.500000	365.000000	0.002318168647
GTACCCTGGACGAGAC-1	384.07641185	696.333333	332.166667	746.666667	126.000000	0.002466456196
GAAGCATATGAGACCA-1	384.76883532	696.333333	280.666667	406.333333	276.000000	0.002367797948
TTTTGGTCGCCTAGGC-1	386.38683557	577.500000	695.833333	554.666667	100.000000	0.002490784099
ATAGCTTGCCTGTCAA-1	386.55402478	185.500000	544.333333	352.666667	627.000000	0.002221997778
CTAAGACAGACAAGCC-1	386.69093323	552.500000	606.333333	309.000000	216.000000	0.0024012006
CAGGAAGTCGAAAAAC-1	387.05693436	325.500000	372.000000	251.500000	737.000000	0.002179296682
CGCGCACCACCTGTTT-1	387.28040437	369.833333	435.333333	191.666667	729.000000	0.002184707051
CTTCAGCGAATTCTGA-1	387.43892101	209.000000	549.500000	454.166667	432.000000	0.002290608505
GATATCCGTAGAACTC-1	389.18008203	696.333333	404.333333	690.500000	118.000000	0.002473971755
GCTATACTTGAACGGC-1	389.32314791	348.500000	621.166667	804.000000	132.000000	0.002463581834
GCTAAGTTTGAGCGTC-1	389.91298290	591.000000	247.166667	472.333333	335.000000	0.00233336715
ATCCCGCGGCGGTGTA-1	390.07394787	696.333333	423.333333	140.500000	559.000000	0.002249168785
CCGTACGCGTCGCACG-1	390.74245621	594.666667	417.166667	543.166667	173.000000	0.002427675501
GTAATATGCTTGACAG-1	391.12499026	118.666667	473.166667	424.000000	983.000000	0.001987281399
CTCAGAGATCTGAGGT-1	391.15380715	230.833333	424.333333	283.166667	844.000000	0.002126425672
TAATACGACCACGTTT-1	391.48158157	594.666667	495.666667	342.000000	233.000000	0.002393489708
ATCTAGAGCGCCTCGA-1	391.51730044	185.333333	377.666667	469.500000	715.000000	0.002187096133
ATGCACGAACCGACTC-1	391.74990914	450.000000	513.833333	340.666667	299.000000	0.002354714138
CTATCAGTTATTAGCT-1	391.97307793	696.333333	498.833333	325.166667	209.000000	0.002405773857
GGAACGACTGGGCCTT-1	392.18220138	266.500000	442.500000	382.833333	524.000000	0.002259190799
ACTACTGGCGGCACAG-1	392.22907987	563.833333	218.666667	590.666667	325.000000	0.002339062341
CGCTCGTAGAGTTCAT-1	392.38171837	696.333333	447.500000	296.000000	257.000000	0.002377414562
GTACTTAAGATCTTAA-1	392.75172274	216.666667	318.000000	348.833333	990.000000	0.001962901168
AAGCGCAGTATACCCC-1	393.53553582	537.166667	752.833333	439.333333	135.000000	0.002459419577
GTCCAAAAGATTATAG-1	393.98084568	469.000000	630.166667	578.166667	141.000000	0.002453485995
GACTATAATGATTTTT-1	395.09056420	144.000000	587.333333	538.500000	535.000000	0.002255123051
AAGCTTCCACCTATAG-1	395.32211442	485.333333	421.500000	448.833333	266.000000	0.002371541502
ATAGCATAGTTAACGA-1	395.64949869	368.166667	270.666667	714.833333	344.000000	0.002329821718
GAAAAGCACTACAATC-1	396.05732308	275.666667	661.166667	531.500000	254.000000	0.002380243975
ATGTTAGCGGAACGAT-1	396.25268369	582.500000	550.666667	148.666667	517.000000	0.002260886661
TTCTGCAAATATAGGG-1	396.34711627	133.666667	579.333333	410.666667	776.000000	0.002159403219
ACTTCTTACGCTCTCA-1	397.22920882	696.333333	407.500000	258.833333	339.000000	0.002331219694
TAAGCGCGCTCGGTGG-1	397.35792642	375.000000	284.000000	251.166667	932.000000	0.00207141448
GCCTGCTACGTTTGTT-1	397.59149788	194.333333	379.166667	422.333333	803.000000	0.002148857199
AAGGTAATCCCCGCGT-1	398.00585200	317.000000	381.666667	810.166667	256.000000	0.002378121284
TAGTCGATAGCGCAAG-1	399.18141275	506.500000	469.000000	215.500000	496.000000	0.002267350158
GAACTGGATCGCGCCC-1	399.41200404	121.166667	572.833333	492.833333	744.000000	0.00217714003
GAGAATATGCCGACGC-1	399.61101315	696.333333	779.666667	415.666667	113.000000	0.002480876576
GCGGTCCACGGTGCAG-1	399.94456408	259.833333	543.833333	323.333333	560.000000	0.002248728979
AGTAGTCGGTGACCTC-1	399.95737313	582.500000	696.833333	553.000000	114.000000	0.002478551001
TGCGGTCGTTTCGAGG-1	400.22741081	522.500000	560.166667	379.500000	231.000000	0.002393838468
GGTGCCGTCCCCGCGT-1	400.80929959	537.166667	613.833333	399.333333	196.000000	0.002413826398
TACCGTAAAGCTTCAC-1	401.88118547	514.000000	724.666667	737.166667	95.000000	0.0025
TTAACTAGACCGCCAA-1	402.01678827	396.166667	625.500000	638.833333	165.000000	0.002434817896
ATCGCGCAGTCACATA-1	402.46912497	547.666667	555.666667	481.666667	179.000000	0.002422529525
AACCTATTCACCAATC-1	402.87162210	228.500000	699.833333	350.500000	470.000000	0.002274975272
GGTAGCTCTAAGTGCT-1	403.17862094	275.666667	529.333333	320.500000	565.000000	0.002245874426
AGATAATAGTGCTGGT-1	403.23469046	190.166667	418.666667	546.166667	608.000000	0.002228073729
TACGACGATCGGCCTT-1	403.50211307	696.333333	447.500000	279.833333	304.000000	0.002352479906
ATATTATTCACCGTGA-1	403.59263355	49.500000	763.166667	890.166667	789.000000	0.002152641879
AGTGAGACACATACGA-1	404.19182972	502.500000	667.333333	147.666667	539.000000	0.00225445991
CATTGCGCACGGCGAC-1	404.83300916	696.333333	509.666667	158.333333	478.000000	0.002273176517
CGTTTGTAAAACCTTG-1	405.17882702	588.166667	454.833333	332.500000	303.000000	0.002352710519
GGGGCCAACTGATATA-1	405.93804200	158.833333	583.666667	296.166667	989.000000	0.001964250638
AGGGCTGACTAGTGTG-1	405.95384915	388.000000	267.000000	679.166667	386.000000	0.002310628893
GCGACGATCTACTCAC-1	406.10436023	696.333333	453.333333	321.500000	268.000000	0.00237107291
GGATGGCCGTACGAGC-1	406.22653876	422.833333	640.833333	591.166667	170.000000	0.002428209459
ATCAATCTACAACATA-1	406.79690441	696.333333	590.166667	296.166667	225.000000	0.002396644697
GCCATAGGTCAGATTT-1	406.81572068	263.000000	522.833333	592.833333	336.000000	0.002333130452
CGCCCTCCAAACACAG-1	407.03536804	591.000000	128.166667	613.166667	591.000000	0.002235545168
TTTAGGTTAGTAACCA-1	407.19876632	493.500000	253.833333	636.166667	345.000000	0.002329821718
TGTCTGATTAAGCCAG-1	407.61087261	497.833333	482.333333	190.333333	604.000000	0.0022301949
AGGTCTTGTGTACACG-1	407.73182227	514.000000	401.500000	337.333333	397.000000	0.002304840164
CTCGCGTTAGACTGTG-1	408.07354799	696.333333	152.000000	715.833333	366.000000	0.002317380353
CCCCTTCGATGGGGGG-1	408.33504700	696.333333	326.833333	445.833333	274.000000	0.002368498964
GCTGTGTTTTCGCATT-1	408.53573739	696.333333	572.000000	97.000000	721.000000	0.00218579235
ATTAATTGGATTGGCT-1	408.71554616	143.000000	546.833333	397.833333	897.000000	0.002097692538
GTTGTGGGTTGTGCCC-1	408.76880686	541.166667	323.000000	646.666667	247.000000	0.002384160879
ATTGAGGTTTGTGAGC-1	408.82880860	443.166667	341.500000	439.500000	420.000000	0.002294722139
CGGCCCTAACCAGAGC-1	409.02346361	217.666667	340.666667	677.666667	557.000000	0.002249388753
AATCTATAAGTCAGAG-1	409.74683002	696.333333	560.000000	505.500000	143.000000	0.002451230722
TAGCATGTCACCCCAT-1	410.48359850	296.500000	251.333333	638.166667	597.000000	0.002232369356
ACACCAGAAGCGCCCG-1	410.50095014	423.333333	280.666667	829.833333	288.000000	0.002362289273
AGCGACATCGTTTTTA-1	410.52439806	482.666667	218.833333	438.666667	613.000000	0.002226524685
GGTATTCTACGACAAC-1	410.66051107	258.833333	610.333333	388.833333	463.000000	0.002277432712
CGGATAGCTTGCGACG-1	410.92046951	696.333333	342.166667	377.500000	317.000000	0.002343292326
TCGTGCTGTTTCAGGC-1	411.21070447	478.500000	393.333333	633.000000	240.000000	0.002387822107
TCATAGGACAGCCTCA-1	411.65736472	243.833333	663.666667	622.666667	285.000000	0.002363367799
CACTAATGTGCTTAGT-1	411.98126816	382.000000	471.166667	351.000000	456.000000	0.002279936558
ATCTTCGCGCTAACAG-1	411.98553646	502.500000	398.000000	813.833333	177.000000	0.002424732269
GCGATAAGTGAATGTC-1	411.99759657	563.833333	296.666667	250.000000	689.000000	0.002197363164
CGACGGCTTTCTGAGT-1	412.58603211	202.500000	494.666667	481.333333	601.000000	0.002231237323
AGGGTAGGAGCTCGTT-1	412.70034392	696.333333	647.166667	453.333333	142.000000	0.002453144932
CCCTGTACCCTTAATT-1	412.98396150	446.666667	272.166667	452.333333	529.000000	0.002257557911
TCTATGAAAAGGCGTG-1	412.98973778	696.333333	478.833333	532.000000	164.000000	0.002434817896
TAGCGGTGTTGGATCC-1	413.14742612	509.833333	530.000000	400.833333	269.000000	0.002370400907
TTTCGATAGAGGCCCT-1	413.16022979	696.333333	267.833333	630.000000	248.000000	0.002381938691
GACGGACGTGATTTCC-1	413.60164845	541.166667	537.000000	421.333333	239.000000	0.002387873754
GACGTTTGAGCACACA-1	413.82189560	696.333333	198.833333	583.500000	363.000000	0.002318548387
CGATAGTTGGACGAAA-1	414.17618419	186.833333	392.333333	589.500000	681.000000	0.002199120352
CTGGTTCAATTACGCT-1	414.56328336	277.833333	284.833333	413.333333	903.000000	0.002093718843
GAGGCGGTGAGCATAT-1	414.86829323	696.333333	171.000000	693.000000	359.000000	0.002321164803
GGGCGGCTGGCCTTAT-1	415.14770019	182.500000	680.333333	431.833333	554.000000	0.002250269054
ATACTGGTAGCAACAC-1	415.44936820	288.166667	353.500000	307.833333	950.000000	0.00204778157
CCTCCGCAGTCACGAC-1	415.56843453	268.000000	407.333333	419.666667	651.000000	0.002213947872
CAGATGCATGCGAAGC-1	417.49500897	696.333333	607.833333	646.666667	111.000000	0.002481635894
GCTTGCCTTCGTCAAT-1	417.59442029	577.500000	465.500000	347.000000	326.000000	0.002339062341
GTCGACGCGCAGATGC-1	418.30657977	361.666667	242.500000	546.333333	639.000000	0.002217722495
TCAAATATCGCACCCA-1	418.55326373	324.500000	223.166667	636.333333	666.000000	0.002209057134
CGAACCGAAAACAGTT-1	419.24541030	373.333333	724.666667	554.333333	206.000000	0.002407946223
ATAGGAGTAGAGTATT-1	419.28864885	69.166667	732.666667	622.333333	980.000000	0.001992825827
TGAGAGCGCTGGTATT-1	419.89347624	572.500000	355.500000	344.000000	444.000000	0.002284238753
CGGCGGTTGCTGTGTG-1	420.54386147	370.333333	421.666667	268.500000	746.000000	0.002176175608
GTCGTACTTCCCTCAT-1	421.72455768	518.166667	644.833333	137.000000	691.000000	0.002195913691
TTTTCCGGTGGTACAT-1	421.74859563	509.833333	729.000000	483.666667	176.000000	0.002424830262
CCGCCTAGCAGCATAT-1	421.93706586	221.166667	572.500000	397.333333	630.000000	0.002220876237
CGACAGGATGGCACTC-1	422.08252630	416.000000	363.500000	463.333333	453.000000	0.002280614774
ATGCCGGCACAAGCTT-1	422.35381415	375.000000	279.666667	548.666667	553.000000	0.002250709463
TTTACCCTGGTGTGGT-1	423.26892007	478.500000	672.166667	590.500000	169.000000	0.002431857331
CGTGTCACGCTCCGCC-1	423.80112323	343.166667	599.666667	472.166667	332.000000	0.00233384069
CCATGTATTGATATGA-1	423.97992618	696.333333	397.666667	637.666667	183.000000	0.002419901268
CACGGTTTTCATACAA-1	424.26325588	258.833333	301.000000	457.500000	909.000000	0.002089665653
CAGCAAAAAGATCAAT-1	424.34487164	353.500000	663.000000	366.000000	378.000000	0.0023138833
TGTATCCGAGGATCGG-1	424.46417885	330.333333	512.333333	595.666667	322.000000	0.002340093604
GGTCTGGATAGGTACA-1	424.68943449	509.833333	309.833333	492.666667	418.000000	0.002294951108
AAAATTTGATATAATG-1	424.84601121	696.333333	494.833333	106.833333	885.000000	0.002104457624
CTAGGTGGGACTACGC-1	424.97936506	696.333333	380.833333	668.500000	184.000000	0.002419110977
TCGCGTGGACCGCCGG-1	425.23767021	286.333333	748.833333	610.000000	250.000000	0.002381424886
GCCGAGCGCTAGCCAT-1	425.43991249	356.833333	184.500000	704.833333	706.000000	0.002190923318
GATTGTTCGGGATATC-1	425.58079450	577.333333	668.333333	182.833333	465.000000	0.002277002277
ACGCCTTCTACTTATT-1	426.35067735	534.833333	284.833333	581.500000	373.000000	0.002314814815
CTATCTTATGCAATTT-1	426.69023619	696.333333	573.166667	597.500000	139.000000	0.002455554464
GTGGCGTGACGGCGGT-1	426.74490517	591.000000	543.833333	285.833333	361.000000	0.002320185615
AAGCCTGGCACGAGGG-1	426.81571254	403.166667	203.333333	412.666667	981.000000	0.001992627279
CACGCACTCTCGGTAC-1	427.29004681	250.833333	741.166667	186.000000	964.000000	0.00203212696
GTAGTGAAGCGAGTCT-1	427.42517793	270.666667	483.500000	266.500000	957.000000	0.002035870092
CTCAGGGATCCTCCTG-1	428.05741423	518.166667	597.833333	497.166667	218.000000	0.002400720216
CTCTTTCAATAATCCG-1	428.15730721	336.333333	286.166667	501.666667	696.000000	0.002193201077
TTCTACTCCGATTACC-1	428.62978561	261.000000	569.833333	606.833333	374.000000	0.002314814815
AAGCTCATAACGTGTA-1	430.21608842	696.333333	603.000000	474.333333	172.000000	0.002427921093
CGCGAAAAAACGTCAA-1	430.65544051	696.333333	346.666667	363.500000	392.000000	0.002306563221
TTAGGCGGATAGAACG-1	430.79873707	201.000000	432.666667	484.166667	818.000000	0.002140672783
AATGACAATCGATTGA-1	431.25192309	340.166667	437.333333	584.166667	398.000000	0.002304609218
CTAGTAAAAGAAAGTA-1	431.29128859	323.666667	431.166667	416.000000	596.000000	0.0022325959
CGACTAACAAGCTCAC-1	431.34483393	195.000000	476.500000	589.500000	632.000000	0.002220505889
CGTTAGCATATAGTTC-1	432.23711160	283.833333	588.000000	365.000000	573.000000	0.002242381001
CTTAAGCGTGTAGCGT-1	432.68781397	696.333333	672.166667	398.333333	188.000000	0.00241813602
GTAGAGAATCGCTCGG-1	432.95222078	696.333333	527.333333	216.000000	443.000000	0.002284465634
CAGACGGCTTGAAATT-1	433.06267955	447.666667	193.000000	509.500000	799.000000	0.002150317428
ACCGCCATGTAATACT-1	433.06345345	266.666667	574.333333	489.666667	469.000000	0.002275200317
GTTGCGGTTCCGCTCG-1	433.09818258	234.500000	390.000000	647.666667	594.000000	0.002233956133
CACAGCTGACGGATTA-1	433.11133880	433.166667	410.666667	527.500000	375.000000	0.002314581866
TCGGGCTTCGGTGGGC-1	433.90059067	696.333333	351.333333	532.666667	272.000000	0.002368936039
TCATCCCAAACTTCAC-1	434.29210087	330.000000	460.666667	302.333333	774.000000	0.002160435844
TGGTTACAGGCAGTAT-1	434.72631243	531.500000	466.333333	524.000000	275.000000	0.002368265246
CACGGTCCCGTTTGAT-1	435.01789085	696.333333	440.833333	810.166667	144.000000	0.002450980392
AGGGAGTGTACAATCC-1	435.49317963	696.333333	270.000000	733.000000	261.000000	0.002373825988
CCCACATGAGTAATTT-1	435.66256368	296.500000	276.500000	598.666667	734.000000	0.002181241325
TTAGAGAACATAAGTG-1	435.90115435	363.166667	343.166667	542.500000	534.000000	0.00225571619
TGATCGGAGTGGAGAG-1	436.52053907	696.333333	257.500000	467.666667	433.000000	0.002289240569
AGTGCTTCCGAAAAGC-1	437.31532966	552.500000	591.166667	470.500000	238.000000	0.002388230799
AAATATCCGCACTAAA-1	439.48125844	696.333333	514.333333	585.166667	178.000000	0.002424487322
GATACGCCGTCTTTGT-1	439.66433362	401.000000	409.000000	455.666667	500.000000	0.002265786622
CGTGGATTAAGCCAAG-1	439.67697204	258.666667	409.000000	441.000000	801.000000	0.002149907163
GATGTGGGCGTCTGAC-1	440.36061793	447.500000	289.166667	561.000000	518.000000	0.002260886661
AGAGAAACCGCCGCGT-1	440.57973003	473.000000	533.333333	410.333333	364.000000	0.002318229715
GGTGACGTCAGCTCCG-1	441.23428865	473.000000	519.333333	741.833333	208.000000	0.002406738869
ACTGCAGTCGATTTAG-1	441.60490750	455.333333	531.833333	537.833333	292.000000	0.002359942541
TTCTGAGAATCGGCGG-1	441.67284718	696.333333	457.333333	682.833333	175.000000	0.002427420138
CCATGGGCAGGCTCAT-1	442.05885351	280.000000	540.000000	383.833333	658.000000	0.002211277515
CGCCACGCCTCTACTG-1	442.13762663	696.333333	495.833333	473.000000	234.000000	0.002392344498
CGGCCGAGCCGCGTCC-1	442.24284746	583.500000	455.666667	345.000000	417.000000	0.002294951108
CAAGTTCCCGTTAGTG-1	442.73971244	696.333333	527.333333	505.500000	207.000000	0.002407463136
TGTAGTTATACTACTT-1	443.06317671	696.333333	624.166667	579.500000	153.000000	0.002440691204
AAATCCGGTAGTGCCG-1	443.31881829	300.666667	599.666667	559.333333	383.000000	0.002311557789
AGATAAACCAGTCAAA-1	443.51354992	696.333333	387.166667	345.000000	416.000000	0.002295638287
GGCTATCATAACGAGT-1	443.85734234	473.000000	431.166667	437.500000	435.000000	0.002287853577
CTGCACTCGATCCCTG-1	444.11573826	696.333333	485.166667	500.666667	230.000000	0.002395334305
GATAGAGCCCAGTACC-1	444.87453272	398.500000	461.333333	437.500000	487.000000	0.002270259599
CCACGATTCATCCACA-1	445.36367276	336.333333	636.333333	408.500000	450.000000	0.002281585702
CAGACGCTGCCCAAGC-1	445.67948848	258.666667	624.666667	347.333333	703.000000	0.00219138057
TCTTCACGTACATAGA-1	445.78589641	178.000000	734.666667	361.666667	835.000000	0.002131163421
GGTTGGCTTGGCCATT-1	446.14180619	696.333333	402.500000	479.166667	295.000000	0.002358490566
GCCAGCGCACGGGATG-1	446.40100816	317.000000	326.500000	616.833333	622.000000	0.002224919094
CGCCATGTCCTCTTGT-1	447.22871914	258.000000	399.500000	613.166667	633.000000	0.002220427937
GTAAGTAATAGATTCC-1	447.59721052	308.666667	629.000000	240.666667	859.000000	0.002117013087
GATGAACACGAGGAAA-1	447.66485037	142.166667	558.833333	546.500000	925.000000	0.002077562327
CTGGCTCTAGAGGAGC-1	447.68819779	497.833333	226.500000	427.666667	833.000000	0.002132629227
GCATGCACGTCAATAA-1	447.72512936	696.333333	441.166667	155.166667	843.000000	0.002127865364
TCGCCTTGAGTGGGGC-1	447.91812147	300.500000	618.666667	335.166667	646.000000	0.00221550856
GTTGAGCTCGCGAAAA-1	447.92311871	582.500000	677.000000	126.333333	808.000000	0.002146550883
CGCGTCGCCACGTTAG-1	447.95500993	255.166667	619.333333	667.000000	382.000000	0.002312022517
AGCTCTGCGGCTTGCA-1	448.19406739	412.833333	232.833333	764.666667	549.000000	0.002252252252
ACCCTTTGCGTCGTCA-1	448.28353934	509.833333	480.166667	425.166667	388.000000	0.002310164725
TACTCCTATGTTCTGC-1	448.73397757	696.333333	754.000000	213.333333	362.000000	0.002319970304
CCTAAGGATTCACCAC-1	449.56477905	570.333333	529.666667	479.500000	282.000000	0.002365231103
TTTCCACACCAATCTC-1	449.92137684	493.500000	368.833333	515.166667	437.000000	0.00228680324
GTCGGCAAAGGCATTG-1	450.52895801	696.333333	514.000000	602.666667	191.000000	0.002415945239
GTATGTAAACCGTTAA-1	451.50694064	696.333333	658.500000	484.666667	187.000000	0.00241825255
CGCGGTACGGTCAGCA-1	451.57180548	541.166667	493.500000	507.166667	307.000000	0.00235197873
GGTCTTAGGCTCCGCA-1	451.78964684	522.500000	300.666667	600.000000	442.000000	0.002284465634
CATCCGTACATCTGAC-1	451.99710968	696.333333	255.166667	695.000000	338.000000	0.002331249338
ACATTGAGCTTAAAGT-1	452.02545510	463.500000	329.666667	421.000000	649.000000	0.002213947872
TTCAATCATTCGAATC-1	452.21984982	389.666667	521.833333	412.166667	499.000000	0.002266009852
CTATTTCGGAATATAA-1	452.83523947	356.000000	597.166667	298.333333	663.000000	0.002210166767
CATCCCATCCCGGGTC-1	452.87239371	696.333333	563.166667	237.833333	451.000000	0.002281368821
CTTGAGAATATACGCA-1	452.88803206	401.333333	424.833333	422.500000	584.000000	0.002238442822
CATCTGACACCGCCGG-1	453.28828999	385.333333	274.000000	521.333333	767.000000	0.0021631644
TTGCTGCTGTGCTCAG-1	453.72798986	696.333333	732.500000	639.166667	130.000000	0.002464025232
TTGGAACGAATTATAG-1	453.98694480	570.333333	148.833333	723.166667	692.000000	0.002194732642
ATAAGATGTGATCAGC-1	454.41474136	696.333333	558.833333	454.666667	241.000000	0.002387625869
AATTGGTCAAGGCGTC-1	455.85737315	594.666667	194.666667	716.000000	521.000000	0.002260664439
GTTATCCCACGGTCCA-1	455.96351737	696.333333	197.666667	781.166667	402.000000	0.002304147465
ATCAACCCTAAGTATA-1	456.75174378	696.333333	549.166667	446.333333	255.000000	0.002379771939
GTTTGTAAAGATCGAG-1	456.96430076	696.333333	602.500000	519.666667	200.000000	0.002412787775
ACTTTCGAGACCCAAG-1	457.00593545	338.000000	645.333333	454.500000	440.000000	0.002285496619
GACGTGGCTCAGGCAT-1	457.14001742	351.666667	348.000000	455.166667	784.000000	0.002154539222
CCTCGTATTGGGGATA-1	457.16352059	544.000000	329.833333	497.833333	489.000000	0.002269811507
CTTGTACTGAACCCCT-1	457.31083407	696.333333	384.500000	883.000000	185.000000	0.002418867164
AGGAACCTGCATACAA-1	457.45126034	186.333333	425.500000	582.000000	949.000000	0.00204792136
TATAAGCCTGGAGGAA-1	457.65240591	696.333333	287.500000	291.000000	753.000000	0.002172195893
AGTCACTTCCTTGTCT-1	457.82308221	696.333333	439.833333	655.000000	219.000000	0.002400240024
CAACCTCTTCATTAGT-1	458.05314397	276.000000	774.166667	279.166667	738.000000	0.002178649237
CAAGAACTCAGGCTCT-1	458.37451374	333.333333	396.666667	897.500000	372.000000	0.002315058403
AATACGGAGTTCACAT-1	458.46413988	555.166667	598.333333	621.500000	214.000000	0.002402642907
TGCTCCTTTATGGGAG-1	458.56703248	181.500000	396.166667	667.000000	922.000000	0.002078785989
AACCAGTCACGACTAC-1	459.62769113	186.666667	320.666667	765.500000	974.000000	0.002009848256
ATGCTAGCCTAACGTC-1	459.83094774	241.666667	608.000000	753.166667	404.000000	0.002302941484
AATCGATTATTTGACG-1	459.88366075	696.333333	365.666667	566.666667	310.000000	0.002349816101
TTTGAACCATAATGTC-1	459.96666396	573.833333	484.500000	250.000000	644.000000	0.002215799615
TATGTGTCTTACGCGA-1	460.64278843	518.166667	321.166667	524.333333	516.000000	0.002261553589
TGCTTTACCGTGTGAT-1	460.70705321	258.333333	448.333333	464.166667	838.000000	0.002130681818
CACGCCGTACTTAGGG-1	461.22881485	696.333333	394.000000	549.833333	300.000000	0.002354326074
GAGAACACAATGGTAC-1	461.39923390	696.333333	403.666667	523.500000	308.000000	0.002350866882
AGTCACTGAGAGAAGG-1	461.43056063	338.000000	407.500000	763.666667	431.000000	0.002291666667
TAAACGCAATTTGCAT-1	463.77204792	696.333333	223.666667	379.833333	782.000000	0.002155836156
CTCCGCAGACTCTCGC-1	463.83276260	696.333333	357.333333	480.666667	387.000000	0.002310396786
CTACGGGGCAAAAAGA-1	464.16809513	386.666667	577.000000	336.666667	618.000000	0.002225594335
AACCTCTCCCCCGGTT-1	464.22402786	427.166667	222.500000	891.666667	548.000000	0.002252252252
GGTCGGCCACGTCAAT-1	464.40929840	565.333333	325.000000	668.000000	379.000000	0.002313417823
GATCCCCACAGCAATC-1	465.22582418	528.666667	563.166667	169.000000	931.000000	0.002071823204
CTCTAACCCCGAGCGC-1	465.48308976	544.000000	612.000000	276.500000	510.000000	0.002262443439
CCAAATAAAGTCGTTA-1	465.54180187	301.666667	491.000000	425.666667	745.000000	0.002176999527
TATCGACACGCCAATG-1	465.83785124	696.333333	563.000000	506.833333	237.000000	0.002388535032
TTATCCAGAGTTTGTA-1	465.98434490	696.333333	560.166667	363.000000	333.000000	0.002333603896
GTAATCATAATGTAAA-1	466.09667279	482.666667	546.000000	273.833333	654.000000	0.002212815086
TAATGTGGGAATTCGT-1	466.52019901	696.333333	214.500000	568.333333	558.000000	0.002249258767
AATGACAAATTAGTTA-1	467.11558587	696.333333	315.166667	441.833333	491.000000	0.002268468291
TATGTGATGGATCCTC-1	467.95340659	567.666667	738.000000	499.833333	229.000000	0.002395553852
TGTCACCTCCAGCGGA-1	468.02334882	696.333333	360.333333	378.666667	505.000000	0.002264448164
CTCAAAGTGAATAATC-1	468.16644150	696.333333	384.833333	580.166667	309.000000	0.002350776778
CCTGTGGATCGTTGTC-1	468.31890221	696.333333	649.000000	295.666667	360.000000	0.002320409939
ACCGGGCCGAGCACAC-1	468.46178310	696.333333	170.166667	532.000000	764.000000	0.002164715143
AGTCAGGGGATCATTT-1	468.61025502	552.500000	236.333333	479.000000	771.000000	0.002162162162
AACATGGAGCGCCGGG-1	468.66324143	497.833333	720.833333	343.833333	391.000000	0.002307152172
TGAACGATCAAATTCC-1	468.68564667	465.333333	436.666667	724.000000	328.000000	0.002338725395
CTGAAACATGCTAAGT-1	468.70330685	696.333333	493.500000	277.000000	507.000000	0.002263556737
CCAAAAAATTACTGTG-1	468.78921310	555.166667	699.500000	834.666667	149.000000	0.002445735249
CGTAACATTCCGGGGT-1	468.80938369	583.500000	179.666667	540.166667	853.000000	0.002120665889
AGCTTTATCCAGAATC-1	469.42190905	552.500000	525.166667	180.333333	928.000000	0.002074074074
ATCGCTACTATAGGAA-1	469.55569754	696.333333	596.833333	735.666667	159.000000	0.00243803332
GCTATTGGACACACCC-1	470.28285558	241.833333	480.666667	624.333333	674.000000	0.00220661986
AAAGCTTACGGCTCAT-1	470.64354631	560.166667	530.333333	339.833333	486.000000	0.002271084959
TATTTGTCAACGCGGG-1	470.97575848	549.500000	553.000000	307.833333	526.000000	0.002258888234
ATTCAGCAGTGCCAGC-1	471.16238968	321.500000	358.666667	609.666667	701.000000	0.002191671648
AGCGTATTCGCCAGGA-1	471.53564729	696.333333	414.666667	518.833333	330.000000	0.002335262463
GAACGAATTACCCGGA-1	471.58944136	311.500000	308.833333	611.333333	841.000000	0.002129513116
TAATACAACGTAAGAT-1	471.88527236	159.500000	568.833333	665.666667	821.000000	0.002138621561
GAGGGGCATTGGTCGG-1	473.09227718	696.333333	427.666667	616.166667	273.000000	0.00236869207
GGCACTCCTTTATGGA-1	473.39066020	696.333333	545.333333	387.833333	341.000000	0.002331002331
AGCGTCGCTGAGTACG-1	474.55825888	696.333333	572.333333	471.333333	270.000000	0.002370136283
CCTGTAAAGCTTTGGA-1	474.75305003	696.333333	207.833333	496.500000	707.000000	0.002190798646
TTGCTTCGTTGTCCCT-1	475.32446566	361.333333	408.333333	639.500000	541.000000	0.002254329337
TTGGCGAGGCTCCATG-1	475.57810191	190.666667	637.333333	713.500000	590.000000	0.002235772358
CACAGACGACCGATGG-1	476.05950400	696.333333	409.666667	590.333333	305.000000	0.002352219268
CTTGAGTGTCAAGTCA-1	476.56109069	473.000000	693.500000	520.666667	302.000000	0.002352941176
TGAAACAGCAGGTGAC-1	477.02199195	696.333333	511.666667	165.333333	879.000000	0.002106741573
AAAAAAGCCAGCACCT-1	477.12813551	696.333333	515.166667	545.166667	265.000000	0.002371623015
CCGGACTCGACGCTCG-1	477.41939327	449.833333	300.833333	444.333333	864.000000	0.002113149553
GGATGGGTACAGTGGC-1	477.52285519	537.166667	507.333333	566.166667	337.000000	0.002331681725
AAGGTCTTGAGCCTGC-1	477.55770424	582.500000	255.333333	540.500000	647.000000	0.002214393558
TCTGCGATAGGCGTAG-1	478.13049003	696.333333	222.833333	588.833333	572.000000	0.002243245879
CTCCGGTTCTAATGGG-1	478.34340948	696.333333	436.666667	225.666667	763.000000	0.002165780665
TAACCCGCCGGTGTTT-1	478.60541641	294.000000	360.500000	669.000000	740.000000	0.002178002178
AACACCCCCCAGGCTG-1	478.66350059	696.333333	554.000000	720.000000	189.000000	0.002417405318
TAGTTCCCAGAACTTC-1	478.82186884	696.333333	585.833333	708.000000	182.000000	0.002420369833
GCTCCCCGTCTTGTTA-1	479.48736095	478.500000	442.833333	514.333333	485.000000	0.00227131943
AAGCTATAGAACCTCA-1	480.01997929	181.500000	559.333333	540.833333	967.000000	0.002024291498
GTACTGAATATATCCA-1	480.48604767	591.000000	371.000000	587.166667	414.000000	0.002298620828
AGCAATAGACGCTGGA-1	481.27572315	570.333333	502.333333	539.666667	347.000000	0.002329192547
GATGCGTGTAGGGGTG-1	481.37963882	199.000000	618.166667	686.333333	636.000000	0.002219084123
TGCTAATTCAGGGTAG-1	482.60325834	560.166667	319.833333	367.000000	825.000000	0.002137374915
CGTGCATAAGCGGAAT-1	482.83473079	696.333333	428.500000	210.333333	866.000000	0.00211254081
CACTGGTCCACGAATA-1	482.98945969	696.333333	527.333333	650.000000	228.000000	0.002395926924
TTAAATCCACTAAGCA-1	483.40395236	442.333333	573.666667	418.666667	514.000000	0.002261998426
TCCATTCGCCTAACAG-1	483.96667626	696.333333	579.666667	369.333333	368.000000	0.002316446772
GCTGAAGAGTACTGCG-1	483.99581635	696.333333	488.666667	240.333333	671.000000	0.002207284037
ATCTCCTCTATCTACG-1	484.64716074	514.000000	571.500000	444.000000	423.000000	0.002294295547
GAGTACCACACCAAAT-1	484.92792391	453.666667	717.333333	339.166667	501.000000	0.00226523888
TGCGTCGAGCTGAAAC-1	484.99229027	696.333333	317.500000	457.500000	547.000000	0.00225248285
CAGTATTGGATGCGAC-1	485.14297809	182.333333	541.500000	701.333333	800.000000	0.002150317428
TCGACATCACGAAACG-1	485.44895254	480.166667	452.500000	509.166667	502.000000	0.00226523888
GTAGGAAGCAAACTAT-1	485.63193791	696.333333	500.000000	513.666667	311.000000	0.002349336057
GTTGCCGGAGTACACT-1	485.81943407	427.666667	680.333333	296.833333	645.000000	0.002215586167
ACATTATCGTAGGCCT-1	486.03824959	292.500000	451.000000	451.000000	938.000000	0.002064287821
ACCTATAATTTGTAAC-1	486.39180447	121.166667	907.166667	554.666667	918.000000	0.002080595707
TTCGCCAACCAGCCGC-1	486.66234976	411.000000	585.500000	740.000000	315.000000	0.002346729246
TAGCAGGTACCACCTG-1	487.51742921	594.666667	542.666667	625.166667	280.000000	0.002365697388
GAGGTTCGAATGTTCT-1	487.53589401	696.333333	407.000000	566.333333	352.000000	0.002325581395
TGCGCTGATGACATGG-1	487.81782285	518.166667	241.166667	476.000000	952.000000	0.002043318349
GGATGCTGGAGCTAGC-1	488.02134536	350.333333	707.166667	733.833333	312.000000	0.002348136804
ACTGACGGGACATATG-1	488.71038443	354.833333	497.666667	444.333333	727.000000	0.002184924024
GCTTCGGGATTACTAA-1	489.08655817	261.833333	533.666667	525.666667	779.000000	0.002158273381
GGTCCTGGGACGTTGC-1	489.13300417	487.833333	395.000000	676.666667	439.000000	0.002285951787
GCATAAGGGAAACACT-1	489.15924195	275.166667	616.333333	363.000000	930.000000	0.002072027627
GGTATTCAACGGAGAC-1	489.52773173	696.333333	514.000000	374.000000	429.000000	0.002292621926
CGATATGGACGAGCGG-1	489.89471726	130.333333	565.166667	802.000000	975.000000	0.002008435429
TCGCGCGCCGCGAATT-1	489.91338659	423.333333	605.333333	362.000000	621.000000	0.002225144129
AGTGCGACCAAACCCT-1	490.46545351	696.333333	675.000000	376.500000	327.000000	0.002338953318
CGAGACCCCGTAGGAT-1	490.53929110	696.333333	453.666667	571.000000	321.000000	0.002340728679
ATTATGAATTTTATCG-1	491.74084122	234.166667	388.500000	717.333333	896.000000	0.002097902098
GTGAAGATGGAGCGGT-1	492.37959769	383.833333	734.666667	563.333333	370.000000	0.002315708221
GACATACGACCTAATT-1	492.38750050	696.333333	550.500000	226.833333	676.000000	0.002202863723
TTCGACAAAAATGCAA-1	492.87326384	138.666667	600.000000	738.833333	960.000000	0.002033967253
TCTTCCGGCGCAAGCG-1	493.03882313	460.166667	290.833333	582.500000	758.000000	0.002167701251
CCATCCTTTTGGTCAA-1	493.62954550	266.166667	558.000000	496.000000	806.000000	0.002147239264
TCCTATACGGTGCCCT-1	494.54674771	696.333333	521.833333	585.833333	281.000000	0.002365281777
CGGAAGTTTCAGGCTC-1	494.76365584	279.833333	562.500000	480.666667	792.000000	0.0021522207
TGGCATGAGCTACGAG-1	494.95640009	696.333333	463.500000	624.000000	298.000000	0.002355601621
AGCGTGGGCAACTCGT-1	495.72258787	696.333333	545.000000	401.833333	396.000000	0.002304871661
ATGGACCTCGTTACCC-1	495.92789918	696.333333	577.166667	470.333333	320.000000	0.002342377513
TCAAACAATTATCTAG-1	496.49355090	696.333333	492.166667	363.333333	488.000000	0.00227014756
TTTCAAGCACTACGTT-1	496.79569282	591.000000	281.000000	426.500000	860.000000	0.002116082225
TAGTGGTCGGGCGCCA-1	497.04345112	342.000000	226.333333	858.000000	919.000000	0.002080443828
TAAAGATTAACGTGTC-1	497.29877502	591.000000	423.833333	553.666667	441.000000	0.002285146547
GACCTAGAGCATTTAC-1	497.54791023	696.333333	245.333333	522.166667	687.000000	0.002197802198
ACCAAAAACTACGAGG-1	497.60188591	696.333333	343.666667	503.333333	509.000000	0.002262676129
GAATGTGGGCTTACGA-1	498.03835706	696.333333	709.000000	620.000000	201.000000	0.002412302744
AGCCGGTTAAGGCGCC-1	498.07134745	696.333333	423.166667	275.166667	759.000000	0.00216727416
GCCATGTGCTCATGGA-1	499.15447234	435.666667	594.166667	536.500000	447.000000	0.002282651846
CTCCTGCGGAATGTTG-1	499.23749990	582.500000	502.166667	459.666667	462.000000	0.002277472006
GCTTTAACAAATGCTA-1	499.25586374	579.166667	607.000000	507.833333	348.000000	0.002327699626
TCAAAGAGAACGTCAT-1	500.44682522	531.500000	454.333333	651.000000	399.000000	0.002304378319
GTTACTAACCATTGCG-1	500.53227505	696.333333	264.833333	446.666667	762.000000	0.002166207168
GGACGTCACGATTACG-1	500.53329207	696.333333	467.000000	270.333333	714.000000	0.002187351403
TCAGCCCTTGAGATGA-1	500.53554557	255.166667	415.666667	687.333333	861.000000	0.002115994999
TTTCCCATGAACATGC-1	502.08529142	575.666667	670.833333	623.333333	264.000000	0.002372244737
TCCCTCAGCCCATGGC-1	502.22521188	561.166667	519.000000	631.333333	346.000000	0.002329349808
CCAGGTTCGGCTTGCA-1	502.66709258	463.500000	298.166667	566.833333	815.000000	0.002143622722
AGTCAATCGGCTCCGT-1	502.97100973	347.333333	309.500000	619.500000	961.000000	0.002033760423
ACGAATCCTTGAGAAG-1	503.04673572	412.666667	333.666667	763.666667	609.000000	0.002227848101
TGAATTTGACCACCAC-1	503.10922633	243.000000	437.666667	662.000000	910.000000	0.002087890237
GTTGATTACTGCTAAC-1	503.47685435	696.333333	517.666667	377.666667	472.000000	0.002274975272
CGTATGGCAAGTGCCC-1	504.22861977	509.833333	371.166667	360.333333	948.000000	0.002048340844
AATCTTAGGGTATTCT-1	504.24547004	547.666667	572.000000	447.666667	461.000000	0.002278129952
GAGAGCTGGACCTCAC-1	504.31523799	442.500000	376.500000	758.333333	512.000000	0.002261998426
CCGCCTCAAACGTTGA-1	504.84370024	461.166667	260.333333	578.666667	935.000000	0.002066969822
ATGTAGCAATATCCAT-1	504.93420379	412.500000	627.500000	473.833333	530.000000	0.002256893337
AGTCATTGGTTGGTTG-1	505.08580657	487.833333	804.833333	583.666667	284.000000	0.002364066194
AGATAATAGCCCCGGG-1	505.82164529	696.333333	529.666667	325.666667	545.000000	0.002253797158
GTCCCCCCAACCTTAG-1	505.82633462	696.333333	362.833333	609.666667	425.000000	0.002293577982
AGCCTGCGGTTCTACC-1	505.84189709	236.000000	473.500000	640.333333	915.000000	0.002083767452
TCTTGCTGGGGCCAAA-1	506.01155189	337.333333	711.500000	763.000000	358.000000	0.002321590794
GGTTCATAAGAAGAAT-1	506.20496632	405.833333	661.500000	516.000000	474.000000	0.002274300405
GATCTAACCTATCTGT-1	506.34129907	696.333333	654.500000	309.500000	466.000000	0.002276391919
CGCCAATTCTCAGAAT-1	506.54956399	473.000000	554.333333	676.833333	371.000000	0.002315513943
CATAGGTGAACCCGTC-1	506.85869036	306.333333	588.166667	467.833333	783.000000	0.002155614863
GGGGGTTCTGGGGAGG-1	507.20316406	696.333333	631.333333	780.000000	193.000000	0.002414972832
TACGTTCACACTCCAT-1	507.32885599	583.500000	637.666667	289.500000	615.000000	0.002226524685
GGCCCGAGCGAGGCCG-1	507.42977604	348.500000	495.000000	749.166667	513.000000	0.002261998426
GAACTATCGCTGAAAC-1	507.80140608	696.333333	669.666667	155.500000	917.000000	0.002080649955
ACTAACTAACAGTGCA-1	507.91240121	566.500000	575.833333	713.333333	286.000000	0.002362609142
TTCCCTGGTCTAACAC-1	508.00340008	453.666667	493.333333	381.500000	780.000000	0.002158132235
TCAAGGTGCACAGACA-1	508.76070532	565.333333	596.000000	717.833333	277.000000	0.00236663051
GGGTATTTAGGGCTCC-1	508.91291426	696.333333	290.333333	692.666667	479.000000	0.002272727273
CGACATCACCTGTTTC-1	509.18802422	531.500000	564.166667	292.666667	766.000000	0.002163225172
TGCCCCACAGGCTAGC-1	509.45601134	696.333333	214.333333	673.666667	670.000000	0.002207948615
ACATCACTTCCATTTC-1	510.37720106	570.333333	465.666667	561.500000	455.000000	0.002280285036
GAACAAGAGAAGAACA-1	511.29299415	525.333333	527.666667	305.500000	807.000000	0.002146550883
AAGTCAACCATTGTTG-1	511.36917899	696.333333	419.500000	323.333333	724.000000	0.002185358101
GCAATTCTGCTTTAGC-1	511.76972813	260.166667	564.666667	574.333333	813.000000	0.002144667577
CCGTGAATTGACGACT-1	512.32265703	591.000000	557.666667	509.833333	410.000000	0.002299571444
CCGAGACATACTAAAG-1	512.82165834	375.833333	607.000000	708.333333	428.000000	0.002292892035
GCATTACCCGGAATCT-1	513.00353433	696.333333	426.000000	565.333333	413.000000	0.002298620828
TGAGTGTTCTGAAACG-1	513.32872970	432.666667	386.333333	737.833333	563.000000	0.002247191011
CTCTCAAGGCAGCCAT-1	514.26944800	522.500000	512.000000	432.166667	605.000000	0.002229880397
CTCTTGGGACTCAACC-1	514.76767362	696.333333	361.833333	326.333333	854.000000	0.002120569524
GGCGACCTCTACGTAG-1	515.03004354	696.333333	594.333333	207.333333	820.000000	0.002140077821
TAGTTCTTTAACAAGA-1	515.04928101	368.333333	636.500000	438.833333	684.000000	0.002198241407
TATTAAGATGCACGGA-1	515.11481456	696.333333	569.333333	638.833333	278.000000	0.002366255144
CTCCAGGAAACCAATA-1	515.27618457	591.000000	503.000000	334.000000	710.000000	0.002189225205
TCAGTTTTCTCTCCAT-1	515.27748306	296.500000	426.666667	799.500000	697.000000	0.002193201077
GCCTGGGGTTGATACG-1	515.46881604	473.000000	638.666667	295.833333	790.000000	0.002152641879
CTCGTAGCGCGGTCTG-1	516.20997158	284.333333	632.000000	684.833333	577.000000	0.002240717029
GATTCTGATCTGGAAG-1	516.45205630	696.333333	242.500000	515.666667	817.000000	0.002141119221
GGTGGGTTGGAAAACA-1	516.64946289	487.833333	317.166667	688.333333	669.000000	0.002208201893
GGTGTTGACAGAAACT-1	517.19465990	537.166667	308.333333	700.166667	617.000000	0.002225755167
GCAGTGGAATACCCGA-1	517.19936249	594.666667	472.833333	498.000000	511.000000	0.002262443439
CAACCTGGTAGAATCG-1	517.34102780	594.666667	581.000000	304.000000	682.000000	0.00219890055
GTCGGTCGACTTCCAT-1	517.71054176	325.833333	541.333333	740.500000	550.000000	0.002252252252
TTCCCGTTCCTGGGAA-1	518.10269235	577.333333	333.833333	628.333333	595.000000	0.002232822491
ACCGGTGGACATTACC-1	518.15665389	591.000000	453.333333	657.833333	409.000000	0.002300292765
CCTAGAACCAAGCTAA-1	518.26799958	573.833333	427.666667	448.833333	655.000000	0.002212611888
TTTGTAACTAGCCAAT-1	518.44201677	425.666667	671.166667	577.333333	438.000000	0.002286509593
TATCATGCTGCCCTTT-1	518.79655414	696.333333	372.666667	579.166667	482.000000	0.002272257798
GGCCGTCTAGTGGAAT-1	518.80287008	238.000000	551.000000	678.666667	814.000000	0.002144607843
GTCAAAGCCCGTTCGG-1	519.22573873	370.166667	363.166667	575.166667	940.000000	0.002061046226
ACTTTCACGGAGGCGT-1	519.48159489	696.333333	544.833333	668.833333	287.000000	0.002362366475
GCTTTGGGGGGATACG-1	519.90064587	696.333333	584.000000	460.666667	390.000000	0.002308078274
GCAAAGGCGATGCGTA-1	519.90771146	525.333333	341.833333	555.833333	732.000000	0.002183189441
CCCGACCCACCCTAGT-1	520.29332852	314.833333	701.666667	639.166667	519.000000	0.002260815949
GTTGTGTGATGTACTC-1	520.52373626	696.333333	501.500000	380.833333	552.000000	0.002251150044
AGCTCACCAGTGGGAA-1	520.65209298	506.500000	321.500000	681.666667	662.000000	0.002210610932
TTCACTTTGCACGTGC-1	520.66264711	696.333333	343.500000	493.166667	623.000000	0.002223345124
CCATAGAACCAGTGGC-1	521.10304273	696.333333	671.500000	503.833333	313.000000	0.00234741784
TGAGACAACGCCAGTC-1	521.46922649	696.333333	435.833333	458.000000	532.000000	0.002256893337
TCATGCAAGAACTGCC-1	521.90389613	594.666667	322.333333	529.500000	731.000000	0.002183839587
GTCCTGCGCGCGATGC-1	521.99569344	696.333333	319.500000	459.666667	726.000000	0.002185141041
GAATTAGCGCCATAGC-1	522.08905386	468.166667	550.500000	495.333333	582.000000	0.002239185751
CCCCTAAAATAACGGC-1	522.39476698	696.333333	556.333333	472.333333	407.000000	0.002300613497
CGCCCTCGGCTACGAC-1	522.62612199	440.000000	707.833333	533.500000	449.000000	0.002282394439
CGCAACATCTCGGATG-1	522.92087835	336.833333	494.833333	687.000000	653.000000	0.002213057037
CCGTGTTAGCCCTTGG-1	523.05662417	422.166667	523.666667	450.833333	751.000000	0.002173268794
AACCTGCCCCTGCCTG-1	523.06368349	424.833333	705.000000	445.500000	561.000000	0.002248569092
ATGGAGTCCGAGAATG-1	523.46403298	465.333333	544.000000	424.333333	699.000000	0.002192545346
CGATGCCAGTCTAAGA-1	524.28453237	493.500000	412.500000	691.166667	537.000000	0.002254791432
TAATACGTAAAGACAA-1	524.34066748	354.000000	620.166667	599.833333	574.000000	0.002241923978
TCGAAACTCACATTAG-1	524.66675771	251.666667	349.333333	906.333333	951.000000	0.002046873401
GGAACTCTCTTCGTAT-1	524.76904577	696.333333	521.833333	568.666667	367.000000	0.002316913468
GTGAGAGTGTCGTGCA-1	524.76906903	446.666667	833.333333	350.666667	581.000000	0.002239761092
GATAATTGCAAAGTTA-1	525.55674017	555.166667	664.166667	591.166667	350.000000	0.002326565144
TCGACCAACTATGGGA-1	525.94877454	565.333333	496.333333	301.333333	905.000000	0.002091633466
TGTAAAAACGGAATCA-1	525.98388073	696.333333	544.166667	569.000000	355.000000	0.002324406266
TATTTGGTTGTCTGCG-1	526.18594069	468.166667	441.833333	635.666667	583.000000	0.00223873003
ACCAAAAGTTATCGGT-1	526.27409788	567.666667	683.333333	430.833333	459.000000	0.002279258745
TAAGCCGCCCTCGGGA-1	526.52451927	547.666667	464.333333	548.500000	551.000000	0.002251791198
GTTGATGTAGGGGCGG-1	527.09313580	565.333333	935.166667	395.666667	369.000000	0.00231634679
TCGTACACTCCATGTA-1	527.16262449	696.333333	573.000000	388.666667	498.000000	0.002267339998
GTATTGCAGCGAACGA-1	527.23668157	320.666667	644.333333	444.166667	842.000000	0.002128277063
CGCGCTTATATATGAA-1	528.02252833	696.333333	623.666667	594.666667	301.000000	0.002353402628
TTTTCTGCACGGTAGA-1	528.51335123	405.833333	523.166667	559.333333	657.000000	0.00221192332
CCTTTGGTCCGCTAGT-1	528.92246038	696.333333	290.500000	585.333333	661.000000	0.002210833082
AGGCCTAGGCGGCGTA-1	529.42492305	696.333333	398.833333	420.333333	673.000000	0.002206841208
AGGCGTAGGCTTTTTG-1	530.14677563	696.333333	618.000000	372.333333	493.000000	0.002267797279
GTGCACGCGTTCTTAC-1	530.15527994	696.333333	391.500000	752.666667	385.000000	0.002311325495
ATCCAAAACTACGGTG-1	530.27055648	696.333333	556.666667	508.666667	401.000000	0.002304147465
TATTCCGTACACCTTA-1	531.21606034	696.333333	665.000000	273.833333	628.000000	0.002221549026
GATGGTTTTCAGGCTT-1	531.26589562	696.333333	743.000000	305.500000	504.000000	0.002264448164
CTAGTATCTCATCCTT-1	532.02614823	696.333333	932.500000	382.000000	323.000000	0.002339927675
GTGCTTAGGGAGGGCA-1	532.97701438	465.333333	570.000000	707.500000	430.000000	0.002291749701
ATATCTCCCATCCAGT-1	533.49646344	696.333333	522.500000	305.000000	730.000000	0.00218449012
GTGATTCATTAGAGCT-1	533.60853711	541.166667	643.666667	438.333333	531.000000	0.002256893337
GATGAAGCTGGGAGAC-1	533.90625688	381.500000	631.166667	799.666667	422.000000	0.002294493216
AAGTAATAACTATAGA-1	534.00196328	331.500000	413.500000	657.666667	902.000000	0.002094136418
AAGATTTTACGTCTGA-1	534.12823940	696.333333	656.666667	400.000000	445.000000	0.002283331679
ATAGGGCATCCTAAGT-1	535.14971060	696.333333	750.000000	579.500000	271.000000	0.002368994599
TTCGAGACGTAGAAAA-1	535.28431124	468.166667	648.000000	340.833333	794.000000	0.002151378838
CCCCCGTCTGGTACGT-1	535.34390604	696.333333	599.666667	327.833333	600.000000	0.002231276678
GTTCCCCTTCCCTTGA-1	535.50084581	546.000000	616.666667	514.166667	475.000000	0.002274075539
GTCTCTTGCAACAAGT-1	535.85797992	696.333333	341.000000	573.000000	606.000000	0.002229428456
CCTACTGCGCATTCCG-1	536.15676933	514.000000	357.166667	692.500000	650.000000	0.002213947872
TCCACGAGGAAGTTGC-1	536.63026054	560.166667	590.833333	341.833333	733.000000	0.002182323182
CTGGTTGGAACCGGAA-1	536.67759762	258.833333	733.833333	636.666667	686.000000	0.002197802198
GAGTCTCCTATCACAT-1	536.88605669	316.666667	550.166667	555.833333	858.000000	0.002117148906
AATCGGGTGTCCCGGT-1	537.34611586	696.333333	493.666667	767.500000	316.000000	0.00234430741
GGGGTAGACAATAATC-1	538.15799900	468.166667	355.000000	827.333333	610.000000	0.002227396983
ATTTTAGCGTCCCATG-1	538.59123758	696.333333	492.833333	630.333333	389.000000	0.002309468822
TCCCGAAAGGTACAGT-1	538.62818692	343.666667	658.166667	443.000000	840.000000	0.00212960146
GTGATTACTAGGATCA-1	538.68689629	258.666667	634.000000	514.500000	998.000000	0.001929198418
CCGGGATCCAGGGCTT-1	538.99521509	314.833333	559.166667	535.666667	895.000000	0.002098950525
ACTTCCTGTGATAATA-1	540.03227600	696.333333	308.333333	434.833333	911.000000	0.002086438152
TTACGTGGCAATTAAT-1	540.90622242	696.333333	369.500000	582.666667	571.000000	0.002243350069
AATCCGAGCTGCGCCG-1	540.93168510	696.333333	549.000000	553.000000	405.000000	0.002301977608
ACTATCGTGGCACCAG-1	541.61152114	468.166667	506.166667	512.166667	709.000000	0.00219014435
ACTGCCCATAAACAGA-1	541.85094550	398.666667	504.166667	633.500000	677.000000	0.002202422665
AGCCATCGTGCATCTC-1	542.29915653	461.166667	498.500000	439.500000	856.000000	0.002118857835
TTGCGATTATCTCCGC-1	542.37304432	244.166667	534.666667	715.833333	926.000000	0.002074483849
GTTTATCATCGATACA-1	542.67812212	458.500000	675.500000	569.166667	492.000000	0.002268244576
ATTGTAATCCTTGTGT-1	542.70512630	594.666667	646.000000	486.666667	464.000000	0.002277227723
TCCACAGAGTGTGAGA-1	543.21878183	696.333333	329.666667	421.000000	901.000000	0.002094839078
ACTCTTGTAGCACGGG-1	543.56319943	561.666667	356.333333	744.333333	586.000000	0.002238046796
AATTGCTTACCGCCAC-1	543.66068458	522.500000	630.166667	440.000000	603.000000	0.002230784831
CTATCCCAACAGGTAG-1	543.91002342	582.500000	558.500000	341.833333	787.000000	0.00215348473
ACGAACCGTCCCCTTA-1	544.62294941	473.000000	535.500000	398.333333	872.000000	0.002108693568
AACTGGGTTAGGTAAA-1	545.34282762	426.500000	542.000000	562.666667	680.000000	0.002199120352
AGGATAGGTGGGGTCG-1	545.63118313	502.500000	290.833333	665.000000	912.000000	0.002086438152
CCGAGCGGCGACCGCT-1	546.47834032	582.500000	404.500000	610.500000	620.000000	0.002225144129
CCTTCAAAGGGAAGAA-1	546.60706216	696.333333	727.833333	355.833333	495.000000	0.002267350158
CCCGCCTACTATCTAG-1	547.04243243	444.500000	264.500000	775.666667	982.000000	0.001988466892
GTCCTACCGACGTGCA-1	547.62314749	696.333333	540.500000	761.000000	314.000000	0.002346938776
GTCTCGCTGTATCCGC-1	547.71054420	236.333333	481.500000	909.000000	870.000000	0.002109906972
TTGATGGATATCTTTT-1	549.01589354	547.666667	754.666667	256.500000	857.000000	0.00211762441
GTGTTCGAGAGGAAGC-1	549.06512644	581.833333	577.666667	456.000000	593.000000	0.002233956133
TCGCGATTATCATCGC-1	549.33030881	696.333333	343.333333	412.666667	923.000000	0.002078137988
CCCGGTCCGGACCTTC-1	549.83705648	696.333333	552.833333	449.666667	528.000000	0.002257557911
TGATGGTGTATAGCAC-1	550.86457187	696.333333	554.000000	387.500000	616.000000	0.002226495294
GCTCTATTGTTCGCTC-1	551.84171190	579.166667	659.500000	330.333333	735.000000	0.002179944511
GCGCTCTACCAATATT-1	552.13471014	469.333333	637.333333	508.500000	611.000000	0.002226740246
CGTGTTAATTGTACAT-1	552.40960644	577.333333	425.000000	406.333333	934.000000	0.002067132592
GACGACCTCATGATGC-1	552.71709269	696.333333	458.166667	592.166667	494.000000	0.002267573696
CCTAACATCTGATCAG-1	552.81456320	696.333333	625.166667	431.666667	497.000000	0.002267339998
TCTGTTAACGGCTAAG-1	553.01100259	588.166667	566.666667	534.500000	525.000000	0.002259110107
ACCTCAGTTATCGGTC-1	553.32105770	323.666667	481.000000	645.333333	933.000000	0.002069169376
ATGCGCCGTCGAGAGT-1	553.44515502	696.333333	313.000000	608.000000	708.000000	0.002190362405
ACACCTGTAAAGAGTT-1	553.67030314	425.500000	501.333333	533.333333	826.000000	0.002134885978
CCGAGATCACTGTTAG-1	553.96908130	420.833333	559.666667	701.500000	570.000000	0.002243524373
GCCCTATCGTACGAGA-1	554.10447809	311.000000	599.833333	889.666667	568.000000	0.002244210956
AGTGACTAATAATAAT-1	554.37363155	696.333333	336.666667	450.666667	894.000000	0.002098950525
AGTACCGAACCATGTG-1	554.40862017	696.333333	566.500000	300.500000	797.000000	0.002150537634
CAGTAAGAATCTAACT-1	554.92538171	696.333333	522.166667	498.666667	523.000000	0.002259775987
TGCCGTCCTGCGCCCC-1	555.11812444	325.000000	820.666667	605.500000	588.000000	0.002236659921
TAAAACGTTAAGAGCA-1	555.56290044	696.333333	298.666667	475.666667	963.000000	0.002032726903
TCACTCTTGTATTCAC-1	557.79722679	696.333333	392.500000	700.000000	506.000000	0.002263607367
GAAGCGAGTCCAGCAA-1	557.91333118	487.833333	436.666667	498.166667	913.000000	0.002085816448
TGCATGATGTCTGTGC-1	558.27970995	537.166667	665.333333	763.500000	356.000000	0.002323780015
CATCACGGAACGCCAG-1	558.40049965	565.333333	468.500000	801.500000	458.000000	0.002279320348
ATCCTAAGTATCCGCG-1	558.75597865	696.333333	599.333333	420.833333	555.000000	0.002249608764
CCGGATATCTTAAAAG-1	558.95680459	506.500000	506.500000	657.166667	579.000000	0.00224009775
CACACACAGGCCGAGA-1	559.47481056	583.500000	410.833333	447.166667	914.000000	0.002084367246
GCGGAGATTTAGACTG-1	559.53047855	541.166667	516.333333	483.833333	725.000000	0.002185141041
CCAGCCGGATTGCCAT-1	559.76022837	696.333333	751.000000	326.500000	575.000000	0.002241278503
ATTACAACCGTAGGGT-1	559.78279485	696.333333	394.333333	620.833333	576.000000	0.002241060119
CCCTTACCATAATTTT-1	560.54157879	696.333333	579.000000	347.333333	705.000000	0.002191016831
CTGCCTTACATGGCCT-1	560.92958182	696.333333	560.500000	386.666667	656.000000	0.002212166918
GTTCCCCCGATGAGCG-1	561.41900003	457.166667	497.166667	458.166667	954.000000	0.002041441258
GCGACGCGGTGCTCTC-1	562.69853199	696.333333	230.166667	628.666667	995.000000	0.001935921014
TTGAGATTCCGTATGT-1	562.88242443	469.833333	472.500000	563.833333	802.000000	0.002148997135
CTACGGTGACGGCAGC-1	563.31070498	406.500000	703.833333	473.666667	743.000000	0.002177205604
TGTCCCGCACCCACTG-1	563.97510173	696.333333	450.166667	352.333333	916.000000	0.002083530637
GATTATTTCTAAGGCA-1	564.16828949	526.833333	654.500000	650.000000	452.000000	0.002281067143
TTTGGTTAGTCAGATT-1	564.78384518	577.333333	577.833333	406.666667	750.000000	0.002173483501
GCACTTCGGCGATATG-1	565.02790851	696.333333	721.666667	662.833333	306.000000	0.002352219268
CAAATAACAGATCTCC-1	565.07414037	482.666667	549.500000	392.666667	979.000000	0.001997203915
CGGCGCCACACTTCTC-1	565.34774208	281.666667	674.000000	643.666667	836.000000	0.002131114268
GCTGACGGCAGGTGGC-1	565.52086889	696.333333	645.666667	564.500000	403.000000	0.002303705126
CTGGTCTCAAGCTGAC-1	566.07215823	696.333333	519.166667	412.833333	688.000000	0.002197582659
TACAACATCCCATTAC-1	566.52351205	364.166667	379.000000	781.500000	955.000000	0.002037905034
GCTTGCACGCCTTCTC-1	567.08167610	696.333333	478.666667	378.833333	819.000000	0.002140530479
TGGTTGGGAAGTTGGT-1	567.23277263	594.666667	515.333333	575.500000	587.000000	0.002237363978
TTTAGCGAGTGTGAAC-1	567.46588029	537.166667	645.166667	517.666667	578.000000	0.002240187007
GTATGCTGGGTATGGT-1	567.97855766	291.833333	746.166667	606.500000	788.000000	0.002153183636
CATTCTTGTGCTACAG-1	568.25173043	696.333333	699.666667	258.166667	829.000000	0.002134471718
CTGCCACCTACGGCTA-1	569.20746528	696.333333	609.333333	600.500000	412.000000	0.002298850575
AGTTCCCATTCCCTTT-1	569.82863525	696.333333	621.166667	504.666667	483.000000	0.002272053739
GTTAGGGTTATATGAC-1	570.01742713	348.500000	541.666667	700.833333	798.000000	0.002150537634
GGGGAGGTAAATGCTA-1	570.06967394	696.333333	661.000000	491.333333	467.000000	0.002276254527
AAACCGTTACCCTTCT-1	570.11089139	557.833333	590.166667	443.833333	723.000000	0.002185358101
AACCGAGCGTACCTCT-1	571.23671168	696.333333	602.166667	555.666667	457.000000	0.002279710576
CATTACATCCGAGTGG-1	571.80819919	473.000000	673.000000	503.500000	667.000000	0.00220877749
GAGAGTGTACTAGAGA-1	571.88122193	696.333333	657.000000	280.333333	834.000000	0.00213240283
ATTCCTGGGAGTGTCG-1	572.03644388	293.000000	587.666667	692.500000	898.000000	0.002097315436
GGAGATCGCGAAATCC-1	572.17792769	534.833333	563.666667	548.666667	648.000000	0.002214170692
TCGTATAGAGCTGTGA-1	572.53519685	696.333333	556.666667	526.000000	527.000000	0.002258001178
CTCTAGTTTGAATCCA-1	572.83924683	696.333333	615.333333	637.833333	394.000000	0.002305596311
CCCATATACAGTAACC-1	573.50475367	696.333333	511.833333	476.500000	637.000000	0.002218578181
ACCTTGCGTACAACTC-1	573.67446314	696.333333	497.333333	562.500000	556.000000	0.002249488753
AGATATACCTCAGTAA-1	575.23751082	696.333333	562.000000	522.000000	536.000000	0.002254791432
GGCACAAAGGTGAAAA-1	575.33678391	696.333333	430.833333	385.666667	947.000000	0.002049180328
CATCTAATTGTTGTCG-1	575.38130957	696.333333	647.333333	361.833333	672.000000	0.0022070626
GACGCAGCCTAGCAAA-1	577.61579136	696.333333	700.166667	443.333333	515.000000	0.002261745656
ATTGTGCCGTGTTGTG-1	577.81158838	696.333333	513.333333	420.833333	741.000000	0.002177745515
CCGTAATGGACAGGAA-1	578.16641279	696.333333	587.000000	336.666667	812.000000	0.002145085803
GCCATTGAAGTTCTAA-1	578.37241179	696.333333	607.666667	669.500000	395.000000	0.002305596311
ATCATCTGTTGAACTA-1	578.66781962	696.333333	532.000000	476.666667	635.000000	0.002219307979
GGAATCGTGGACTGAA-1	578.74389755	696.333333	642.166667	658.500000	381.000000	0.002312254951
GCTGTCAGGGTACCCA-1	578.81582347	440.000000	588.833333	521.333333	831.000000	0.002133229904
CTCCTGTCTTTAGCCC-1	579.61731194	539.000000	585.500000	451.000000	793.000000	0.0021522207
CTTTTATGAAACCATT-1	580.17078883	696.333333	679.833333	527.166667	454.000000	0.002280388658
ACCGGTGGAGGACGGT-1	580.27329672	696.333333	553.166667	689.333333	427.000000	0.002293120638
GTTAACCGCATTTGGC-1	580.38861306	696.333333	497.666667	578.500000	566.000000	0.002245655145
GGGTGATAGGGCTAGA-1	580.74417106	473.000000	493.833333	588.833333	827.000000	0.002134885978
TAGAAAGACGTTATAG-1	581.18461488	309.166667	696.833333	561.000000	944.000000	0.002056001566
GGGACGTTTAGGATAC-1	581.60717322	531.500000	420.000000	532.833333	962.000000	0.002032933523
GCAAGGAACTAATGGA-1	581.85000777	506.500000	588.333333	432.166667	890.000000	0.002101891703
GTGCATGGATATCGGC-1	583.11611059	696.333333	470.000000	491.333333	719.000000	0.00218590611
TATTACCTCGACCCAA-1	583.47793865	696.333333	497.666667	479.166667	698.000000	0.002192982456
TCTTCTTATAAACGAT-1	584.95676526	696.333333	440.833333	585.000000	652.000000	0.002213502364
CTCTACTCCGGAAGTC-1	585.07400459	497.833333	661.833333	435.833333	816.000000	0.002142638506
GGCCACCAGGAACGTG-1	585.27121345	509.833333	550.833333	615.333333	679.000000	0.002201719438
TCGTATGACCGTTTTG-1	585.40567485	266.666667	684.666667	830.000000	775.000000	0.002160039273
TGGATGCCGAGGCTTA-1	586.28500257	696.333333	628.666667	448.333333	602.000000	0.002231237323
AAGGTCAAGAAGTTAT-1	586.32238101	696.333333	721.333333	674.166667	349.000000	0.00232699312
GTAAAAAGTCGGTGTA-1	586.75136790	696.333333	438.000000	508.000000	765.000000	0.002164056059
GGCTGGGTAGGTCTGA-1	586.79875265	696.333333	453.666667	704.166667	533.000000	0.002256641707
CCAGTTACTGTATTGC-1	587.03013918	696.333333	448.333333	535.000000	711.000000	0.00218861918
CGTCGAGAGGATAGGG-1	587.13699246	526.833333	430.166667	600.666667	873.000000	0.002108645446
ACGGCTCATAATAGGT-1	587.49257202	696.333333	532.000000	763.833333	421.000000	0.002294493216
TATAGTAGGACGCCGA-1	587.73920664	551.833333	485.333333	671.000000	664.000000	0.002209944751
GCGAGCTACTTGACCG-1	588.93288095	696.333333	628.000000	511.333333	538.000000	0.002254791432
TATGCACGACGCACTT-1	588.99976773	493.500000	730.000000	696.000000	480.000000	0.002272727273
GCTGTTTCCAGCTCTG-1	589.07140727	468.166667	644.666667	400.166667	997.000000	0.001929943067
GCGGATGATTATATCG-1	589.44707665	587.000000	585.500000	716.833333	490.000000	0.002268915853
CATCAGTCAACGTTTT-1	590.76159272	582.500000	613.166667	497.833333	685.000000	0.002198032238
TCAAGCGGGGCAGAAC-1	590.99596560	696.333333	559.333333	576.833333	543.000000	0.002254098361
TTGATATTCGTCACGA-1	591.76597701	696.333333	625.833333	703.500000	400.000000	0.002304378319
GCGCTATGCTCCTATC-1	592.13873571	487.833333	631.333333	625.666667	638.000000	0.002217763227
GATTTTGGGCGCGGCC-1	592.78385415	591.000000	591.666667	477.833333	739.000000	0.002178433508
AGGCGAGTGGCTCGGG-1	593.33626811	696.333333	498.833333	440.500000	810.000000	0.002146132085
GTCCGTCTAAGATCTC-1	593.75633142	696.333333	460.333333	453.500000	855.000000	0.002120355412
GAAGTAGGAGGCGAAA-1	594.02132566	696.333333	740.000000	408.166667	592.000000	0.002233956133
AGTAAAGATAGCGCGC-1	594.12882310	696.333333	473.500000	526.333333	718.000000	0.002186226771
TGGACCTTTATGCCGT-1	595.20507886	696.333333	393.000000	597.166667	768.000000	0.002162799843
TCCATCGACTGAACAG-1	596.70635110	390.333333	579.833333	645.333333	868.000000	0.00211203862
AAAAAAACTCGGGTAC-1	596.73852523	409.833333	577.333333	621.000000	863.000000	0.002113739305
GGTTCCTCTATTGGTG-1	597.33293343	582.500000	504.166667	833.666667	520.000000	0.002260815949
ATTACGTGAGTCCAAC-1	597.63352595	696.333333	309.666667	657.333333	900.000000	0.002095996646
CAAGCGTAGATTGGTG-1	598.39818487	562.833333	669.166667	414.166667	822.000000	0.002137790302
TAAAAGGGTCGTCCAA-1	598.97426520	522.500000	574.666667	492.166667	871.000000	0.002109097881
TCTGGTGTCGGCGTGG-1	599.17240445	591.000000	459.666667	811.000000	585.000000	0.002238090163
AACAAATGTCTGCAAC-1	599.60943342	562.833333	507.833333	507.000000	892.000000	0.002100439183
AATCCGCGTTGAACCT-1	599.96471575	696.333333	550.000000	437.666667	773.000000	0.002160887928
CTACGTAGGTTTATTA-1	600.11231916	528.666667	411.666667	718.000000	830.000000	0.00213405762
CGAGGGGGTGATACCG-1	600.18385095	696.333333	358.666667	528.000000	984.000000	0.001986491855
CGACTAGGCTTGTCGT-1	601.67475933	696.333333	493.666667	403.000000	946.000000	0.002050230651
CCAAAAGGCTTTCAGT-1	603.81282740	696.333333	574.333333	409.833333	811.000000	0.002145294978
TTGTAATGTCTATTTT-1	604.36868251	413.166667	516.166667	639.666667	978.000000	0.001998401279
TCTAGTTTCATGGCCC-1	604.61024472	696.333333	521.500000	415.333333	886.000000	0.002102386208
TTGTCCATTCTTGCCC-1	605.05194217	482.666667	600.000000	509.666667	908.000000	0.002091216889
TAGATCCCTGAGAAAG-1	605.12344156	534.833333	673.666667	397.166667	937.000000	0.002066319
TTGTGGTCTTCGGGGG-1	605.51695305	696.333333	493.333333	778.000000	503.000000	0.00226523888
TACAATGCACGTGGCA-1	605.58404769	567.666667	541.500000	601.000000	728.000000	0.002184924024
CGTAGGCAAAGCGGCT-1	605.72697645	696.333333	584.000000	514.833333	643.000000	0.002215954875
CTCTGTTGTGTCATTA-1	606.69516124	696.333333	424.833333	538.166667	851.000000	0.002122283982
TGTGACATTCACCTAA-1	607.16992104	446.500000	568.000000	548.500000	977.000000	0.002006621852
TGAGGTACGACCTATG-1	607.40355365	696.333333	542.500000	568.333333	634.000000	0.002219979818
ACGCCGTTTGCGATTA-1	607.79144288	696.333333	607.000000	438.666667	736.000000	0.00217955371
ATGGTGATTGAACGAC-1	608.49983984	696.333333	533.000000	651.500000	567.000000	0.00224443991
GAAGACAAAGTTCTGA-1	608.53978120	696.333333	482.333333	572.666667	713.000000	0.002188183807
TTGTCTCAAACAGGAT-1	609.43438434	579.166667	677.000000	548.000000	642.000000	0.00221640137
GCCGCGATAAGCAAAA-1	611.27563093	550.833333	606.500000	468.000000	893.000000	0.002099790021
CCCCTTGCTAGCCAGA-1	611.51052207	562.833333	701.166667	356.833333	993.000000	0.001947798987
GGAATCATCAGGGATC-1	611.66707722	473.666667	634.500000	612.833333	760.000000	0.002166735452
TATTTGGGACATCAAC-1	612.22707912	696.333333	651.500000	643.833333	481.000000	0.002272727273
TTCTAGCTCGGGGTTC-1	612.31737793	544.000000	460.500000	718.500000	781.000000	0.002156943303
GGGTTCCCCTGATTTA-1	612.78670170	552.500000	655.333333	690.500000	564.000000	0.002246971473
CATAATATAGGATCAA-1	612.99606712	696.333333	524.833333	619.166667	624.000000	0.002222671247
ACTTCATCATGACTTC-1	614.17435175	696.333333	587.500000	501.166667	694.000000	0.002193819153
CACCTTTTACGCCAAT-1	614.49108884	696.333333	700.666667	294.000000	994.000000	0.001940993789
CAAGAGGGGTAAGCGC-1	614.63678644	591.000000	611.000000	563.000000	702.000000	0.002191671648
TTCATGTTTCGTAACT-1	615.54979302	591.000000	700.333333	401.000000	865.000000	0.002113149553
TTTTGGGGGAGTTTAG-1	616.18138766	696.333333	685.333333	692.833333	436.000000	0.002287853577
GCGTTACGCCTACGGA-1	616.61729496	696.333333	513.500000	564.666667	716.000000	0.002186661366
ACTATTTCCTTGTCGC-1	616.93545297	591.000000	621.500000	722.333333	546.000000	0.002253460672
GGGTCCGGATAACTGG-1	617.01673850	696.333333	566.166667	426.500000	862.000000	0.002114590676
GGACATTAGAGTTTAC-1	617.09180192	696.333333	532.666667	522.666667	748.000000	0.002173913043
AGCAGGCTCCCCGTCG-1	618.45319863	493.500000	628.166667	674.166667	700.000000	0.00219210841
ATGGCAGGTCCCTGTT-1	618.50439361	294.666667	630.666667	809.333333	973.000000	0.002013287699
CGGCACCTCGGTATTG-1	620.81915668	696.333333	387.166667	624.000000	883.000000	0.002105263158
GTGATGTCGTTACTGG-1	620.96503515	534.833333	738.166667	649.333333	580.000000	0.00224009775
TACGCGATTTGTAATA-1	622.25682802	583.500000	724.666667	471.500000	752.000000	0.002172624926
TTTCGGTGACGGCCAA-1	622.42298318	696.333333	622.333333	445.166667	778.000000	0.002158343962
CGGCCACCCACATAGC-1	622.76144033	544.000000	632.833333	583.333333	749.000000	0.002173698251
TTAACTTCAGCAATTA-1	624.11870702	696.333333	586.833333	451.166667	823.000000	0.002137790302
AAGGGGATACACTTCT-1	624.29691785	696.333333	541.500000	521.833333	772.000000	0.002161100196
AAACTAGGGCGTGACG-1	626.59882356	696.333333	631.166667	595.500000	589.000000	0.002236048999
TCTCCGAGACTGTTGG-1	627.29553030	591.000000	625.000000	655.000000	640.000000	0.002217518395
TGCGTACATCCAGTTG-1	628.62125948	544.000000	746.833333	432.833333	888.000000	0.002102102102
TCCGCGGACGCGGCCT-1	630.14252609	594.666667	722.166667	491.500000	747.000000	0.002174813587
CCGGCCCGGCCTAATC-1	630.34220823	696.333333	592.500000	457.166667	837.000000	0.002130681818
GAAATCGCTATAGGTC-1	630.39787628	531.500000	553.666667	667.500000	804.000000	0.002148777243
CATACACATCTCACGA-1	631.35132326	391.833333	592.833333	693.000000	987.000000	0.001976284585
CTGGACTACTTTGGTC-1	631.95607578	696.333333	668.500000	602.166667	569.000000	0.002243753187
GAATTGGGCAGCTTGT-1	632.51713405	485.333333	502.500000	708.000000	927.000000	0.002074278941
ATAAGGGGTCCGACCT-1	633.42769111	696.333333	599.000000	611.666667	631.000000	0.002220505889
CACTGTTTTCATCGTC-1	633.45233448	497.833333	751.833333	456.666667	942.000000	0.002058016464
CATGTACCTGGATCTC-1	633.79005513	502.500000	539.500000	612.333333	972.000000	0.002015925814
TGGTGACGCCTGTGTT-1	633.93305772	696.333333	683.000000	399.500000	850.000000	0.002122713029
TAAATGATCAAAGTTC-1	634.59119750	696.333333	668.500000	543.500000	641.000000	0.00221707145
GGGGATTCTGGGATTG-1	634.66739653	696.333333	583.000000	645.666667	619.000000	0.002225232198
ATCATACTCAGGTTCC-1	635.78720140	518.166667	644.833333	576.000000	849.000000	0.002122937373
CGCGGGACCGAGCGTC-1	637.63058601	696.333333	611.166667	394.333333	985.000000	0.001986294567
GGCCCTTGTCTCCCCA-1	637.93913413	506.500000	533.000000	811.500000	756.000000	0.002169197397
TGCAACCGTCAGTATT-1	639.12985772	696.333333	433.833333	584.500000	945.000000	0.00205218411
TGAAGATAGGCTTAAG-1	639.22570655	696.333333	491.500000	685.166667	712.000000	0.002188401472
CCTTCCCCCTATATAT-1	639.35335955	416.500000	691.666667	684.000000	848.000000	0.002123552124
GCGCCCCTACCGCTCG-1	639.56538833	465.666667	712.333333	568.666667	887.000000	0.002102102102
CTATGGCATATGTCGG-1	639.92254335	473.000000	682.000000	519.833333	1000.000000	0.001845376845
CACACACGTAACTAAG-1	640.01205713	696.333333	607.000000	551.333333	720.000000	0.00218579235
ATAATGTAACTATATG-1	640.76446585	531.500000	613.500000	517.500000	999.000000	0.001927525058
TCGTTTGTGGTCAGGC-1	641.62653926	696.333333	575.333333	636.166667	665.000000	0.002209944751
ATCGGTGCGATGAGCT-1	642.44674401	696.333333	439.166667	576.666667	966.000000	0.002026342452
CTGGAGGTAGATTTAG-1	642.71382276	696.333333	706.166667	410.666667	845.000000	0.002126076326
ACTCTGTATACGAGCG-1	642.74774220	591.000000	389.666667	818.000000	906.000000	0.002091612633
CCACAAGGTGCTACTC-1	643.77496908	696.333333	710.833333	436.500000	795.000000	0.00215123158
TCTTGATTGAGACCGA-1	644.69527431	696.333333	631.833333	444.166667	884.000000	0.002105263158
CAGCTGGTCGTTACTA-1	645.85804958	696.333333	605.333333	595.666667	693.000000	0.002194075995
GATTGCTCTCGCCCCC-1	647.99318594	696.333333	770.166667	647.166667	508.000000	0.00226341884
TTGTGGTCGGACCTCG-1	651.38149589	591.000000	506.666667	647.166667	929.000000	0.002073869247
GCTACAACGCTAACAG-1	652.28920544	526.833333	581.166667	599.666667	986.000000	0.001986097319
ATGTAAGCTGGTGATC-1	655.10687700	541.166667	538.666667	639.500000	988.000000	0.001974333662
GGCACTTAGAAACAAC-1	655.35086216	453.666667	511.333333	824.000000	965.000000	0.002027369488
AATCGAGAGCCCATAT-1	655.59914234	696.333333	381.166667	781.166667	891.000000	0.002101681345
TTAATCTCCAACTCGA-1	656.95282361	582.500000	622.000000	667.666667	770.000000	0.002162273476
ATTGTGTGGATAAGTT-1	657.13088536	696.333333	487.666667	660.000000	832.000000	0.002132845826
TAACTGAGCGTATGCG-1	657.90913179	437.333333	747.500000	637.500000	899.000000	0.00209621633
GTCACGTCGAGAAGCG-1	658.14119533	502.500000	662.833333	665.833333	846.000000	0.002125290962
TGTTCTAGGGTTAACT-1	658.26910958	696.333333	687.500000	595.166667	659.000000	0.002211277515
CCAGTAGGTCCCGGAT-1	659.38897351	696.333333	485.500000	727.166667	769.000000	0.002162374681
GGAAAAGTGTGCTGGT-1	659.61665895	696.333333	501.500000	599.666667	904.000000	0.002092884194
GCACCCGTGGTGCGTG-1	661.60113885	696.333333	565.833333	618.666667	786.000000	0.002154067084
TGCTTGGGGCTCCTAC-1	664.71753313	696.333333	683.500000	582.666667	704.000000	0.00219115192
ACTCTATAATAGTACT-1	665.36982723	696.333333	700.166667	421.833333	953.000000	0.00204248366
GAGGATGCAGACACCT-1	667.74591583	696.333333	611.500000	533.000000	876.000000	0.002107683464
CATCATTGTAGAGAGG-1	668.94749501	696.333333	488.666667	593.833333	991.000000	0.001951600312
AGGGAGTCGCGGGATA-1	671.05572854	696.333333	653.166667	621.833333	717.000000	0.002186588921
CAGATAGTTTTCGGGT-1	671.98360306	582.500000	535.666667	826.166667	791.000000	0.002152521525
AACCCTCTTACTTGGA-1	672.33865348	696.333333	735.666667	524.166667	761.000000	0.002166633839
GCACATGATGTAGAAC-1	672.55791118	696.333333	599.666667	649.000000	755.000000	0.002169197397
GTTTTATGCAGGGACC-1	673.52250551	565.333333	595.666667	663.500000	921.000000	0.002079619727
ACCAAGCAGAGCACCC-1	674.42411888	696.333333	497.666667	614.833333	971.000000	0.002018774604
TGCACCGCGTGAACAT-1	680.62423291	696.333333	625.666667	514.166667	958.000000	0.002035830619
TTAAAGAGCAACAGGT-1	681.83459073	509.833333	556.500000	780.500000	976.000000	0.002007427482
GAGACAGGCACCTCAT-1	683.16797156	696.333333	542.333333	611.666667	943.000000	0.002057401502
TAAAAGTTGCTCGATA-1	686.86900609	534.833333	757.833333	790.166667	695.000000	0.002193638448
TAGATTACTACGGCCG-1	687.58198634	696.333333	473.166667	770.000000	881.000000	0.002105867713
TCACCGAAGCGGCGAG-1	692.26679713	696.333333	485.666667	700.833333	969.000000	0.002023881805
GAGCTCACCAGAATTT-1	692.56664897	696.333333	592.333333	835.000000	668.000000	0.002208391889
CTCAATCCGGACTCGG-1	695.06737556	696.333333	579.333333	667.333333	867.000000	0.002112463535
AACGCAATAACTAGGT-1	696.38603513	539.000000	601.833333	799.333333	907.000000	0.002091216889
AACTGATACCCTTATT-1	705.03565230	696.333333	666.666667	604.833333	880.000000	0.002106149958
GCATGGCGGGCCTGGA-1	705.79905500	696.333333	633.500000	664.166667	847.000000	0.002124987926
GGTGGTGTGTAGAGAC-1	706.96473138	696.333333	552.000000	677.666667	959.000000	0.002035209118
ACAACCTACAGCCCTA-1	707.04831893	696.333333	718.833333	617.166667	809.000000	0.002146341463
TATAACGCACGGTGGA-1	708.17104080	696.333333	610.666667	714.333333	828.000000	0.002134678828
GATCAAACCTGCAGTG-1	708.86239696	696.333333	700.166667	535.000000	968.000000	0.002024291498
CATTTCTTATGTAATT-1	709.63856117	696.333333	612.000000	646.833333	920.000000	0.002080237741
ACCATCATTTCACAAT-1	717.73104180	696.333333	572.666667	754.500000	882.000000	0.002105263158
GCCCAGATGCAAGCGC-1	724.81483193	594.666667	656.500000	728.833333	970.000000	0.002021563342
AGCGTGGGTTTTTTGT-1	725.23789692	696.333333	641.166667	662.000000	936.000000	0.002066522338
CATTGGAATCCTTCGA-1	727.25284243	696.333333	610.000000	753.500000	874.000000	0.002108433735
TAGAATAAGGATGGCG-1	756.71780435	696.333333	762.666667	710.500000	869.000000	0.002111932418
