	n_fragment	frac_dup	frac_mito	doublet_probability	doublet_score
CCGTAATCATGTAAAA-1	10992	0.0	0.0	5.31553777323965e-24	0.06603773584905662
CGCACGCGTACTGCAG-1	10909	0.0	0.0	1.1155009504298292e-28	0.0011325028312570782
CACGGACAGCCCGCCT-1	10778	0.0	0.0	1.1155009504298292e-28	0.0011325028312570782
TACTCCTATGTTCTGC-1	10776	0.0	0.0	1.1155009504298292e-28	0.0011325028312570782
GCTTGCACGCCTTCTC-1	10745	0.0	0.0	1.1155009504298292e-28	0.0011325028312570782
ACTTCTTACGCTCTCA-1	10724	0.0	0.0	1.1155009504298292e-28	0.0011325028312570782
TCATCCCAAACTTCAC-1	10646	0.0	0.0	1.3657314310987063e-28	0.0023094688221709007
ATGCACGAACCGACTC-1	10617	0.0	0.0	4.2668725983366495e-28	0.008962868117797696
TGGCATGAGCTACGAG-1	10613	0.0	0.0	1.1155009504298292e-28	0.0011325028312570782
GCGTGTCTAGTCCAGT-1	10609	0.0	0.0	1.1155009504298292e-28	0.0011325028312570782
CGGCGGTTGCTGTGTG-1	10569	0.0	0.0	2.9950334810625134e-23	0.07692307692307691
CCAAATAAAGTCGTTA-1	10565	0.0	0.0	2.2805674072175845e-22	0.08988764044943821
CTACGGTGACGGCAGC-1	10564	0.0	0.0	9.55114081139803e-28	0.013698630136986304
GGGTATTTAGGGCTCC-1	10560	0.0	0.0	1.1155009504298292e-28	0.0011325028312570782
TATGCACGACGCACTT-1	10560	0.0	0.0	1.1155009504298292e-28	0.0011325028312570782
TGTCCCGCACCCACTG-1	10559	0.0	0.0	1.1155009504298292e-28	0.0011325028312570782
CGACAGGAAGGCTTCT-1	10557	0.0	0.0	4.2668725983366495e-28	0.008962868117797696
TCTGCAAAACGCTAAC-1	10556	0.0	0.0	1.1155009504298292e-28	0.0011325028312570782
ATAGGGCATCCTAAGT-1	10553	0.0	0.0	1.1155009504298292e-28	0.0011325028312570782
CATTCCGATCGTTTCT-1	10550	0.0	0.0	1.1155009504298292e-28	0.0011325028312570782
GATCTAACCTATCTGT-1	10543	0.0	0.0	1.1155009504298292e-28	0.0011325028312570782
CTCCTGCGGAATGTTG-1	10538	0.0	0.0	1.1155009504298292e-28	0.0011325028312570782
CGGCCGGGGGCCACAG-1	10537	0.0	0.0	1.2804774777803587e-27	0.015427769985974754
CACGGTTTTCATACAA-1	10528	0.0	0.0	1.7449380798876417e-18	0.14960629921259844
ACATCACTTCCATTTC-1	10525	0.0	0.0	1.1155009504298292e-28	0.0011325028312570782
CATCCCATCCCGGGTC-1	10520	0.0	0.0	1.1155009504298292e-28	0.0011325028312570782
CCACGATTCATCCACA-1	10519	0.0	0.0	7.922180968699153e-23	0.08310991957104558
GGACGTCACGATTACG-1	10515	0.0	0.0	1.1155009504298292e-28	0.0011325028312570782
CTCCAGGAAACCAATA-1	10506	0.0	0.0	1.1155009504298292e-28	0.0011325028312570782
AGTCTGCGTGAGTTGT-1	10503	0.0	0.0	1.1155009504298292e-28	0.0011325028312570782
TCCACAGAGTGTGAGA-1	10502	0.0	0.0	1.1155009504298292e-28	0.0011325028312570782
ACTTTCGAGACCCAAG-1	10501	0.0	0.0	1.2203981995574083e-23	0.07125307125307123
AGTTCGACTATCCTTT-1	10501	0.0	0.0	1.1155009504298292e-28	0.0011325028312570782
TTTCCACACCAATCTC-1	10495	0.0	0.0	1.1155009504298292e-28	0.0011325028312570782
AGTAGTCGGTGACCTC-1	10490	0.0	0.0	1.1155009504298292e-28	0.0011325028312570782
ACTTCATCATGACTTC-1	10484	0.0	0.0	1.1155009504298292e-28	0.0011325028312570782
AACAAATGTCTGCAAC-1	10474	0.0	0.0	1.1155009504298292e-28	0.0011325028312570782
GTCGTACTTCCCTCAT-1	10474	0.0	0.0	1.1155009504298292e-28	0.0011325028312570782
AGTGCTTCCGAAAAGC-1	10468	0.0	0.0	1.1155009504298292e-28	0.0011325028312570782
TATGGTGCAAATACGG-1	10466	0.0	0.0	1.2203981995574083e-23	0.07125307125307123
CTCTGTGGCTTGCTTA-1	10462	0.0	0.0	2.5554964774838377e-21	0.10559006211180126
GCGACACGCCGGGCAC-1	10461	0.0	0.0	5.945069081669663e-14	0.22580645161290316
AACTATCAGATCATAT-1	10459	0.0	0.0	7.922180968699153e-23	0.08310991957104558
AAAATTTGATATAATG-1	10454	0.0	0.0	1.1155009504298292e-28	0.0011325028312570782
TGAGGGTCTTCCCTGA-1	10448	0.0	0.0	1.1155009504298292e-28	0.0011325028312570782
TAGATTACTACGGCCG-1	10447	0.0	0.0	1.1155009504298292e-28	0.0011325028312570782
TAATACGACCACGTTT-1	10445	0.0	0.0	1.3657314310987063e-28	0.0023094688221709007
TCCGGGTCTAGGCTTG-1	10440	0.0	0.0	1.1155009504298292e-28	0.0011325028312570782
GAGAGGCGGACATAAT-1	10439	0.0	0.0	1.6430072643337328e-16	0.18181818181818188
CTCAGATTTCCGGATG-1	10438	0.0	0.0	1.1155009504298292e-28	0.0011325028312570782
GAGGATGCAGACACCT-1	10438	0.0	0.0	1.1155009504298292e-28	0.0011325028312570782
TATGTGATGGATCCTC-1	10436	0.0	0.0	1.1155009504298292e-28	0.0011325028312570782
ACGACGATCAGACAGT-1	10434	0.0	0.0	1.4738816617453592e-17	0.1645569620253165
ACGAACCGTCCCCTTA-1	10433	0.0	0.0	1.1155009504298292e-28	0.0011325028312570782
ACGTGCGGCCAAGTCT-1	10433	0.0	0.0	3.2758398145191697e-25	0.048780487804878044
CCCCTAAAATAACGGC-1	10432	0.0	0.0	1.1155009504298292e-28	0.0011325028312570782
CGAGCGATACACATCG-1	10432	0.0	0.0	1.1155009504298292e-28	0.0011325028312570782
TAAAAGGGTCGTCCAA-1	10431	0.0	0.0	1.1155009504298292e-28	0.0011325028312570782
GTCTCGCTGTATCCGC-1	10427	0.0	0.0	3.826656608686873e-26	0.03571428571428572
ACATGTCAGCGCTGGT-1	10425	0.0	0.0	1.0247530875697627e-20	0.11475409836065571
GCTGACGGCAGGTGGC-1	10418	0.0	0.0	1.1155009504298292e-28	0.0011325028312570782
CGTGCATAAGCGGAAT-1	10414	0.0	0.0	1.1155009504298292e-28	0.0011325028312570782
CATTACATCCGAGTGG-1	10413	0.0	0.0	1.1155009504298292e-28	0.0011325028312570782
CCGGACTCGACGCTCG-1	10411	0.0	0.0	2.6319049400545063e-28	0.006134969325153375
TTCATGTTTCGTAACT-1	10411	0.0	0.0	1.1155009504298292e-28	0.0011325028312570782
AACTGGATCTACTCGG-1	10401	0.0	0.0	5.31553777323965e-24	0.06603773584905662
TGACCCTTTAAAAAAC-1	10399	0.0	0.0	7.227005759392957e-22	0.09734513274336284
GCAGAACAAGCCTCTT-1	10398	0.0	0.0	1.1155009504298292e-28	0.0011325028312570782
TCAGCCCTTGAGATGA-1	10397	0.0	0.0	1.7449380798876417e-18	0.14960629921259844
GTAATCATAATGTAAA-1	10394	0.0	0.0	1.1155009504298292e-28	0.0011325028312570782
GTAAGTAATAGATTCC-1	10392	0.0	0.0	6.9584462562125e-27	0.025477707006369428
TTGATGGATATCTTTT-1	10389	0.0	0.0	1.1155009504298292e-28	0.0011325028312570782
GCCCAGATGCAAGCGC-1	10388	0.0	0.0	1.3657314310987063e-28	0.0023094688221709007
GTCACTTATTGGCAGA-1	10381	0.0	0.0	2.4572486050319237e-24	0.06122448979591837
GTTGCCGGAGTACACT-1	10381	0.0	0.0	1.2804774777803587e-27	0.015427769985974754
TTTGAACCATAATGTC-1	10380	0.0	0.0	1.1155009504298292e-28	0.0011325028312570782
CACAATTTATACGTGG-1	10378	0.0	0.0	6.241253133871464e-26	0.03867403314917127
ATAATGTAACTATATG-1	10376	0.0	0.0	1.1155009504298292e-28	0.0011325028312570782
TACCCAGATTCGAACT-1	10376	0.0	0.0	1.2804774777803587e-27	0.015427769985974754
CCTTAACCATTAACGG-1	10374	0.0	0.0	2.6084755231917896e-19	0.13653136531365312
AACTATTGAGACATTT-1	10372	0.0	0.0	1.4738816617453592e-17	0.1645569620253165
GTCGACGCGCAGATGC-1	10371	0.0	0.0	1.2203981995574083e-23	0.07125307125307123
TATCAGAAAGCTGGGA-1	10371	0.0	0.0	2.096797445120909e-28	0.004807692307692307
CGAGCAATAGAGGTGG-1	10369	0.0	0.0	5.945069081669663e-14	0.22580645161290316
CCCATATACAGTAACC-1	10367	0.0	0.0	1.1155009504298292e-28	0.0011325028312570782
GTGATTACTAGGATCA-1	10367	0.0	0.0	1.4738816617453592e-17	0.1645569620253165
GTGAAGATGGAGCGGT-1	10364	0.0	0.0	6.130607203907793e-25	0.05263157894736842
ATCATACTCAGGTTCC-1	10363	0.0	0.0	1.1155009504298292e-28	0.0011325028312570782
GCTGTTTCCAGCTCTG-1	10363	0.0	0.0	1.1155009504298292e-28	0.0011325028312570782
AGTTTCGTGTGGACTG-1	10360	0.0	0.0	1.1155009504298292e-28	0.0011325028312570782
CCTTCCCCCTATATAT-1	10360	0.0	0.0	3.3345440809944343e-28	0.007518796992481203
AGTGAAGGGCAGAGTG-1	10358	0.0	0.0	1.3657314310987063e-28	0.0023094688221709007
ATAAGGGGTCCGACCT-1	10358	0.0	0.0	1.1155009504298292e-28	0.0011325028312570782
CGACTAACAAGCTCAC-1	10358	0.0	0.0	1.0487450605609538e-25	0.041825095057034224
GGTGCCGTCCCCGCGT-1	10357	0.0	0.0	1.1155009504298292e-28	0.0011325028312570782
CCTGGAGTGGTGGGGG-1	10353	0.0	0.0	2.400509256793307e-27	0.01914580265095729
GCATGGCGGGCCTGGA-1	10353	0.0	0.0	1.1155009504298292e-28	0.0011325028312570782
GGGTCATATCGTGTGT-1	10353	0.0	0.0	1.2203981995574083e-23	0.07125307125307123
CATCTGGAAAGTAGGC-1	10350	0.0	0.0	1.4738816617453592e-17	0.1645569620253165
CTCAGAGATCTGAGGT-1	10346	0.0	0.0	1.82066289174184e-25	0.04518664047151277
CCTGTGGATCGTTGTC-1	10343	0.0	0.0	1.1155009504298292e-28	0.0011325028312570782
GCATGCACGTCAATAA-1	10339	0.0	0.0	1.1155009504298292e-28	0.0011325028312570782
GTATTGCAGCGAACGA-1	10337	0.0	0.0	1.2203981995574083e-23	0.07125307125307123
TCTTGTCTTCAATTTT-1	10337	0.0	0.0	1.1155009504298292e-28	0.0011325028312570782
CGCTTGCAAGGGGCGA-1	10336	0.0	0.0	2.096797445120909e-28	0.004807692307692307
GGGGATTCTGGGATTG-1	10336	0.0	0.0	1.1155009504298292e-28	0.0011325028312570782
CACGCACTCTCGGTAC-1	10334	0.0	0.0	1.4738816617453592e-17	0.1645569620253165
GACGTCGCGTACGCCG-1	10333	0.0	0.0	2.4572486050319237e-24	0.06122448979591837
CCATGTATTGATATGA-1	10331	0.0	0.0	1.1155009504298292e-28	0.0011325028312570782
GAACGAATTACCCGGA-1	10331	0.0	0.0	1.3657314310987063e-28	0.0023094688221709007
GCGACGCGGTGCTCTC-1	10331	0.0	0.0	1.1155009504298292e-28	0.0011325028312570782
AGCGACATCGTTTTTA-1	10330	0.0	0.0	1.1155009504298292e-28	0.0011325028312570782
CTACAGATCAATATCG-1	10330	0.0	0.0	1.1155009504298292e-28	0.0011325028312570782
TACGTTCACACTCCAT-1	10330	0.0	0.0	2.096797445120909e-28	0.004807692307692307
GCGCTCTACCAATATT-1	10329	0.0	0.0	1.6852351869604313e-28	0.0035335689045936395
TAGTTCCCAGAACTTC-1	10329	0.0	0.0	1.1155009504298292e-28	0.0011325028312570782
TGCATGATGTCTGTGC-1	10328	0.0	0.0	1.1155009504298292e-28	0.0011325028312570782
GGTTAGTGACCGGAAC-1	10326	0.0	0.0	2.4572486050319237e-24	0.06122448979591837
CCGCAGGCCAGAAGCT-1	10323	0.0	0.0	1.1155009504298292e-28	0.0011325028312570782
TCTTCACGTACATAGA-1	10323	0.0	0.0	2.5554964774838377e-21	0.10559006211180126
TGACACACAAGCACTA-1	10321	0.0	0.0	1.1155009504298292e-28	0.0011325028312570782
AATTCATGTTATTATG-1	10319	0.0	0.0	1.1155009504298292e-28	0.0011325028312570782
GAGAGTGTACTAGAGA-1	10317	0.0	0.0	1.1155009504298292e-28	0.0011325028312570782
GTAGTGAAGCGAGTCT-1	10315	0.0	0.0	4.751614798215538e-20	0.12499999999999997
GCTGTCAGGGTACCCA-1	10313	0.0	0.0	4.2668725983366495e-28	0.008962868117797696
TGTCTGATTAAGCCAG-1	10313	0.0	0.0	1.1155009504298292e-28	0.0011325028312570782
GGACCCCTCTGTGTTC-1	10310	0.0	0.0	2.2805674072175845e-22	0.08988764044943821
TTTTCCGGTGGTACAT-1	10310	0.0	0.0	1.1155009504298292e-28	0.0011325028312570782
CTACGTAGGTTTATTA-1	10309	0.0	0.0	1.1155009504298292e-28	0.0011325028312570782
CCCCCGTCTGGTACGT-1	10308	0.0	0.0	1.1155009504298292e-28	0.0011325028312570782
CATTCTTGTGCTACAG-1	10307	0.0	0.0	1.1155009504298292e-28	0.0011325028312570782
TATAACGCACGGTGGA-1	10306	0.0	0.0	1.1155009504298292e-28	0.0011325028312570782
ACACCTGTAAAGAGTT-1	10305	0.0	0.0	1.2804774777803587e-27	0.015427769985974754
GGGTGATAGGGCTAGA-1	10305	0.0	0.0	1.1155009504298292e-28	0.0011325028312570782
AAACAGCGCAATACAG-1	10304	0.0	0.0	1.1155009504298292e-28	0.0011325028312570782
AGCAATAGACGCTGGA-1	10304	0.0	0.0	1.1155009504298292e-28	0.0011325028312570782
CACCTTTTACGCCAAT-1	10304	0.0	0.0	1.1155009504298292e-28	0.0011325028312570782
TGAGCCTCACGCTTCG-1	10304	0.0	0.0	2.6084755231917896e-19	0.13653136531365312
AGAGTTTCGGGTCGGG-1	10301	0.0	0.0	1.1155009504298292e-28	0.0011325028312570782
AGGTGTTTAGGTGATG-1	10301	0.0	0.0	1.557921634633804e-26	0.030303030303030297
TTCTGAGAATCGGCGG-1	10299	0.0	0.0	1.1155009504298292e-28	0.0011325028312570782
GTCTGGATACCGATTT-1	10298	0.0	0.0	1.1155009504298292e-28	0.0011325028312570782
CTATGGCATATGTCGG-1	10296	0.0	0.0	1.1155009504298292e-28	0.0011325028312570782
GGATGGGTACAGTGGC-1	10293	0.0	0.0	1.1155009504298292e-28	0.0011325028312570782
TGCTAATTCAGGGTAG-1	10293	0.0	0.0	1.1155009504298292e-28	0.0011325028312570782
CAAGCGTAGATTGGTG-1	10291	0.0	0.0	1.1155009504298292e-28	0.0011325028312570782
TTAACTTCAGCAATTA-1	10291	0.0	0.0	1.1155009504298292e-28	0.0011325028312570782
CGATCGACAGGCTCGG-1	10287	0.0	0.0	2.6319049400545063e-28	0.006134969325153375
TAATACAACGTAAGAT-1	10287	0.0	0.0	2.2805674072175845e-22	0.08988764044943821
AAACTAGGGCGTGACG-1	10286	0.0	0.0	1.1155009504298292e-28	0.0011325028312570782
GCGAATCATTTAACTG-1	10285	0.0	0.0	7.227005759392957e-22	0.09734513274336284
GGCGACCTCTACGTAG-1	10280	0.0	0.0	1.1155009504298292e-28	0.0011325028312570782
TAATGAGAATAGAGAG-1	10276	0.0	0.0	1.1155009504298292e-28	0.0011325028312570782
CTTGAGAATATACGCA-1	10275	0.0	0.0	3.3636772115613714e-27	0.021148036253776436
GATTCTGATCTGGAAG-1	10275	0.0	0.0	1.1155009504298292e-28	0.0011325028312570782
GGAACCGGACCAGATT-1	10271	0.0	0.0	1.1155009504298292e-28	0.0011325028312570782
CCCCTTGCTAGCCAGA-1	10268	0.0	0.0	1.1155009504298292e-28	0.0011325028312570782
CACGGTTGACCTAGTG-1	10267	0.0	0.0	6.9584462562125e-27	0.025477707006369428
TTATTTAGGGGGTCCG-1	10267	0.0	0.0	1.1982281600863793e-24	0.056768558951965066
TTTAGCGAGTGTGAAC-1	10267	0.0	0.0	1.1155009504298292e-28	0.0011325028312570782
TAATATGTGAAAAGTT-1	10266	0.0	0.0	5.5178000184403895e-28	0.010471204188481676
AGAGCCCCCATACACC-1	10263	0.0	0.0	1.1155009504298292e-28	0.0011325028312570782
ATTACAACCGTAGGGT-1	10263	0.0	0.0	1.1155009504298292e-28	0.0011325028312570782
CCAGGTTCGGCTTGCA-1	10263	0.0	0.0	1.1155009504298292e-28	0.0011325028312570782
CCAGCCGGATTGCCAT-1	10262	0.0	0.0	1.1155009504298292e-28	0.0011325028312570782
TGAACGATCAAATTCC-1	10262	0.0	0.0	1.1155009504298292e-28	0.0011325028312570782
AGTGCGACCAAACCCT-1	10261	0.0	0.0	1.1155009504298292e-28	0.0011325028312570782
GCAATTCTGCTTTAGC-1	10258	0.0	0.0	5.945069081669663e-14	0.22580645161290316
CCGTAATGGACAGGAA-1	10256	0.0	0.0	1.1155009504298292e-28	0.0011325028312570782
TGTATCCGAGGATCGG-1	10256	0.0	0.0	2.2805674072175845e-22	0.08988764044943821
ATACTGGTAGCAACAC-1	10255	0.0	0.0	2.5554964774838377e-21	0.10559006211180126
CCAAAAGGCTTTCAGT-1	10255	0.0	0.0	1.1155009504298292e-28	0.0011325028312570782
CTCGCGATCGGGCCGT-1	10254	0.0	0.0	1.1155009504298292e-28	0.0011325028312570782
TCTGCGATAGGCGTAG-1	10253	0.0	0.0	1.1155009504298292e-28	0.0011325028312570782
AGGCGAGTGGCTCGGG-1	10251	0.0	0.0	1.1155009504298292e-28	0.0011325028312570782
ACAACCTACAGCCCTA-1	10250	0.0	0.0	1.1155009504298292e-28	0.0011325028312570782
GAACAAGAGAAGAACA-1	10249	0.0	0.0	1.1155009504298292e-28	0.0011325028312570782
GTTGAGCTCGCGAAAA-1	10249	0.0	0.0	1.1155009504298292e-28	0.0011325028312570782
CATCATTGTAGAGAGG-1	10248	0.0	0.0	1.1155009504298292e-28	0.0011325028312570782
TAGGTCTTAAAAGTTG-1	10247	0.0	0.0	1.1155009504298292e-28	0.0011325028312570782
ATGGACCTCGTTACCC-1	10246	0.0	0.0	1.1155009504298292e-28	0.0011325028312570782
GGCACACTGGTGTATC-1	10245	0.0	0.0	5.31553777323965e-24	0.06603773584905662
TGTAGTTATACTACTT-1	10243	0.0	0.0	1.1155009504298292e-28	0.0011325028312570782
CGGATAGCTTGCGACG-1	10242	0.0	0.0	1.1155009504298292e-28	0.0011325028312570782
GTTAACCGCATTTGGC-1	10242	0.0	0.0	1.1155009504298292e-28	0.0011325028312570782
TTCACGAACGCCCCCC-1	10242	0.0	0.0	1.4738816617453592e-17	0.1645569620253165
GGTAGCTCTAAGTGCT-1	10241	0.0	0.0	4.751614798215538e-20	0.12499999999999997
GCCTGCTACGTTTGTT-1	10238	0.0	0.0	1.2203981995574083e-23	0.07125307125307123
GGGTTCCCCTGATTTA-1	10236	0.0	0.0	1.1155009504298292e-28	0.0011325028312570782
CGTGTACTTGACTGGT-1	10235	0.0	0.0	1.1155009504298292e-28	0.0011325028312570782
AATGATCTTCCTTAGT-1	10234	0.0	0.0	1.1155009504298292e-28	0.0011325028312570782
CGTGGATTAAGCCAAG-1	10233	0.0	0.0	1.4738816617453592e-17	0.1645569620253165
TGCAACCGTCAGTATT-1	10233	0.0	0.0	1.1155009504298292e-28	0.0011325028312570782
AGTACCGAACCATGTG-1	10230	0.0	0.0	1.1155009504298292e-28	0.0011325028312570782
GCGGTCCACGGTGCAG-1	10228	0.0	0.0	1.82066289174184e-25	0.04518664047151277
AACAATAAAAACACGC-1	10227	0.0	0.0	1.1155009504298292e-28	0.0011325028312570782
TTCGCCAACCAGCCGC-1	10227	0.0	0.0	1.1155009504298292e-28	0.0011325028312570782
ATCCCGCGGCGGTGTA-1	10226	0.0	0.0	1.1155009504298292e-28	0.0011325028312570782
TGGGCCTCGATGCTAG-1	10226	0.0	0.0	1.1155009504298292e-28	0.0011325028312570782
TTCGAGACGTAGAAAA-1	10226	0.0	0.0	1.1155009504298292e-28	0.0011325028312570782
CGGCCCTAACCAGAGC-1	10225	0.0	0.0	5.31553777323965e-24	0.06603773584905662
ATCCTAAGTATCCGCG-1	10224	0.0	0.0	1.1155009504298292e-28	0.0011325028312570782
CCATAGAACCAGTGGC-1	10224	0.0	0.0	1.1155009504298292e-28	0.0011325028312570782
CGGAAGTTTCAGGCTC-1	10222	0.0	0.0	1.0247530875697627e-20	0.11475409836065571
CTCCTGTCTTTAGCCC-1	10222	0.0	0.0	1.1155009504298292e-28	0.0011325028312570782
GGGCGGCTGGCCTTAT-1	10221	0.0	0.0	7.227005759392957e-22	0.09734513274336284
ATATTATTCACCGTGA-1	10220	0.0	0.0	1.4738816617453592e-17	0.1645569620253165
CAGATATCCAAGTCGC-1	10220	0.0	0.0	2.2805674072175845e-22	0.08988764044943821
GCCTGGGGTTGATACG-1	10220	0.0	0.0	1.1155009504298292e-28	0.0011325028312570782
ATGCCGGCACAAGCTT-1	10219	0.0	0.0	2.096797445120909e-28	0.004807692307692307
GTTGTGTGATGTACTC-1	10217	0.0	0.0	1.1155009504298292e-28	0.0011325028312570782
CTATCCCAACAGGTAG-1	10216	0.0	0.0	1.1155009504298292e-28	0.0011325028312570782
CATGTCCAGTGTCCTT-1	10214	0.0	0.0	1.1155009504298292e-28	0.0011325028312570782
CTATCCCAGACATAGT-1	10214	0.0	0.0	1.1155009504298292e-28	0.0011325028312570782
TAGAAAGACGTTATAG-1	10214	0.0	0.0	2.5554964774838377e-21	0.10559006211180126
ACATCAGCGCGTGGCG-1	10213	0.0	0.0	7.922180968699153e-23	0.08310991957104558
GACGTGGCTCAGGCAT-1	10211	0.0	0.0	1.2203981995574083e-23	0.07125307125307123
GAGAACACAATGGTAC-1	10209	0.0	0.0	1.1155009504298292e-28	0.0011325028312570782
AGAGGCGAACTAGTTA-1	10207	0.0	0.0	1.0487450605609538e-25	0.041825095057034224
AGATAATAGCCCCGGG-1	10205	0.0	0.0	1.1155009504298292e-28	0.0011325028312570782
ACTCTAAAAACATCAA-1	10204	0.0	0.0	1.1155009504298292e-28	0.0011325028312570782
CACTGTTTTCATCGTC-1	10204	0.0	0.0	1.1155009504298292e-28	0.0011325028312570782
TTGGTACTCTCGTTCG-1	10204	0.0	0.0	2.4572486050319237e-24	0.06122448979591837
GTTGGGCCGAGCTTCC-1	10203	0.0	0.0	2.6319049400545063e-28	0.006134969325153375
AGTGAGACACATACGA-1	10202	0.0	0.0	1.1155009504298292e-28	0.0011325028312570782
TACGACGATCGGCCTT-1	10202	0.0	0.0	1.1155009504298292e-28	0.0011325028312570782
CCATAGTTTATGATCG-1	10201	0.0	0.0	1.1155009504298292e-28	0.0011325028312570782
CGTTTGTAAAACCTTG-1	10201	0.0	0.0	1.6852351869604313e-28	0.0035335689045936395
CTTGAGTGTCAAGTCA-1	10200	0.0	0.0	1.1155009504298292e-28	0.0011325028312570782
GACTATAATGATTTTT-1	10199	0.0	0.0	1.1982281600863793e-24	0.056768558951965066
CGCGCTTATATATGAA-1	10198	0.0	0.0	1.1155009504298292e-28	0.0011325028312570782
CACGCCGTACTTAGGG-1	10194	0.0	0.0	1.1155009504298292e-28	0.0011325028312570782
TTCCCTGGTCTAACAC-1	10194	0.0	0.0	3.3345440809944343e-28	0.007518796992481203
ACTACCAACGACTCTG-1	10193	0.0	0.0	2.555032994330842e-15	0.20197044334975364
TTTCGGTGACGGCCAA-1	10193	0.0	0.0	1.1155009504298292e-28	0.0011325028312570782
CTCTACTCTACCAGAA-1	10192	0.0	0.0	1.1155009504298292e-28	0.0011325028312570782
AGGGTAGGAGCTCGTT-1	10191	0.0	0.0	1.1155009504298292e-28	0.0011325028312570782
ATGTAGCAATATCCAT-1	10191	0.0	0.0	6.9584462562125e-27	0.025477707006369428
CCATTTCTGATGACTC-1	10191	0.0	0.0	6.9584462562125e-27	0.025477707006369428
GTGATTCATTAGAGCT-1	10191	0.0	0.0	1.1155009504298292e-28	0.0011325028312570782
TGAGACAACGCCAGTC-1	10191	0.0	0.0	1.1155009504298292e-28	0.0011325028312570782
GTACTTAAGATCTTAA-1	10189	0.0	0.0	1.1982281600863793e-24	0.056768558951965066
GTCAAAGCCCGTTCGG-1	10189	0.0	0.0	1.1982281600863793e-24	0.056768558951965066
TCAACTTAAGGTACTA-1	10189	0.0	0.0	4.2668725983366495e-28	0.008962868117797696
CCCGGTCCGGACCTTC-1	10188	0.0	0.0	1.1155009504298292e-28	0.0011325028312570782
CCCTGTACCCTTAATT-1	10188	0.0	0.0	2.6319049400545063e-28	0.006134969325153375
TCCCCAAGAACGAACG-1	10188	0.0	0.0	2.9950334810625134e-23	0.07692307692307691
TTCTGCAAATATAGGG-1	10188	0.0	0.0	1.1982281600863793e-24	0.056768558951965066
TCGTATAGAGCTGTGA-1	10186	0.0	0.0	1.1155009504298292e-28	0.0011325028312570782
TCGTATGACCGTTTTG-1	10185	0.0	0.0	2.6084755231917896e-19	0.13653136531365312
GGGGCCAACTGATATA-1	10182	0.0	0.0	3.826656608686873e-26	0.03571428571428572
TATTTGTCAACGCGGG-1	10182	0.0	0.0	1.1155009504298292e-28	0.0011325028312570782
AATCCGCGTTGAACCT-1	10181	0.0	0.0	1.1155009504298292e-28	0.0011325028312570782
CGAACATATTTCAGAG-1	10181	0.0	0.0	1.1155009504298292e-28	0.0011325028312570782
CTATCTTATGCAATTT-1	10181	0.0	0.0	1.1155009504298292e-28	0.0011325028312570782
TCTGTTAACGGCTAAG-1	10181	0.0	0.0	1.6852351869604313e-28	0.0035335689045936395
AAGGGGATACACTTCT-1	10180	0.0	0.0	1.1155009504298292e-28	0.0011325028312570782
CAGTAAGAATCTAACT-1	10178	0.0	0.0	1.1155009504298292e-28	0.0011325028312570782
GGACATTACTCTCGCG-1	10177	0.0	0.0	4.751614798215538e-20	0.12499999999999997
TTCTGTATGAACGCTC-1	10177	0.0	0.0	1.3657314310987063e-28	0.0023094688221709007
GGTTGGCTTGGCCATT-1	10176	0.0	0.0	1.1155009504298292e-28	0.0011325028312570782
AGTCAGGGGATCATTT-1	10175	0.0	0.0	1.1155009504298292e-28	0.0011325028312570782
TGTGTAGAAGTGGCAC-1	10175	0.0	0.0	2.9950334810625134e-23	0.07692307692307691
AATTGGTCAAGGCGTC-1	10174	0.0	0.0	1.3657314310987063e-28	0.0023094688221709007
CCAGTAGGTCCCGGAT-1	10174	0.0	0.0	1.1155009504298292e-28	0.0011325028312570782
CGCTTACCTGTAAGTG-1	10174	0.0	0.0	1.0301419825810111e-26	0.02782324058919804
ACATTATCGTAGGCCT-1	10173	0.0	0.0	1.0247530875697627e-20	0.11475409836065571
ATGTTAGCGGAACGAT-1	10173	0.0	0.0	1.1155009504298292e-28	0.0011325028312570782
GATGTGGGCGTCTGAC-1	10173	0.0	0.0	5.5178000184403895e-28	0.010471204188481676
GGCTCTTGCCCCTCCA-1	10172	0.0	0.0	5.31553777323965e-24	0.06603773584905662
TGGACCTTTATGCCGT-1	10172	0.0	0.0	1.1155009504298292e-28	0.0011325028312570782
CGACATCACCTGTTTC-1	10170	0.0	0.0	1.1155009504298292e-28	0.0011325028312570782
TATGTGTCTTACGCGA-1	10170	0.0	0.0	1.1155009504298292e-28	0.0011325028312570782
GAGAGCTGGACCTCAC-1	10168	0.0	0.0	6.9584462562125e-27	0.025477707006369428
GCAGGGTAAATACGAG-1	10168	0.0	0.0	1.1155009504298292e-28	0.0011325028312570782
GGCCCGAGCGAGGCCG-1	10168	0.0	0.0	1.2203981995574083e-23	0.07125307125307123
TTAAATCCACTAAGCA-1	10168	0.0	0.0	1.2804774777803587e-27	0.015427769985974754
AAAAGGCGTAAGGTCT-1	10166	0.0	0.0	1.1155009504298292e-28	0.0011325028312570782
ACGAGGCCTTCCGCAC-1	10166	0.0	0.0	1.1155009504298292e-28	0.0011325028312570782
ATCTGACCACTTTGAA-1	10166	0.0	0.0	2.5554964774838377e-21	0.10559006211180126
GCAGTGGAATACCCGA-1	10166	0.0	0.0	1.3657314310987063e-28	0.0023094688221709007
AAGCGCAGTATACCCC-1	10165	0.0	0.0	1.1155009504298292e-28	0.0011325028312570782
ACCGGGCCGAGCACAC-1	10163	0.0	0.0	1.1155009504298292e-28	0.0011325028312570782
TAGATCCCTGAGAAAG-1	10163	0.0	0.0	1.1155009504298292e-28	0.0011325028312570782
AGCGTGGGTTTTTTGT-1	10162	0.0	0.0	1.1155009504298292e-28	0.0011325028312570782
CTGAAACATGCTAAGT-1	10161	0.0	0.0	1.1155009504298292e-28	0.0011325028312570782
CGTGTTAATTGTACAT-1	10159	0.0	0.0	1.1155009504298292e-28	0.0011325028312570782
CGTGTGGATCTGGCAG-1	10158	0.0	0.0	1.1155009504298292e-28	0.0011325028312570782
CTCCGGTTCTAATGGG-1	10158	0.0	0.0	1.1155009504298292e-28	0.0011325028312570782
GATGGTTTTCAGGCTT-1	10157	0.0	0.0	1.1155009504298292e-28	0.0011325028312570782
TGTCACCTCCAGCGGA-1	10157	0.0	0.0	1.1155009504298292e-28	0.0011325028312570782
GTTACTAACCATTGCG-1	10156	0.0	0.0	1.1155009504298292e-28	0.0011325028312570782
TCATAGGACAGCCTCA-1	10155	0.0	0.0	6.130607203907793e-25	0.05263157894736842
AACCCTCTTACTTGGA-1	10154	0.0	0.0	1.1155009504298292e-28	0.0011325028312570782
AGCCGGTTAAGGCGCC-1	10151	0.0	0.0	1.1155009504298292e-28	0.0011325028312570782
GATACGCCGTCTTTGT-1	10151	0.0	0.0	6.9584462562125e-27	0.025477707006369428
ACAAGCAGTCAGTCTC-1	10150	0.0	0.0	1.1155009504298292e-28	0.0011325028312570782
TTCAATCATTCGAATC-1	10150	0.0	0.0	2.096797445120909e-28	0.004807692307692307
ACCTCAGTTATCGGTC-1	10149	0.0	0.0	2.2805674072175845e-22	0.08988764044943821
CTTCCAATACTAAGAA-1	10149	0.0	0.0	2.2805674072175845e-22	0.08988764044943821
TCTTCCGGCGCAAGCG-1	10149	0.0	0.0	2.6319049400545063e-28	0.006134969325153375
CCTAAGGATTCACCAC-1	10147	0.0	0.0	1.1155009504298292e-28	0.0011325028312570782
TACACTAGTTTCGATA-1	10147	0.0	0.0	1.1155009504298292e-28	0.0011325028312570782
TTGCTGCTGTGCTCAG-1	10146	0.0	0.0	1.1155009504298292e-28	0.0011325028312570782
TAGCAGGTACCACCTG-1	10145	0.0	0.0	1.3657314310987063e-28	0.0023094688221709007
CCTTCAAAGGGAAGAA-1	10144	0.0	0.0	1.1155009504298292e-28	0.0011325028312570782
TAGTCGATAGCGCAAG-1	10144	0.0	0.0	1.1155009504298292e-28	0.0011325028312570782
GACGACCTCATGATGC-1	10143	0.0	0.0	1.1155009504298292e-28	0.0011325028312570782
AGGCGTAGGCTTTTTG-1	10142	0.0	0.0	1.1155009504298292e-28	0.0011325028312570782
GCACATGATGTAGAAC-1	10142	0.0	0.0	1.1155009504298292e-28	0.0011325028312570782
TCAAGGTGCACAGACA-1	10141	0.0	0.0	1.1155009504298292e-28	0.0011325028312570782
GTTTATCATCGATACA-1	10140	0.0	0.0	1.3657314310987063e-28	0.0023094688221709007
AATGACAAATTAGTTA-1	10139	0.0	0.0	1.1155009504298292e-28	0.0011325028312570782
TAAGCGCGCTCGGTGG-1	10138	0.0	0.0	5.31553777323965e-24	0.06603773584905662
GCGGATGATTATATCG-1	10137	0.0	0.0	1.1155009504298292e-28	0.0011325028312570782
GAAGCATATGAGACCA-1	10136	0.0	0.0	1.1155009504298292e-28	0.0011325028312570782
GATCCCCACAGCAATC-1	10136	0.0	0.0	1.1155009504298292e-28	0.0011325028312570782
GTACCCTGGACGAGAC-1	10136	0.0	0.0	1.1155009504298292e-28	0.0011325028312570782
GCATAAGGGAAACACT-1	10135	0.0	0.0	2.096797445120909e-28	0.004807692307692307
TGGTTACAGGCAGTAT-1	10134	0.0	0.0	1.1155009504298292e-28	0.0011325028312570782
CCCCTTCGATGGGGGG-1	10133	0.0	0.0	1.1155009504298292e-28	0.0011325028312570782
CCTCGTATTGGGGATA-1	10133	0.0	0.0	1.1155009504298292e-28	0.0011325028312570782
CTCACTCGTGAGGACT-1	10131	0.0	0.0	5.31553777323965e-24	0.06603773584905662
GATAGAGCCCAGTACC-1	10131	0.0	0.0	1.82066289174184e-25	0.04518664047151277
ATGTAAGCTGGTGATC-1	10130	0.0	0.0	1.1155009504298292e-28	0.0011325028312570782
CCTTTGCATTGCTATA-1	10130	0.0	0.0	1.0301419825810111e-26	0.02782324058919804
TATAAGCCTGGAGGAA-1	10128	0.0	0.0	1.1155009504298292e-28	0.0011325028312570782
AGCGTCGCTGAGTACG-1	10126	0.0	0.0	1.1155009504298292e-28	0.0011325028312570782
TACGCGATTTGTAATA-1	10126	0.0	0.0	2.096797445120909e-28	0.004807692307692307
TTGTGGTCGGACCTCG-1	10126	0.0	0.0	1.1155009504298292e-28	0.0011325028312570782
AGCTTTATCCAGAATC-1	10125	0.0	0.0	1.1155009504298292e-28	0.0011325028312570782
CCAGTAACTGTTTCTT-1	10125	0.0	0.0	3.3345440809944343e-28	0.007518796992481203
GAATTGGGCAGCTTGT-1	10124	0.0	0.0	1.3657314310987063e-28	0.0023094688221709007
AGTTCCCATTCCCTTT-1	10123	0.0	0.0	1.1155009504298292e-28	0.0011325028312570782
CCGTGTTAGCCCTTGG-1	10123	0.0	0.0	6.241253133871464e-26	0.03867403314917127
TTGCGATTATCTCCGC-1	10123	0.0	0.0	1.6430072643337328e-16	0.18181818181818188
GAACTTGTCAGAAAGT-1	10122	0.0	0.0	3.2758398145191697e-25	0.048780487804878044
GATTCCAGTAATGGTC-1	10122	0.0	0.0	1.1155009504298292e-28	0.0011325028312570782
GCGACGATCTACTCAC-1	10122	0.0	0.0	1.1155009504298292e-28	0.0011325028312570782
TTTGGTTAGTCAGATT-1	10122	0.0	0.0	1.1155009504298292e-28	0.0011325028312570782
CGGCCACCCACATAGC-1	10121	0.0	0.0	1.1155009504298292e-28	0.0011325028312570782
TGGCGGTCTTTGCTGA-1	10121	0.0	0.0	2.096797445120909e-28	0.004807692307692307
AAGCTTCCACCTATAG-1	10120	0.0	0.0	1.3657314310987063e-28	0.0023094688221709007
GGACATTAGAGTTTAC-1	10120	0.0	0.0	1.1155009504298292e-28	0.0011325028312570782
GAACAGTCCGTCAGTC-1	10119	0.0	0.0	1.1155009504298292e-28	0.0011325028312570782
CATTGCGCACGGCGAC-1	10118	0.0	0.0	1.1155009504298292e-28	0.0011325028312570782
TTTCCCATGAACATGC-1	10117	0.0	0.0	3.3345440809944343e-28	0.007518796992481203
GTTCCCCTTCCCTTGA-1	10114	0.0	0.0	1.1155009504298292e-28	0.0011325028312570782
GGTTCATAAGAAGAAT-1	10113	0.0	0.0	1.6852351869604313e-28	0.0035335689045936395
AACCTATTCACCAATC-1	10110	0.0	0.0	5.5178000184403895e-28	0.010471204188481676
ATGTAACACTCATATT-1	10110	0.0	0.0	1.1155009504298292e-28	0.0011325028312570782
GTTGATTACTGCTAAC-1	10110	0.0	0.0	1.1155009504298292e-28	0.0011325028312570782
ACCGCCATGTAATACT-1	10109	0.0	0.0	2.6084755231917896e-19	0.13653136531365312
GATGAACACGAGGAAA-1	10108	0.0	0.0	1.0247530875697627e-20	0.11475409836065571
GCGGGTCCAGTGCAGA-1	10107	0.0	0.0	2.6084755231917896e-19	0.13653136531365312
GAACTGGATCGCGCCC-1	10105	0.0	0.0	1.7449380798876417e-18	0.14960629921259844
TGCGGGCGGTGGAGAT-1	10105	0.0	0.0	1.1155009504298292e-28	0.0011325028312570782
CAGCCCCAATTTCACA-1	10104	0.0	0.0	2.555032994330842e-15	0.20197044334975364
GTTGAATACAAACAAG-1	10104	0.0	0.0	2.6319049400545063e-28	0.006134969325153375
TACAAGAGATCTGGTT-1	10104	0.0	0.0	1.82066289174184e-25	0.04518664047151277
AGCACGTTTTAATGCA-1	10102	0.0	0.0	4.751614798215538e-20	0.12499999999999997
GATTGTTCGGGATATC-1	10101	0.0	0.0	1.1155009504298292e-28	0.0011325028312570782
TAACCCGCCGGTGTTT-1	10101	0.0	0.0	7.21614910612992e-28	0.012048192771084336
ATTGTAATCCTTGTGT-1	10100	0.0	0.0	1.3657314310987063e-28	0.0023094688221709007
GATTTTGGGCGCGGCC-1	10099	0.0	0.0	1.1155009504298292e-28	0.0011325028312570782
CAACCTCTTCATTAGT-1	10098	0.0	0.0	1.7449380798876417e-18	0.14960629921259844
GTTTTATGCAGGGACC-1	10098	0.0	0.0	1.1155009504298292e-28	0.0011325028312570782
AATCTTAGGGTATTCT-1	10096	0.0	0.0	1.1155009504298292e-28	0.0011325028312570782
CAGGAAGTCGAAAAAC-1	10095	0.0	0.0	2.400509256793307e-27	0.01914580265095729
CATTTCTTATGTAATT-1	10095	0.0	0.0	1.1155009504298292e-28	0.0011325028312570782
CGCTCGTAGAGTTCAT-1	10095	0.0	0.0	1.1155009504298292e-28	0.0011325028312570782
TAGTGGTCGGGCGCCA-1	10094	0.0	0.0	1.0301419825810111e-26	0.02782324058919804
GAACTATCGCTGAAAC-1	10093	0.0	0.0	1.1155009504298292e-28	0.0011325028312570782
AAGGTAATCCCCGCGT-1	10092	0.0	0.0	7.922180968699153e-23	0.08310991957104558
GCTCTATTGTTCGCTC-1	10092	0.0	0.0	2.6319049400545063e-28	0.006134969325153375
ACCAAAAGTTATCGGT-1	10091	0.0	0.0	1.1155009504298292e-28	0.0011325028312570782
CTGCCACGCCCGCTTG-1	10091	0.0	0.0	1.6430072643337328e-16	0.18181818181818188
AACCGAGCGTACCTCT-1	10089	0.0	0.0	1.1155009504298292e-28	0.0011325028312570782
CACTAATGTGCTTAGT-1	10088	0.0	0.0	1.2203981995574083e-23	0.07125307125307123
CCCACATGAGTAATTT-1	10086	0.0	0.0	2.5554964774838377e-21	0.10559006211180126
CTTTTATGAAACCATT-1	10086	0.0	0.0	1.1155009504298292e-28	0.0011325028312570782
ATCAACCCTAAGTATA-1	10085	0.0	0.0	1.1155009504298292e-28	0.0011325028312570782
CGACAGGATGGCACTC-1	10085	0.0	0.0	1.2804774777803587e-27	0.015427769985974754
GAAAAGCACTACAATC-1	10083	0.0	0.0	4.751614798215538e-20	0.12499999999999997
GATTATTTCTAAGGCA-1	10083	0.0	0.0	1.1155009504298292e-28	0.0011325028312570782
CAGATTACGGACCGTG-1	10082	0.0	0.0	7.227005759392957e-22	0.09734513274336284
TCCACGAGGAAGTTGC-1	10081	0.0	0.0	1.1155009504298292e-28	0.0011325028312570782
ATACTATAACTATTCA-1	10079	0.0	0.0	2.2805674072175845e-22	0.08988764044943821
TCGCGTGGACCGCCGG-1	10078	0.0	0.0	2.400509256793307e-27	0.01914580265095729
TTGGCTCCAGGTGGAG-1	10078	0.0	0.0	1.1155009504298292e-28	0.0011325028312570782
GCAAAGGCGATGCGTA-1	10077	0.0	0.0	1.1155009504298292e-28	0.0011325028312570782
GCCATGTGCTCATGGA-1	10076	0.0	0.0	4.7939588812293654e-27	0.023255813953488372
TACTAGCCTCTATTTT-1	10076	0.0	0.0	1.1155009504298292e-28	0.0011325028312570782
CACACACAGGCCGAGA-1	10075	0.0	0.0	2.096797445120909e-28	0.004807692307692307
CAGATGCATGCGAAGC-1	10074	0.0	0.0	1.1155009504298292e-28	0.0011325028312570782
TCATGCAAGAACTGCC-1	10074	0.0	0.0	1.3657314310987063e-28	0.0023094688221709007
AAGATTTTACGTCTGA-1	10073	0.0	0.0	1.1155009504298292e-28	0.0011325028312570782
TAGCGGAGGCAGATGC-1	10073	0.0	0.0	1.1982281600863793e-24	0.056768558951965066
GGGCGAGATGTTCAGT-1	10072	0.0	0.0	1.1155009504298292e-28	0.0011325028312570782
ATATCTCCCATCCAGT-1	10071	0.0	0.0	1.1155009504298292e-28	0.0011325028312570782
GGTGTTCCACCCTCAG-1	10071	0.0	0.0	1.1155009504298292e-28	0.0011325028312570782
CGCGCACCACCTGTTT-1	10070	0.0	0.0	6.130607203907793e-25	0.05263157894736842
GCTACAACGCTAACAG-1	10070	0.0	0.0	1.1155009504298292e-28	0.0011325028312570782
ACTGACGGGACATATG-1	10069	0.0	0.0	5.5178000184403895e-28	0.010471204188481676
CGCGGGACCGAGCGTC-1	10069	0.0	0.0	1.1155009504298292e-28	0.0011325028312570782
TACAATGCACGTGGCA-1	10069	0.0	0.0	1.1155009504298292e-28	0.0011325028312570782
TGAGAGCGCTGGTATT-1	10069	0.0	0.0	4.2668725983366495e-28	0.008962868117797696
CGAGGGGGTGATACCG-1	10068	0.0	0.0	1.1155009504298292e-28	0.0011325028312570782
GAAGCGAGTCCAGCAA-1	10068	0.0	0.0	1.1155009504298292e-28	0.0011325028312570782
GCGGAGATTTAGACTG-1	10068	0.0	0.0	1.1155009504298292e-28	0.0011325028312570782
GGTCTTAGGCTCCGCA-1	10068	0.0	0.0	1.1155009504298292e-28	0.0011325028312570782
GTAGAGAATCGCTCGG-1	10068	0.0	0.0	1.1155009504298292e-28	0.0011325028312570782
GTCCTGCGCGCGATGC-1	10068	0.0	0.0	1.1155009504298292e-28	0.0011325028312570782
AAACCGTTACCCTTCT-1	10067	0.0	0.0	1.1155009504298292e-28	0.0011325028312570782
AAGTCAACCATTGTTG-1	10067	0.0	0.0	1.1155009504298292e-28	0.0011325028312570782
GGGATGTTGTAACCCC-1	10066	0.0	0.0	3.826656608686873e-26	0.03571428571428572
TTACCACTACTTTCTG-1	10066	0.0	0.0	1.1155009504298292e-28	0.0011325028312570782
ACTTCCTGTGATAATA-1	10065	0.0	0.0	1.1155009504298292e-28	0.0011325028312570782
AGGATAGGTGGGGTCG-1	10065	0.0	0.0	1.1155009504298292e-28	0.0011325028312570782
CACACACGTAACTAAG-1	10065	0.0	0.0	1.1155009504298292e-28	0.0011325028312570782
GCTGTGTTTTCGCATT-1	10065	0.0	0.0	1.1155009504298292e-28	0.0011325028312570782
TAAAGATTAACGTGTC-1	10065	0.0	0.0	1.1155009504298292e-28	0.0011325028312570782
GTAATATGCTTGACAG-1	10064	0.0	0.0	7.227005759392957e-22	0.09734513274336284
AGTAAAGATAGCGCGC-1	10063	0.0	0.0	1.1155009504298292e-28	0.0011325028312570782
CAAAACGATGATACAA-1	10061	0.0	0.0	1.2804774777803587e-27	0.015427769985974754
GCGTTACGCCTACGGA-1	10061	0.0	0.0	1.1155009504298292e-28	0.0011325028312570782
ATCTAGAGCGCCTCGA-1	10059	0.0	0.0	4.7939588812293654e-27	0.023255813953488372
TTTGTAACTAGCCAAT-1	10059	0.0	0.0	6.9584462562125e-27	0.025477707006369428
ACATCATTCTCGTGGA-1	10058	0.0	0.0	2.6319049400545063e-28	0.006134969325153375
CCCGCCTACTATCTAG-1	10058	0.0	0.0	7.21614910612992e-28	0.012048192771084336
CCTGCACGACCTGCTT-1	10058	0.0	0.0	7.922180968699153e-23	0.08310991957104558
TGAATTTGACCACCAC-1	10058	0.0	0.0	5.945069081669663e-14	0.22580645161290316
GAAGACAAAGTTCTGA-1	10054	0.0	0.0	1.1155009504298292e-28	0.0011325028312570782
TGAAGATAGGCTTAAG-1	10053	0.0	0.0	1.1155009504298292e-28	0.0011325028312570782
CCAGTTACTGTATTGC-1	10052	0.0	0.0	1.1155009504298292e-28	0.0011325028312570782
TCGTGCTGTTTCAGGC-1	10051	0.0	0.0	1.1155009504298292e-28	0.0011325028312570782
GCGCTTCTTATTTCCT-1	10048	0.0	0.0	5.31553777323965e-24	0.06603773584905662
GGGGCAAACAGGAATC-1	10048	0.0	0.0	2.9950334810625134e-23	0.07692307692307691
TATCGACACGCCAATG-1	10048	0.0	0.0	1.1155009504298292e-28	0.0011325028312570782
TGATCGGAGTGGAGAG-1	10047	0.0	0.0	1.1155009504298292e-28	0.0011325028312570782
ACTATCGTGGCACCAG-1	10045	0.0	0.0	1.1155009504298292e-28	0.0011325028312570782
ATGCGCCGTCGAGAGT-1	10044	0.0	0.0	1.1155009504298292e-28	0.0011325028312570782
AACGCAATAACTAGGT-1	10042	0.0	0.0	1.1155009504298292e-28	0.0011325028312570782
CCTGTAAAGCTTTGGA-1	10042	0.0	0.0	1.1155009504298292e-28	0.0011325028312570782
TTGTCCATTCTTGCCC-1	10042	0.0	0.0	1.1155009504298292e-28	0.0011325028312570782
CCCTTACCATAATTTT-1	10041	0.0	0.0	1.1155009504298292e-28	0.0011325028312570782
CTTCAGCGAATTCTGA-1	10041	0.0	0.0	7.21614910612992e-28	0.012048192771084336
TCCACAACACTACAAT-1	10041	0.0	0.0	1.7449380798876417e-18	0.14960629921259844
CAATTGCACCAGAACC-1	10040	0.0	0.0	2.400509256793307e-27	0.01914580265095729
TCGACCAACTATGGGA-1	10040	0.0	0.0	1.1155009504298292e-28	0.0011325028312570782
ATTCAGCAGTGCCAGC-1	10038	0.0	0.0	7.227005759392957e-22	0.09734513274336284
CAAGAGGGGTAAGCGC-1	10038	0.0	0.0	1.1155009504298292e-28	0.0011325028312570782
AAGCCTGGCACGAGGG-1	10037	0.0	0.0	1.0487450605609538e-25	0.041825095057034224
TTTTGGTCGCCTAGGC-1	10037	0.0	0.0	1.1155009504298292e-28	0.0011325028312570782
AGCAGGCTCCCCGTCG-1	10036	0.0	0.0	1.1155009504298292e-28	0.0011325028312570782
ATAGGAGTAGAGTATT-1	10036	0.0	0.0	1.7449380798876417e-18	0.14960629921259844
GTGCTTAGGGAGGGCA-1	10036	0.0	0.0	1.1155009504298292e-28	0.0011325028312570782
ATGGAGTCCGAGAATG-1	10034	0.0	0.0	1.1155009504298292e-28	0.0011325028312570782
GGAAAAGTGTGCTGGT-1	10034	0.0	0.0	1.1155009504298292e-28	0.0011325028312570782
CGCCACGCCTCTACTG-1	10032	0.0	0.0	1.1155009504298292e-28	0.0011325028312570782
TATTACCTCGACCCAA-1	10032	0.0	0.0	1.1155009504298292e-28	0.0011325028312570782
CCGAGACATACTAAAG-1	10031	0.0	0.0	3.2758398145191697e-25	0.048780487804878044
CTCTTTCAATAATCCG-1	10031	0.0	0.0	7.922180968699153e-23	0.08310991957104558
TCAGTTTTCTCTCCAT-1	10031	0.0	0.0	2.5554964774838377e-21	0.10559006211180126
ACCGGTGGAGGACGGT-1	10030	0.0	0.0	1.1155009504298292e-28	0.0011325028312570782
CTGGTTCAATTACGCT-1	10030	0.0	0.0	1.82066289174184e-25	0.04518664047151277
TAAAAGTTGCTCGATA-1	10029	0.0	0.0	1.1155009504298292e-28	0.0011325028312570782
AAGTAATAACTATAGA-1	10028	0.0	0.0	7.227005759392957e-22	0.09734513274336284
AATGGGCCCGAGGAGT-1	10028	0.0	0.0	1.0487450605609538e-25	0.041825095057034224
GTCCCCCCAACCTTAG-1	10028	0.0	0.0	1.1155009504298292e-28	0.0011325028312570782
CAGCTGGTCGTTACTA-1	10027	0.0	0.0	1.1155009504298292e-28	0.0011325028312570782
TAGCCTATCTCCACAA-1	10027	0.0	0.0	1.7449380798876417e-18	0.14960629921259844
ACGGCTCATAATAGGT-1	10024	0.0	0.0	1.1155009504298292e-28	0.0011325028312570782
GATGAAGCTGGGAGAC-1	10024	0.0	0.0	1.82066289174184e-25	0.04518664047151277
TTGGAACGAATTATAG-1	10024	0.0	0.0	1.1155009504298292e-28	0.0011325028312570782
AATGGTTTGGCTCTAG-1	10023	0.0	0.0	2.4572486050319237e-24	0.06122448979591837
ATTGAGGTTTGTGAGC-1	10023	0.0	0.0	3.3345440809944343e-28	0.007518796992481203
CGGCCGAGCCGCGTCC-1	10022	0.0	0.0	2.096797445120909e-28	0.004807692307692307
GGTCTGGATAGGTACA-1	10022	0.0	0.0	1.1155009504298292e-28	0.0011325028312570782
AGATAAACCAGTCAAA-1	10019	0.0	0.0	1.1155009504298292e-28	0.0011325028312570782
CCGTGAGCTGCGAATA-1	10018	0.0	0.0	5.31553777323965e-24	0.06603773584905662
CACTGGTCCACGAATA-1	10017	0.0	0.0	1.1155009504298292e-28	0.0011325028312570782
TACGCTAGCCAACCAG-1	10016	0.0	0.0	2.2805674072175845e-22	0.08988764044943821
ATCAATCTACAACATA-1	10014	0.0	0.0	1.1155009504298292e-28	0.0011325028312570782
CAAATAACAGATCTCC-1	10014	0.0	0.0	1.1155009504298292e-28	0.0011325028312570782
GCGATAAGTGAATGTC-1	10012	0.0	0.0	9.55114081139803e-28	0.013698630136986304
ATTAATTGGATTGGCT-1	10011	0.0	0.0	2.4572486050319237e-24	0.06122448979591837
CTGGTCTCAAGCTGAC-1	10011	0.0	0.0	1.1155009504298292e-28	0.0011325028312570782
ATTATGAATTTTATCG-1	10010	0.0	0.0	3.2758398145191697e-25	0.048780487804878044
CTGGTTGGAACCGGAA-1	10010	0.0	0.0	2.6084755231917896e-19	0.13653136531365312
GGACGTTAATCGGCCC-1	10010	0.0	0.0	2.2805674072175845e-22	0.08988764044943821
ACGACGTCATATAAAT-1	10009	0.0	0.0	1.2203981995574083e-23	0.07125307125307123
ACCACGGAGATCCGCG-1	10008	0.0	0.0	1.6430072643337328e-16	0.18181818181818188
TAGTTCTTTAACAAGA-1	10008	0.0	0.0	2.4111939967014688e-26	0.03292894280762566
TTGTAATGTCTATTTT-1	10008	0.0	0.0	1.1155009504298292e-28	0.0011325028312570782
GCATTACCCGGAATCT-1	10006	0.0	0.0	1.1155009504298292e-28	0.0011325028312570782
GTACTGAATATATCCA-1	10006	0.0	0.0	1.1155009504298292e-28	0.0011325028312570782
AGTGACTAATAATAAT-1	10005	0.0	0.0	1.1155009504298292e-28	0.0011325028312570782
CAACCTGGTAGAATCG-1	10005	0.0	0.0	1.3657314310987063e-28	0.0023094688221709007
CCGGGATCCAGGGCTT-1	10005	0.0	0.0	2.2805674072175845e-22	0.08988764044943821
CTGCCACCTACGGCTA-1	10005	0.0	0.0	1.1155009504298292e-28	0.0011325028312570782
AACTGGGTTAGGTAAA-1	10004	0.0	0.0	3.3636772115613714e-27	0.021148036253776436
AGGCTCGTCGCCCCTG-1	10004	0.0	0.0	2.4111939967014688e-26	0.03292894280762566
CGATAGTTGGACGAAA-1	10004	0.0	0.0	3.2758398145191697e-25	0.048780487804878044
TCAACACCATTCATGG-1	10003	0.0	0.0	3.2758398145191697e-25	0.048780487804878044
TGGAATCTTCCAAGAT-1	10002	0.0	0.0	7.922180968699153e-23	0.08310991957104558
GCCGCGATAAGCAAAA-1	10001	0.0	0.0	1.1155009504298292e-28	0.0011325028312570782
CCGCAGATCTTACTGT-1	10000	0.0	0.0	6.241253133871464e-26	0.03867403314917127
AGTCACTTCCTTGTCT-1	9999	0.0	0.0	1.1155009504298292e-28	0.0011325028312570782
ATCTTTGTCCACGATA-1	9998	0.0	0.0	2.2805674072175845e-22	0.08988764044943821
CTCAGGGATCCTCCTG-1	9997	0.0	0.0	1.1155009504298292e-28	0.0011325028312570782
AGATCGGGCTATATCG-1	9995	0.0	0.0	1.1155009504298292e-28	0.0011325028312570782
CTAAGACAGACAAGCC-1	9995	0.0	0.0	1.1155009504298292e-28	0.0011325028312570782
AATCGAGAGCCCATAT-1	9992	0.0	0.0	1.1155009504298292e-28	0.0011325028312570782
ATACTCTGTCCTGCTA-1	9992	0.0	0.0	1.4738816617453592e-17	0.1645569620253165
GCAAGGAACTAATGGA-1	9991	0.0	0.0	1.1155009504298292e-28	0.0011325028312570782
GCGCCCCTACCGCTCG-1	9990	0.0	0.0	1.6852351869604313e-28	0.0035335689045936395
TGCGTACATCCAGTTG-1	9990	0.0	0.0	1.1155009504298292e-28	0.0011325028312570782
AATACGGAGTTCACAT-1	9989	0.0	0.0	1.1155009504298292e-28	0.0011325028312570782
ACTGCCCATAAACAGA-1	9989	0.0	0.0	1.557921634633804e-26	0.030303030303030297
ATGGTAGGAGTGAAAC-1	9989	0.0	0.0	2.4111939967014688e-26	0.03292894280762566
TAGTTCTCGCTTAAGG-1	9989	0.0	0.0	2.6084755231917896e-19	0.13653136531365312
TGGCAGAACCTAGACG-1	9989	0.0	0.0	5.31553777323965e-24	0.06603773584905662
GACATACGACCTAATT-1	9987	0.0	0.0	1.1155009504298292e-28	0.0011325028312570782
GACCGGCGTAGTACTG-1	9983	0.0	0.0	1.1155009504298292e-28	0.0011325028312570782
TCAAAGAGAACGTCAT-1	9981	0.0	0.0	1.1155009504298292e-28	0.0011325028312570782
TTGATATTCGTCACGA-1	9981	0.0	0.0	1.1155009504298292e-28	0.0011325028312570782
AATGACAATCGATTGA-1	9980	0.0	0.0	7.922180968699153e-23	0.08310991957104558
AGGTCTTGTGTACACG-1	9979	0.0	0.0	1.1155009504298292e-28	0.0011325028312570782
CTATCAGTTATTAGCT-1	9976	0.0	0.0	1.1155009504298292e-28	0.0011325028312570782
GTCGTGATCCGCTGTG-1	9976	0.0	0.0	9.55114081139803e-28	0.013698630136986304
ACCATCATTTCACAAT-1	9975	0.0	0.0	1.1155009504298292e-28	0.0011325028312570782
CGGCACCTCGGTATTG-1	9975	0.0	0.0	1.1155009504298292e-28	0.0011325028312570782
TCTTGATTGAGACCGA-1	9975	0.0	0.0	1.1155009504298292e-28	0.0011325028312570782
CCAATAGCGAAGACTA-1	9973	0.0	0.0	1.0301419825810111e-26	0.02782324058919804
GGTGACGTCAGCTCCG-1	9972	0.0	0.0	1.1155009504298292e-28	0.0011325028312570782
TTGCCGCATTTCGGTA-1	9971	0.0	0.0	1.1155009504298292e-28	0.0011325028312570782
AGAGCCCTTGGTTGTT-1	9970	0.0	0.0	1.1155009504298292e-28	0.0011325028312570782
GCTATTGGACACACCC-1	9970	0.0	0.0	1.6430072643337328e-16	0.18181818181818188
AACATGGAGCGCCGGG-1	9969	0.0	0.0	1.1155009504298292e-28	0.0011325028312570782
AGGCCTAGGCGGCGTA-1	9969	0.0	0.0	1.1155009504298292e-28	0.0011325028312570782
CAAGTTCCCGTTAGTG-1	9969	0.0	0.0	1.1155009504298292e-28	0.0011325028312570782
ATCGATCCGTACTCTG-1	9968	0.0	0.0	1.1155009504298292e-28	0.0011325028312570782
CATCTAATTGTTGTCG-1	9968	0.0	0.0	1.1155009504298292e-28	0.0011325028312570782
TGAAACAGCAGGTGAC-1	9968	0.0	0.0	1.1155009504298292e-28	0.0011325028312570782
CAAAAACCGTCCACGG-1	9967	0.0	0.0	1.1155009504298292e-28	0.0011325028312570782
CGAACCGAAAACAGTT-1	9967	0.0	0.0	4.7939588812293654e-27	0.023255813953488372
GCTGAAGAGTACTGCG-1	9967	0.0	0.0	1.1155009504298292e-28	0.0011325028312570782
TGTGACATTCACCTAA-1	9967	0.0	0.0	3.3636772115613714e-27	0.021148036253776436
GCTTTGGGGGGATACG-1	9965	0.0	0.0	1.1155009504298292e-28	0.0011325028312570782
TGCCCCACAGGCTAGC-1	9964	0.0	0.0	1.1155009504298292e-28	0.0011325028312570782
CGTCGGGCGGAAACGG-1	9963	0.0	0.0	1.0301419825810111e-26	0.02782324058919804
TTAAAGAGCAACAGGT-1	9963	0.0	0.0	1.1155009504298292e-28	0.0011325028312570782
GAGCTCACCAGAATTT-1	9962	0.0	0.0	1.1155009504298292e-28	0.0011325028312570782
GGACGCCAGAGATCGT-1	9961	0.0	0.0	1.1155009504298292e-28	0.0011325028312570782
CATTGGAATCCTTCGA-1	9960	0.0	0.0	1.1155009504298292e-28	0.0011325028312570782
ATTTTAGCGTCCCATG-1	9959	0.0	0.0	1.1155009504298292e-28	0.0011325028312570782
CGTCGAGAGGATAGGG-1	9959	0.0	0.0	1.1155009504298292e-28	0.0011325028312570782
TCAAATATCGCACCCA-1	9959	0.0	0.0	7.227005759392957e-22	0.09734513274336284
CGATATGGACGAGCGG-1	9958	0.0	0.0	1.6430072643337328e-16	0.18181818181818188
AAGGTGGGTAAGAGCG-1	9956	0.0	0.0	1.1155009504298292e-28	0.0011325028312570782
ACCCTTTGCGTCGTCA-1	9956	0.0	0.0	1.1155009504298292e-28	0.0011325028312570782
CTCCGCAGACTCTCGC-1	9955	0.0	0.0	1.1155009504298292e-28	0.0011325028312570782
GGTTGTAATACGCACT-1	9955	0.0	0.0	1.1155009504298292e-28	0.0011325028312570782
TATAGTAGGACGCCGA-1	9955	0.0	0.0	6.9584462562125e-27	0.025477707006369428
TCGTTTGTGGTCAGGC-1	9955	0.0	0.0	1.1155009504298292e-28	0.0011325028312570782
AGGGCTGACTAGTGTG-1	9954	0.0	0.0	1.0487450605609538e-25	0.041825095057034224
CTATTTCGGAATATAA-1	9954	0.0	0.0	4.7939588812293654e-27	0.023255813953488372
AGCTCACCAGTGGGAA-1	9952	0.0	0.0	1.1155009504298292e-28	0.0011325028312570782
AACCAGTCACGACTAC-1	9951	0.0	0.0	2.4572486050319237e-24	0.06122448979591837
CCTTTGGTCCGCTAGT-1	9951	0.0	0.0	1.1155009504298292e-28	0.0011325028312570782
GTGCACGCGTTCTTAC-1	9951	0.0	0.0	1.1155009504298292e-28	0.0011325028312570782
AAATCCGGTAGTGCCG-1	9950	0.0	0.0	2.400509256793307e-27	0.01914580265095729
CCATGGGCAGGCTCAT-1	9949	0.0	0.0	4.751614798215538e-20	0.12499999999999997
GAATGTGGGCTTACGA-1	9949	0.0	0.0	1.1155009504298292e-28	0.0011325028312570782
TGTTCTAGGGTTAACT-1	9949	0.0	0.0	1.1155009504298292e-28	0.0011325028312570782
CGCGTCGCCACGTTAG-1	9948	0.0	0.0	1.7449380798876417e-18	0.14960629921259844
GGAATCGTGGACTGAA-1	9947	0.0	0.0	1.1155009504298292e-28	0.0011325028312570782
GTTTGTAAAGATCGAG-1	9947	0.0	0.0	1.1155009504298292e-28	0.0011325028312570782
CCCCTATGAAGTCACA-1	9945	0.0	0.0	1.0487450605609538e-25	0.041825095057034224
CTGCCTTACATGGCCT-1	9945	0.0	0.0	1.1155009504298292e-28	0.0011325028312570782
CCTAGAACCAAGCTAA-1	9943	0.0	0.0	1.1155009504298292e-28	0.0011325028312570782
TCCATCGACTGAACAG-1	9943	0.0	0.0	2.4111939967014688e-26	0.03292894280762566
GGTCGGCCACGTCAAT-1	9942	0.0	0.0	1.1155009504298292e-28	0.0011325028312570782
AGGGAGATCCCTACTT-1	9941	0.0	0.0	2.5554964774838377e-21	0.10559006211180126
CACGCGTTGGTTAGGG-1	9941	0.0	0.0	2.4111939967014688e-26	0.03292894280762566
CGCAACATCTCGGATG-1	9941	0.0	0.0	2.9950334810625134e-23	0.07692307692307691
CTCAATCCGGACTCGG-1	9941	0.0	0.0	1.1155009504298292e-28	0.0011325028312570782
CAGCAAAAAGATCAAT-1	9940	0.0	0.0	3.826656608686873e-26	0.03571428571428572
TCTTCTTATAAACGAT-1	9939	0.0	0.0	1.1155009504298292e-28	0.0011325028312570782
TGGGTCCTTCCGACGA-1	9939	0.0	0.0	1.1155009504298292e-28	0.0011325028312570782
ATGCAGCGAACTTAGT-1	9938	0.0	0.0	5.945069081669663e-14	0.22580645161290316
GGGGGTTCTGGGGAGG-1	9938	0.0	0.0	1.1155009504298292e-28	0.0011325028312570782
ACATTGAGCTTAAAGT-1	9937	0.0	0.0	1.1155009504298292e-28	0.0011325028312570782
CACAGCTGACGGATTA-1	9937	0.0	0.0	4.2668725983366495e-28	0.008962868117797696
CCCAGGACGCGTGGCT-1	9937	0.0	0.0	1.6430072643337328e-16	0.18181818181818188
CCTACTGCGCATTCCG-1	9937	0.0	0.0	1.1155009504298292e-28	0.0011325028312570782
CCTCCGCAGTCACGAC-1	9937	0.0	0.0	1.7449380798876417e-18	0.14960629921259844
GCTCGAGAATAGGAAC-1	9937	0.0	0.0	1.1982281600863793e-24	0.056768558951965066
ACGCCTTCTACTTATT-1	9936	0.0	0.0	1.1155009504298292e-28	0.0011325028312570782
ATCAGCTCGTTAACGA-1	9936	0.0	0.0	1.1155009504298292e-28	0.0011325028312570782
GGAGATCGCGAAATCC-1	9936	0.0	0.0	1.1155009504298292e-28	0.0011325028312570782
AAAAAAACTCGGGTAC-1	9935	0.0	0.0	2.4572486050319237e-24	0.06122448979591837
AAGGTCTTGAGCCTGC-1	9935	0.0	0.0	1.1155009504298292e-28	0.0011325028312570782
TTTCGCGGGGAATCTA-1	9935	0.0	0.0	1.1155009504298292e-28	0.0011325028312570782
ATGGCAGGTCCCTGTT-1	9934	0.0	0.0	7.21614910612992e-28	0.012048192771084336
GTCGGCAAAGGCATTG-1	9934	0.0	0.0	1.1155009504298292e-28	0.0011325028312570782
CGCCAATTCTCAGAAT-1	9933	0.0	0.0	1.1155009504298292e-28	0.0011325028312570782
AGAGGGAACTCAGCTA-1	9932	0.0	0.0	1.1155009504298292e-28	0.0011325028312570782
GAGGCTACTCCATCAG-1	9931	0.0	0.0	1.1155009504298292e-28	0.0011325028312570782
GGGTCCGGATAACTGG-1	9931	0.0	0.0	1.1155009504298292e-28	0.0011325028312570782
TCGCCTTGAGTGGGGC-1	9930	0.0	0.0	7.227005759392957e-22	0.09734513274336284
TCCATTCGCCTAACAG-1	9929	0.0	0.0	1.1155009504298292e-28	0.0011325028312570782
AACACCCCCCAGGCTG-1	9928	0.0	0.0	1.1155009504298292e-28	0.0011325028312570782
CGCCACATAAGGAATG-1	9928	0.0	0.0	1.1155009504298292e-28	0.0011325028312570782
CGTAGGCAAAGCGGCT-1	9928	0.0	0.0	1.1155009504298292e-28	0.0011325028312570782
GGAACTCTCTTCGTAT-1	9927	0.0	0.0	1.1155009504298292e-28	0.0011325028312570782
TTGTCTCAAACAGGAT-1	9926	0.0	0.0	2.6319049400545063e-28	0.006134969325153375
CTCGCGTTAGACTGTG-1	9925	0.0	0.0	1.1155009504298292e-28	0.0011325028312570782
CTTAAGCGTGTAGCGT-1	9925	0.0	0.0	1.1155009504298292e-28	0.0011325028312570782
TTTCAAGCACTACGTT-1	9924	0.0	0.0	1.1155009504298292e-28	0.0011325028312570782
TAAATGATCAAAGTTC-1	9923	0.0	0.0	1.1155009504298292e-28	0.0011325028312570782
CTTGTACTGAACCCCT-1	9922	0.0	0.0	1.1155009504298292e-28	0.0011325028312570782
CATGTACCTGGATCTC-1	9921	0.0	0.0	1.1155009504298292e-28	0.0011325028312570782
CTAGGTGGGACTACGC-1	9921	0.0	0.0	1.1155009504298292e-28	0.0011325028312570782
TCTCCGAGACTGTTGG-1	9921	0.0	0.0	1.1155009504298292e-28	0.0011325028312570782
GACGTTTGAGCACACA-1	9920	0.0	0.0	1.1155009504298292e-28	0.0011325028312570782
GAGTCTCCTATCACAT-1	9919	0.0	0.0	2.096797445120909e-28	0.004807692307692307
AAGGGGATACGAGTGA-1	9915	0.0	0.0	1.1155009504298292e-28	0.0011325028312570782
GATGCGTGTAGGGGTG-1	9914	0.0	0.0	3.826656608686873e-26	0.03571428571428572
ATCATCTGTTGAACTA-1	9913	0.0	0.0	1.1155009504298292e-28	0.0011325028312570782
GTGGCGTGACGGCGGT-1	9913	0.0	0.0	1.1155009504298292e-28	0.0011325028312570782
AGCCATCGTGCATCTC-1	9911	0.0	0.0	3.3345440809944343e-28	0.007518796992481203
ATATAGCCCACACGGA-1	9911	0.0	0.0	1.4738816617453592e-17	0.1645569620253165
TGAGGTACGACCTATG-1	9910	0.0	0.0	1.1155009504298292e-28	0.0011325028312570782
CGCCATGTCCTCTTGT-1	9908	0.0	0.0	1.2804774777803587e-27	0.015427769985974754
ACCAAGCAGAGCACCC-1	9907	0.0	0.0	1.1155009504298292e-28	0.0011325028312570782
ATCGCGCAGTCACATA-1	9907	0.0	0.0	1.1155009504298292e-28	0.0011325028312570782
TCTTGCTGGGGCCAAA-1	9907	0.0	0.0	2.2805674072175845e-22	0.08988764044943821
CCGCCTAGCAGCATAT-1	9906	0.0	0.0	3.826656608686873e-26	0.03571428571428572
GTCACGGCATCAACCC-1	9904	0.0	0.0	1.1155009504298292e-28	0.0011325028312570782
GTCCGTCTAAGATCTC-1	9904	0.0	0.0	1.1155009504298292e-28	0.0011325028312570782
TACAAAGCCATAAGCA-1	9904	0.0	0.0	2.5554964774838377e-21	0.10559006211180126
CTCTTGGGACTCAACC-1	9903	0.0	0.0	1.1155009504298292e-28	0.0011325028312570782
TATTCCGTACACCTTA-1	9903	0.0	0.0	1.1155009504298292e-28	0.0011325028312570782
ATAGCTTGCCTGTCAA-1	9901	0.0	0.0	2.2805674072175845e-22	0.08988764044943821
AAATATCCGCACTAAA-1	9899	0.0	0.0	1.1155009504298292e-28	0.0011325028312570782
ATCTTCGCGCTAACAG-1	9898	0.0	0.0	1.1155009504298292e-28	0.0011325028312570782
CATAATATAGGATCAA-1	9898	0.0	0.0	1.1155009504298292e-28	0.0011325028312570782
CCTCTTTGTCCAACGG-1	9898	0.0	0.0	1.0487450605609538e-25	0.041825095057034224
CCTGACGTTACCTGGC-1	9896	0.0	0.0	1.1155009504298292e-28	0.0011325028312570782
TTCCCCATGCATCACC-1	9896	0.0	0.0	1.6852351869604313e-28	0.0035335689045936395
AACCATCGCCCAAGTC-1	9895	0.0	0.0	1.1155009504298292e-28	0.0011325028312570782
CTCTGTTGTGTCATTA-1	9895	0.0	0.0	1.1155009504298292e-28	0.0011325028312570782
TGTAAAAACGGAATCA-1	9895	0.0	0.0	1.1155009504298292e-28	0.0011325028312570782
TTCACTTTGCACGTGC-1	9895	0.0	0.0	1.1155009504298292e-28	0.0011325028312570782
AAAGAGCATCGAAACC-1	9894	0.0	0.0	2.9950334810625134e-23	0.07692307692307691
TGGTGACGCCTGTGTT-1	9893	0.0	0.0	1.1155009504298292e-28	0.0011325028312570782
CTAATTCAACCGCTAG-1	9890	0.0	0.0	1.1155009504298292e-28	0.0011325028312570782
GAGGTTCGAATGTTCT-1	9890	0.0	0.0	1.1155009504298292e-28	0.0011325028312570782
GCCAGCGCACGGGATG-1	9888	0.0	0.0	7.922180968699153e-23	0.08310991957104558
CCGAGCGGCGACCGCT-1	9887	0.0	0.0	1.1155009504298292e-28	0.0011325028312570782
TCGCGCGCCGCGAATT-1	9887	0.0	0.0	1.6852351869604313e-28	0.0035335689045936395
CCGTACGCGTCGCACG-1	9886	0.0	0.0	1.3657314310987063e-28	0.0023094688221709007
AAGCTCATAACGTGTA-1	9885	0.0	0.0	1.1155009504298292e-28	0.0011325028312570782
CTACGGGGCAAAAAGA-1	9885	0.0	0.0	3.2758398145191697e-25	0.048780487804878044
AAGGTCAAGAAGTTAT-1	9884	0.0	0.0	1.1155009504298292e-28	0.0011325028312570782
AATAGCCGAAGGTCGC-1	9884	0.0	0.0	1.6430072643337328e-16	0.18181818181818188
AGCTTCTAAAGACTTC-1	9882	0.0	0.0	4.751614798215538e-20	0.12499999999999997
TCACCGAAGCGGCGAG-1	9882	0.0	0.0	1.1155009504298292e-28	0.0011325028312570782
GCTTTAACAAATGCTA-1	9881	0.0	0.0	2.6319049400545063e-28	0.006134969325153375
GTCACGTCGAGAAGCG-1	9881	0.0	0.0	1.1155009504298292e-28	0.0011325028312570782
TGATGGTGTATAGCAC-1	9881	0.0	0.0	1.1155009504298292e-28	0.0011325028312570782
AACACATACGCCAGTT-1	9880	0.0	0.0	2.2805674072175845e-22	0.08988764044943821
AAGCTATAGAACCTCA-1	9880	0.0	0.0	6.241253133871464e-26	0.03867403314917127
GATCAAACCTGCAGTG-1	9880	0.0	0.0	1.1155009504298292e-28	0.0011325028312570782
GGGGTAGACAATAATC-1	9877	0.0	0.0	1.1155009504298292e-28	0.0011325028312570782
ACGAATCCTTGAGAAG-1	9875	0.0	0.0	1.0487450605609538e-25	0.041825095057034224
AGATAATAGTGCTGGT-1	9874	0.0	0.0	5.31553777323965e-24	0.06603773584905662
TCCCTCAGCCCATGGC-1	9874	0.0	0.0	1.2804774777803587e-27	0.015427769985974754
ATAGCATAGTTAACGA-1	9872	0.0	0.0	7.227005759392957e-22	0.09734513274336284
TCCTAGTAAGATTGAT-1	9872	0.0	0.0	2.2805674072175845e-22	0.08988764044943821
TTTAGGTTAGTAACCA-1	9872	0.0	0.0	1.1155009504298292e-28	0.0011325028312570782
ATCGGTGCGATGAGCT-1	9870	0.0	0.0	1.1155009504298292e-28	0.0011325028312570782
CAGGTTACGACGTTAG-1	9870	0.0	0.0	1.0247530875697627e-20	0.11475409836065571
TTTACCCTGGTGTGGT-1	9869	0.0	0.0	1.1155009504298292e-28	0.0011325028312570782
GTCTCTTGCAACAAGT-1	9868	0.0	0.0	1.1155009504298292e-28	0.0011325028312570782
GGCAACGGCCCAATGT-1	9867	0.0	0.0	2.6084755231917896e-19	0.13653136531365312
GGCACTCCTTTATGGA-1	9867	0.0	0.0	1.1155009504298292e-28	0.0011325028312570782
CTCTCAAGGCAGCCAT-1	9866	0.0	0.0	1.1155009504298292e-28	0.0011325028312570782
GGCACTTAGAAACAAC-1	9865	0.0	0.0	4.2668725983366495e-28	0.008962868117797696
CTCGAGTGAACGTTCT-1	9863	0.0	0.0	6.130607203907793e-25	0.05263157894736842
GAAGGGCGTAATGAGA-1	9863	0.0	0.0	9.55114081139803e-28	0.013698630136986304
AATTGCTTACCGCCAC-1	9862	0.0	0.0	1.1155009504298292e-28	0.0011325028312570782
TCATAGCCAGTGTATA-1	9861	0.0	0.0	1.6852351869604313e-28	0.0035335689045936395
TCCCGAAAGGTACAGT-1	9861	0.0	0.0	5.31553777323965e-24	0.06603773584905662
CGACGGCTTTCTGAGT-1	9860	0.0	0.0	1.0301419825810111e-26	0.02782324058919804
TGGATGCCGAGGCTTA-1	9860	0.0	0.0	1.1155009504298292e-28	0.0011325028312570782
GCCATAGGTCAGATTT-1	9858	0.0	0.0	1.7449380798876417e-18	0.14960629921259844
GCTAAGTTTGAGCGTC-1	9857	0.0	0.0	1.1155009504298292e-28	0.0011325028312570782
TCTATGAAAAGGCGTG-1	9857	0.0	0.0	1.1155009504298292e-28	0.0011325028312570782
TTAACTAGACCGCCAA-1	9857	0.0	0.0	1.3657314310987063e-28	0.0023094688221709007
CCGGCCCGGCCTAATC-1	9856	0.0	0.0	1.1155009504298292e-28	0.0011325028312570782
TGCTTTACCGTGTGAT-1	9856	0.0	0.0	2.4111939967014688e-26	0.03292894280762566
TTATCCAGAGTTTGTA-1	9856	0.0	0.0	1.1155009504298292e-28	0.0011325028312570782
CGTGTCACGCTCCGCC-1	9855	0.0	0.0	7.21614910612992e-28	0.012048192771084336
GACGCTCGTACTATCT-1	9855	0.0	0.0	1.1155009504298292e-28	0.0011325028312570782
TAGCATGTCACCCCAT-1	9855	0.0	0.0	2.5554964774838377e-21	0.10559006211180126
CGGCGCCACACTTCTC-1	9854	0.0	0.0	1.82066289174184e-25	0.04518664047151277
CTAGTAAAAGAAAGTA-1	9854	0.0	0.0	2.2805674072175845e-22	0.08988764044943821
TCACAATGCGCTCCGC-1	9854	0.0	0.0	4.751614798215538e-20	0.12499999999999997
TTCCCGTTCCTGGGAA-1	9853	0.0	0.0	1.1155009504298292e-28	0.0011325028312570782
CGTTCAGAGTATTAGG-1	9851	0.0	0.0	1.740386015096025e-27	0.017241379310344827
TCGGGCCGTTACTAAT-1	9850	0.0	0.0	1.1155009504298292e-28	0.0011325028312570782
AGCGTATTCGCCAGGA-1	9849	0.0	0.0	1.1155009504298292e-28	0.0011325028312570782
AGTATCAAACATCTTG-1	9848	0.0	0.0	1.1155009504298292e-28	0.0011325028312570782
GAAGTAGGAGGCGAAA-1	9848	0.0	0.0	1.1155009504298292e-28	0.0011325028312570782
GTGTTCGAGAGGAAGC-1	9848	0.0	0.0	1.1155009504298292e-28	0.0011325028312570782
GTTGCGGTTCCGCTCG-1	9848	0.0	0.0	1.5746945186398118e-10	0.28947368421052627
CTGGCTCTAGAGGAGC-1	9847	0.0	0.0	1.1155009504298292e-28	0.0011325028312570782
ATTGTGTGGATAAGTT-1	9846	0.0	0.0	1.1155009504298292e-28	0.0011325028312570782
ATCGCTACTATAGGAA-1	9844	0.0	0.0	1.1155009504298292e-28	0.0011325028312570782
AGACCATTCCTCCTCA-1	9842	0.0	0.0	1.1155009504298292e-28	0.0011325028312570782
CGCCCTCCAAACACAG-1	9841	0.0	0.0	1.1155009504298292e-28	0.0011325028312570782
TTGGCGAGGCTCCATG-1	9840	0.0	0.0	1.2203981995574083e-23	0.07125307125307123
TAAAACGTTAAGAGCA-1	9839	0.0	0.0	1.1155009504298292e-28	0.0011325028312570782
GGGACGTTTAGGATAC-1	9838	0.0	0.0	1.1155009504298292e-28	0.0011325028312570782
AATGCCCTTCGTAAAC-1	9834	0.0	0.0	6.9584462562125e-27	0.025477707006369428
AGTCAATCGGCTCCGT-1	9834	0.0	0.0	5.31553777323965e-24	0.06603773584905662
GGCATCGAGACAGACG-1	9834	0.0	0.0	1.1982281600863793e-24	0.056768558951965066
AAACACAATAAGTGGT-1	9833	0.0	0.0	1.0247530875697627e-20	0.11475409836065571
ACTACTGGCGGCACAG-1	9833	0.0	0.0	9.55114081139803e-28	0.013698630136986304
GCTTGCCTTCGTCAAT-1	9833	0.0	0.0	1.1155009504298292e-28	0.0011325028312570782
TGGTTGGGAAGTTGGT-1	9833	0.0	0.0	1.3657314310987063e-28	0.0023094688221709007
TTCGACAAAAATGCAA-1	9833	0.0	0.0	2.9950334810625134e-23	0.07692307692307691
ACTCTTGTAGCACGGG-1	9830	0.0	0.0	1.1155009504298292e-28	0.0011325028312570782
AAGCAAGCCTACGTCG-1	9827	0.0	0.0	1.1155009504298292e-28	0.0011325028312570782
GGTGGTGTGTAGAGAC-1	9827	0.0	0.0	1.1155009504298292e-28	0.0011325028312570782
TATTTGGTTGTCTGCG-1	9827	0.0	0.0	1.1155009504298292e-28	0.0011325028312570782
CGAGACCCCGTAGGAT-1	9826	0.0	0.0	1.1155009504298292e-28	0.0011325028312570782
AGAGATAGTAACACTC-1	9825	0.0	0.0	1.6430072643337328e-16	0.18181818181818188
GAATTAGCGCCATAGC-1	9825	0.0	0.0	1.1155009504298292e-28	0.0011325028312570782
TGCACCGCGTGAACAT-1	9824	0.0	0.0	1.1155009504298292e-28	0.0011325028312570782
CCGGATATCTTAAAAG-1	9821	0.0	0.0	1.1155009504298292e-28	0.0011325028312570782
GTGATGTCGTTACTGG-1	9821	0.0	0.0	1.1155009504298292e-28	0.0011325028312570782
GACATTCTCGATCTTC-1	9818	0.0	0.0	1.0247530875697627e-20	0.11475409836065571
TTAAGGTGTAAGGGTT-1	9818	0.0	0.0	2.5554964774838377e-21	0.10559006211180126
GTCGGTCACCCGATTA-1	9815	0.0	0.0	6.9584462562125e-27	0.025477707006369428
AAGTAGCCGGGAGTTA-1	9814	0.0	0.0	1.1155009504298292e-28	0.0011325028312570782
TACAACATCCCATTAC-1	9814	0.0	0.0	1.557921634633804e-26	0.030303030303030297
CCAAAAAATTACTGTG-1	9813	0.0	0.0	1.1155009504298292e-28	0.0011325028312570782
TAATACGTAAAGACAA-1	9813	0.0	0.0	1.2203981995574083e-23	0.07125307125307123
AATCGGGTGTCCCGGT-1	9811	0.0	0.0	1.1155009504298292e-28	0.0011325028312570782
CGTTAGCATATAGTTC-1	9811	0.0	0.0	2.5554964774838377e-21	0.10559006211180126
AAGACTGGGAAAACGC-1	9810	0.0	0.0	4.2668725983366495e-28	0.008962868117797696
TTAGGCGGATAGAACG-1	9810	0.0	0.0	2.2805674072175845e-22	0.08988764044943821
CCGAGATCACTGTTAG-1	9806	0.0	0.0	1.3657314310987063e-28	0.0023094688221709007
CTGGACTACTTTGGTC-1	9805	0.0	0.0	1.1155009504298292e-28	0.0011325028312570782
GCCCTATCGTACGAGA-1	9803	0.0	0.0	2.2805674072175845e-22	0.08988764044943821
ATGGTGATTGAACGAC-1	9802	0.0	0.0	1.1155009504298292e-28	0.0011325028312570782
TGACTACGCTCGTAAC-1	9802	0.0	0.0	6.130607203907793e-25	0.05263157894736842
CTCTACTCCGGAAGTC-1	9801	0.0	0.0	1.1155009504298292e-28	0.0011325028312570782
GTCCTACCGACGTGCA-1	9800	0.0	0.0	1.1155009504298292e-28	0.0011325028312570782
GTTCCCCCGATGAGCG-1	9797	0.0	0.0	7.21614910612992e-28	0.012048192771084336
AAATAAGATTCCTGCG-1	9796	0.0	0.0	2.2805674072175845e-22	0.08988764044943821
AGTAAATCGTCATCCG-1	9796	0.0	0.0	1.0247530875697627e-20	0.11475409836065571
GGATGCTGGAGCTAGC-1	9795	0.0	0.0	5.31553777323965e-24	0.06603773584905662
ACTCTATAATAGTACT-1	9792	0.0	0.0	1.1155009504298292e-28	0.0011325028312570782
CACGGTCCCGTTTGAT-1	9792	0.0	0.0	1.1155009504298292e-28	0.0011325028312570782
GGCCGTCTAGTGGAAT-1	9792	0.0	0.0	6.130607203907793e-25	0.05263157894736842
AATCTATAAGTCAGAG-1	9791	0.0	0.0	1.1155009504298292e-28	0.0011325028312570782
GTAGGAAGCAAACTAT-1	9790	0.0	0.0	1.1155009504298292e-28	0.0011325028312570782
AATCGATTATTTGACG-1	9788	0.0	0.0	1.1155009504298292e-28	0.0011325028312570782
TGCGCTGATGACATGG-1	9788	0.0	0.0	1.1155009504298292e-28	0.0011325028312570782
CTTGGGCTTCAGCGCT-1	9786	0.0	0.0	2.9950334810625134e-23	0.07692307692307691
AACCTGCCCCTGCCTG-1	9784	0.0	0.0	3.3345440809944343e-28	0.007518796992481203
CTCAAAGTGAATAATC-1	9784	0.0	0.0	1.1155009504298292e-28	0.0011325028312570782
GTCCAAAAGATTATAG-1	9782	0.0	0.0	2.096797445120909e-28	0.004807692307692307
TAATGTGGGAATTCGT-1	9781	0.0	0.0	1.1155009504298292e-28	0.0011325028312570782
ACCTTGCGTACAACTC-1	9780	0.0	0.0	1.1155009504298292e-28	0.0011325028312570782
CCATCCTTTTGGTCAA-1	9780	0.0	0.0	4.2668725983366495e-28	0.008962868117797696
CGCGGTACGGTCAGCA-1	9779	0.0	0.0	1.1155009504298292e-28	0.0011325028312570782
CACAGACGACCGATGG-1	9778	0.0	0.0	1.1155009504298292e-28	0.0011325028312570782
GCACTTCGGCGATATG-1	9778	0.0	0.0	1.1155009504298292e-28	0.0011325028312570782
GAAATCGCTATAGGTC-1	9773	0.0	0.0	1.1155009504298292e-28	0.0011325028312570782
TTGAGATTCCGTATGT-1	9772	0.0	0.0	2.6319049400545063e-28	0.006134969325153375
TCGAAACTCACATTAG-1	9771	0.0	0.0	5.5178000184403895e-28	0.010471204188481676
TAAGCCGCCCTCGGGA-1	9770	0.0	0.0	1.1155009504298292e-28	0.0011325028312570782
AACCTCTCCCCCGGTT-1	9768	0.0	0.0	7.21614910612992e-28	0.012048192771084336
AGCTCTGCGGCTTGCA-1	9768	0.0	0.0	1.0301419825810111e-26	0.02782324058919804
GTCGGTCGACTTCCAT-1	9768	0.0	0.0	1.2804774777803587e-27	0.015427769985974754
TGCGTCGAGCTGAAAC-1	9767	0.0	0.0	1.1155009504298292e-28	0.0011325028312570782
AGGAACCTGCATACAA-1	9766	0.0	0.0	4.751614798215538e-20	0.12499999999999997
CAGACGGCTTGAAATT-1	9766	0.0	0.0	7.21614910612992e-28	0.012048192771084336
CAGTATTGGATGCGAC-1	9766	0.0	0.0	2.2805674072175845e-22	0.08988764044943821
CTGTTACCGTAATACT-1	9766	0.0	0.0	1.1155009504298292e-28	0.0011325028312570782
GTTAGGGTTATATGAC-1	9765	0.0	0.0	1.2203981995574083e-23	0.07125307125307123
CGTATGGCAAGTGCCC-1	9764	0.0	0.0	1.1155009504298292e-28	0.0011325028312570782
AATTGCCGCGCCCATT-1	9760	0.0	0.0	1.6852351869604313e-28	0.0035335689045936395
GGCACAAAGGTGAAAA-1	9760	0.0	0.0	1.1155009504298292e-28	0.0011325028312570782
TCAAGCGGGGCAGAAC-1	9760	0.0	0.0	1.1155009504298292e-28	0.0011325028312570782
CCTGTAATCGGCTCGC-1	9759	0.0	0.0	1.7449380798876417e-18	0.14960629921259844
TTGCTTCGTTGTCCCT-1	9759	0.0	0.0	2.6319049400545063e-28	0.006134969325153375
AGATATACCTCAGTAA-1	9757	0.0	0.0	1.1155009504298292e-28	0.0011325028312570782
CGATGCCAGTCTAAGA-1	9757	0.0	0.0	1.1155009504298292e-28	0.0011325028312570782
GCGAGCTACTTGACCG-1	9757	0.0	0.0	1.1155009504298292e-28	0.0011325028312570782
CAGATAGTTTTCGGGT-1	9756	0.0	0.0	1.1155009504298292e-28	0.0011325028312570782
CGACTAGGCTTGTCGT-1	9755	0.0	0.0	1.1155009504298292e-28	0.0011325028312570782
GTATGCTGGGTATGGT-1	9753	0.0	0.0	2.5554964774838377e-21	0.10559006211180126
TTAGAGAACATAAGTG-1	9753	0.0	0.0	1.82066289174184e-25	0.04518664047151277
GCACCCGTGGTGCGTG-1	9749	0.0	0.0	1.1155009504298292e-28	0.0011325028312570782
GGCTGGGTAGGTCTGA-1	9749	0.0	0.0	1.1155009504298292e-28	0.0011325028312570782
ACCGCAGACCGGTAAT-1	9747	0.0	0.0	1.1155009504298292e-28	0.0011325028312570782
CTTGTCAGGGGATACG-1	9747	0.0	0.0	1.1155009504298292e-28	0.0011325028312570782
ACTGCAGTCGATTTAG-1	9746	0.0	0.0	2.6319049400545063e-28	0.006134969325153375
CTTAGCAGAGCCATGT-1	9745	0.0	0.0	1.1155009504298292e-28	0.0011325028312570782
TTTTTCGTTGGGAATT-1	9744	0.0	0.0	1.7449380798876417e-18	0.14960629921259844
CATAGGTGAACCCGTC-1	9742	0.0	0.0	2.2805674072175845e-22	0.08988764044943821
GTAATGACTTAGGGAA-1	9741	0.0	0.0	1.1155009504298292e-28	0.0011325028312570782
TAAACGCAATTTGCAT-1	9741	0.0	0.0	1.1155009504298292e-28	0.0011325028312570782
TTGCCCCGGAATTTAT-1	9741	0.0	0.0	1.2203981995574083e-23	0.07125307125307123
AGAAGCGCACGATACA-1	9740	0.0	0.0	1.740386015096025e-27	0.017241379310344827
GGAACGACTGGGCCTT-1	9738	0.0	0.0	4.751614798215538e-20	0.12499999999999997
ACTTTCACGGAGGCGT-1	9736	0.0	0.0	1.1155009504298292e-28	0.0011325028312570782
GCGTAACTATAACCAA-1	9736	0.0	0.0	1.1155009504298292e-28	0.0011325028312570782
TTCTAGCTCGGGGTTC-1	9736	0.0	0.0	1.1155009504298292e-28	0.0011325028312570782
ACTAACTAACAGTGCA-1	9735	0.0	0.0	7.21614910612992e-28	0.012048192771084336
GGAAAGAAAACAGTGG-1	9734	0.0	0.0	1.1155009504298292e-28	0.0011325028312570782
TCGCCGACTCCATTGG-1	9732	0.0	0.0	1.0301419825810111e-26	0.02782324058919804
CCCGACCCACCCTAGT-1	9731	0.0	0.0	2.2805674072175845e-22	0.08988764044943821
GGTTCCTCTATTGGTG-1	9731	0.0	0.0	1.1155009504298292e-28	0.0011325028312570782
GCTTCGGGATTACTAA-1	9730	0.0	0.0	1.0247530875697627e-20	0.11475409836065571
GACGCAGCCTAGCAAA-1	9727	0.0	0.0	1.1155009504298292e-28	0.0011325028312570782
AATGGCCGGCGTTGAT-1	9726	0.0	0.0	1.1155009504298292e-28	0.0011325028312570782
GGGCGGGTGTTCATTT-1	9726	0.0	0.0	2.5554964774838377e-21	0.10559006211180126
CTCTAACCCCGAGCGC-1	9724	0.0	0.0	1.1155009504298292e-28	0.0011325028312570782
TCCTATACGGTGCCCT-1	9724	0.0	0.0	1.1155009504298292e-28	0.0011325028312570782
ACCAAAAACTACGAGG-1	9723	0.0	0.0	1.1155009504298292e-28	0.0011325028312570782
CCCGGGTGAACCACTC-1	9723	0.0	0.0	2.6084755231917896e-19	0.13653136531365312
AATGATTAGCGGAAGG-1	9722	0.0	0.0	2.555032994330842e-15	0.20197044334975364
GAGACAGGCACCTCAT-1	9721	0.0	0.0	1.1155009504298292e-28	0.0011325028312570782
TATTAAGATGCACGGA-1	9720	0.0	0.0	1.1155009504298292e-28	0.0011325028312570782
GTTATTACGTGCTTCT-1	9719	0.0	0.0	4.751614798215538e-20	0.12499999999999997
TCACTCTTGTATTCAC-1	9719	0.0	0.0	1.1155009504298292e-28	0.0011325028312570782
GAGTACCACACCAAAT-1	9712	0.0	0.0	4.2668725983366495e-28	0.008962868117797696
GGCGAGTTGAATAGCA-1	9712	0.0	0.0	4.7939588812293654e-27	0.023255813953488372
TCGACATCACGAAACG-1	9712	0.0	0.0	1.3657314310987063e-28	0.0023094688221709007
TTAATCTCCAACTCGA-1	9712	0.0	0.0	1.1155009504298292e-28	0.0011325028312570782
TTGTGGTCTTCGGGGG-1	9712	0.0	0.0	1.1155009504298292e-28	0.0011325028312570782
GAGGGGCATTGGTCGG-1	9710	0.0	0.0	1.1155009504298292e-28	0.0011325028312570782
TCGGGCTTCGGTGGGC-1	9709	0.0	0.0	1.1155009504298292e-28	0.0011325028312570782
CATCTGACACCGCCGG-1	9708	0.0	0.0	1.6852351869604313e-28	0.0035335689045936395
TTGGTTGGTACCGCGT-1	9707	0.0	0.0	1.1155009504298292e-28	0.0011325028312570782
CTGGAATAAATTAGTA-1	9706	0.0	0.0	1.1155009504298292e-28	0.0011325028312570782
GTAAAAAGTCGGTGTA-1	9704	0.0	0.0	1.1155009504298292e-28	0.0011325028312570782
CCTAACATCTGATCAG-1	9703	0.0	0.0	1.1155009504298292e-28	0.0011325028312570782
TAGCGGTGTTGGATCC-1	9703	0.0	0.0	1.1155009504298292e-28	0.0011325028312570782
TCGTACACTCCATGTA-1	9703	0.0	0.0	1.1155009504298292e-28	0.0011325028312570782
GATATCCGTAGAACTC-1	9701	0.0	0.0	1.1155009504298292e-28	0.0011325028312570782
AAAAAAGCCAGCACCT-1	9698	0.0	0.0	1.1155009504298292e-28	0.0011325028312570782
TCGAAATTGTAGAAGC-1	9697	0.0	0.0	2.9950334810625134e-23	0.07692307692307691
CGAGTTCTTTACGCAG-1	9694	0.0	0.0	7.21614910612992e-28	0.012048192771084336
TGTGCGTTCATTTTGG-1	9693	0.0	0.0	4.751614798215538e-20	0.12499999999999997
GGAATCATCAGGGATC-1	9692	0.0	0.0	1.6852351869604313e-28	0.0035335689045936395
TCAAACAATTATCTAG-1	9691	0.0	0.0	1.1155009504298292e-28	0.0011325028312570782
CAAACCTTGCATTCGC-1	9690	0.0	0.0	1.1155009504298292e-28	0.0011325028312570782
ACGGAGCCTGACTGGA-1	9689	0.0	0.0	2.2620503444850187e-12	0.2544378698224852
AGGGAGTGTACAATCC-1	9689	0.0	0.0	1.1155009504298292e-28	0.0011325028312570782
CCCTTGAACGTATCGT-1	9689	0.0	0.0	2.2805674072175845e-22	0.08988764044943821
AAAGCTTACGGCTCAT-1	9687	0.0	0.0	1.1155009504298292e-28	0.0011325028312570782
GCTCCCCGTCTTGTTA-1	9686	0.0	0.0	1.1155009504298292e-28	0.0011325028312570782
GAGTAAACGCTGTGCT-1	9685	0.0	0.0	2.555032994330842e-15	0.20197044334975364
TATCATGCTGCCCTTT-1	9682	0.0	0.0	1.1155009504298292e-28	0.0011325028312570782
GGCCCTTGTCTCCCCA-1	9681	0.0	0.0	1.1155009504298292e-28	0.0011325028312570782
TATTTGGGACATCAAC-1	9680	0.0	0.0	1.1155009504298292e-28	0.0011325028312570782
CCGCCTCAAACGTTGA-1	9676	0.0	0.0	3.3345440809944343e-28	0.007518796992481203
GAGAATATGCCGACGC-1	9674	0.0	0.0	1.1155009504298292e-28	0.0011325028312570782
GTGAAGGACCAATTGA-1	9673	0.0	0.0	1.1155009504298292e-28	0.0011325028312570782
TGAGTAATATCATCCC-1	9671	0.0	0.0	5.5178000184403895e-28	0.010471204188481676
GGGGAGGTAAATGCTA-1	9665	0.0	0.0	1.1155009504298292e-28	0.0011325028312570782
CCGCACGGACTGTTGA-1	9663	0.0	0.0	6.130607203907793e-25	0.05263157894736842
CTAGACACTCCATTGT-1	9662	0.0	0.0	1.1155009504298292e-28	0.0011325028312570782
GGTATTCTACGACAAC-1	9660	0.0	0.0	1.7449380798876417e-18	0.14960629921259844
TCCGCGGACGCGGCCT-1	9656	0.0	0.0	1.3657314310987063e-28	0.0023094688221709007
TTTCGATAGAGGCCCT-1	9656	0.0	0.0	1.1155009504298292e-28	0.0011325028312570782
CATCACGGAACGCCAG-1	9652	0.0	0.0	1.1155009504298292e-28	0.0011325028312570782
GTCGACTGTTCATGGG-1	9650	0.0	0.0	1.2203981995574083e-23	0.07125307125307123
ACGCTTCCGGTTGGTG-1	9647	0.0	0.0	1.1155009504298292e-28	0.0011325028312570782
GTTGTGGGTTGTGCCC-1	9647	0.0	0.0	1.1155009504298292e-28	0.0011325028312570782
AGGACCAGTTTCCGCT-1	9643	0.0	0.0	4.751614798215538e-20	0.12499999999999997
ATTGTGCCGTGTTGTG-1	9643	0.0	0.0	1.1155009504298292e-28	0.0011325028312570782
AGGCACATTCGCGTAT-1	9641	0.0	0.0	2.400509256793307e-27	0.01914580265095729
CGCCCTCGGCTACGAC-1	9639	0.0	0.0	4.2668725983366495e-28	0.008962868117797696
CCGATGCAGGATTATA-1	9638	0.0	0.0	4.751614798215538e-20	0.12499999999999997
TGGTGTACATTTTTCT-1	9636	0.0	0.0	2.4572486050319237e-24	0.06122448979591837
ACGCCGTTTGCGATTA-1	9635	0.0	0.0	1.1155009504298292e-28	0.0011325028312570782
ATAAGATGTGATCAGC-1	9633	0.0	0.0	1.1155009504298292e-28	0.0011325028312570782
GACGGACGTGATTTCC-1	9632	0.0	0.0	1.1155009504298292e-28	0.0011325028312570782
GGTCCTGGGACGTTGC-1	9624	0.0	0.0	1.1155009504298292e-28	0.0011325028312570782
TCGCGATTATCATCGC-1	9624	0.0	0.0	1.1155009504298292e-28	0.0011325028312570782
TGCTCCTTTATGGGAG-1	9621	0.0	0.0	5.31553777323965e-24	0.06603773584905662
GGCTATCATAACGAGT-1	9616	0.0	0.0	1.1155009504298292e-28	0.0011325028312570782
TTTTGGGGGAGTTTAG-1	9616	0.0	0.0	1.1155009504298292e-28	0.0011325028312570782
CATACACATCTCACGA-1	9614	0.0	0.0	1.3657314310987063e-28	0.0023094688221709007
CGTGGGACGCCTCGGC-1	9614	0.0	0.0	1.1155009504298292e-28	0.0011325028312570782
TGCGGTCGTTTCGAGG-1	9608	0.0	0.0	1.1155009504298292e-28	0.0011325028312570782
GTGCATGGATATCGGC-1	9607	0.0	0.0	1.1155009504298292e-28	0.0011325028312570782
AGGGAGTCGCGGGATA-1	9604	0.0	0.0	1.1155009504298292e-28	0.0011325028312570782
GTAAGGAATGCAGAAC-1	9603	0.0	0.0	3.2758398145191697e-25	0.048780487804878044
CTGCACTCGATCCCTG-1	9602	0.0	0.0	1.1155009504298292e-28	0.0011325028312570782
AGTCACTGAGAGAAGG-1	9600	0.0	0.0	1.2203981995574083e-23	0.07125307125307123
TACCGTAAAGCTTCAC-1	9600	0.0	0.0	1.1155009504298292e-28	0.0011325028312570782
AGCCTGCGGTTCTACC-1	9598	0.0	0.0	5.945069081669663e-14	0.22580645161290316
GTGGGTGAAGGTGAAC-1	9597	0.0	0.0	1.1155009504298292e-28	0.0011325028312570782
GGTATTCAACGGAGAC-1	9596	0.0	0.0	1.1155009504298292e-28	0.0011325028312570782
CGTGCGCCCCGAAGCG-1	9593	0.0	0.0	1.1155009504298292e-28	0.0011325028312570782
GGCCCTGGGTGTGTGA-1	9593	0.0	0.0	2.9950334810625134e-23	0.07692307692307691
ATCTCCTCTATCTACG-1	9589	0.0	0.0	1.1155009504298292e-28	0.0011325028312570782
GCCGAGCGCTAGCCAT-1	9585	0.0	0.0	2.2805674072175845e-22	0.08988764044943821
TGCTTGGGGCTCCTAC-1	9584	0.0	0.0	1.1155009504298292e-28	0.0011325028312570782
CAGACGCTGCCCAAGC-1	9583	0.0	0.0	1.4738816617453592e-17	0.1645569620253165
CCTGACAACTGTACAT-1	9583	0.0	0.0	1.1982281600863793e-24	0.056768558951965066
ACACAATTTACAGTTC-1	9581	0.0	0.0	1.1155009504298292e-28	0.0011325028312570782
CAAACCACTTTCTATC-1	9579	0.0	0.0	1.1155009504298292e-28	0.0011325028312570782
AATTTAGTCGCACTTG-1	9577	0.0	0.0	1.1155009504298292e-28	0.0011325028312570782
GACCACGACTAAGCGG-1	9577	0.0	0.0	1.3657314310987063e-28	0.0023094688221709007
CCGTGAATTGACGACT-1	9567	0.0	0.0	1.1155009504298292e-28	0.0011325028312570782
GAATTGGAGATGAATA-1	9566	0.0	0.0	1.1155009504298292e-28	0.0011325028312570782
ACCGGTGGACATTACC-1	9564	0.0	0.0	1.1155009504298292e-28	0.0011325028312570782
ACTCTGTATACGAGCG-1	9562	0.0	0.0	1.1155009504298292e-28	0.0011325028312570782
GAAGCCGGACACTACA-1	9561	0.0	0.0	1.1155009504298292e-28	0.0011325028312570782
AATCCGAGCTGCGCCG-1	9557	0.0	0.0	1.1155009504298292e-28	0.0011325028312570782
GACCTAGAGCATTTAC-1	9555	0.0	0.0	1.1155009504298292e-28	0.0011325028312570782
TTCAGTAAGGAGTCTA-1	9555	0.0	0.0	1.4738816617453592e-17	0.1645569620253165
CATCAGTCAACGTTTT-1	9554	0.0	0.0	1.1155009504298292e-28	0.0011325028312570782
ATGCTAGCCTAACGTC-1	9553	0.0	0.0	5.5178000184403895e-28	0.010471204188481676
ATCCAAAACTACGGTG-1	9548	0.0	0.0	1.1155009504298292e-28	0.0011325028312570782
GTTATCCCACGGTCCA-1	9548	0.0	0.0	1.1155009504298292e-28	0.0011325028312570782
AGCGTGGGCAACTCGT-1	9545	0.0	0.0	1.1155009504298292e-28	0.0011325028312570782
ATTACGTGAGTCCAAC-1	9542	0.0	0.0	1.1155009504298292e-28	0.0011325028312570782
CTCTAGTTTGAATCCA-1	9542	0.0	0.0	1.1155009504298292e-28	0.0011325028312570782
GCCATTGAAGTTCTAA-1	9542	0.0	0.0	1.1155009504298292e-28	0.0011325028312570782
TAACTGAGCGTATGCG-1	9541	0.0	0.0	6.9584462562125e-27	0.025477707006369428
CGCGAAAAAACGTCAA-1	9538	0.0	0.0	1.1155009504298292e-28	0.0011325028312570782
GGCCACCAGGAACGTG-1	9538	0.0	0.0	1.1155009504298292e-28	0.0011325028312570782
ATTCCTGGGAGTGTCG-1	9536	0.0	0.0	4.751614798215538e-20	0.12499999999999997
ACATGAAGGGACCTAA-1	9520	0.0	0.0	1.6852351869604313e-28	0.0035335689045936395
TTGTGTTAGTCTCCTA-1	9519	0.0	0.0	1.3657314310987063e-28	0.0023094688221709007
TCGTAACTCTGATTCC-1	9518	0.0	0.0	1.4738816617453592e-17	0.1645569620253165
TCTAGTTTCATGGCCC-1	9513	0.0	0.0	1.1155009504298292e-28	0.0011325028312570782
GTATGTAAACCGTTAA-1	9511	0.0	0.0	1.1155009504298292e-28	0.0011325028312570782
GGTGGGTTGGAAAACA-1	9510	0.0	0.0	1.1155009504298292e-28	0.0011325028312570782
TTCTACTCCGATTACC-1	9504	0.0	0.0	1.6852351869604313e-28	0.0035335689045936395
AGTGCAGGATAGTCGA-1	9503	0.0	0.0	1.1155009504298292e-28	0.0011325028312570782
CAAGAACTCAGGCTCT-1	9503	0.0	0.0	1.2203981995574083e-23	0.07125307125307123
GTATTCCCTGTTCGCG-1	9502	0.0	0.0	3.2758398145191697e-25	0.048780487804878044
TTCTCAACCACACACT-1	9501	0.0	0.0	1.1155009504298292e-28	0.0011325028312570782
TTACAGCCTCATATGT-1	9498	0.0	0.0	1.0247530875697627e-20	0.11475409836065571
AACTGATACCCTTATT-1	9496	0.0	0.0	1.1155009504298292e-28	0.0011325028312570782
TTTTCTGCACGGTAGA-1	9494	0.0	0.0	1.6852351869604313e-28	0.0035335689045936395
AGAGAAACCGCCGCGT-1	9490	0.0	0.0	1.1155009504298292e-28	0.0011325028312570782
CTGATAGTGCCTCTTT-1	9478	0.0	0.0	1.1155009504298292e-28	0.0011325028312570782
GAGGCGGTGAGCATAT-1	9478	0.0	0.0	1.1155009504298292e-28	0.0011325028312570782
GGATGGCCGTACGAGC-1	9472	0.0	0.0	2.4111939967014688e-26	0.03292894280762566
TAGAATAAGGATGGCG-1	9470	0.0	0.0	1.1155009504298292e-28	0.0011325028312570782
ACTTCCACGCGAGACG-1	9469	0.0	0.0	7.21614910612992e-28	0.012048192771084336
GCGCTATGCTCCTATC-1	9469	0.0	0.0	1.1155009504298292e-28	0.0011325028312570782
GATAATTGCAAAGTTA-1	9456	0.0	0.0	1.1155009504298292e-28	0.0011325028312570782
ATCCACCATTTAAAGA-1	9446	0.0	0.0	1.1155009504298292e-28	0.0011325028312570782
AACACTCGCAACGAGA-1	9442	0.0	0.0	1.1155009504298292e-28	0.0011325028312570782
CATCCGTACATCTGAC-1	9437	0.0	0.0	1.1155009504298292e-28	0.0011325028312570782
GGTGTTGACAGAAACT-1	9435	0.0	0.0	1.1155009504298292e-28	0.0011325028312570782
CGTAACATTCCGGGGT-1	9431	0.0	0.0	2.096797445120909e-28	0.004807692307692307
TACGTTTACTCGCATT-1	9431	0.0	0.0	6.130607203907793e-25	0.05263157894736842
CTGGAGGTAGATTTAG-1	9407	0.0	0.0	1.1155009504298292e-28	0.0011325028312570782
CTAGTATCTCATCCTT-1	9402	0.0	0.0	1.1155009504298292e-28	0.0011325028312570782
TATGTCCGCGAGTGAG-1	9393	0.0	0.0	1.6430072643337328e-16	0.18181818181818188
TTTATGATGTTAGCGA-1	9390	0.0	0.0	1.0487450605609538e-25	0.041825095057034224
TGCCGTCCTGCGCCCC-1	9389	0.0	0.0	7.922180968699153e-23	0.08310991957104558
AGTAAAAATTTGAAGG-1	9388	0.0	0.0	1.2203981995574083e-23	0.07125307125307123
AAACCAGCTTCGTCGT-1	9387	0.0	0.0	1.1155009504298292e-28	0.0011325028312570782
TCTGGTGTCGGCGTGG-1	9383	0.0	0.0	1.1155009504298292e-28	0.0011325028312570782
GTGAGAGTGTCGTGCA-1	9376	0.0	0.0	1.2804774777803587e-27	0.015427769985974754
CTCGTAGCGCGGTCTG-1	9372	0.0	0.0	1.0301419825810111e-26	0.02782324058919804
TTACGTGGCAATTAAT-1	9361	0.0	0.0	1.1155009504298292e-28	0.0011325028312570782
ACTCTATAATTCTCCT-1	9358	0.0	0.0	1.1155009504298292e-28	0.0011325028312570782
GAATATTTATAGCGCT-1	9358	0.0	0.0	1.1155009504298292e-28	0.0011325028312570782
CGCAATACTGACTCCA-1	9356	0.0	0.0	1.1155009504298292e-28	0.0011325028312570782
TGAGTGTTCTGAAACG-1	9345	0.0	0.0	1.740386015096025e-27	0.017241379310344827
GCTATACTTGAACGGC-1	9336	0.0	0.0	1.2203981995574083e-23	0.07125307125307123
ACTATTTCCTTGTCGC-1	9319	0.0	0.0	1.1155009504298292e-28	0.0011325028312570782
ACACCAGAAGCGCCCG-1	9313	0.0	0.0	1.6852351869604313e-28	0.0035335689045936395
GAGGATAGCTCGACTC-1	9307	0.0	0.0	1.1155009504298292e-28	0.0011325028312570782
AGTCATTGGTTGGTTG-1	9306	0.0	0.0	1.1155009504298292e-28	0.0011325028312570782
CCACAAGGTGCTACTC-1	9297	0.0	0.0	1.1155009504298292e-28	0.0011325028312570782
GATTGCTCTCGCCCCC-1	9278	0.0	0.0	1.1155009504298292e-28	0.0011325028312570782
CAGTAAGAACGCACTA-1	9264	0.0	0.0	2.4572486050319237e-24	0.06122448979591837
ACCTATAATTTGTAAC-1	9132	0.0	0.0	7.922180968699153e-23	0.08310991957104558
GACGGAGGCCTACGGT-1	9129	0.0	0.0	1.1155009504298292e-28	0.0011325028312570782
GTTGATGTAGGGGCGG-1	9066	0.0	0.0	1.1155009504298292e-28	0.0011325028312570782
