## LogoData
# First column is position number, counting from zero
# Subsequent columns are raw symbol counts
# Entropy is mean entropy measured in nats.
# Low and High are the 95% confidence limits.
# Weight is the fraction of non-gap symbols in the column.
#	
#	A 	C 	G 	T 	Entropy	Low	High	Weight
1 	25326 	25395 	24362 	24909 	0.0002 	0.0001 	0.0003 	1.0000
2 	25183 	25707 	23732 	25370 	0.0005 	0.0003 	0.0007 	1.0000
3 	24903 	26071 	23693 	25322 	0.0006 	0.0004 	0.0008 	0.9999
4 	25256 	25656 	23781 	25299 	0.0004 	0.0003 	0.0006 	1.0000
5 	25510 	25534 	23974 	24972 	0.0003 	0.0002 	0.0005 	1.0000
6 	26247 	24814 	24259 	24672 	0.0005 	0.0003 	0.0006 	1.0000
7 	25455 	25367 	24544 	24625 	0.0002 	0.0001 	0.0003 	1.0000
8 	25472 	25524 	23774 	25222 	0.0004 	0.0003 	0.0006 	1.0000
9 	25553 	25542 	24049 	24849 	0.0003 	0.0002 	0.0005 	1.0000
10 	25665 	24781 	24035 	25512 	0.0004 	0.0002 	0.0005 	1.0000
11 	25501 	24911 	24080 	25501 	0.0003 	0.0001 	0.0004 	1.0000
12 	23332 	26157 	24248 	26256 	0.0013 	0.0010 	0.0016 	1.0000
13 	20586 	27132 	24197 	28077 	0.0070 	0.0063 	0.0077 	1.0000
14 	24640 	23124 	32888 	19341 	0.0190 	0.0178 	0.0202 	1.0000
15 	22396 	34173 	24626 	18798 	0.0250 	0.0236 	0.0264 	1.0000
16 	28713 	22375 	25264 	23641 	0.0045 	0.0039 	0.0051 	1.0000
17 	19678 	40577 	20124 	19612 	0.0583 	0.0561 	0.0604 	1.0000
18 	31741 	16365 	22832 	29055 	0.0295 	0.0280 	0.0309 	1.0000
19 	19143 	26262 	40461 	14127 	0.0761 	0.0737 	0.0785 	1.0000
20 	17020 	31260 	21036 	30677 	0.0310 	0.0295 	0.0325 	1.0000
21 	19701 	34991 	18642 	26658 	0.0332 	0.0316 	0.0348 	1.0000
22 	14295 	39479 	14432 	31787 	0.0976 	0.0950 	0.1002 	1.0000
23 	33612 	17125 	16929 	32328 	0.0519 	0.0499 	0.0538 	1.0000
24 	32151 	15635 	37652 	14556 	0.0830 	0.0806 	0.0855 	1.0000
25 	27691 	20421 	32469 	19413 	0.0228 	0.0215 	0.0242 	1.0000
26 	30522 	22717 	28748 	18007 	0.0203 	0.0191 	0.0215 	1.0000
27 	14967 	41274 	24485 	19268 	0.0749 	0.0725 	0.0774 	1.0000
28 	26677 	25105 	17641 	30571 	0.0184 	0.0173 	0.0196 	1.0000
29 	21313 	22100 	36804 	19777 	0.0348 	0.0331 	0.0365 	1.0000
30 	23943 	26387 	22337 	27327 	0.0031 	0.0027 	0.0036 	1.0000
31 	19425 	26231 	32150 	22187 	0.0181 	0.0169 	0.0192 	1.0000
32 	19858 	33802 	22500 	23833 	0.0212 	0.0199 	0.0225 	1.0000
33 	27718 	26388 	25616 	20272 	0.0067 	0.0060 	0.0074 	1.0000
34 	26755 	25348 	24879 	23012 	0.0015 	0.0011 	0.0018 	1.0000
35 	25770 	25335 	23780 	25109 	0.0005 	0.0003 	0.0006 	1.0000
36 	25924 	25143 	23475 	25452 	0.0007 	0.0005 	0.0009 	1.0000
37 	25503 	25149 	24026 	25316 	0.0003 	0.0001 	0.0004 	1.0000
38 	25940 	24740 	24264 	25050 	0.0003 	0.0002 	0.0005 	1.0000
39 	25488 	25272 	24304 	24930 	0.0002 	0.0001 	0.0003 	1.0000
40 	25463 	25071 	24209 	25251 	0.0002 	0.0001 	0.0003 	1.0000
# End LogoData
