## LogoData
# First column is position number, counting from zero
# Subsequent columns are raw symbol counts
# Entropy is mean entropy measured in nats.
# Low and High are the 95% confidence limits.
# Weight is the fraction of non-gap symbols in the column.
#	
#	A 	C 	G 	T 	Entropy	Low	High	Weight
1 	25284 	25700 	24053 	24958 	0.0003 	0.0002 	0.0005 	1.0000
2 	25554 	25500 	23647 	25294 	0.0005 	0.0003 	0.0007 	1.0000
3 	25845 	25273 	24110 	24767 	0.0003 	0.0002 	0.0005 	1.0000
4 	25825 	24828 	24109 	25233 	0.0003 	0.0002 	0.0005 	1.0000
5 	25593 	24813 	24131 	25458 	0.0003 	0.0001 	0.0004 	1.0000
6 	23106 	26273 	24476 	26140 	0.0014 	0.0011 	0.0017 	1.0000
7 	20624 	26938 	25094 	27339 	0.0059 	0.0052 	0.0065 	1.0000
8 	23862 	23753 	32414 	19966 	0.0161 	0.0150 	0.0172 	1.0000
9 	22081 	33622 	25078 	19214 	0.0225 	0.0212 	0.0238 	1.0000
10 	27745 	23341 	25218 	23691 	0.0024 	0.0020 	0.0028 	1.0000
11 	19905 	38802 	20793 	20494 	0.0462 	0.0443 	0.0482 	1.0000
12 	31312 	18467 	23690 	26526 	0.0176 	0.0164 	0.0187 	1.0000
13 	19676 	26112 	39203 	15003 	0.0641 	0.0619 	0.0663 	1.0000
14 	18121 	30408 	21305 	30161 	0.0238 	0.0225 	0.0252 	1.0000
15 	19384 	34239 	19110 	27262 	0.0307 	0.0292 	0.0322 	1.0000
16 	14780 	39321 	14695 	31199 	0.0915 	0.0889 	0.0940 	1.0000
17 	32693 	17590 	16399 	33313 	0.0524 	0.0505 	0.0544 	1.0000
18 	32545 	15068 	38032 	14350 	0.0895 	0.0870 	0.0920 	1.0000
19 	27307 	19624 	33478 	19586 	0.0266 	0.0252 	0.0280 	1.0000
20 	31242 	22437 	29587 	16729 	0.0281 	0.0266 	0.0295 	1.0000
21 	14032 	42586 	24583 	18794 	0.0881 	0.0855 	0.0907 	1.0000
22 	29384 	23944 	15311 	31356 	0.0332 	0.0317 	0.0347 	1.0000
23 	20446 	21161 	38857 	19531 	0.0468 	0.0449 	0.0488 	1.0000
24 	24005 	26805 	21120 	28065 	0.0058 	0.0052 	0.0065 	1.0000
25 	19373 	26214 	32507 	21900 	0.0195 	0.0182 	0.0207 	1.0000
26 	19714 	34317 	21637 	24327 	0.0240 	0.0227 	0.0254 	1.0000
27 	28701 	25605 	25590 	20099 	0.0079 	0.0072 	0.0087 	1.0000
28 	26567 	25356 	24956 	23116 	0.0013 	0.0009 	0.0016 	1.0000
29 	25725 	25332 	23673 	25265 	0.0005 	0.0003 	0.0007 	1.0000
30 	25907 	25269 	23685 	25134 	0.0005 	0.0003 	0.0008 	1.0000
31 	25352 	25108 	24098 	25437 	0.0002 	0.0001 	0.0004 	1.0000
32 	25371 	24822 	24428 	25374 	0.0001 	0.0001 	0.0003 	1.0000
33 	25007 	25761 	24266 	24961 	0.0002 	0.0001 	0.0004 	1.0000
34 	25053 	25793 	23697 	25452 	0.0005 	0.0003 	0.0007 	1.0000
35 	25405 	25357 	23849 	25383 	0.0004 	0.0002 	0.0005 	1.0000
36 	25622 	24949 	24391 	25033 	0.0002 	0.0001 	0.0003 	1.0000
37 	25591 	24825 	24730 	24849 	0.0001 	0.0000 	0.0002 	1.0000
38 	25310 	25264 	24335 	25085 	0.0001 	0.0001 	0.0003 	1.0000
39 	25398 	25805 	23959 	24833 	0.0004 	0.0002 	0.0006 	1.0000
40 	24972 	25821 	23725 	25470 	0.0005 	0.0003 	0.0007 	0.9999
# End LogoData
