##FastQC	0.12.1
>>Basic Statistics	pass
#Measure	Value
Filename	identify_donor_R2_fq_gz.gz
File type	Conventional base calls
Encoding	Sanger / Illumina 1.9
Total Sequences	100278
Total Bases	15 Mbp
Sequences flagged as poor quality	0
Sequence length	150
%GC	45
>>END_MODULE
>>Per base sequence quality	pass
#Base	Mean	Median	Lower Quartile	Upper Quartile	10th Percentile	90th Percentile
1	29.801791020961726	30.0	30.0	30.0	30.0	30.0
2	29.75611799198229	30.0	30.0	30.0	30.0	30.0
3	29.734039370549873	30.0	30.0	30.0	30.0	30.0
4	29.73176569137797	30.0	30.0	30.0	30.0	30.0
5	29.765970601727197	30.0	30.0	30.0	30.0	30.0
6	29.704142483894774	30.0	30.0	30.0	30.0	30.0
7	29.706475996729093	30.0	30.0	30.0	30.0	30.0
8	29.70264664233431	30.0	30.0	30.0	30.0	30.0
9	29.731516384451226	30.0	30.0	30.0	30.0	30.0
10-14	29.704780709627236	30.0	30.0	30.0	30.0	30.0
15-19	29.673252358443527	30.0	30.0	30.0	30.0	30.0
20-24	29.64609186461637	30.0	30.0	30.0	30.0	30.0
25-29	29.590436586290117	30.0	30.0	30.0	30.0	30.0
30-34	29.558297931749735	30.0	30.0	30.0	30.0	30.0
35-39	29.494549153353677	30.0	30.0	30.0	30.0	30.0
40-44	29.46211531941203	30.0	30.0	30.0	30.0	30.0
45-49	29.43396158678873	30.0	30.0	30.0	30.0	30.0
50-54	29.403811404296057	30.0	30.0	30.0	30.0	30.0
55-59	29.36201958555217	30.0	30.0	30.0	30.0	30.0
60-64	29.33996090867389	30.0	30.0	30.0	30.0	30.0
65-69	29.31694090428608	30.0	30.0	30.0	30.0	30.0
70-74	29.259356987574545	30.0	30.0	30.0	30.0	30.0
75-79	29.23157222920282	30.0	30.0	30.0	30.0	30.0
80-84	29.21000618281178	30.0	30.0	30.0	30.0	30.0
85-89	29.1552184925906	30.0	30.0	30.0	30.0	30.0
90-94	29.158555216498133	30.0	30.0	30.0	30.0	30.0
95-99	29.124458006741257	30.0	30.0	30.0	30.0	30.0
100-104	29.080031512395543	30.0	30.0	30.0	30.0	30.0
105-109	29.031925247811092	30.0	30.0	30.0	30.0	30.0
110-114	28.973838728335227	30.0	30.0	30.0	30.0	30.0
115-119	28.989160134825187	30.0	30.0	30.0	30.0	30.0
120-124	28.934749396677233	30.0	30.0	30.0	30.0	30.0
125-129	28.895713915315422	30.0	30.0	30.0	30.0	30.0
130-134	28.859404854504476	30.0	30.0	30.0	30.0	30.0
135-139	28.799293962783462	30.0	30.0	30.0	30.0	30.0
140-144	28.792821954965195	30.0	30.0	30.0	30.0	30.0
145-149	28.754564311214825	30.0	30.0	30.0	30.0	30.0
150	28.857675661660583	30.0	30.0	30.0	30.0	30.0
>>END_MODULE
>>Per sequence quality scores	pass
#Quality	Count
3	1.0
4	13.0
5	7.0
6	4.0
7	11.0
8	15.0
9	10.0
10	16.0
11	27.0
12	24.0
13	31.0
14	40.0
15	33.0
16	26.0
17	28.0
18	68.0
19	95.0
20	212.0
21	276.0
22	405.0
23	581.0
24	847.0
25	1230.0
26	1827.0
27	3139.0
28	7794.0
29	68027.0
30	15491.0
>>END_MODULE
>>Per base sequence content	pass
#Base	G	A	T	C
1	18.142184444710484	30.706532583103872	28.21441398300012	22.93686898918552
2	21.635502368486662	31.0087260034904	27.218150087260035	20.1376215407629
3	21.979895889427393	29.10608508346796	27.712957976824427	21.20106105028022
4	21.9581758528875	28.489085233902088	27.701267489055315	21.851471424155093
5	21.567258693419227	28.650637733478263	28.589806236724275	21.192297336378232
6	22.220449355285858	28.345483012056604	27.514784048186524	21.919283584471017
7	22.36128285930831	28.088475806773307	27.914954724959113	21.635286608959273
8	21.81101969583645	28.44776863625031	27.92420842682623	21.81700324108701
9	21.604938271604937	28.04204312012605	28.600490636031832	21.752527972237182
10-14	21.714251523280513	28.380984672457295	28.059275806017332	21.845487998244863
15-19	21.705679948137437	28.155388221213784	28.278661546900715	21.86027028374807
20-24	22.133943460811146	27.939662807490684	27.82376784303713	22.102625888661045
25-29	22.30161864978196	27.699977258309694	27.773788007548646	22.224616084359702
30-34	22.512249229934405	27.61283655457491	27.57313628166047	22.30177793383022
35-39	22.603423025814358	27.604680024102446	27.41772646919157	22.37417048089163
40-44	22.62458518168194	27.67125037166524	27.305072806476655	22.399091640176163
45-49	22.713511075453585	27.505323681852385	27.222724487739068	22.558440754954965
50-54	22.551955441097203	27.536882873170832	27.222055858337825	22.689105827394144
55-59	22.70843775773273	27.475182771821288	27.257114671470024	22.55926479897596
60-64	22.58257142743021	27.289811830211814	27.24667377645701	22.880942965900967
65-69	22.568874402329566	27.488645759685554	27.197849385053548	22.74463045293133
70-74	22.790966138999067	27.532385049551223	27.05624593064826	22.620402880801446
75-79	22.77027188980593	27.424477273272025	27.11168015595912	22.693570680962917
80-84	22.725211864829937	27.410305728489455	27.13707349907025	22.727408907610354
85-89	22.79075155592129	27.480486070609665	26.989142505612502	22.739619867856543
90-94	22.698648878059497	27.43406664736017	27.13628057000769	22.731003904572646
95-99	22.773216486156684	27.625716231518783	26.87378547705163	22.727281805272902
100-104	22.94551874827736	27.556991807240465	26.830188980718457	22.667300463763716
105-109	22.82497768209315	27.570353831190747	26.928876275915233	22.675792210800868
110-114	22.728207791170274	27.64796932264153	26.9361587393523	22.6876641468359
115-119	22.701817455562214	27.574196125424404	26.875773916516877	22.848212502496505
120-124	22.735398154084603	27.543326682285645	27.0102442112916	22.711030952338152
125-129	22.630440384235094	27.68246472951136	26.874684148604462	22.812410737649085
130-134	22.808853665259228	27.70485385700076	26.82723688467945	22.659055593060554
135-139	22.638118043669728	27.61941471461696	26.903435700690814	22.839031541022504
140-144	22.636154655791206	27.734826712256265	26.934745226173806	22.694273405778723
145-149	22.620286358525345	27.842165284271452	26.914465918781865	22.62308243842133
150	22.697493258763608	27.875761510036952	26.80715070408469	22.61959452711475
>>END_MODULE
>>Per sequence GC content	pass
#GC Content	Count
0	4.0
1	3.0
2	1.0
3	1.5
4	2.0
5	3.5
6	8.5
7	11.0
8	13.0
9	14.0
10	8.5
11	10.0
12	14.5
13	19.0
14	28.0
15	38.0
16	50.0
17	65.5
18	85.0
19	114.5
20	142.5
21	200.5
22	271.0
23	340.5
24	420.0
25	536.0
26	711.0
27	879.5
28	1012.0
29	1186.5
30	1384.0
31	1625.0
32	1873.5
33	2060.0
34	2232.0
35	2442.5
36	2706.5
37	2842.0
38	2961.5
39	3190.5
40	3285.0
41	3279.0
42	3362.5
43	3534.0
44	3618.0
45	3606.0
46	3644.5
47	3754.0
48	3829.5
49	3726.0
50	3590.0
51	3435.0
52	3253.5
53	3050.5
54	2825.0
55	2630.0
56	2480.5
57	2297.5
58	2047.5
59	1762.0
60	1458.5
61	1217.0
62	998.5
63	808.0
64	646.5
65	504.5
66	401.5
67	322.5
68	260.5
69	215.0
70	166.0
71	127.5
72	99.0
73	79.0
74	66.5
75	56.0
76	47.0
77	36.0
78	37.0
79	40.5
80	32.5
81	27.5
82	26.5
83	19.5
84	20.0
85	15.5
86	7.0
87	8.0
88	4.5
89	2.5
90	3.5
91	2.5
92	1.0
93	0.0
94	0.0
95	0.0
96	0.5
97	0.5
98	0.0
99	0.0
100	0.0
>>END_MODULE
>>Per base N content	pass
#Base	N-Count
1	0.04188356369293364
2	0.0029916831209238315
3	0.0
4	9.972277069746106E-4
5	9.972277069746106E-4
6	9.972277069746106E-4
7	0.0019944554139492213
8	0.0029916831209238315
9	0.0
10-14	9.972277069746106E-4
15-19	0.012963960190669937
20-24	0.014758970063224235
25-29	0.021540118470651588
30-34	0.026725702546919562
35-39	0.03909132611340473
40-44	0.0532519595524442
45-49	0.06521869203613953
50-54	0.09573385986956261
55-59	0.125451245537406
60-64	0.13402740381738767
65-69	0.1388140968108658
70-74	0.1388140968108658
75-79	0.1487863738806119
80-84	0.14300245318015914
85-89	0.14399968088713377
90-94	0.13861465126947087
95-99	0.13542352260715212
100-104	0.1404096611420252
105-109	0.13382795827599275
110-114	0.13861465126947087
115-119	0.13761742356249626
120-124	0.14300245318015914
125-129	0.1513791659187459
130-134	0.14280300763876425
135-139	0.13502463152436228
140-144	0.13781686910389118
145-149	0.13741797802110134
150	0.14758970063224236
>>END_MODULE
>>Sequence Length Distribution	pass
#Length	Count
150	100278.0
>>END_MODULE
>>Sequence Duplication Levels	pass
#Total Deduplicated Percentage	98.24487923572468
#Duplication Level	Percentage of total
1	96.51269470870979
2	3.418496579508965
3	0.06880871178124813
4	0.0
5	0.0
6	0.0
7	0.0
8	0.0
9	0.0
>10	0.0
>50	0.0
>100	0.0
>500	0.0
>1k	0.0
>5k	0.0
>10k+	0.0
>>END_MODULE
>>Overrepresented sequences	pass
>>END_MODULE
>>Adapter Content	pass
#Position	Illumina Universal Adapter	Illumina Small RNA 3' Adapter	Illumina Small RNA 5' Adapter	Nextera Transposase Sequence	PolyA	PolyG
1	0.0	0.0	0.0	0.0	0.27623207483196716	0.07379485031612118
2	0.0	0.0	0.0	0.0	0.3171184108179262	0.07479207802309579
3	0.0	0.0	0.0	0.0	0.3460380143201899	0.07479207802309579
4	0.0	0.0	0.0	0.0	0.378946528650352	0.07479207802309579
5	0.0	0.0	0.0	0.0	0.41883563692933645	0.07479207802309579
6	0.0	0.0	0.0	0.0	0.44576078501765093	0.07578930573007041
7	0.0	0.0	0.0	0.0	0.45872474520832085	0.07578930573007041
8	0.0	0.0	0.0	0.0	0.4836554378826861	0.07678653343704502
9	0.0	0.0	0.0	0.0	0.5145694967988991	0.07778376114401962
10-11	0.0	9.972277069746106E-4	0.0	0.0	0.5449849418616246	0.07828237499750693
12-13	0.0	9.972277069746106E-4	0.0	0.0	0.5878657332615329	0.07878098885099423
14-15	0.0	9.972277069746106E-4	0.0	0.0	0.6252617722730809	0.07878098885099423
16-17	0.0	9.972277069746106E-4	0.0	0.0	0.6666467221125272	0.07878098885099423
18-19	0.0	9.972277069746106E-4	0.0	0.0	0.707034444244999	0.07927960270448153
20-21	0.0	9.972277069746106E-4	0.0	0.0	0.7499152356449071	0.07977821655796885
22-23	0.0	9.972277069746106E-4	0.0	0.0	0.7793334530006581	0.07977821655796885
24-25	0.0	9.972277069746106E-4	0.0	0.0	0.8077544426494345	0.07977821655796885
26-27	0.0	9.972277069746106E-4	0.0	0.0	0.8311892937633379	0.07977821655796885
28-29	0.0	9.972277069746106E-4	0.0	0.0	0.8621033526795508	0.07977821655796885
30-31	0.0	9.972277069746106E-4	0.0	0.0	0.8900257284748399	0.07977821655796885
32-33	0.0	9.972277069746106E-4	0.0	0.0	0.9169508765631544	0.07977821655796885
34-35	0.0	9.972277069746106E-4	0.0	0.0	0.9458704800654181	0.07977821655796885
36-37	0.0	9.972277069746106E-4	0.0	0.0	0.9712997865932707	0.07977821655796885
38-39	0.0	9.972277069746106E-4	0.0	0.0	0.9957318654141487	0.08027683041145615
40-41	0.0	9.972277069746106E-4	0.0	0.0	1.0256486966233869	0.08077544426494346
42-43	0.0	9.972277069746106E-4	0.0	0.0	1.0475877061768284	0.08177267197191807
44-45	0.0	9.972277069746106E-4	0.0	0.0	1.073017012704681	0.08276989967889267
46-47	0.0	9.972277069746106E-4	0.0	0.0	1.0999421607929953	0.08326851353237999
48-49	0.0	9.972277069746106E-4	0.0	0.0	1.1238756257603861	0.0837671273858673
50-51	0.0	9.972277069746106E-4	0.0	0.0	1.151299387702188	0.0837671273858673
52-53	4.986138534873053E-4	9.972277069746106E-4	0.0	0.0	1.194180179102096	0.08626019665330381
54-55	9.972277069746106E-4	9.972277069746106E-4	0.0	0.0	1.221603941043898	0.08775603821376574
56-57	0.0019944554139492213	9.972277069746106E-4	0.0	0.0	1.2470332475717507	0.08875326592074034
58-59	0.0024930692674365266	9.972277069746106E-4	0.0	0.0	1.2729611679530903	0.08975049362771495
60-61	0.002991683120923832	9.972277069746106E-4	0.0	0.0	1.301382157601867	0.08975049362771495
62-63	0.002991683120923832	9.972277069746106E-4	0.0	0.0	1.3308003749576178	0.08975049362771495
64-65	0.0039889108278984425	9.972277069746106E-4	0.0	0.0	1.36370888928778	0.08975049362771495
66-67	0.004986138534873053	9.972277069746106E-4	0.0	0.0	1.3861465126947086	0.09074772133468956
68-69	0.004986138534873053	9.972277069746106E-4	0.0	0.0	1.4130716607830232	0.09074772133468956
70-71	0.0054847523883603585	9.972277069746106E-4	0.0	0.0	1.4399968088713377	0.0937394044556134
72-73	0.005983366241847664	9.972277069746106E-4	0.0	0.0	1.4689164123736014	0.09573385986956262
74-75	0.005983366241847664	0.0019944554139492213	0.0	0.0	1.4938471050479665	0.09623247372304992
76-77	0.005983366241847664	0.0019944554139492213	0.0	0.0	1.5252597778176669	0.09822692913699914
78-79	0.005983366241847664	0.0019944554139492213	0.0	0.0	1.5541793813199307	0.09872554299048644
80-81	0.005983366241847664	0.0019944554139492213	0.0	0.0	1.5955643311593768	0.09972277069746106
82-83	0.005983366241847664	0.0019944554139492213	0.0	0.0	1.6180019545663056	0.10022138455094837
84-85	0.0069805939488222744	0.0019944554139492213	0.0	0.0	1.65789106284529	0.1027144538183849
86-87	0.009473663216258801	0.0019944554139492213	0.0	0.0	1.6883065079080157	0.10570613693930872
88-89	0.009972277069746106	0.0019944554139492213	0.0	0.0	1.7192205668242286	0.10869782006023256
90-91	0.010470890923233412	0.0019944554139492213	0.0	0.0	1.7391651209637207	0.11019366162069447
92-93	0.012963960190669938	0.0019944554139492213	0.0	0.0	1.765591655198548	0.1131853447416183
94-95	0.012963960190669938	0.0019944554139492213	0.0	0.0	1.7875306647519895	0.11567841400905482
96-97	0.013961187897644549	0.0019944554139492213	0.0	0.0	1.8169488821077404	0.11667564171602944
98-99	0.014459801751131854	0.0019944554139492213	0.0	0.0	1.8533476934123136	0.11916871098346596
100-101	0.01595564331159377	0.0019944554139492213	0.0	0.0	1.88176868306109	0.12016593869044058
102-103	0.01795009872554299	0.0019944554139492213	0.0	0.0	1.9126827419773031	0.12315762181136441
104-105	0.01795009872554299	0.0019944554139492213	0.0	0.0	1.942100959333054	0.12565069107880095
106-107	0.019944554139492213	0.0019944554139492213	0.0	0.0	1.9720177905422924	0.12664791878577555
108-109	0.020443167992979516	0.0019944554139492213	0.0	0.0	2.0084166018468657	0.12664791878577555
110-111	0.022437623406928738	0.0019944554139492213	0.0	0.0	2.0522946209537487	0.1301382157601867
112-113	0.024930692674365266	0.0019944554139492213	0.0	0.0	2.085701749137398	0.13512435429505976
114-115	0.02642653423482718	0.0019944554139492213	0.0	0.0	2.110632441811763	0.13811603741598355
116-117	0.027922375795289098	0.0019944554139492213	0.0	0.0	2.144039569995413	0.13861465126947087
118-119	0.02891960350226371	0.0019944554139492213	0.0	0.0	2.174953628911626	0.14160633439039472
120-121	0.02991683120923832	0.0019944554139492213	0.0	0.0	2.2053690739743512	0.14360078980434393
122-123	0.03191128662318754	0.0019944554139492213	0.0	0.0	2.235784519037077	0.14559524521829315
124-125	0.03191128662318754	0.0019944554139492213	0.0	0.0	2.260216597857955	0.14609385907178046
126-127	0.032409900476674844	0.0019944554139492213	0.0	0.0	2.29262649833463	0.14709108677875504
128-129	0.03490296974411137	0.0019944554139492213	0.0	0.0	2.3275294680787413	0.14958415604619157
130-131	0.04038772213247173	0.0019944554139492213	0.0	0.0	2.3669199625042383	0.15257583916711542
132-133	0.04587247452083209	0.0019944554139492213	0.0	0.0	2.3953409521530142	0.15506890843455196
134-135	0.04986138534873053	0.0019944554139492213	0.0	0.0	2.4242605556552785	0.1575619777019885
136-137	0.050858613055705146	0.0019944554139492213	0.0	0.0	2.4536787730110294	0.16204950238337423
138-139	0.05434891003011628	0.0019944554139492213	0.0	0.0	2.49057619816909	0.16354534394383613
>>END_MODULE
