##FastQC	0.12.1
>>Basic Statistics	pass
#Measure	Value
Filename	identify_donor_R1_fq_gz.gz
File type	Conventional base calls
Encoding	Sanger / Illumina 1.9
Total Sequences	100278
Total Bases	15 Mbp
Sequences flagged as poor quality	0
Sequence length	150
%GC	45
>>END_MODULE
>>Per base sequence quality	pass
#Base	Mean	Median	Lower Quartile	Upper Quartile	10th Percentile	90th Percentile
1	29.576736672051695	30.0	30.0	30.0	30.0	30.0
2	29.604639103292847	30.0	30.0	30.0	30.0	30.0
3	29.656913779692456	30.0	30.0	30.0	30.0	30.0
4	29.679112068449708	30.0	30.0	30.0	30.0	30.0
5	29.773090807554997	30.0	30.0	30.0	30.0	30.0
6	29.76956062147231	30.0	30.0	30.0	30.0	30.0
7	29.77843594806438	30.0	30.0	30.0	30.0	30.0
8	29.792377191407887	30.0	30.0	30.0	30.0	30.0
9	29.81154390793594	30.0	30.0	30.0	30.0	30.0
10-14	29.823371028540656	30.0	30.0	30.0	30.0	30.0
15-19	29.82570055246415	30.0	30.0	30.0	30.0	30.0
20-24	29.797710365184788	30.0	30.0	30.0	30.0	30.0
25-29	29.72814774925707	30.0	30.0	30.0	30.0	30.0
30-34	29.671638844013643	30.0	30.0	30.0	30.0	30.0
35-39	29.647789146173636	30.0	30.0	30.0	30.0	30.0
40-44	29.61438800135623	30.0	30.0	30.0	30.0	30.0
45-49	29.58774407148128	30.0	30.0	30.0	30.0	30.0
50-54	29.559570394303837	30.0	30.0	30.0	30.0	30.0
55-59	29.533431061648617	30.0	30.0	30.0	30.0	30.0
60-64	29.50613693930872	30.0	30.0	30.0	30.0	30.0
65-69	29.48587925566924	30.0	30.0	30.0	30.0	30.0
70-74	29.466758411615707	30.0	30.0	30.0	30.0	30.0
75-79	29.422976126368695	30.0	30.0	30.0	30.0	30.0
80-84	29.40188077145536	30.0	30.0	30.0	30.0	30.0
85-89	29.358856379265642	30.0	30.0	30.0	30.0	30.0
90-94	29.34968786772772	30.0	30.0	30.0	30.0	30.0
95-99	29.323450806757215	30.0	30.0	30.0	30.0	30.0
100-104	29.309675103213067	30.0	30.0	30.0	30.0	30.0
105-109	29.27700193462175	30.0	30.0	30.0	30.0	30.0
110-114	29.23396158678873	30.0	30.0	30.0	30.0	30.0
115-119	29.226276950078777	30.0	30.0	30.0	30.0	30.0
120-124	29.198801332296217	30.0	30.0	30.0	30.0	30.0
125-129	29.16910389118251	30.0	30.0	30.0	30.0	30.0
130-134	29.10340054648078	30.0	30.0	30.0	30.0	30.0
135-139	29.100087756038214	30.0	30.0	30.0	30.0	30.0
140-144	29.066758411615705	30.0	30.0	30.0	30.0	30.0
145-149	29.071523165599633	30.0	30.0	30.0	30.0	30.0
150	29.169000179500987	30.0	30.0	30.0	30.0	30.0
>>END_MODULE
>>Per sequence quality scores	pass
#Quality	Count
15	2.0
16	10.0
17	13.0
18	27.0
19	65.0
20	101.0
21	169.0
22	255.0
23	423.0
24	632.0
25	1165.0
26	1851.0
27	3064.0
28	6393.0
29	56685.0
30	29423.0
>>END_MODULE
>>Per base sequence content	pass
#Base	G	A	T	C
1	18.031036375430368	29.88872810737987	28.67421785340053	23.406017663789232
2	21.380548628428926	29.324688279301746	28.554613466334168	20.74014962593516
3	21.271864217475418	28.31428628413012	28.610462913101575	21.803386585292888
4	21.61590777638166	28.063982129679495	28.59749895291091	21.722611141027944
5	22.321944992919683	28.283372225213903	28.586529448134186	20.808153333732225
6	22.361834101198667	28.235505295279122	27.673068868545442	21.729591734976765
7	22.359511343804535	28.316130640737967	28.04088755921217	21.283470456245325
8	21.76150302159995	28.176668860567624	28.307305690181295	21.75452242765113
9	21.676738666507113	27.94930094337741	28.525698558008735	21.848261832106743
10-14	21.79409957956712	28.210886578857092	28.194930871899608	21.80008296967618
15-19	21.96733082031951	27.989987833821978	28.125810247511918	21.916871098346597
20-24	22.254266664273306	27.707539286020577	28.10184548063671	21.936348569069402
25-29	22.335950728875183	27.52314071509347	27.937788822650678	22.203119733380667
30-34	22.50113684412072	27.51282439946708	27.742786025991844	22.243252730420355
35-39	22.70138096643717	27.50305152895562	27.501057065585933	22.294510439021277
40-44	22.642544297031442	27.31856366725969	27.554309237556545	22.48458279815233
45-49	22.65810111131499	27.30859135041126	27.54453636704508	22.48877117122867
50-54	22.681590541475778	27.26406044009741	27.555251511301606	22.499097507125207
55-59	22.694381950760295	27.2216504714949	27.532589791457244	22.551377786287556
60-64	22.711244430438825	27.14954147104227	27.507349626834415	22.63186447168449
65-69	22.758667456475738	27.291293950581085	27.283515527925534	22.666523065017643
70-74	22.770833707295964	27.27892825302611	27.280124933434653	22.67011310624328
75-79	22.827784414895422	27.25967262943543	27.244913629936036	22.667629325733113
80-84	22.809925267308486	27.185986074628982	27.35052963080415	22.653559027258385
85-89	22.71813445874253	27.187128531197395	27.348879510478913	22.745857499581163
90-94	22.724670864338865	27.252492575624913	27.24989977841556	22.772936781620658
95-99	22.786236552277085	27.054604635949147	27.322063240696785	22.837095571076972
100-104	22.979010267497426	27.214652125699057	27.103361069670594	22.70297653713292
105-109	22.86460223941027	27.195032928984286	27.069579681759613	22.870785149845826
110-114	22.769818681526896	27.302880233274763	27.18660185925729	22.740699225941047
115-119	22.766491286154782	27.372722812364124	27.082726681638498	22.778059219842596
120-124	22.786544552322752	27.363638539414588	27.041532705210336	22.808284203052327
125-129	22.836115598635793	27.368316081294005	27.01629470073196	22.779273619338237
130-134	22.692251693801396	27.2865072289469	27.22049035974208	22.80075071750963
135-139	22.59030917841635	27.43372539946266	27.15428603341704	22.82167938870395
140-144	22.674256264609443	27.40213168244952	27.281067755909593	22.642544297031442
145-149	22.642126593588944	27.458195714262924	27.288864423276372	22.610813268871762
150	22.384770338459084	27.571351642434035	27.461656594666827	22.582221424440057
>>END_MODULE
>>Per sequence GC content	pass
#GC Content	Count
0	3.0
1	2.0
2	2.0
3	2.0
4	2.0
5	6.5
6	9.5
7	7.5
8	9.0
9	9.5
10	7.5
11	7.5
12	6.0
13	10.0
14	19.0
15	25.5
16	29.0
17	43.0
18	63.0
19	97.5
20	150.0
21	189.0
22	227.5
23	289.5
24	398.0
25	523.0
26	682.0
27	841.0
28	1013.0
29	1213.0
30	1393.5
31	1600.5
32	1834.5
33	2058.0
34	2273.5
35	2526.0
36	2736.5
37	2894.0
38	3028.0
39	3167.0
40	3218.5
41	3246.5
42	3438.0
43	3550.0
44	3558.5
45	3671.0
46	3716.5
47	3757.5
48	3767.5
49	3718.0
50	3689.0
51	3470.5
52	3239.5
53	3058.5
54	2826.5
55	2651.5
56	2462.5
57	2237.0
58	2017.0
59	1792.5
60	1533.0
61	1272.0
62	1012.0
63	812.0
64	662.5
65	503.0
66	386.0
67	298.5
68	240.5
69	190.5
70	152.5
71	121.0
72	99.0
73	83.0
74	72.0
75	57.0
76	47.0
77	41.5
78	36.5
79	30.0
80	24.5
81	22.0
82	24.5
83	18.0
84	11.5
85	14.0
86	9.0
87	6.5
88	7.0
89	4.0
90	2.5
91	0.5
92	0.0
93	0.5
94	0.5
95	0.0
96	0.0
97	0.0
98	0.0
99	0.0
100	0.0
>>END_MODULE
>>Per base N content	pass
#Base	N-Count
1	0.07279762260914657
2	0.027922375795289098
3	0.0
4	0.0
5	0.0
6	0.0
7	0.0029916831209238315
8	0.0
9	0.0
10-14	3.988910827898442E-4
15-19	0.0
20-24	5.983366241847664E-4
25-29	1.994455413949221E-4
30-34	3.988910827898442E-4
35-39	3.988910827898442E-4
40-44	3.988910827898442E-4
45-49	3.988910827898442E-4
50-54	1.994455413949221E-4
55-59	0.0011966732483695327
60-64	7.977821655796884E-4
65-69	5.983366241847664E-4
70-74	5.983366241847664E-4
75-79	1.994455413949221E-4
80-84	5.983366241847664E-4
85-89	3.988910827898442E-4
90-94	1.994455413949221E-4
95-99	7.977821655796884E-4
100-104	3.988910827898442E-4
105-109	0.0015955643311593769
110-114	0.0013961187897644548
115-119	7.977821655796884E-4
120-124	3.988910827898442E-4
125-129	0.0
130-134	5.983366241847664E-4
135-139	0.005783920700452741
140-144	3.988910827898442E-4
145-149	0.0011966732483695327
150	0.0
>>END_MODULE
>>Sequence Length Distribution	pass
#Length	Count
150	100278.0
>>END_MODULE
>>Sequence Duplication Levels	pass
#Total Deduplicated Percentage	98.2359041863619
#Duplication Level	Percentage of total
1	96.49574183769121
2	3.4324577674066097
3	0.07180039490217197
4	0.0
5	0.0
6	0.0
7	0.0
8	0.0
9	0.0
>10	0.0
>50	0.0
>100	0.0
>500	0.0
>1k	0.0
>5k	0.0
>10k+	0.0
>>END_MODULE
>>Overrepresented sequences	pass
>>END_MODULE
>>Adapter Content	pass
#Position	Illumina Universal Adapter	Illumina Small RNA 3' Adapter	Illumina Small RNA 5' Adapter	Nextera Transposase Sequence	PolyA	PolyG
1	0.0	0.0	0.0	0.0	0.26625979776222103	0.0
2	0.0	0.0	0.0	0.0	0.3061489060412054	0.0
3	0.0	0.0	0.0	0.0	0.3410518757853168	0.0
4	0.0	0.0	0.0	0.0	0.37495761782245357	0.0
5	0.0	0.0	0.0	0.0	0.4048744490316919	0.0
6	0.0	0.0	0.0	0.0	0.43778296336185407	0.0
7	0.0	0.0	0.0	0.0	0.4726859331059654	0.0
8	0.0	0.0	0.0	0.0	0.4926304872454576	0.0
9	0.0	0.0	0.0	0.0	0.5115778136779753	0.0
10-11	0.0	0.0	0.0	0.0	0.5479766249825485	0.0
12-13	0.0	0.0	0.0	0.0	0.5898601886754822	0.0
14-15	0.0	0.0	0.0	0.0	0.6212728614451823	0.0
16-17	0.0	0.0	0.0	0.0	0.6521869203613953	0.0
18-19	0.0	0.0	0.0	0.0	0.6840982069845829	0.0
20-21	0.0	0.0	0.0	0.0	0.7180039490217196	0.0
22-23	0.0	0.0	0.0	0.0	0.7489180079379325	0.0
24-25	0.0	0.0	0.0	0.0	0.7673667205169629	0.0
26-27	0.0	0.0	0.0	0.0	0.7903029577773788	0.0
28-29	0.0	0.0	0.0	0.0	0.824707313668003	4.986138534873053E-4
30-31	0.0	0.0	0.0	0.0	0.8551227587307286	9.972277069746106E-4
32-33	0.0	0.0	0.0	0.0	0.8875326592074034	0.002991683120923832
34-35	0.0	0.0	0.0	0.0	0.9109675103213069	0.002991683120923832
36-37	0.0	9.972277069746106E-4	0.0	0.0	0.9319092921677736	0.0039889108278984425
38-39	0.0	9.972277069746106E-4	0.0	0.0	0.9558427571351642	0.004487524681385748
40-41	0.0	0.001495841560461916	0.0	0.0	0.9747900835676819	0.005983366241847664
42-43	0.0	0.0019944554139492213	0.0	0.0	0.9982249346815852	0.005983366241847664
44-45	0.0	0.0024930692674365266	0.0	0.0	1.0266459243303616	0.005983366241847664
46-47	0.0	0.0034902969744111372	0.0	0.0	1.0460918646163666	0.00747920780230958
48-49	0.0	0.0039889108278984425	0.0	0.0	1.071521171144219	0.008975049362771496
50-51	0.0	0.0039889108278984425	0.0	0.0	1.10093938849997	0.008975049362771496
52-53	4.986138534873053E-4	0.0039889108278984425	0.0	0.0	1.1338479028301323	0.009473663216258801
54-55	9.972277069746106E-4	0.004487524681385748	0.0	0.0	1.1552882985300865	0.009972277069746106
56-57	0.0019944554139492213	0.004986138534873053	0.0	0.0	1.1757314665230658	0.010969504776720717
58-59	0.0019944554139492213	0.004986138534873053	0.0	0.0	1.1966732483695326	0.010969504776720717
60-61	0.0019944554139492213	0.005983366241847664	0.0	0.0	1.2201080994834361	0.010969504776720717
62-63	0.0019944554139492213	0.005983366241847664	0.0	0.0	1.2390554259159536	0.010969504776720717
64-65	0.0019944554139492213	0.005983366241847664	0.0	0.0	1.2565069107880094	0.010969504776720717
66-67	0.002991683120923832	0.005983366241847664	0.0	0.0	1.2764514649275016	0.010969504776720717
68-69	0.002991683120923832	0.005983366241847664	0.0	0.0	1.2924071082390953	0.010969504776720717
70-71	0.0034902969744111372	0.005983366241847664	0.0	0.0	1.3288059195436686	0.010969504776720717
72-73	0.0039889108278984425	0.005983366241847664	0.0	0.0	1.352240770657572	0.010969504776720717
74-75	0.0039889108278984425	0.005983366241847664	0.0	0.0	1.3716867109435769	0.011966732483695328
76-77	0.0039889108278984425	0.005983366241847664	0.0	0.0	1.4006063144458407	0.012963960190669938
78-79	0.0039889108278984425	0.005983366241847664	0.0	0.0	1.4245397794132313	0.012963960190669938
80-81	0.0039889108278984425	0.005983366241847664	0.0	0.0	1.4509663136480584	0.013462574044157244
82-83	0.0039889108278984425	0.005983366241847664	0.0	0.0	1.4793873032968348	0.014459801751131854
84-85	0.004986138534873053	0.005983366241847664	0.0	0.0	1.512295817626997	0.01495841560461916
86-87	0.0069805939488222744	0.005983366241847664	0.0	0.0	1.5347334410339255	0.01795009872554299
88-89	0.0069805939488222744	0.005983366241847664	0.0	0.0	1.5546779951734178	0.018947326432517602
90-91	0.00747920780230958	0.005983366241847664	0.0	0.0	1.5855920540896307	0.01944594028600491
92-93	0.008975049362771496	0.005983366241847664	0.0	0.0	1.6145116575918945	0.020941781846466823
94-95	0.008975049362771496	0.005983366241847664	0.0	0.0	1.6439298749476454	0.023933464967390655
96-97	0.010470890923233412	0.005983366241847664	0.0	0.0	1.6698577953289853	0.024930692674365266
98-99	0.011468118630208022	0.005983366241847664	0.0	0.0	1.6907995771754523	0.025429306527852573
100-101	0.012963960190669938	0.005983366241847664	0.0	0.0	1.7207164083846906	0.026925148088314487
102-103	0.01495841560461916	0.005983366241847664	0.0	0.0	1.7486387841799798	0.027922375795289098
104-105	0.01495841560461916	0.005983366241847664	0.0	0.0	1.773569476854345	0.029418217355751015
106-107	0.01595564331159377	0.005983366241847664	0.0	0.0	1.8024890803566085	0.030415445062725623
108-109	0.016454257165081074	0.005983366241847664	0.0	0.0	1.8284170007379486	0.03191128662318754
110-111	0.018448712579030295	0.005983366241847664	0.0	0.0	1.847364327170466	0.03390574203713676
112-113	0.020941781846466823	0.005983366241847664	0.0	0.0	1.8757853168192424	0.03889188057200981
114-115	0.020941781846466823	0.005983366241847664	0.0	0.0	1.9022118510540698	0.04038772213247173
116-117	0.021939009553441434	0.005983366241847664	0.0	0.0	1.925646702167973	0.04288079139990826
118-119	0.022936237260416045	0.006481980095334969	0.0	0.0	1.956560761084186	0.04637108837431939
120-121	0.023933464967390655	0.0069805939488222744	0.0	0.0	1.9864775922934244	0.04886415764175592
122-123	0.025927920381339876	0.0069805939488222744	0.0	0.0	2.012405512674764	0.050359999202217835
124-125	0.025927920381339876	0.0069805939488222744	0.0	0.0	2.032848680667744	0.05385029617662897
126-127	0.027423761941801794	0.0069805939488222744	0.0	0.0	2.0652585811444184	0.05833782085801472
128-129	0.02991683120923832	0.0069805939488222744	0.0	0.0	2.0951754123536572	0.06033227627196394
130-131	0.034404355890624065	0.0069805939488222744	0.0	0.0	2.121601946588484	0.06182811783242586
132-133	0.039889108278984425	0.0069805939488222744	0.0	0.0	2.1520173916512095	0.06382257324637508
134-135	0.042880791399908254	0.0069805939488222744	0.0	0.0	2.186920361395321	0.06781148407427352
136-137	0.04387801910688287	0.0069805939488222744	0.0	0.0	2.217834420311534	0.07329623646263388
138-139	0.04637108837431939	0.0069805939488222744	0.0	0.0	2.249247093081234	0.07479207802309579
>>END_MODULE
