metric	value
records	200000
start_records	100000
end_records	100000
sequence_length	30
relative_position	start_A	start_C	start_G	start_T	end_A	end_C	end_G	end_T	start_GC	end_GC
-20	0.25505000	0.25152000	0.24027000	0.25316000	0.25460000	0.24131000	0.24815000	0.25594000	0.49179000	0.48946000
-19	0.25943000	0.24742000	0.24265000	0.25050000	0.25233000	0.24111000	0.24830000	0.25826000	0.49007000	0.48941000
-18	0.25489000	0.25275000	0.24305000	0.24931000	0.24767000	0.24110000	0.25278000	0.25845000	0.49580000	0.49388000
-17	0.25463000	0.25072000	0.24213000	0.25252000	0.25294000	0.23648000	0.25502000	0.25556000	0.49285000	0.49150000
-16	0.25908000	0.24961000	0.24508000	0.24619000	0.24958000	0.24054000	0.25703000	0.25285000	0.49469000	0.49757000
-15	0.25326000	0.25395000	0.24368000	0.24909000	0.25627000	0.23735000	0.25488000	0.25150000	0.49763000	0.49223000
-14	0.25189000	0.25707000	0.23732000	0.25370000	0.25475000	0.23725000	0.25821000	0.24972000	0.49439000	0.49546000
-13	0.24903000	0.26071000	0.23693000	0.25328000	0.24833000	0.23959000	0.25805000	0.25403000	0.49764000	0.49764000
-12	0.25256000	0.25662000	0.23781000	0.25299000	0.25085000	0.24340000	0.25264000	0.25310000	0.49443000	0.49604000
-11	0.25516000	0.25534000	0.23974000	0.24972000	0.24849000	0.24730000	0.24830000	0.25591000	0.49508000	0.49560000
-10	0.26247000	0.24820000	0.24259000	0.24672000	0.25033000	0.24391000	0.24949000	0.25627000	0.49079000	0.49340000
-9	0.25461000	0.25367000	0.24544000	0.24625000	0.25383000	0.23849000	0.25362000	0.25405000	0.49911000	0.49211000
-8	0.25472000	0.25524000	0.23780000	0.25222000	0.25457000	0.23697000	0.25793000	0.25053000	0.49304000	0.49490000
-7	0.25553000	0.25542000	0.24055000	0.24849000	0.24961000	0.24266000	0.25761000	0.25012000	0.49597000	0.50027000
-6	0.25665000	0.24781000	0.24035000	0.25518000	0.25374000	0.24428000	0.24827000	0.25371000	0.48816000	0.49255000
-5	0.25501000	0.24917000	0.24080000	0.25501000	0.25437000	0.24098000	0.25108000	0.25357000	0.48997000	0.49206000
-4	0.23332000	0.26157000	0.24248000	0.26262000	0.25134000	0.23690000	0.25269000	0.25907000	0.50405000	0.48959000
-3	0.20592000	0.27132000	0.24197000	0.28077000	0.25265000	0.23673000	0.25332000	0.25730000	0.51329000	0.49005000
-2	0.24640000	0.23124000	0.32888000	0.19347000	0.23116000	0.24956000	0.25356000	0.26572000	0.56012000	0.50312000
-1	0.22396000	0.34179000	0.24626000	0.18798000	0.20104000	0.25590000	0.25605000	0.28701000	0.58805000	0.51195000
0	0.28719000	0.22375000	0.25264000	0.23641000	0.24327000	0.21637000	0.34317000	0.19719000	0.47639000	0.55954000
1	0.19678000	0.40583000	0.20124000	0.19612000	0.21900000	0.32507000	0.26214000	0.19378000	0.60707000	0.58721000
2	0.31741000	0.16371000	0.22832000	0.29055000	0.28065000	0.21120000	0.26805000	0.24010000	0.39203000	0.47925000
3	0.19143000	0.26268000	0.40461000	0.14127000	0.19536000	0.38857000	0.21161000	0.20446000	0.66729000	0.60018000
4	0.17020000	0.31260000	0.21036000	0.30683000	0.31361000	0.15311000	0.23944000	0.29384000	0.52296000	0.39255000
5	0.19707000	0.34991000	0.18642000	0.26658000	0.18794000	0.24583000	0.42591000	0.14032000	0.53633000	0.67174000
6	0.14295000	0.39479000	0.14432000	0.31793000	0.16729000	0.29587000	0.22442000	0.31242000	0.53911000	0.52029000
7	0.33612000	0.17125000	0.16929000	0.32334000	0.19586000	0.33478000	0.19629000	0.27307000	0.34054000	0.53107000
8	0.32157000	0.15635000	0.37652000	0.14556000	0.14350000	0.38032000	0.15073000	0.32545000	0.53287000	0.53105000
9	0.27697000	0.20421000	0.32469000	0.19413000	0.33318000	0.16399000	0.17590000	0.32693000	0.52890000	0.33989000
10	0.30522000	0.22723000	0.28748000	0.18007000	0.31204000	0.14695000	0.39321000	0.14780000	0.51471000	0.54016000
11	0.14967000	0.41280000	0.24485000	0.19268000	0.27262000	0.19115000	0.34239000	0.19384000	0.65765000	0.53354000
12	0.26683000	0.25105000	0.17641000	0.30571000	0.30161000	0.21305000	0.30413000	0.18121000	0.42746000	0.51718000
13	0.21313000	0.22106000	0.36804000	0.19777000	0.15003000	0.39203000	0.26112000	0.19681000	0.58910000	0.65315000
14	0.23943000	0.26387000	0.22337000	0.27333000	0.26526000	0.23690000	0.18472000	0.31312000	0.48724000	0.42162000
15	0.19425000	0.26237000	0.32150000	0.22187000	0.20494410	0.20793416	0.38802776	0.19908398	0.58387000	0.59596192
16	0.19863199	0.33802338	0.22500225	0.23833238	0.23691474	0.25218504	0.23344467	0.27745555	0.56302563	0.48562971
17	0.27718554	0.26392528	0.25616512	0.20272405	0.19214384	0.25078502	0.33625673	0.22081442	0.52009040	0.58704174
18	0.26755535	0.25348507	0.24883498	0.23012460	0.19966399	0.32414648	0.23756475	0.23862477	0.50232005	0.56171123
19	0.25770515	0.25335507	0.23784476	0.25109502	0.27339820	0.25096753	0.26938808	0.20624619	0.49119982	0.52035561
20	0.25925037	0.25144006	0.23477939	0.25453018	0.26141046	0.24476979	0.26274051	0.23107924	0.48621945	0.50751030

relative_dinucleotide_start	start_GC	start_CG	start_AT	start_TA	end_GC	end_CG	end_AT	end_TA
-12	0.06130000	0.03068000	0.05666000	0.05021000	0.06533000	0.03003000	0.05764000	0.04770000
-11	0.06236000	0.03090000	0.05647000	0.04988000	0.06252000	0.03047000	0.05802000	0.04937000
-10	0.06469000	0.03056000	0.05939000	0.04845000	0.06104000	0.03074000	0.05641000	0.05124000
-9	0.06731000	0.03156000	0.05823000	0.04737000	0.06226000	0.03042000	0.05753000	0.04807000
-8	0.06378000	0.03063000	0.05766000	0.04757000	0.06660000	0.03149000	0.05876000	0.04825000
-7	0.06370000	0.03197000	0.05800000	0.04672000	0.06658000	0.03023000	0.05579000	0.04827000
-6	0.06363000	0.02925000	0.05962000	0.04750000	0.06276000	0.03089000	0.05746000	0.04711000
-5	0.06625000	0.03150000	0.05976000	0.04280000	0.06325000	0.03243000	0.05854000	0.04550000
-4	0.06802000	0.03190000	0.06008000	0.03761000	0.06223000	0.03094000	0.05894000	0.04687000
-3	0.05998000	0.04743000	0.03500000	0.05038000	0.06719000	0.03168000	0.05983000	0.04310000
-2	0.11078000	0.02438000	0.04523000	0.03423000	0.06726000	0.03181000	0.05995000	0.03935000
-1	0.05829000	0.04572000	0.05151000	0.04453000	0.06068000	0.04850000	0.03576000	0.05279000
0	0.10424000	0.01552000	0.06278000	0.03929000	0.11217000	0.02467000	0.04630000	0.03611000
1	0.03432000	0.05235000	0.05048000	0.04304000	0.05740000	0.04706000	0.05064000	0.04529000
2	0.05271000	0.02934000	0.04847000	0.05105000	0.10526000	0.01553000	0.06257000	0.04094000
3	0.10775000	0.01724000	0.06043000	0.02023000	0.03358000	0.05376000	0.04961000	0.04457000
4	0.07574000	0.02021000	0.04172000	0.05815000	0.05255000	0.02870000	0.04532000	0.04996000
5	0.07150000	0.02400000	0.07094000	0.03810000	0.10706000	0.01652000	0.06112000	0.01971000
6	0.01831000	0.03099000	0.04927000	0.10611000	0.07671000	0.02028000	0.04231000	0.05989000
7	0.02170000	0.02883000	0.05183000	0.10381000	0.07200000	0.02436000	0.07274000	0.04034000
8	0.07440000	0.02433000	0.06959000	0.03976000	0.01874000	0.03011000	0.04962000	0.10685000
9	0.07470000	0.02084000	0.04771000	0.05675000	0.02134000	0.02939000	0.05259000	0.10222000
10	0.10604000	0.01858000	0.05750000	0.02290000	0.07181000	0.02358000	0.06738000	0.04062000
11	0.05437000	0.03096000	0.04222000	0.04404000	0.07495000	0.01997000	0.04701000	0.05589000
12	0.04072000	0.05070000	0.04519000	0.04730000	0.10441000	0.01868000	0.05772000	0.02262000

most_common_9mers_at_relative_offsets
kind	center_offset	9mer	count
S	-8	CTCCCAAAG	63
S	-8	CCAGCCTGG	48
S	-8	TTTTTTTTT	48
S	-7	TCCCAAAGT	64
S	-7	CAGCCTGGG	43
S	-7	CTGTAATCC	38
S	-6	CCCAAAGTG	63
S	-6	TTTTTGAGA	40
S	-6	ACACACACA	39
S	-5	CCAAAGTGC	60
S	-5	GCTGGGATT	45
S	-5	CACACACAC	40
S	-4	CAAAGTGCT	56
S	-4	CTGGGATTA	44
S	-4	ACACACACA	41
S	-3	AAAGTGCTG	50
S	-3	TGGGATTAC	50
S	-3	CACACACAC	43
S	-2	ACACACACA	53
S	-2	GGGATTACA	50
S	-2	AAGTGCTGG	46
S	-1	CACACACAC	55
S	-1	AGTGCTGGG	48
S	-1	GGATTACAG	48
S	0	CCAGCCTGG	61
S	0	GTGCTGGGA	49
S	0	ACACACACA	49
S	1	GGGGCGGGG	57
S	1	TGCTGGGAT	54
S	1	CACACACAC	50
S	2	GCTGGGATT	78
S	2	GCCCAGGCT	66
S	2	GGGCGGGGC	53
S	3	CCCAGGCTG	81
S	3	CTGGGATTA	79
S	3	CACACACAC	53
S	4	CCAGGCTGG	86
S	4	TGGGATTAC	69
S	4	ACACACACA	56
S	5	CAGGCTGGA	71
S	5	GGGATTACA	70
S	5	CACACACAC	53
S	6	AGGCTGGAG	79
S	6	GGGGCGGGG	74
S	6	GGATTACAG	74
S	7	GATTACAGG	77
S	7	GGGCGGGGC	68
S	7	GGCTGGAGT	68
S	8	CTCCAGCCT	65
S	8	GCTGGAGTG	59
S	8	ATTACAGGC	54
E	-8	TTTTTTTTT	81
E	-8	GCCTCCCAA	75
E	-8	AAAAAAAAA	49
E	-7	CCTCCCAAA	68
E	-7	TTTTTTTTT	60
E	-7	TCCAGCCTG	49
E	-6	CTCCCAAAG	64
E	-6	TTTTTTTTT	53
E	-6	CCAGCCTGG	48
E	-5	TCCCAAAGT	66
E	-5	TTTTTTTTT	51
E	-5	CAGCCTGGG	46
E	-4	CCCAAAGTG	63
E	-4	TTTTTTTTT	46
E	-4	ACACACACA	37
E	-3	CCAAAGTGC	59
E	-3	TTTTTTTTT	42
E	-3	CCAGCCTGG	37
E	-2	CAAAGTGCT	64
E	-2	ACACACACA	41
E	-2	CTGGGATTA	36
E	-1	AAAGTGCTG	59
E	-1	CACACACAC	45
E	-1	GTGGCTCAC	38
E	0	AAGTGCTGG	59
E	0	ACACACACA	46
E	0	GGGATTACA	39
E	1	AGTGCTGGG	64
E	1	CACACACAC	45
E	1	GGATTACAG	40
E	2	GTGCTGGGA	58
E	2	CCAGCCTGG	55
E	2	CCACTGCAC	50
E	3	TGCTGGGAT	61
E	3	CACTGCACT	48
E	3	CACACACAC	46
E	4	GCTGGGATT	84
E	4	GCCCAGGCT	55
E	4	CCCCGCCCC	51
E	5	CTGGGATTA	85
E	5	CCCAGGCTG	71
E	5	CTGCACTCC	45
E	6	CCAGGCTGG	85
E	6	TGGGATTAC	83
E	6	TGCACTCCA	58
E	7	GGGATTACA	82
E	7	CAGGCTGGA	79
E	7	GCACTCCAG	57
E	8	GGATTACAG	85
E	8	AGGCTGGAG	73
E	8	CACTCCAGC	62
