CB	CorrectedReads	MappedReads	DeduplicatedReads	MappingRate	DedupRate	MeanByMax	NumGenesExpressed	NumGenesOverMean	human
ATCGGATGTACTGACT	30471	238	228	0.00781071	0.0420168	0.112593	135	35	human
GAGACCCTCAGCTGTA	12870	295	295	0.0229215	3.98748e-12	0.155591	237	39	human
CCGTGAGTCCATTCAT	11807	240	226	0.0203269	0.0583333	0.0849624	133	25	human
GACACGCTCCATGAGT	16399	656	656	0.0400024	6.45783e-12	0.0307548	395	93	human
TGGATGTCACTGATTG	17922	282	275	0.0157349	0.0248227	0.057232	155	44	human
GTCAAGTCAGACAATA	8006	73	73	0.00911816	0	0.474026	77	60	human
CTGCCATGTGTCTTGA	8520	208	208	0.0244131	2.33741e-11	0.125301	166	34	human
CATCCACAGGCCTGCT	7235	74	70	0.0102281	0.0540541	0.222222	63	10	human
AGGAGGTCAAGCAATA	8576	187	180	0.021805	0.0374332	0.0831025	114	24	human
AACAACCTCGCGTGCA	13440	276	276	0.0205357	1.67626e-11	0.14003	219	43	human
CCAATTTGTCATCCCT	12414	92	88	0.00741099	0.0434783	0.198198	74	14	human
CCAATGAAGCTAGTTC	8669	148	148	0.0170723	3.84137e-14	0.21295	139	17	human
CACGTGGTCTGACAGT	8147	161	161	0.0197619	1.70889e-11	0.213245	151	19	human
TCATGCCGTATCCCAA	7569	90	90	0.0118906	0	0.326087	92	70	human
AGCCAATGTCTACGAT	10402	215	215	0.0206691	1.05717e-11	0.187609	191	28	human
CGGAATTGTCTACAGT	7336	162	162	0.0220829	2.22045e-16	0.136824	148	19	human
TTCGGTCAGAGCAAGA	8007	135	135	0.0168602	1.33403e-11	0.232759	145	110	human
GCATGATGTCTCAGAT	8739	197	182	0.0225426	0.0761421	0.107565	141	21	human
AGTAGCTTCAAACCTG	8364	125	122	0.014945	0.024	0.176046	99	19	human
ATTCCCGCAATCCTTT	9589	242	242	0.0252373	1.11022e-16	0.213216	227	32	human
CAGCAGCCACAGAAGC	11483	332	332	0.0289123	5.55112e-16	0.144097	256	41	human
GTTCTATTCATGAGAA	7078	163	163	0.0230291	1.44321e-11	0.107378	138	15	human
AGTAACCGTCTGTTAG	7168	93	88	0.0129743	0.0537634	0.116402	84	11	human
CCCTAACAGCGTTGTT	7031	188	188	0.0267387	8.44957e-12	0.143293	164	24	human
AATGGCTAGCACACCC	6925	116	116	0.0167509	9.6132e-12	0.278846	104	16	human
CCTCAACCATGGAAGC	6923	172	165	0.0248447	0.0406977	0.0964912	114	17	human
ATCCACCCAACCGTAT	6885	138	131	0.0200436	0.0507246	0.227431	96	23	human
TGACCCTTCAGACAAA	6890	143	143	0.0207547	2.22045e-16	0.201408	142	17	human
GATCAGTTCCGGCAAC	6866	73	73	0.0106321	0	0.462025	79	67	human
TTCATGTGTCACTCAA	6791	151	151	0.0222353	-2.22045e-16	0.22741	166	116	human
CGAATTGCAGTTTGGT	6739	139	134	0.0206262	0.0359712	0.0973837	86	19	human
CTCATTATCGTTATCT	6436	83	80	0.0128962	0.0361446	0.263158	76	9	human
CACACAAAGGTTCATC	6670	179	179	0.0268366	1.06696e-11	0.136225	146	18	human
ACTCCCAGTCCTGGGT	6239	212	211	0.0339798	0.00471698	0.156994	192	31	human
TTACAGGTCCTTATCA	5575	136	136	0.0243946	2.22045e-16	0.280992	121	17	human
GCCAGCATCACATACG	6074	73	73	0.0120184	0	0.450617	81	62	human
CCGTGAGCAGAATTCC	6054	129	129	0.0213082	0	0.228319	113	13	human
GGGATCCTCGGTCATA	5880	168	168	0.0285714	0	0.21	160	18	human
CTTCTCTCACGTATAC	5845	74	69	0.0126604	0.0675676	0.172932	57	7	human
TTCACGCAGCTGTTCA	5741	95	93	0.0165476	0.0210526	0.127747	91	6	human
GCCCGAATCTACGGTA	5697	116	116	0.0203616	0	0.261261	111	14	human
GTTTGGAGTCGAGATG	5677	191	191	0.0336445	3.33067e-14	0.111696	171	22	human
TCTCCGACAGGCTCTG	5648	103	103	0.0182365	-2.22045e-16	0.171667	120	79	human
CACGAATGTGGCACTC	5629	131	131	0.0232723	7.92855e-12	0.166667	131	89	human
TGCGACGGTAGGACTG	5565	140	140	0.0251572	2.20439e-11	0.191257	122	23	human
ACATCGAAGAAACACT	6162	106	103	0.0172022	0.0283019	0.188645	91	14	human
CCTTGTGAGGTCATTC	5370	73	70	0.013594	0.0410959	0.273438	64	10	human
GACCCAGGTCACTGAT	5334	146	145	0.0273716	0.00684932	0.213235	136	15	human
TGCTTGCTCGTAGGGA	6827	3465	3370	0.507544	0.027417	0.0194537	1604	226	human
CACTAAGCAGACCAGA	5235	151	150	0.0288443	0.00662252	0.264085	142	12	human
ATCCCTGCACCTAAAC	5119	148	148	0.0289119	1.82531e-11	0.237179	156	112	human
CTTCGGTTCACCGGGT	5122	110	109	0.021476	0.00909091	0.283854	128	84	human
TCATCCGGTCGAACAG	5105	132	132	0.025857	2.22045e-16	0.139831	118	14	human
TCTCTGGGTATAGGAT	5059	110	107	0.0217434	0.0272727	0.0990741	72	12	human
GCCCGAACACAATGCT	5042	164	164	0.0325268	0	0.211613	155	24	human
CATGCAAAGTCCGCCA	4961	163	163	0.0328563	2.22045e-16	0.147645	138	22	human
GGTTGTAAGTGCAGCA	4955	95	94	0.0191726	0.0105263	0.264045	89	12	human
CGCCATTGTTCTATCT	5026	91	83	0.0181058	0.0879121	0.189498	73	9	human
GTTTGGACACCGAATT	4870	148	148	0.0303901	-4.44089e-16	0.2	148	16	human
TCAGCCTAGCTTACGT	4844	39	39	0.0080512	-4.44089e-16	0.433333	45	33	human
GTAATGCAGCCTGTCG	4757	93	90	0.0195501	0.0322581	0.176125	73	9	human
AGTTAGCGTCCTTGTC	4737	124	119	0.0261769	0.0403226	0.165278	72	18	human
AGAGAATCACGTGTGC	4666	72	70	0.0154308	0.0277778	0.307018	57	10	human
CGTTCTGTCGAGTGAG	4659	137	137	0.0294055	1.5454e-11	0.27621	124	18	human
ACTGTCCGTGGCAACA	4483	95	92	0.0211912	0.0315789	0.111515	75	9	human
GCAACATTCACGGACC	4599	77	73	0.0167428	0.0519481	0.115873	45	9	human
ACTATGGGTAAGCAAT	4631	58	57	0.0125243	0.0172414	0.422222	45	9	human
TTACAGGCAGCATACT	4569	50	47	0.0109433	0.06	0.208889	45	6	human
TTTGTTGTCCGTGACG	4571	109	109	0.023846	9.99201e-14	0.194643	112	84	human
AAGGTAATCATCGCCT	4545	86	82	0.0189219	0.0465116	0.237681	69	11	human
TTCCTTCTCATGTCAG	4552	408	402	0.0896309	0.0147059	0.0192845	128	5	human
TCAGTTTTCTGCGGGT	4543	32	32	0.0070438	1.11022e-16	0.421053	38	28	human
GTATTGGTCCAATCCC	4500	107	107	0.0237778	9.7069e-12	0.363946	98	15	human
TCGAAGTAGGTCGCCT	4482	109	109	0.0243195	-2.22045e-16	0.19292	113	72	human
GAAGTAATCGTGACTA	4649	60	60	0.012906	0	0.46875	64	51	human
CCACGAGAGCCTATCA	4466	86	83	0.0192566	0.0348837	0.167339	62	10	human
CTAACTTTCTGCGTCT	4261	93	89	0.0218259	0.0430108	0.250704	71	14	human
GTTGCTCGTTTACCTT	4451	108	108	0.0242642	9.38016e-12	0.163636	110	79	human
GTTCTATCAACGTTAC	4446	178	177	0.040036	0.00561798	0.19558	181	130	human
AAGTGAAAGTGGACTG	4381	141	141	0.0321844	1.66841e-11	0.255435	138	14	human
GAGGGTATCGGTGAAG	4320	99	99	0.0229167	0	0.242647	102	71	human
AGAAATGTCATTTACC	4346	106	97	0.0243902	0.0849057	0.0658967	92	11	human
CTTACCGTCGGAATGG	4291	50	46	0.0116523	0.08	0.373984	41	6	human
GACATCAAGTCAACAA	4297	40	40	0.00930882	0	0.272109	49	29	human
ATGGTTGAGTAGGAAG	4458	97	97	0.0217586	0	0.266484	91	15	human
GGAATCTCACTACACA	4245	65	64	0.0153121	0.0153846	0.137931	58	8	human
TCTCACGGTCCCTGTT	4225	59	58	0.0139645	0.0169492	0.207143	56	6	human
TTTCGATGTAGACTGG	4199	69	68	0.0164325	0.0144928	0.257576	66	9	human
TGCATCCTCTCTCCGA	4184	98	98	0.0234226	1.92658e-11	0.123737	88	10	human
GTGGAAGTCGAAGCAG	4173	127	127	0.0304337	1.78438e-11	0.124877	113	17	human
TTGTGGAGTATGACAA	4086	134	134	0.0327949	2.2366e-11	0.180108	124	19	human
CAGATCAAGACGACGT	5690	5303	5132	0.931986	0.0322459	0.0138389	146	3	human
TCAAGCAGTTTGTTCT	5309	4938	4783	0.930119	0.0313892	0.0131923	176	3	human
ACTTCGCCACTGTGAT	4040	95	95	0.0235149	5.55112e-16	0.285285	111	74	human
CAATACGTCACCTCTG	4004	97	97	0.0242258	0	0.302181	107	76	human
AACAAGACAAGTTCCA	4282	2053	2030	0.479449	0.0112031	0.0246653	87	3	human
ATCTCTAAGTGCTCGC	5465	5128	4953	0.938335	0.0341264	0.0165123	121	3	human
AGAAGCGGTGGAAATT	5713	5312	5132	0.929809	0.0338855	0.023966	103	3	human
ACGGGTCCATAGATCC	3993	89	89	0.022289	1.11022e-16	0.449495	99	71	human
ACCTGTCGTAGTGGCA	4000	1873	1851	0.46825	0.0117459	0.0213749	89	3	human
CGTTAGATCTTCCGTG	3960	64	61	0.0161616	0.046875	0.225926	54	6	human
CTGGTCTAGGAAAGTG	4592	4300	4148	0.936411	0.0353488	0.0226891	91	3	human
CGGCAGTAGGGTGAAA	3912	77	75	0.019683	0.025974	0.113636	55	10	human
TGTGCGGAGTTGGCTT	3935	105	105	0.0266836	1.11022e-16	0.333333	105	83	human
GGGTTATCAGGACGAT	3882	63	58	0.0162287	0.0793651	0.273585	53	9	human
CTCATCGGTTTCACAG	3907	123	123	0.031482	0	0.212069	116	11	human
CCACACTTCATAGAGA	3876	46	45	0.0118679	0.0217391	0.28125	40	5	human
CCGATGGAGACGATAT	3874	84	79	0.021683	0.0595238	0.121726	59	9	human
GACATCACATGTTCGA	3832	21	19	0.00548017	0.0952381	0.301587	21	14	human
ATTCCCGTCTCAATCT	3824	77	77	0.020136	-2.22045e-16	0.458333	84	66	human
AGCGCCAAGAATTTGG	3819	27	26	0.00706991	0.037037	0.376812	23	2	human
GTGGGAACATCGTGGC	3818	45	45	0.0117863	0	0.340909	44	4	human
ATCACAGGTGAATATG	3802	62	62	0.0163072	0	0.484375	64	56	human
AGCGATTGTAAGGTCG	3746	85	80	0.0226909	0.0588235	0.13468	54	12	human
GCTGAATCAAGGCAAC	3766	66	62	0.0175252	0.0606061	0.177143	50	6	human
TGTTTGTGTTCATCTT	3721	71	68	0.0190809	0.0422535	0.198251	49	10	human
GATGATCCAGCATGCC	3718	63	59	0.0169446	0.0634921	0.187302	45	8	human
ACCCTTGCACTGAATC	4219	3944	3790	0.934819	0.0390467	0.0151998	135	3	human
TGAGGTTTCGTAATGC	3695	77	77	0.020839	-2.22045e-16	0.229167	84	50	human
AGACACTCACTCAGAT	3674	15	15	0.00408274	0	0.9375	16	14	human
TCAAGACAGGCTAACG	3776	1785	1765	0.472722	0.0112045	0.0271932	83	3	human
AACCAACGTCCGGATC	3659	83	81	0.0226838	0.0240964	0.102532	79	7	human
TTGGGATAGTGTAGTA	4194	3860	3758	0.920362	0.0264249	0.0182413	116	3	human
TCAAGTGAGCCAGTAG	3744	1786	1760	0.47703	0.0145577	0.0289707	79	3	human
AGTAGTCAGTCTGCGC	3966	3612	3501	0.910741	0.0307309	0.0182475	114	3	human
TCCGATCGTAGGCAAC	3628	69	68	0.0190187	0.0144928	0.101341	61	6	human
AGATCCACACCTGTCT	3590	58	53	0.016156	0.0862069	0.220833	48	5	human
TAGAGTCCAATGCAGG	3588	75	72	0.020903	0.04	0.268657	67	10	human
CTTCTCTTCGGTCACG	3524	46	46	0.0130533	0	0.867925	53	39	human
CTTACCGCAGATCCAT	3523	66	63	0.018734	0.0454545	0.184211	57	6	human
TCCGAAACAGCGCTTG	3511	48	47	0.0136713	0.0208333	0.5	47	3	human
GTAGAGGTCCTGTTGC	3636	1742	1711	0.479098	0.0177956	0.0250806	90	3	human
TACCGAACAGATTCGT	3488	26	26	0.00745413	1.11022e-16	0.419355	31	20	human
CAGCAGCGTCCACACG	3349	12	12	0.00358316	0	0.428571	14	9	human
AAAGGGCAGAGTGGCT	3287	73	70	0.0222087	0.0410959	0.204082	49	7	human
ACTGTGAGTCCGGATC	3438	69	69	0.0200698	0	0.269531	64	9	human
TTCGATTCAGGAATAT	3263	37	36	0.0113393	0.027027	0.409091	44	31	human
AACAAAGCACTGCGAC	3399	52	50	0.0152986	0.0384615	0.277778	45	6	human
CAGCGTGCAAATGGAT	3398	61	61	0.0179517	0	0.110507	46	6	human
TTTGGTTGTCCAAAGG	3356	89	89	0.0265197	1.32162e-11	0.274691	81	10	human
ACAGAAAGTGTTGATC	3359	77	77	0.0229235	3.33067e-16	0.4375	88	61	human
CCTCACACACTCAGAT	3354	701	696	0.209004	0.00713267	0.0882353	493	107	human
AGAAGTAAGCGCATCC	3278	35	35	0.0106772	0	0.4375	40	31	human
TGCAGTACAATCCTAG	3470	26	25	0.0074928	0.0384615	0.520833	24	3	human
CACCGTTAGAGGACTC	3998	3692	3571	0.923462	0.0327736	0.0203536	104	3	human
CATGCGGTCGCCAGTG	3210	28	26	0.00872274	0.0714286	0.541667	24	4	human
GGGCTCAAGAATCTAG	3324	1556	1532	0.468111	0.0154242	0.0343744	72	3	human
TCAGTGAGTGTGCCTG	3205	66	64	0.0205928	0.030303	0.181818	44	9	human
CGGGTCATCGTAGGAG	3194	71	68	0.0222292	0.0422535	0.354167	64	13	human
ACACTGAAGTATGACA	3107	18	18	0.00579337	0	0.782609	23	13	human
CAATTTCTCACAATGC	3166	21	21	0.00663298	0	0.875	24	18	human
AACGAAAAGTCTACCA	3606	3337	3235	0.925402	0.0305664	0.0307592	87	3	human
GGTGAAGCAGGACTTT	3256	1509	1491	0.463452	0.0119284	0.0257655	74	3	human
GAGCCTGCACGCCACA	3529	3267	3170	0.925758	0.0296908	0.0170053	116	3	human
CGCATGGAGCCACAAG	3139	44	41	0.0140172	0.0681818	0.418367	49	33	human
AGGAAATCACTTGGCG	3123	82	78	0.0262568	0.0487805	0.0742857	42	8	human
ATCCCTGTCGTTGTAG	3468	3226	3132	0.930219	0.0291383	0.0243168	92	3	human
AGGTCATCACGCACCA	3511	3280	3183	0.934207	0.0295732	0.0173556	113	3	human
GTAGGAGTCCCAGTGG	3114	28	28	0.00899165	0	0.345679	27	3	human
AGATAGATCCGGCAAC	3148	1487	1466	0.472363	0.0141224	0.0243118	75	3	human
AGTTCCCCATGAAGCG	3457	3188	3075	0.922187	0.0354454	0.0337408	64	3	human
ATGGGAGCAAGTGGAC	3169	24	24	0.00757337	0	0.96	25	23	human
CAGGTATAGCAGTACG	3091	89	89	0.0287933	-2.22045e-16	0.163004	91	56	human
AATAGAGCAAAGTGTA	3079	55	51	0.0178629	0.0727273	0.151786	42	3	human
ACTTCCGCACTCTCGT	3061	99	99	0.0323424	-2.22045e-16	0.204124	97	9	human
CTAACTTGTGTGATGG	3302	3037	2933	0.919746	0.0342443	0.0225461	103	3	human
TGGCGTGTCCGGTAAT	3054	80	80	0.0261952	2.22045e-16	0.197531	81	56	human
CACGTTCTCCCGTGTT	2926	93	93	0.031784	0	0.202174	92	8	human
CAATTTCAGTCTTGGT	3015	17	17	0.00563847	0	0.62963	27	13	human
AGGCATTAGTTACGAA	3033	35	31	0.0115397	0.114286	0.5	31	26	human
AGGTAGGAGTGCCTCG	3013	13	13	0.00431464	0	0.866667	15	11	human
ATCATTCCACTCATAG	3007	15	15	0.00498836	0	0.882353	17	14	human
GTTACGAAGTATGAGT	2994	50	50	0.0167001	0	0.438596	57	41	human
CGGTCAGAGATTAGAC	2973	62	62	0.0208544	0	0.287037	54	7	human
GCTGGGTGTTGGCTAT	2954	54	52	0.0182803	0.037037	0.302326	43	7	human
TTTGGTTCAGCGTATT	2928	76	76	0.0259563	2.06363e-11	0.298039	85	58	human
TTCTAACAGAGCCGAT	3046	62	62	0.0203546	0	0.231343	67	44	human
CCTAACCCATGTCGTA	2994	1439	1403	0.480628	0.0250174	0.0251976	87	3	human
CTCCACATCTACACAG	2910	21	21	0.00721649	0	0.84	25	19	human
GACGTTAAGCCGCTTG	3086	2813	2718	0.911536	0.0337718	0.0197373	117	3	human
TCACACCGTGGGAGAG	2895	63	58	0.0217617	0.0793651	0.128889	50	5	human
TCACACCCAGTATTCG	2897	94	94	0.0324474	0	0.174074	90	8	human
ATCCTATAGGCCATAG	2868	57	54	0.0198745	0.0526316	0.179402	43	6	human
ATCGGATGTTAGGGAC	3059	2892	2793	0.945407	0.0342324	0.0398648	64	3	human
CTGAGCGCACCCTATC	2880	1360	1340	0.472222	0.0147059	0.0244628	93	3	human
CACTAAGAGGTTCTTG	2874	1350	1332	0.469729	0.0133333	0.0255934	96	4	human
AGGCTGCGTAATTGGA	2835	38	34	0.0134039	0.105263	0.272	25	5	human
ATCGTGACAGCAGACA	2878	1393	1369	0.484017	0.017229	0.0271025	82	3	human
CGTGAATTCATCGGGC	2769	47	47	0.0169736	0	0.364341	43	8	human
TCCGTGTTCCCTCAAC	2840	1353	1331	0.476408	0.0162602	0.0306887	79	3	human
TCGGATAGTGTTCCTC	2800	618	604	0.220714	0.0226537	0.0967949	480	89	human
TACCGGGGTCCAGGTC	2759	19	18	0.00688655	0.0526316	0.5625	16	4	human
CTCAGGGAGCCAACCC	2802	1281	1255	0.457173	0.0202966	0.0368046	61	3	human
TAAGCACGTAGAGTTA	2748	30	30	0.010917	0	0.483871	31	27	human
GAGGGTAAGTCCGCGT	2752	25	25	0.0090843	0	0.961538	26	24	human
TGGGAGAAGTCTACCA	2776	1317	1300	0.474424	0.0129081	0.0271887	78	3	human
AGAACCTCAACTGAAA	2740	39	39	0.0142336	0	0.47561	41	33	human
GGGCTCAGTTGACGGA	2913	2719	2627	0.933402	0.033836	0.0453964	46	3	human
GGGTGTCCAATTGCAC	2762	1342	1321	0.48588	0.0156483	0.0277638	60	3	human
ACTACGAGTCAAGGCA	2712	19	19	0.0070059	0	0.527778	18	1	human
GGGACAATCGTGGGTC	2710	108	108	0.0398524	1.08911e-11	0.278351	97	14	human
CTCATGCGTGTCCCTT	2706	42	42	0.0155211	-2.22045e-16	0.381818	55	35	human
CATGCCTGTGGAACCA	2732	1301	1283	0.476208	0.0138355	0.0296991	80	3	human
CACAACATCACTGGTA	2701	54	54	0.0199926	0	0.192857	56	43	human
GCGTGCAAGCTGTCCG	2700	55	55	0.0203704	-2.22045e-16	0.392857	70	44	human
TTGTGGAGTGCATTTG	2724	1293	1280	0.47467	0.0100541	0.0255591	80	3	human
CCGGGTAAGGGTTTCT	2850	2647	2560	0.928772	0.0328674	0.033236	65	3	human
ATTCGTTAGTTGGGAC	2680	24	24	0.00895522	0	0.96	25	23	human
GGTTGTAGTAGCTTTG	2682	1285	1259	0.47912	0.0202335	0.0292491	68	3	human
AACGGGAGTCCAGCCA	2659	38	36	0.0142911	0.0526316	0.387097	31	5	human
ATACCGACACCCAATA	2644	20	20	0.0075643	0	0.37037	27	16	human
TCATTGTGTCTGTGCG	2529	31	31	0.0122578	0	0.837838	37	25	human
CCGGTGAAGCTTCGTA	2674	1300	1272	0.486163	0.0215385	0.0220833	75	3	human
AGTGATCCAAATAAGC	2588	17	17	0.00656878	0	0.894737	19	15	human
CCCTAACTCGGAATGG	2568	55	55	0.0214174	0	0.316092	58	44	human
ATCATTCAGCCGTCGT	2676	2534	2457	0.946936	0.0303867	0.0464286	42	3	human
GACAGCCCACGGAAGT	2541	18	18	0.00708383	0	0.857143	21	17	human
TGAGGAGGTGGCACTC	2616	1261	1240	0.482034	0.0166534	0.0286652	86	3	human
CACAGGCGTGTACGCC	2498	1158	1142	0.463571	0.0138169	0.0435147	54	3	human
AGGCATTCAGCGTACC	2627	24	24	0.0091359	0	0.413793	29	16	human
GGGCCATGTATGTCAC	2680	2517	2432	0.939179	0.0337704	0.0220566	94	3	human
CGAAGGAGTCAATCTG	2512	14	14	0.00557325	-2.22045e-16	0.35	20	10	human
ACGGTCGGTAAGCGGT	2542	1186	1166	0.466562	0.0168634	0.04232	56	3	human
TGGGAGAAGCCTCTGG	2548	55	53	0.0215856	0.0363636	0.315476	56	40	human
AACGTCACACGGTAGA	2495	21	21	0.00841683	0	0.5	21	1	human
TCACAAGAGAATTCAG	2672	2455	2378	0.918787	0.0313646	0.0276653	76	3	human
GTGTCCTTCACTTATC	2670	2533	2458	0.948689	0.0296092	0.0356129	68	3	human
CCAAGCGCATCCGAGC	2541	16	16	0.00629673	0	0.761905	21	12	human
GGGACCTGTTATGACC	2411	11	11	0.00456242	1.11022e-16	0.55	20	8	human
TAGGGTTGTGCAAGAC	2393	79	79	0.033013	1.48892e-11	0.195062	81	56	human
CGGTCAGAGGCTGTAG	2446	1162	1144	0.475061	0.0154905	0.0390324	53	3	human
GCTGGGTAGTCACTCA	2362	21	21	0.00889077	0	0.913043	23	19	human
AAGACTCTCACCTCGT	2432	1132	1109	0.465461	0.020318	0.0215444	133	3	human
ATCAGGTAGGTAACTA	2362	23	23	0.00973751	1.11022e-16	0.793103	29	20	human
GACGTTAGTCTTCATT	2359	13	13	0.00551081	0	0.866667	15	12	human
GGGTATTGTCTCGACG	2493	2304	2234	0.924188	0.0303819	0.0360565	73	3	human
TCCTAATTCTACGGTA	2380	2212	2142	0.929412	0.0316456	0.040602	44	3	human
TGGCGTGAGCACCTGC	2356	2177	2097	0.924024	0.0367478	0.0333047	66	3	human
