CB	CorrectedReads	MappedReads	DeduplicatedReads	MappingRate	DedupRate	MeanByMax	NumGenesExpressed	NumGenesOverMean
GAGACCCTCAGCTGTA	12870	100	100	0.00777001	0	0.229885	87	14
CCAATGAAGCTAGTTC	8669	32	32	0.00369131	0	0.5	32	3
CAGCAGCCACAGAAGC	11483	97	97	0.00844727	1.11022e-16	0.202083	80	14
CGGAATTGTCTACAGT	7336	50	50	0.0068157	5.55112e-16	0.248756	67	31
TTCGGTCAGAGCAAGA	8007	39	39	0.00487074	0	0.423913	46	31
ATTCCCGCAATCCTTT	9589	87	87	0.0090729	0	0.325843	89	65
AACAACCTCGCGTGCA	13440	77	77	0.00572917	0	0.283088	68	15
GACACGCTCCATGAGT	16399	214	214	0.0130496	0	0.0831391	117	28
AGCCAATGTCTACGAT	10402	60	60	0.00576812	2.61388e-11	0.263158	57	7
GTCAAGTCAGACAATA	8006	20	20	0.00249813	0	0.384615	26	14
TCATGCCGTATCCCAA	7569	29	29	0.00383142	0	0.878788	33	27
CTGCCATGTGTCTTGA	8520	54	54	0.00633803	0	0.382979	47	9
GCATGATGTCTCAGAT	8739	5526	5019	0.632338	0.0917481	0.0290189	2436	409
CATCCACAGGCCTGCT	7235	2828	2572	0.390878	0.0905233	0.00623983	1521	306
AGTAGCTTCAAACCTG	8364	4634	4265	0.554041	0.0796288	0.0469778	2421	654
CACGTGGTCTGACAGT	8147	57	57	0.00699644	-4.44089e-16	0.256757	74	44
CCGTGAGTCCATTCAT	11807	6627	6151	0.561277	0.0718274	0.0246127	2808	480
CACACAAAGGTTCATC	6670	49	49	0.00734633	0	0.371212	44	7
CCCTAACAGCGTTGTT	7031	53	53	0.00753805	4.44089e-16	0.170968	62	37
GTTCTATTCATGAGAA	7078	57	57	0.00805312	0	0.202128	47	6
AATGGCTAGCACACCC	6925	43	43	0.00620939	0	0.298611	48	32
TTCATGTGTCACTCAA	6791	43	43	0.00633191	-2.22045e-16	0.383929	56	32
GATCAGTTCCGGCAAC	6866	27	27	0.00393242	0	0.409091	33	22
TGACCCTTCAGACAAA	6890	40	40	0.00580552	0	0.540541	37	5
TGCTTGCTCGTAGGGA	6827	80	80	0.0117182	1.14897e-12	0.199005	67	14
CCTCAACCATGGAAGC	6923	4129	3746	0.596418	0.0927585	0.040799	1996	579
AGTAACCGTCTGTTAG	7168	4265	3944	0.595006	0.0752638	0.0272798	2008	605
AGGAGGTCAAGCAATA	8576	5174	4784	0.603312	0.0753769	0.0239915	2292	369
ACTCCCAGTCCTGGGT	6239	60	60	0.00961693	6.19992e-11	0.145278	59	14
ATCCACCCAACCGTAT	6885	4412	4040	0.640813	0.0843155	0.0293391	2295	663
GCCAGCATCACATACG	6074	27	27	0.00444518	0	0.5	27	4
CTCATTATCGTTATCT	6436	3104	2874	0.482287	0.0740979	0.0399989	1633	467
CGAATTGCAGTTTGGT	6739	3593	3303	0.533165	0.0807125	0.0266139	1748	438
GGGATCCTCGGTCATA	5880	40	40	0.00680272	-2.22045e-16	0.363636	55	31
CCGTGAGCAGAATTCC	6054	31	31	0.00512058	0	0.221429	28	3
GCCCGAATCTACGGTA	5697	36	36	0.00631912	0	0.315789	38	31
AGAAGCGGTGGAAATT	5713	3	3	0.000525118	0	1	3	0
CAGATCAAGACGACGT	5690	9	9	0.00158172	0	0.428587	7	3
TCTCCGACAGGCTCTG	5648	37	37	0.00655099	3.33067e-16	0.362745	51	31
CACGAATGTGGCACTC	5629	37	37	0.0065731	0	0.300813	41	28
TTACAGGTCCTTATCA	5575	54	54	0.0096861	-2.22045e-16	0.382979	47	9
GTTTGGAGTCGAGATG	5677	55	55	0.00968822	-2.22045e-16	0.561224	49	13
CTTCTCTCACGTATAC	5845	3584	3328	0.613174	0.0714286	0.0189798	1686	474
TGCGACGGTAGGACTG	5565	49	49	0.00880503	-2.22045e-16	0.266304	46	7
ACATCGAAGAAACACT	6162	3475	3191	0.56394	0.0817266	0.04605	1824	490
TGGATGTCACTGATTG	17922	13658	12542	0.76208	0.0817104	0.0116716	3010	410
ATCTCTAAGTGCTCGC	5465	9	9	0.00164684	0	0.675	8	3
GACCCAGGTCACTGAT	5334	46	46	0.00862392	0	0.213953	43	3
TCAAGCAGTTTGTTCT	5309	6	6	0.00113016	0	0.857143	7	5
TTCACGCAGCTGTTCA	5741	3176	2898	0.553214	0.0875315	0.0436334	1703	444
CCTTGTGAGGTCATTC	5370	2726	2520	0.507635	0.0755686	0.0609963	1589	389
CTTCGGTTCACCGGGT	5122	40	40	0.00780945	0	0.310078	43	30
CACTAAGCAGACCAGA	5235	39	39	0.00744986	-4.44089e-16	0.40625	48	33
ATCCCTGCACCTAAAC	5119	45	45	0.00879078	0	0.288462	52	36
TCATCCGGTCGAACAG	5105	44	44	0.008619	0	0.29932	49	32
CATGCAAAGTCCGCCA	4961	51	51	0.0102802	0	0.221739	46	6
GGTTGTAAGTGCAGCA	4955	33	33	0.00665994	0	0.392857	42	26
GCCCGAACACAATGCT	5042	55	55	0.0109084	4.12023e-11	0.316092	58	41
TCAGCCTAGCTTACGT	4844	13	13	0.00268373	1.11022e-16	0.565217	23	10
GTTTGGACACCGAATT	4870	50	50	0.0102669	0	0.340136	49	5
GAAGTAATCGTGACTA	4649	15	15	0.0032265	0	0.789474	19	13
TCTCTGGGTATAGGAT	5059	2905	2705	0.574224	0.0688468	0.0345083	1537	365
GTAATGCAGCCTGTCG	4757	2497	2292	0.524911	0.0820985	0.05728	1482	323
CGTTCTGTCGAGTGAG	4659	46	46	0.00987336	0	0.365079	42	8
AGTTAGCGTCCTTGTC	4737	3340	3049	0.705088	0.0871257	0.0569513	1727	432
CGCCATTGTTCTATCT	5026	2680	2454	0.533227	0.0843284	0.0394033	1519	340
CTGGTCTAGGAAAGTG	4592	3	3	0.00065331	0	1	3	0
TTTGTTGTCCGTGACG	4571	31	31	0.00678189	0	0.469697	33	26
TCAGTTTTCTGCGGGT	4543	10	10	0.00220119	0	0.666667	15	9
GTATTGGTCCAATCCC	4500	31	31	0.00688889	1.11022e-16	0.442857	35	25
ACTATGGGTAAGCAAT	4631	2454	2270	0.529907	0.0749796	0.0610625	1487	334
TCGAAGTAGGTCGCCT	4482	34	34	0.0075859	0	0.515152	33	3
AGAGAATCACGTGTGC	4666	3196	2935	0.684955	0.0816646	0.0120943	1498	413
TTCCTTCTCATGTCAG	4552	135	134	0.0296573	0.00740741	0.241007	139	108
GCAACATTCACGGACC	4599	2645	2373	0.575125	0.102836	0.0289981	1387	337
TTACAGGCAGCATACT	4569	1768	1621	0.386956	0.0831448	0.0755007	1130	225
ATGGTTGAGTAGGAAG	4458	33	33	0.00740242	0	0.392857	42	27
GTTGCTCGTTTACCTT	4451	25	25	0.00561672	0	0.5	25	1
GTTCTATCAACGTTAC	4446	45	45	0.0101215	-2.22045e-16	0.416667	54	35
AAGGTAATCATCGCCT	4545	2504	2287	0.550935	0.0866613	0.0612808	1555	359
GACATCAAGTCAACAA	4297	12	12	0.00279265	0	1	12	0
CCACGAGAGCCTATCA	4466	2506	2288	0.561129	0.0869912	0.0542244	1455	342
AAGTGAAAGTGGACTG	4381	33	33	0.00753253	0	0.266129	31	5
AGAAATGTCATTTACC	4346	2593	2340	0.596641	0.0975704	0.0271837	1459	349
GAGGGTATCGGTGAAG	4320	25	25	0.00578704	0	0.403226	31	23
AACAAGACAAGTTCCA	4282	1339	1271	0.312704	0.0507842	0.0800781	992	183
CTAACTTTCTGCGTCT	4261	2629	2449	0.616991	0.0684671	0.0364978	1525	374
ACTGTCCGTGGCAACA	4483	2637	2417	0.588222	0.0834281	0.0412324	1543	354
CTTACCGTCGGAATGG	4291	2227	2039	0.518993	0.0844185	0.00727305	1246	219
TTGGGATAGTGTAGTA	4194	4	4	0.000953743	0	0.666667	6	3
TCTCACGGTCCCTGTT	4225	2160	1983	0.511243	0.0819444	0.0527997	1391	300
ACCCTTGCACTGAATC	4219	4	4	0.000948092	1.11022e-16	0.5	4	1
TGCATCCTCTCTCCGA	4184	33	33	0.00788719	0	0.445946	37	28
GTGGAAGTCGAAGCAG	4173	39	39	0.00934579	1.96658e-11	0.210811	37	4
ACTTCGCCACTGTGAT	4040	40	40	0.00990099	6.66134e-16	0.196078	68	34
TTGTGGAGTATGACAA	4086	40	40	0.00978953	0	0.380952	35	6
GGAATCTCACTACACA	4245	2330	2124	0.548881	0.088412	0.052408	1398	297
CAATACGTCACCTCTG	4004	28	28	0.00699301	2.22045e-16	0.285714	49	23
TTTCGATGTAGACTGG	4199	2392	2221	0.569659	0.0714883	0.0556991	1375	307
ACCTGTCGTAGTGGCA	4000	949	914	0.23725	0.0368809	0.097754	748	104
AGTAGTCAGTCTGCGC	3966	7	7	0.001765	0	0.4375	8	5
CACCGTTAGAGGACTC	3998	5	5	0.00125063	0	0.357143	7	2
ACGGGTCCATAGATCC	3993	31	31	0.00776359	0	0.292453	53	26
CCAATTTGTCATCCCT	12414	9562	8670	0.770259	0.0932859	0.000935815	1704	101
TGTGCGGAGTTGGCTT	3935	29	29	0.00736976	0	0.322222	30	24
CTCATCGGTTTCACAG	3907	35	35	0.00895828	2.22045e-16	0.29661	59	28
CGGCAGTAGGGTGAAA	3912	2275	2078	0.581544	0.0865934	0.0472037	1334	299
CGTTAGATCTTCCGTG	3960	2124	1946	0.536364	0.0838041	0.0689484	1344	316
ATTCCCGTCTCAATCT	3824	24	24	0.00627615	1.11022e-16	0.324324	37	17
GTGGGAACATCGTGGC	3818	14	14	0.00366684	-2.22045e-16	0.368421	19	8
GGGTTATCAGGACGAT	3882	2552	2374	0.657393	0.0697492	0.0459285	1397	373
AGCGCCAAGAATTTGG	3819	1475	1347	0.386227	0.0867797	0.0102687	825	117
ATCACAGGTGAATATG	3802	16	16	0.00420831	0	0.363636	22	11
CCGATGGAGACGATAT	3874	2427	2207	0.626484	0.0906469	0.0384495	1435	318
TCAAGACAGGCTAACG	3776	1151	1110	0.30482	0.0356212	0.0602704	877	142
CCACACTTCATAGAGA	3876	1932	1768	0.498452	0.0848861	0.0463826	1230	257
TCAAGTGAGCCAGTAG	3744	1116	1089	0.298077	0.0241935	0.0825	880	142
GCTGAATCAAGGCAAC	3766	2181	1993	0.579129	0.086199	0.0434205	1275	279
TGAGGTTTCGTAATGC	3695	24	24	0.00649526	1.11022e-16	0.32	25	17
AGACACTCACTCAGAT	3674	6	6	0.0016331	0	0.75	8	5
TGTTTGTGTTCATCTT	3721	2364	2171	0.635313	0.0816413	0.0596937	1347	322
AGCGATTGTAAGGTCG	3746	2591	2362	0.691671	0.0883829	0.0338905	1315	337
GATGATCCAGCATGCC	3718	1888	1731	0.5078	0.0831568	0.0600645	1253	247
GTAGAGGTCCTGTTGC	3636	1231	1180	0.338559	0.0414297	0.0662921	890	151
AACCAACGTCCGGATC	3659	2191	1993	0.598797	0.0903697	0.0432696	1316	281
GAGCCTGCACGCCACA	3529	5	5	0.00141683	2.23019e-10	0.416667	4	1
TCCGATCGTAGGCAAC	3628	2162	2008	0.595921	0.0712303	0.0314985	1301	280
AACGAAAAGTCTACCA	3606	3	3	0.000831947	0	0.5	6	1
CTTCTCTTCGGTCACG	3524	17	17	0.00482406	0	0.708333	24	12
TCCGAAACAGCGCTTG	3511	15	15	0.00427229	0	0.576923	13	2
TAGAGTCCAATGCAGG	3588	2120	1941	0.590858	0.084434	0.0602084	1194	268
AGGTCATCACGCACCA	3511	4	4	0.00113928	0	1	3	0
AGATCCACACCTGTCT	3590	1889	1735	0.526184	0.0815246	0.0503949	1230	247
TACCGAACAGATTCGT	3488	8	8	0.00229358	0	0.888889	9	7
CTTACCGCAGATCCAT	3523	2131	1951	0.604882	0.0844674	0.0377063	1262	278
ATCCCTGTCGTTGTAG	3468	3	3	0.000865052	0	0.6	5	2
TGCAGTACAATCCTAG	3470	1891	1741	0.544957	0.0793231	0.0102844	766	60
GACATCACATGTTCGA	3832	1268	1149	0.330898	0.0938486	0.0192314	616	79
ACTGTGAGTCCGGATC	3438	17	17	0.00494474	4.44089e-16	0.386364	22	15
AACAAAGCACTGCGAC	3399	1943	1746	0.571639	0.10139	0.0549991	1221	258
CAGCGTGCAAATGGAT	3398	1842	1683	0.542084	0.0863192	0.0381598	1192	242
ACAGAAAGTGTTGATC	3359	17	17	0.00506103	0	0.772727	22	13
TTTGGTTGTCCAAAGG	3356	29	29	0.00864124	3.33067e-16	0.237705	61	23
CTAACTTGTGTGATGG	3302	2	2	0.000605694	0	1	2	0
GGGCTCAAGAATCTAG	3324	833	813	0.250602	0.0240096	0.111066	732	102
CCTCACACACTCAGAT	3354	711	694	0.211986	0.02391	0.00786803	299	18
CAGCAGCGTCCACACG	3349	2	2	0.000597193	0	1	2	0
TTCGATTCAGGAATAT	3263	12	12	0.0036776	0	0.6	20	9
AGAAGTAAGCGCATCC	3278	13	13	0.00396583	0	0.464286	14	10
GGTGAAGCAGGACTTT	3256	1011	972	0.310504	0.0385757	0.0925714	750	142
CAATTTCTCACAATGC	3166	9	9	0.0028427	0	0.9	10	8
TCAGTGAGTGTGCCTG	3205	1911	1747	0.596256	0.0858189	0.0516711	1127	257
CGGGTCATCGTAGGAG	3194	1990	1832	0.623043	0.079397	0.0533427	1272	285
AAAGGGCAGAGTGGCT	3287	2203	1997	0.670216	0.0935089	0.0516021	1290	306
ATGGGAGCAAGTGGAC	3169	10	10	0.00315557	0	0.909091	11	9
CATGCGGTCGCCAGTG	3210	1374	1286	0.428037	0.0640466	0.0312412	876	140
AGATAGATCCGGCAAC	3148	570	553	0.181067	0.0298246	0.0742275	497	55
ACACTGAAGTATGACA	3107	3	3	0.000965562	0	1	3	0
ACTTCCGCACTCTCGT	3061	26	26	0.00849396	1.11022e-16	0.40625	32	19
AGGAAATCACTTGGCG	3123	1935	1763	0.619597	0.0888889	0.0262028	1103	236
ATCGGATGTTAGGGAC	3059	1	1	0.000326904	0	1	3	0
CGCATGGAGCCACAAG	3139	1625	1506	0.517681	0.0732308	0.0834441	1128	231
CAGGTATAGCAGTACG	3091	23	23	0.00744096	1.11022e-16	0.310811	37	16
TGGCGTGTCCGGTAAT	3054	27	27	0.00884086	1.11022e-16	0.391304	23	4
AGGTAGGAGTGCCTCG	3013	1	1	0.000331895	0	1	1	0
GTAGGAGTCCCAGTGG	3114	1648	1502	0.529223	0.0885922	0.010743	732	51
ATCATTCCACTCATAG	3007	3	3	0.000997672	0	0.5	6	1
TTCTAACAGAGCCGAT	3046	20	20	0.00656599	2.22045e-16	0.8	25	16
CAATTTCAGTCTTGGT	3015	5	5	0.00165837	0	1	5	0
AATAGAGCAAAGTGTA	3079	1974	1815	0.641117	0.0805471	0.0907092	1177	264
GTTACGAAGTATGAGT	2994	17	17	0.00567802	0	0.894737	19	16
AGGCATTAGTTACGAA	3033	1164	1062	0.383778	0.0876289	0.0674029	808	128
CCTAACCCATGTCGTA	2994	885	847	0.295591	0.0429379	0.070174	710	116
TTTGGTTCAGCGTATT	2928	24	24	0.00819672	1.11022e-16	0.5	24	19
GGGCTCAGTTGACGGA	2913	2	2	0.000686577	0	0.666667	3	1
CACGTTCTCCCGTGTT	2926	36	36	0.0123035	0	0.363636	33	6
CTCCACATCTACACAG	2910	7	7	0.0024055	0	0.777778	9	5
GCTGGGTGTTGGCTAT	2954	1599	1476	0.5413	0.0769231	0.0580759	1105	208
CGGTCAGAGATTAGAC	2973	1918	1787	0.64514	0.0683003	0.0539032	1184	265
TCACACCCAGTATTCG	2897	26	26	0.0089748	0	0.433333	30	23
TCACACCGTGGGAGAG	2895	1777	1615	0.613817	0.0911649	0.0306161	1055	212
CACTAAGAGGTTCTTG	2874	882	844	0.306889	0.0430839	0.0850292	709	102
CCGGGTAAGGGTTTCT	2850	2	2	0.000701754	1.11022e-16	0.8	5	2
TCCGTGTTCCCTCAAC	2840	897	864	0.315845	0.0367893	0.0650553	699	120
ATCGTGACAGCAGACA	2878	877	863	0.304726	0.0159635	0.12437	771	105
CTGAGCGCACCCTATC	2880	841	817	0.292014	0.0285375	0.123005	738	112
CTCAGGGAGCCAACCC	2802	384	374	0.137045	0.0260417	0.0594784	262	37
ATCCTATAGGCCATAG	2868	1628	1496	0.567643	0.0810811	0.0426162	1097	215
TGGGAGAAGTCTACCA	2776	925	882	0.333213	0.0464865	0.0950226	714	127
TAAGCACGTAGAGTTA	2748	5	5	0.00181951	0	1	5	0
AGGCTGCGTAATTGGA	2835	1768	1608	0.623633	0.0904977	0.0594675	1040	227
GAGGGTAAGTCCGCGT	2752	7	7	0.0025436	0	0.875	8	6
CGTGAATTCATCGGGC	2769	1728	1600	0.624052	0.0740741	0.059952	1112	250
GGGTGTCCAATTGCAC	2762	859	827	0.311007	0.0372526	0.089638	659	111
TCGGATAGTGTTCCTC	2800	841	803	0.300357	0.0451843	0.0412641	695	88
CATGCCTGTGGAACCA	2732	388	369	0.14202	0.0489691	0.0886875	347	36
AGAACCTCAACTGAAA	2740	1368	1251	0.49927	0.0855263	0.0644181	971	178
GGGACAATCGTGGGTC	2710	32	32	0.0118081	1.11022e-16	0.304762	35	21
ACTACGAGTCAAGGCA	2712	3	3	0.00110619	0	1	3	0
TACCGGGGTCCAGGTC	2759	805	736	0.291772	0.0857143	0.0329749	496	71
CTCATGCGTGTCCCTT	2706	7	7	0.00258684	0	0.875	8	6
TTGTGGAGTGCATTTG	2724	808	768	0.296623	0.049505	0.0483232	691	91
CACAACATCACTGGTA	2701	16	16	0.00592373	0	0.888889	18	15
GCGTGCAAGCTGTCCG	2700	16	16	0.00592593	0	0.941176	17	15
ATTCGTTAGTTGGGAC	2680	7	7	0.00261194	0	1	7	0
GGTTGTAGTAGCTTTG	2682	815	795	0.303878	0.0245399	0.103394	699	103
TCACAAGAGAATTCAG	2672	4	4	0.00149701	0	0.666667	6	3
GGGCCATGTATGTCAC	2680	1	1	0.000373134	0	1	2	0
AACGGGAGTCCAGCCA	2659	1525	1410	0.573524	0.0754098	0.0706484	1174	201
ATACCGACACCCAATA	2644	6	6	0.00226929	0	0.857143	7	4
CCGGTGAAGCTTCGTA	2674	868	847	0.324607	0.0241935	0.102394	752	119
AGGCATTCAGCGTACC	2627	6	6	0.00228397	0	0.857143	7	5
TGAGGAGGTGGCACTC	2616	854	827	0.326453	0.0316159	0.0621805	700	118
CCCTAACTCGGAATGG	2568	14	14	0.00545171	2.22045e-16	0.56	25	9
GTGTCCTTCACTTATC	2670	1	1	0.000374532	0	1	3	0
AGTGATCCAAATAAGC	2588	3	3	0.0011592	0	1	3	0
ACGGTCGGTAAGCGGT	2542	491	480	0.193155	0.0224033	0.0634921	378	54
TCATTGTGTCTGTGCG	2529	6	6	0.00237248	0	1	6	0
CCAAGCGCATCCGAGC	2541	7	7	0.00275482	0	1	7	0
GACAGCCCACGGAAGT	2541	2	2	0.000787092	0	1	2	0
TGGGAGAAGCCTCTGG	2548	1437	1326	0.563972	0.0772443	0.0643373	1031	183
AACGTCACACGGTAGA	2495	11	11	0.00440882	0	0.458333	12	8
CGAAGGAGTCAATCTG	2512	4	4	0.00159236	0	1	4	0
CACAGGCGTGTACGCC	2498	773	748	0.309448	0.0323415	0.0879793	654	102
GGGTATTGTCTCGACG	2493	2	2	0.000802246	0	0.666667	3	1
AAGACTCTCACCTCGT	2432	678	652	0.278783	0.0383481	0.111625	649	77
TCCTAATTCTACGGTA	2380	1	1	0.000420168	0	1	1	0
CGGTCAGAGGCTGTAG	2446	652	628	0.266558	0.0368098	0.0383675	372	36
ATCAGGTAGGTAACTA	2362	9	9	0.00381033	0	0.9	10	8
GCTGGGTAGTCACTCA	2362	4	4	0.00169348	0	0.666667	6	3
TAGGGTTGTGCAAGAC	2393	24	24	0.0100293	0	0.363636	33	19
GACGTTAGTCTTCATT	2359	5	5	0.00211954	0	0.833333	6	4
TGGCGTGAGCACCTGC	2356	1	1	0.000424448	0	1	1	0
GGGACCTGTTATGACC	2411	4	4	0.00165906	0	1	4	0
ATCGGATGTACTGACT	30471	21585	19600	0.708378	0.091962	0.000539315	3415	224
