chr1	0	224557315	248956422	0.901994
chr1	1	17535893	248956422	0.0704376
chr1	2	3917453	248956422	0.0157355
chr1	3	1159046	248956422	0.00465562
chr1	4	484598	248956422	0.00194652
chr1	5	270254	248956422	0.00108555
chr1	6	178572	248956422	0.000717282
chr1	7	127275	248956422	0.000511234
chr1	8	95664	248956422	0.00038426
chr1	9	75388	248956422	0.000302816
chr1	10	59770	248956422	0.000240082
chr1	11	51185	248956422	0.000205598
chr1	12	42738	248956422	0.000171669
chr1	13	36369	248956422	0.000146086
chr1	14	31487	248956422	0.000126476
chr1	15	27877	248956422	0.000111975
chr1	16	24427	248956422	9.81176e-05
chr1	17	21714	248956422	8.72201e-05
chr1	18	19587	248956422	7.86764e-05
chr1	19	17895	248956422	7.18801e-05
chr1	20	16231	248956422	6.51962e-05
chr1	21	14980	248956422	6.01712e-05
chr1	22	13812	248956422	5.54796e-05
chr1	23	12926	248956422	5.19207e-05
chr1	24	11850	248956422	4.75987e-05
chr1	25	10592	248956422	4.25456e-05
chr1	26	9814	248956422	3.94206e-05
chr1	27	8995	248956422	3.61308e-05
chr1	28	8714	248956422	3.50021e-05
chr1	29	7590	248956422	3.04873e-05
chr1	30	7465	248956422	2.99852e-05
chr1	31	6993	248956422	2.80893e-05
chr1	32	6603	248956422	2.65227e-05
chr1	33	6071	248956422	2.43858e-05
chr1	34	5492	248956422	2.20601e-05
chr1	35	5339	248956422	2.14455e-05
chr1	36	4871	248956422	1.95657e-05
chr1	37	4427	248956422	1.77822e-05
chr1	38	4409	248956422	1.77099e-05
chr1	39	4078	248956422	1.63804e-05
chr1	40	3743	248956422	1.50348e-05
chr1	41	3464	248956422	1.39141e-05
chr1	42	3264	248956422	1.31107e-05
chr1	43	2959	248956422	1.18856e-05
chr1	44	2790	248956422	1.12068e-05
chr1	45	2583	248956422	1.03753e-05
chr1	46	2235	248956422	8.97747e-06
chr1	47	2049	248956422	8.23036e-06
chr1	48	1962	248956422	7.8809e-06
chr1	49	1905	248956422	7.65194e-06
chr1	50	1710	248956422	6.86867e-06
chr1	51	1530	248956422	6.14565e-06
chr1	52	1501	248956422	6.02917e-06
chr1	53	1390	248956422	5.58331e-06
chr1	54	1359	248956422	5.45879e-06
chr1	55	1222	248956422	4.90849e-06
chr1	56	1144	248956422	4.59518e-06
chr1	57	1086	248956422	4.36221e-06
chr1	58	956	248956422	3.84003e-06
chr1	59	885	248956422	3.55484e-06
chr1	60	782	248956422	3.14111e-06
chr1	61	775	248956422	3.11299e-06
chr1	62	704	248956422	2.8278e-06
chr1	63	615	248956422	2.47031e-06
chr1	64	579	248956422	2.32571e-06
chr1	65	544	248956422	2.18512e-06
chr1	66	458	248956422	1.83968e-06
chr1	67	488	248956422	1.96018e-06
chr1	68	485	248956422	1.94813e-06
chr1	69	457	248956422	1.83566e-06
chr1	70	404	248956422	1.62277e-06
chr1	71	374	248956422	1.50227e-06
chr1	72	362	248956422	1.45407e-06
chr1	73	305	248956422	1.22511e-06
chr1	74	226	248956422	9.07789e-07
chr1	75	268	248956422	1.07649e-06
chr1	76	229	248956422	9.1984e-07
chr1	77	195	248956422	7.8327e-07
chr1	78	159	248956422	6.38666e-07
chr1	79	129	248956422	5.18163e-07
chr1	80	151	248956422	6.06532e-07
chr1	81	133	248956422	5.3423e-07
chr1	82	138	248956422	5.54314e-07
chr1	83	122	248956422	4.90046e-07
chr1	84	120	248956422	4.82012e-07
chr1	85	107	248956422	4.29794e-07
chr1	86	90	248956422	3.61509e-07
chr1	87	63	248956422	2.53056e-07
chr1	88	67	248956422	2.69123e-07
chr1	89	73	248956422	2.93224e-07
chr1	90	64	248956422	2.57073e-07
chr1	91	69	248956422	2.77157e-07
chr1	92	67	248956422	2.69123e-07
chr1	93	42	248956422	1.68704e-07
chr1	94	42	248956422	1.68704e-07
chr1	95	75	248956422	3.01258e-07
chr1	96	72	248956422	2.89207e-07
chr1	97	76	248956422	3.05274e-07
chr1	98	43	248956422	1.72721e-07
chr1	99	64	248956422	2.57073e-07
chr1	100	710	248956422	2.8519e-06
chr10	0	120468267	133797422	0.900378
chr10	1	9886336	133797422	0.0738903
chr10	2	2075882	133797422	0.0155151
chr10	3	575847	133797422	0.00430387
chr10	4	233771	133797422	0.0017472
chr10	5	127482	133797422	0.000952799
chr10	6	82404	133797422	0.000615886
chr10	7	59194	133797422	0.000442415
chr10	8	43523	133797422	0.00032529
chr10	9	33510	133797422	0.000250453
chr10	10	25984	133797422	0.000194204
chr10	11	21202	133797422	0.000158463
chr10	12	17553	133797422	0.000131191
chr10	13	14395	133797422	0.000107588
chr10	14	12509	133797422	9.34921e-05
chr10	15	11073	133797422	8.27594e-05
chr10	16	9736	133797422	7.27667e-05
chr10	17	8212	133797422	6.13764e-05
chr10	18	7559	133797422	5.64959e-05
chr10	19	6652	133797422	4.97169e-05
chr10	20	5829	133797422	4.35659e-05
chr10	21	5229	133797422	3.90815e-05
chr10	22	4773	133797422	3.56733e-05
chr10	23	4736	133797422	3.53968e-05
chr10	24	4400	133797422	3.28855e-05
chr10	25	4049	133797422	3.02622e-05
chr10	26	3535	133797422	2.64205e-05
chr10	27	3205	133797422	2.39541e-05
chr10	28	3164	133797422	2.36477e-05
chr10	29	2734	133797422	2.04339e-05
chr10	30	2498	133797422	1.867e-05
chr10	31	2354	133797422	1.75938e-05
chr10	32	2331	133797422	1.74219e-05
chr10	33	2146	133797422	1.60392e-05
chr10	34	1995	133797422	1.49106e-05
chr10	35	1842	133797422	1.37671e-05
chr10	36	1732	133797422	1.29449e-05
chr10	37	1691	133797422	1.26385e-05
chr10	38	1542	133797422	1.15249e-05
chr10	39	1323	133797422	9.88808e-06
chr10	40	1148	133797422	8.58014e-06
chr10	41	1137	133797422	8.49792e-06
chr10	42	1035	133797422	7.73558e-06
chr10	43	896	133797422	6.69669e-06
chr10	44	907	133797422	6.7789e-06
chr10	45	784	133797422	5.8596e-06
chr10	46	819	133797422	6.12119e-06
chr10	47	705	133797422	5.26916e-06
chr10	48	591	133797422	4.41713e-06
chr10	49	550	133797422	4.11069e-06
chr10	50	510	133797422	3.81173e-06
chr10	51	439	133797422	3.28108e-06
chr10	52	437	133797422	3.26613e-06
chr10	53	417	133797422	3.11665e-06
chr10	54	433	133797422	3.23624e-06
chr10	55	358	133797422	2.67569e-06
chr10	56	297	133797422	2.21977e-06
chr10	57	340	133797422	2.54116e-06
chr10	58	324	133797422	2.42157e-06
chr10	59	246	133797422	1.8386e-06
chr10	60	280	133797422	2.09272e-06
chr10	61	207	133797422	1.54711e-06
chr10	62	199	133797422	1.48732e-06
chr10	63	175	133797422	1.30795e-06
chr10	64	138	133797422	1.03141e-06
chr10	65	137	133797422	1.02394e-06
chr10	66	146	133797422	1.0912e-06
chr10	67	131	133797422	9.79092e-07
chr10	68	117	133797422	8.74456e-07
chr10	69	107	133797422	7.99716e-07
chr10	70	96	133797422	7.17503e-07
chr10	71	84	133797422	6.27815e-07
chr10	72	88	133797422	6.57711e-07
chr10	73	83	133797422	6.20341e-07
chr10	74	72	133797422	5.38127e-07
chr10	75	63	133797422	4.70861e-07
chr10	76	53	133797422	3.96121e-07
chr10	77	46	133797422	3.43803e-07
chr10	78	55	133797422	4.11069e-07
chr10	79	42	133797422	3.13907e-07
chr10	80	39	133797422	2.91485e-07
chr10	81	30	133797422	2.2422e-07
chr10	82	28	133797422	2.09272e-07
chr10	83	43	133797422	3.21381e-07
chr10	84	29	133797422	2.16746e-07
chr10	85	25	133797422	1.8685e-07
chr10	86	20	133797422	1.4948e-07
chr10	87	17	133797422	1.27058e-07
chr10	88	16	133797422	1.19584e-07
chr10	89	18	133797422	1.34532e-07
chr10	90	8	133797422	5.97919e-08
chr10	91	10	133797422	7.47399e-08
chr10	92	6	133797422	4.48439e-08
chr10	93	5	133797422	3.73699e-08
chr10	94	9	133797422	6.72659e-08
chr10	95	15	133797422	1.1211e-07
chr10	96	13	133797422	9.71618e-08
chr10	97	6	133797422	4.48439e-08
chr10	98	4	133797422	2.98959e-08
chr10	99	7	133797422	5.23179e-08
chr10	100	183	133797422	1.36774e-06
chr11	0	121215613	135086622	0.897318
chr11	1	9950227	135086622	0.0736581
chr11	2	2244228	135086622	0.0166133
chr11	3	661766	135086622	0.00489883
chr11	4	277801	135086622	0.00205647
chr11	5	155418	135086622	0.00115051
chr11	6	100212	135086622	0.000741835
chr11	7	70558	135086622	0.000522317
chr11	8	53349	135086622	0.000394924
chr11	9	42270	135086622	0.00031291
chr11	10	34673	135086622	0.000256672
chr11	11	29030	135086622	0.000214899
chr11	12	24133	135086622	0.000178648
chr11	13	20173	135086622	0.000149334
chr11	14	17646	135086622	0.000130627
chr11	15	15211	135086622	0.000112602
chr11	16	13968	135086622	0.0001034
chr11	17	12479	135086622	9.23778e-05
chr11	18	11081	135086622	8.20288e-05
chr11	19	9951	135086622	7.36638e-05
chr11	20	8872	135086622	6.56764e-05
chr11	21	7992	135086622	5.9162e-05
chr11	22	7897	135086622	5.84588e-05
chr11	23	7175	135086622	5.31141e-05
chr11	24	6689	135086622	4.95164e-05
chr11	25	6461	135086622	4.78286e-05
chr11	26	5944	135086622	4.40014e-05
chr11	27	5438	135086622	4.02557e-05
chr11	28	5027	135086622	3.72132e-05
chr11	29	4686	135086622	3.46889e-05
chr11	30	4416	135086622	3.26901e-05
chr11	31	4134	135086622	3.06026e-05
chr11	32	3762	135086622	2.78488e-05
chr11	33	3364	135086622	2.49025e-05
chr11	34	3281	135086622	2.42881e-05
chr11	35	3022	135086622	2.23708e-05
chr11	36	2774	135086622	2.0535e-05
chr11	37	2641	135086622	1.95504e-05
chr11	38	2518	135086622	1.86399e-05
chr11	39	2344	135086622	1.73518e-05
chr11	40	2159	135086622	1.59823e-05
chr11	41	1959	135086622	1.45018e-05
chr11	42	1793	135086622	1.3273e-05
chr11	43	1671	135086622	1.23698e-05
chr11	44	1550	135086622	1.14741e-05
chr11	45	1472	135086622	1.08967e-05
chr11	46	1288	135086622	9.53462e-06
chr11	47	1142	135086622	8.45384e-06
chr11	48	1076	135086622	7.96526e-06
chr11	49	1022	135086622	7.56552e-06
chr11	50	986	135086622	7.29902e-06
chr11	51	902	135086622	6.6772e-06
chr11	52	880	135086622	6.51434e-06
chr11	53	873	135086622	6.46252e-06
chr11	54	764	135086622	5.65563e-06
chr11	55	688	135086622	5.09303e-06
chr11	56	633	135086622	4.68588e-06
chr11	57	594	135086622	4.39718e-06
chr11	58	495	135086622	3.66432e-06
chr11	59	465	135086622	3.44224e-06
chr11	60	438	135086622	3.24236e-06
chr11	61	418	135086622	3.09431e-06
chr11	62	359	135086622	2.65755e-06
chr11	63	332	135086622	2.45768e-06
chr11	64	300	135086622	2.2208e-06
chr11	65	245	135086622	1.81365e-06
chr11	66	270	135086622	1.99872e-06
chr11	67	283	135086622	2.09495e-06
chr11	68	276	135086622	2.04313e-06
chr11	69	253	135086622	1.87287e-06
chr11	70	221	135086622	1.63599e-06
chr11	71	218	135086622	1.61378e-06
chr11	72	199	135086622	1.47313e-06
chr11	73	162	135086622	1.19923e-06
chr11	74	129	135086622	9.54943e-07
chr11	75	153	135086622	1.13261e-06
chr11	76	165	135086622	1.22144e-06
chr11	77	146	135086622	1.08079e-06
chr11	78	137	135086622	1.01416e-06
chr11	79	123	135086622	9.10527e-07
chr11	80	109	135086622	8.0689e-07
chr11	81	101	135086622	7.47668e-07
chr11	82	83	135086622	6.14421e-07
chr11	83	64	135086622	4.7377e-07
chr11	84	61	135086622	4.51562e-07
chr11	85	47	135086622	3.47925e-07
chr11	86	48	135086622	3.55328e-07
chr11	87	27	135086622	1.99872e-07
chr11	88	34	135086622	2.5169e-07
chr11	89	48	135086622	3.55328e-07
chr11	90	52	135086622	3.84938e-07
chr11	91	47	135086622	3.47925e-07
chr11	92	57	135086622	4.21951e-07
chr11	93	33	135086622	2.44288e-07
chr11	94	21	135086622	1.55456e-07
chr11	95	14	135086622	1.03637e-07
chr11	96	20	135086622	1.48053e-07
chr11	97	21	135086622	1.55456e-07
chr11	98	19	135086622	1.4065e-07
chr11	99	32	135086622	2.36885e-07
chr11	100	221	135086622	1.63599e-06
chr12	0	120691368	133275309	0.905579
chr12	1	9215887	133275309	0.0691492
chr12	2	1938668	133275309	0.0145463
chr12	3	560653	133275309	0.00420673
chr12	4	236823	133275309	0.00177695
chr12	5	133563	133275309	0.00100216
chr12	6	87975	133275309	0.0006601
chr12	7	63960	133275309	0.000479909
chr12	8	46157	133275309	0.000346328
chr12	9	36900	133275309	0.00027687
chr12	10	28791	133275309	0.000216026
chr12	11	24148	133275309	0.000181189
chr12	12	20032	133275309	0.000150305
chr12	13	17238	133275309	0.000129341
chr12	14	15531	133275309	0.000116533
chr12	15	13284	133275309	9.96734e-05
chr12	16	11930	133275309	8.9514e-05
chr12	17	10570	133275309	7.93095e-05
chr12	18	9491	133275309	7.12135e-05
chr12	19	8715	133275309	6.5391e-05
chr12	20	7978	133275309	5.9861e-05
chr12	21	7395	133275309	5.54866e-05
chr12	22	6766	133275309	5.07671e-05
chr12	23	6045	133275309	4.53572e-05
chr12	24	5314	133275309	3.98723e-05
chr12	25	4774	133275309	3.58206e-05
chr12	26	4621	133275309	3.46726e-05
chr12	27	4410	133275309	3.30894e-05
chr12	28	4169	133275309	3.12811e-05
chr12	29	3830	133275309	2.87375e-05
chr12	30	3622	133275309	2.71768e-05
chr12	31	3411	133275309	2.55936e-05
chr12	32	3352	133275309	2.51509e-05
chr12	33	2880	133275309	2.16094e-05
chr12	34	2634	133275309	1.97636e-05
chr12	35	2360	133275309	1.77077e-05
chr12	36	2240	133275309	1.68073e-05
chr12	37	2008	133275309	1.50666e-05
chr12	38	1864	133275309	1.39861e-05
chr12	39	1688	133275309	1.26655e-05
chr12	40	1591	133275309	1.19377e-05
chr12	41	1556	133275309	1.16751e-05
chr12	42	1401	133275309	1.05121e-05
chr12	43	1279	133275309	9.59668e-06
chr12	44	1227	133275309	9.20651e-06
chr12	45	1117	133275309	8.38115e-06
chr12	46	1074	133275309	8.05851e-06
chr12	47	1142	133275309	8.56873e-06
chr12	48	961	133275309	7.21064e-06
chr12	49	836	133275309	6.27273e-06
chr12	50	834	133275309	6.25772e-06
chr12	51	727	133275309	5.45487e-06
chr12	52	814	133275309	6.10766e-06
chr12	53	642	133275309	4.8171e-06
chr12	54	581	133275309	4.3594e-06
chr12	55	517	133275309	3.87919e-06
chr12	56	474	133275309	3.55655e-06
chr12	57	394	133275309	2.95629e-06
chr12	58	419	133275309	3.14387e-06
chr12	59	383	133275309	2.87375e-06
chr12	60	315	133275309	2.36353e-06
chr12	61	299	133275309	2.24348e-06
chr12	62	287	133275309	2.15344e-06
chr12	63	235	133275309	1.76327e-06
chr12	64	206	133275309	1.54567e-06
chr12	65	199	133275309	1.49315e-06
chr12	66	190	133275309	1.42562e-06
chr12	67	180	133275309	1.35059e-06
chr12	68	167	133275309	1.25305e-06
chr12	69	133	133275309	9.97934e-07
chr12	70	140	133275309	1.05046e-06
chr12	71	153	133275309	1.148e-06
chr12	72	128	133275309	9.60418e-07
chr12	73	113	133275309	8.47869e-07
chr12	74	117	133275309	8.77882e-07
chr12	75	107	133275309	8.02849e-07
chr12	76	113	133275309	8.47869e-07
chr12	77	78	133275309	5.85255e-07
chr12	78	71	133275309	5.32732e-07
chr12	79	65	133275309	4.87712e-07
chr12	80	79	133275309	5.92758e-07
chr12	81	53	133275309	3.97673e-07
chr12	82	37	133275309	2.77621e-07
chr12	83	43	133275309	3.2264e-07
chr12	84	26	133275309	1.95085e-07
chr12	85	48	133275309	3.60157e-07
chr12	86	30	133275309	2.25098e-07
chr12	87	37	133275309	2.77621e-07
chr12	88	37	133275309	2.77621e-07
chr12	89	31	133275309	2.32601e-07
chr12	90	25	133275309	1.87582e-07
chr12	91	36	133275309	2.70118e-07
chr12	92	22	133275309	1.65072e-07
chr12	93	34	133275309	2.55111e-07
chr12	94	22	133275309	1.65072e-07
chr12	95	19	133275309	1.42562e-07
chr12	96	13	133275309	9.75424e-08
chr12	97	23	133275309	1.72575e-07
chr12	98	26	133275309	1.95085e-07
chr12	99	17	133275309	1.27556e-07
chr12	100	341	133275309	2.55861e-06
chr13	0	107642259	114364328	0.941222
chr13	1	5109086	114364328	0.0446738
chr13	2	985165	114364328	0.00861427
chr13	3	266781	114364328	0.00233273
chr13	4	109318	114364328	0.000955875
chr13	5	60464	114364328	0.000528696
chr13	6	39182	114364328	0.000342607
chr13	7	26762	114364328	0.000234007
chr13	8	19977	114364328	0.000174679
chr13	9	14985	114364328	0.000131029
chr13	10	12363	114364328	0.000108102
chr13	11	9644	114364328	8.4327e-05
chr13	12	7948	114364328	6.94972e-05
chr13	13	6388	114364328	5.58566e-05
chr13	14	5239	114364328	4.58097e-05
chr13	15	4558	114364328	3.98551e-05
chr13	16	4007	114364328	3.50371e-05
chr13	17	3448	114364328	3.01493e-05
chr13	18	2933	114364328	2.56461e-05
chr13	19	2960	114364328	2.58822e-05
chr13	20	2678	114364328	2.34164e-05
chr13	21	2368	114364328	2.07058e-05
chr13	22	2279	114364328	1.99275e-05
chr13	23	2031	114364328	1.7759e-05
chr13	24	1772	114364328	1.54943e-05
chr13	25	1699	114364328	1.4856e-05
chr13	26	1395	114364328	1.21979e-05
chr13	27	1316	114364328	1.15071e-05
chr13	28	1235	114364328	1.07988e-05
chr13	29	1132	114364328	9.89819e-06
chr13	30	977	114364328	8.54287e-06
chr13	31	1022	114364328	8.93635e-06
chr13	32	883	114364328	7.72094e-06
chr13	33	693	114364328	6.05958e-06
chr13	34	723	114364328	6.3219e-06
chr13	35	718	114364328	6.27818e-06
chr13	36	676	114364328	5.91093e-06
chr13	37	577	114364328	5.04528e-06
chr13	38	588	114364328	5.14146e-06
chr13	39	547	114364328	4.78296e-06
chr13	40	453	114364328	3.96103e-06
chr13	41	472	114364328	4.12716e-06
chr13	42	384	114364328	3.35769e-06
chr13	43	392	114364328	3.42764e-06
chr13	44	341	114364328	2.9817e-06
chr13	45	328	114364328	2.86803e-06
chr13	46	233	114364328	2.03735e-06
chr13	47	234	114364328	2.04609e-06
chr13	48	219	114364328	1.91493e-06
chr13	49	189	114364328	1.65261e-06
chr13	50	148	114364328	1.29411e-06
chr13	51	169	114364328	1.47773e-06
chr13	52	175	114364328	1.5302e-06
chr13	53	135	114364328	1.18044e-06
chr13	54	118	114364328	1.03179e-06
chr13	55	113	114364328	9.8807e-07
chr13	56	111	114364328	9.70582e-07
chr13	57	97	114364328	8.48167e-07
chr13	58	92	114364328	8.04447e-07
chr13	59	80	114364328	6.99519e-07
chr13	60	52	114364328	4.54687e-07
chr13	61	55	114364328	4.80919e-07
chr13	62	60	114364328	5.24639e-07
chr13	63	55	114364328	4.80919e-07
chr13	64	49	114364328	4.28455e-07
chr13	65	65	114364328	5.68359e-07
chr13	66	55	114364328	4.80919e-07
chr13	67	44	114364328	3.84735e-07
chr13	68	50	114364328	4.37199e-07
chr13	69	42	114364328	3.67247e-07
chr13	70	34	114364328	2.97295e-07
chr13	71	37	114364328	3.23527e-07
chr13	72	29	114364328	2.53576e-07
chr13	73	27	114364328	2.36088e-07
chr13	74	14	114364328	1.22416e-07
chr13	75	21	114364328	1.83624e-07
chr13	76	20	114364328	1.7488e-07
chr13	77	27	114364328	2.36088e-07
chr13	78	20	114364328	1.7488e-07
chr13	79	6	114364328	5.24639e-08
chr13	80	9	114364328	7.86959e-08
chr13	81	9	114364328	7.86959e-08
chr13	82	14	114364328	1.22416e-07
chr13	83	13	114364328	1.13672e-07
chr13	84	13	114364328	1.13672e-07
chr13	85	13	114364328	1.13672e-07
chr13	86	13	114364328	1.13672e-07
chr13	87	5	114364328	4.37199e-08
chr13	88	14	114364328	1.22416e-07
chr13	89	22	114364328	1.92368e-07
chr13	90	7	114364328	6.12079e-08
chr13	91	22	114364328	1.92368e-07
chr13	92	19	114364328	1.66136e-07
chr13	93	35	114364328	3.06039e-07
chr13	94	14	114364328	1.22416e-07
chr13	95	11	114364328	9.61838e-08
chr13	96	16	114364328	1.39904e-07
chr13	97	5	114364328	4.37199e-08
chr13	98	8	114364328	6.99519e-08
chr13	99	6	114364328	5.24639e-08
chr13	100	39	114364328	3.41015e-07
chr14	0	98475866	107043718	0.919959
chr14	1	6239282	107043718	0.0582872
chr14	2	1360121	107043718	0.0127062
chr14	3	384169	107043718	0.0035889
chr14	4	163710	107043718	0.00152938
chr14	5	92744	107043718	0.000866412
chr14	6	59488	107043718	0.000555736
chr14	7	41250	107043718	0.000385357
chr14	8	30847	107043718	0.000288172
chr14	9	23921	107043718	0.000223469
chr14	10	19169	107043718	0.000179076
chr14	11	15631	107043718	0.000146024
chr14	12	13742	107043718	0.000128377
chr14	13	12042	107043718	0.000112496
chr14	14	10192	107043718	9.52134e-05
chr14	15	8468	107043718	7.91079e-05
chr14	16	7426	107043718	6.93735e-05
chr14	17	6736	107043718	6.29276e-05
chr14	18	6076	107043718	5.67619e-05
chr14	19	5531	107043718	5.16705e-05
chr14	20	5032	107043718	4.70088e-05
chr14	21	4621	107043718	4.31693e-05
chr14	22	4416	107043718	4.12542e-05
chr14	23	3950	107043718	3.69008e-05
chr14	24	3577	107043718	3.34163e-05
chr14	25	3324	107043718	3.10527e-05
chr14	26	3140	107043718	2.93338e-05
chr14	27	2683	107043718	2.50645e-05
chr14	28	2647	107043718	2.47282e-05
chr14	29	2466	107043718	2.30373e-05
chr14	30	2236	107043718	2.08887e-05
chr14	31	1991	107043718	1.85999e-05
chr14	32	2022	107043718	1.88895e-05
chr14	33	1832	107043718	1.71145e-05
chr14	34	1679	107043718	1.56852e-05
chr14	35	1488	107043718	1.39009e-05
chr14	36	1399	107043718	1.30694e-05
chr14	37	1386	107043718	1.2948e-05
chr14	38	1210	107043718	1.13038e-05
chr14	39	1105	107043718	1.03229e-05
chr14	40	1024	107043718	9.56618e-06
chr14	41	1007	107043718	9.40737e-06
chr14	42	891	107043718	8.3237e-06
chr14	43	900	107043718	8.40778e-06
chr14	44	777	107043718	7.25872e-06
chr14	45	739	107043718	6.90372e-06
chr14	46	707	107043718	6.60478e-06
chr14	47	693	107043718	6.47399e-06
chr14	48	709	107043718	6.62346e-06
chr14	49	639	107043718	5.96952e-06
chr14	50	513	107043718	4.79243e-06
chr14	51	418	107043718	3.90495e-06
chr14	52	491	107043718	4.58691e-06
chr14	53	415	107043718	3.87692e-06
chr14	54	396	107043718	3.69942e-06
chr14	55	398	107043718	3.71811e-06
chr14	56	373	107043718	3.48456e-06
chr14	57	283	107043718	2.64378e-06
chr14	58	232	107043718	2.16734e-06
chr14	59	219	107043718	2.04589e-06
chr14	60	195	107043718	1.82169e-06
chr14	61	255	107043718	2.3822e-06
chr14	62	207	107043718	1.93379e-06
chr14	63	168	107043718	1.56945e-06
chr14	64	188	107043718	1.75629e-06
chr14	65	193	107043718	1.803e-06
chr14	66	145	107043718	1.35459e-06
chr14	67	97	107043718	9.06172e-07
chr14	68	99	107043718	9.24856e-07
chr14	69	87	107043718	8.12752e-07
chr14	70	76	107043718	7.0999e-07
chr14	71	80	107043718	7.47358e-07
chr14	72	82	107043718	7.66042e-07
chr14	73	67	107043718	6.25912e-07
chr14	74	72	107043718	6.72622e-07
chr14	75	84	107043718	7.84726e-07
chr14	76	83	107043718	7.75384e-07
chr14	77	73	107043718	6.81964e-07
chr14	78	99	107043718	9.24856e-07
chr14	79	81	107043718	7.567e-07
chr14	80	63	107043718	5.88545e-07
chr14	81	80	107043718	7.47358e-07
chr14	82	44	107043718	4.11047e-07
chr14	83	38	107043718	3.54995e-07
chr14	84	42	107043718	3.92363e-07
chr14	85	52	107043718	4.85783e-07
chr14	86	27	107043718	2.52233e-07
chr14	87	29	107043718	2.70917e-07
chr14	88	30	107043718	2.80259e-07
chr14	89	39	107043718	3.64337e-07
chr14	90	27	107043718	2.52233e-07
chr14	91	23	107043718	2.14865e-07
chr14	92	25	107043718	2.33549e-07
chr14	93	16	107043718	1.49472e-07
chr14	94	23	107043718	2.14865e-07
chr14	95	19	107043718	1.77498e-07
chr14	96	24	107043718	2.24207e-07
chr14	97	13	107043718	1.21446e-07
chr14	98	18	107043718	1.68156e-07
chr14	99	11	107043718	1.02762e-07
chr14	100	205	107043718	1.91511e-06
chr15	0	93056954	101991189	0.912402
chr15	1	6499464	101991189	0.0637257
chr15	2	1419114	101991189	0.0139141
chr15	3	407385	101991189	0.00399432
chr15	4	171430	101991189	0.00168083
chr15	5	95724	101991189	0.000938552
chr15	6	62901	101991189	0.00061673
chr15	7	45419	101991189	0.000445323
chr15	8	34210	101991189	0.000335421
chr15	9	25976	101991189	0.000254689
chr15	10	20247	101991189	0.000198517
chr15	11	16217	101991189	0.000159004
chr15	12	13022	101991189	0.000127678
chr15	13	11471	101991189	0.00011247
chr15	14	10019	101991189	9.8234e-05
chr15	15	8602	101991189	8.43406e-05
chr15	16	7665	101991189	7.51535e-05
chr15	17	6829	101991189	6.69568e-05
chr15	18	6218	101991189	6.0966e-05
chr15	19	5515	101991189	5.40733e-05
chr15	20	4914	101991189	4.81806e-05
chr15	21	4575	101991189	4.48568e-05
chr15	22	4195	101991189	4.1131e-05
chr15	23	3915	101991189	3.83857e-05
chr15	24	3584	101991189	3.51403e-05
chr15	25	3298	101991189	3.23361e-05
chr15	26	2956	101991189	2.89829e-05
chr15	27	2969	101991189	2.91104e-05
chr15	28	2697	101991189	2.64435e-05
chr15	29	2408	101991189	2.36099e-05
chr15	30	2171	101991189	2.12862e-05
chr15	31	2093	101991189	2.05214e-05
chr15	32	2025	101991189	1.98547e-05
chr15	33	1779	101991189	1.74427e-05
chr15	34	1579	101991189	1.54817e-05
chr15	35	1532	101991189	1.50209e-05
chr15	36	1396	101991189	1.36875e-05
chr15	37	1334	101991189	1.30796e-05
chr15	38	1338	101991189	1.31188e-05
chr15	39	1109	101991189	1.08735e-05
chr15	40	1033	101991189	1.01283e-05
chr15	41	988	101991189	9.68711e-06
chr15	42	1001	101991189	9.81457e-06
chr15	43	885	101991189	8.67722e-06
chr15	44	863	101991189	8.46151e-06
chr15	45	768	101991189	7.53006e-06
chr15	46	728	101991189	7.13787e-06
chr15	47	685	101991189	6.71627e-06
chr15	48	580	101991189	5.68677e-06
chr15	49	508	101991189	4.98082e-06
chr15	50	484	101991189	4.74551e-06
chr15	51	508	101991189	4.98082e-06
chr15	52	421	101991189	4.12781e-06
chr15	53	354	101991189	3.47089e-06
chr15	54	351	101991189	3.44147e-06
chr15	55	327	101991189	3.20616e-06
chr15	56	328	101991189	3.21596e-06
chr15	57	307	101991189	3.01006e-06
chr15	58	287	101991189	2.81397e-06
chr15	59	320	101991189	3.13753e-06
chr15	60	267	101991189	2.61787e-06
chr15	61	268	101991189	2.62768e-06
chr15	62	204	101991189	2.00017e-06
chr15	63	197	101991189	1.93154e-06
chr15	64	178	101991189	1.74525e-06
chr15	65	178	101991189	1.74525e-06
chr15	66	174	101991189	1.70603e-06
chr15	67	157	101991189	1.53935e-06
chr15	68	126	101991189	1.2354e-06
chr15	69	104	101991189	1.0197e-06
chr15	70	103	101991189	1.00989e-06
chr15	71	92	101991189	9.02039e-07
chr15	72	100	101991189	9.80477e-07
chr15	73	87	101991189	8.53015e-07
chr15	74	73	101991189	7.15748e-07
chr15	75	82	101991189	8.03991e-07
chr15	76	76	101991189	7.45162e-07
chr15	77	59	101991189	5.78481e-07
chr15	78	42	101991189	4.118e-07
chr15	79	39	101991189	3.82386e-07
chr15	80	37	101991189	3.62776e-07
chr15	81	43	101991189	4.21605e-07
chr15	82	45	101991189	4.41215e-07
chr15	83	26	101991189	2.54924e-07
chr15	84	17	101991189	1.66681e-07
chr15	85	7	101991189	6.86334e-08
chr15	86	20	101991189	1.96095e-07
chr15	87	21	101991189	2.059e-07
chr15	88	24	101991189	2.35314e-07
chr15	89	18	101991189	1.76486e-07
chr15	90	18	101991189	1.76486e-07
chr15	91	13	101991189	1.27462e-07
chr15	92	14	101991189	1.37267e-07
chr15	93	20	101991189	1.96095e-07
chr15	94	18	101991189	1.76486e-07
chr15	95	16	101991189	1.56876e-07
chr15	96	19	101991189	1.86291e-07
chr15	97	11	101991189	1.07852e-07
chr15	98	14	101991189	1.37267e-07
chr15	99	23	101991189	2.2551e-07
chr15	100	184	101991189	1.80408e-06
chr16	0	79373409	90338345	0.878624
chr16	1	7785476	90338345	0.0861813
chr16	2	1842476	90338345	0.0203953
chr16	3	551663	90338345	0.00610663
chr16	4	225272	90338345	0.00249365
chr16	5	118293	90338345	0.00130944
chr16	6	76086	90338345	0.000842234
chr16	7	53616	90338345	0.000593502
chr16	8	39629	90338345	0.000438673
chr16	9	30967	90338345	0.000342789
chr16	10	25471	90338345	0.000281951
chr16	11	20627	90338345	0.000228331
chr16	12	17331	90338345	0.000191845
chr16	13	15442	90338345	0.000170935
chr16	14	13016	90338345	0.000144081
chr16	15	12047	90338345	0.000133354
chr16	16	10325	90338345	0.000114293
chr16	17	9374	90338345	0.000103765
chr16	18	8334	90338345	9.22532e-05
chr16	19	7699	90338345	8.52241e-05
chr16	20	7128	90338345	7.89034e-05
chr16	21	6325	90338345	7.00146e-05
chr16	22	6004	90338345	6.64613e-05
chr16	23	5706	90338345	6.31626e-05
chr16	24	5391	90338345	5.96757e-05
chr16	25	4823	90338345	5.33882e-05
chr16	26	4468	90338345	4.94585e-05
chr16	27	4076	90338345	4.51193e-05
chr16	28	3891	90338345	4.30714e-05
chr16	29	3559	90338345	3.93963e-05
chr16	30	3502	90338345	3.87654e-05
chr16	31	3300	90338345	3.65293e-05
chr16	32	3042	90338345	3.36734e-05
chr16	33	2965	90338345	3.28211e-05
chr16	34	2691	90338345	2.9788e-05
chr16	35	2493	90338345	2.75963e-05
chr16	36	2203	90338345	2.43861e-05
chr16	37	2236	90338345	2.47514e-05
chr16	38	2070	90338345	2.29139e-05
chr16	39	1896	90338345	2.09878e-05
chr16	40	1794	90338345	1.98587e-05
chr16	41	1623	90338345	1.79658e-05
chr16	42	1510	90338345	1.67149e-05
chr16	43	1460	90338345	1.61615e-05
chr16	44	1262	90338345	1.39697e-05
chr16	45	1187	90338345	1.31395e-05
chr16	46	1107	90338345	1.22539e-05
chr16	47	1029	90338345	1.13905e-05
chr16	48	980	90338345	1.08481e-05
chr16	49	890	90338345	9.85185e-06
chr16	50	820	90338345	9.07699e-06
chr16	51	743	90338345	8.22464e-06
chr16	52	661	90338345	7.31694e-06
chr16	53	604	90338345	6.68598e-06
chr16	54	570	90338345	6.30961e-06
chr16	55	526	90338345	5.82256e-06
chr16	56	537	90338345	5.94432e-06
chr16	57	548	90338345	6.06608e-06
chr16	58	528	90338345	5.84469e-06
chr16	59	473	90338345	5.23587e-06
chr16	60	419	90338345	4.63812e-06
chr16	61	347	90338345	3.84112e-06
chr16	62	306	90338345	3.38727e-06
chr16	63	313	90338345	3.46475e-06
chr16	64	315	90338345	3.48689e-06
chr16	65	274	90338345	3.03304e-06
chr16	66	281	90338345	3.11053e-06
chr16	67	229	90338345	2.53491e-06
chr16	68	183	90338345	2.02572e-06
chr16	69	155	90338345	1.71577e-06
chr16	70	181	90338345	2.00358e-06
chr16	71	150	90338345	1.66042e-06
chr16	72	134	90338345	1.48331e-06
chr16	73	140	90338345	1.54973e-06
chr16	74	132	90338345	1.46117e-06
chr16	75	120	90338345	1.32834e-06
chr16	76	94	90338345	1.04053e-06
chr16	77	96	90338345	1.06267e-06
chr16	78	76	90338345	8.41282e-07
chr16	79	89	90338345	9.85185e-07
chr16	80	72	90338345	7.97004e-07
chr16	81	68	90338345	7.52726e-07
chr16	82	83	90338345	9.18768e-07
chr16	83	99	90338345	1.09588e-06
chr16	84	57	90338345	6.30961e-07
chr16	85	52	90338345	5.75614e-07
chr16	86	54	90338345	5.97753e-07
chr16	87	51	90338345	5.64544e-07
chr16	88	69	90338345	7.63795e-07
chr16	89	42	90338345	4.64919e-07
chr16	90	34	90338345	3.76363e-07
chr16	91	37	90338345	4.09571e-07
chr16	92	29	90338345	3.21015e-07
chr16	93	27	90338345	2.98876e-07
chr16	94	31	90338345	3.43154e-07
chr16	95	21	90338345	2.32459e-07
chr16	96	17	90338345	1.88181e-07
chr16	97	12	90338345	1.32834e-07
chr16	98	13	90338345	1.43903e-07
chr16	99	16	90338345	1.77112e-07
chr16	100	253	90338345	2.80058e-06
chr17	0	70196645	83257441	0.843128
chr17	1	8934792	83257441	0.107315
chr17	2	2274724	83257441	0.0273216
chr17	3	729008	83257441	0.00875607
chr17	4	314504	83257441	0.00377749
chr17	5	172313	83257441	0.00206964
chr17	6	112591	83257441	0.00135232
chr17	7	78926	83257441	0.000947975
chr17	8	58117	83257441	0.00069804
chr17	9	44872	83257441	0.000538955
chr17	10	36609	83257441	0.000439708
chr17	11	29467	83257441	0.000353926
chr17	12	25370	83257441	0.000304718
chr17	13	21555	83257441	0.000258896
chr17	14	19400	83257441	0.000233012
chr17	15	16959	83257441	0.000203694
chr17	16	14783	83257441	0.000177558
chr17	17	13538	83257441	0.000162604
chr17	18	11881	83257441	0.000142702
chr17	19	11147	83257441	0.000133886
chr17	20	10069	83257441	0.000120938
chr17	21	9081	83257441	0.000109071
chr17	22	8333	83257441	0.000100087
chr17	23	7879	83257441	9.46342e-05
chr17	24	7190	83257441	8.63586e-05
chr17	25	6463	83257441	7.76267e-05
chr17	26	6202	83257441	7.44918e-05
chr17	27	5578	83257441	6.6997e-05
chr17	28	5081	83257441	6.10276e-05
chr17	29	4852	83257441	5.82771e-05
chr17	30	4690	83257441	5.63313e-05
chr17	31	4496	83257441	5.40012e-05
chr17	32	4174	83257441	5.01337e-05
chr17	33	3814	83257441	4.58097e-05
chr17	34	3652	83257441	4.38639e-05
chr17	35	3445	83257441	4.13777e-05
chr17	36	3369	83257441	4.04649e-05
chr17	37	2990	83257441	3.59127e-05
chr17	38	2760	83257441	3.31502e-05
chr17	39	2547	83257441	3.05919e-05
chr17	40	2436	83257441	2.92586e-05
chr17	41	2218	83257441	2.66403e-05
chr17	42	2070	83257441	2.48626e-05
chr17	43	1963	83257441	2.35775e-05
chr17	44	1825	83257441	2.192e-05
chr17	45	1740	83257441	2.0899e-05
chr17	46	1656	83257441	1.98901e-05
chr17	47	1339	83257441	1.60826e-05
chr17	48	1281	83257441	1.5386e-05
chr17	49	1212	83257441	1.45573e-05
chr17	50	1135	83257441	1.36324e-05
chr17	51	1019	83257441	1.22391e-05
chr17	52	980	83257441	1.17707e-05
chr17	53	837	83257441	1.00532e-05
chr17	54	790	83257441	9.48864e-06
chr17	55	846	83257441	1.01613e-05
chr17	56	763	83257441	9.16435e-06
chr17	57	713	83257441	8.5638e-06
chr17	58	593	83257441	7.12249e-06
chr17	59	526	83257441	6.31775e-06
chr17	60	524	83257441	6.29373e-06
chr17	61	471	83257441	5.65715e-06
chr17	62	465	83257441	5.58509e-06
chr17	63	404	83257441	4.85242e-06
chr17	64	435	83257441	5.22476e-06
chr17	65	346	83257441	4.15578e-06
chr17	66	334	83257441	4.01165e-06
chr17	67	332	83257441	3.98763e-06
chr17	68	247	83257441	2.9667e-06
chr17	69	239	83257441	2.87061e-06
chr17	70	247	83257441	2.9667e-06
chr17	71	226	83257441	2.71447e-06
chr17	72	171	83257441	2.05387e-06
chr17	73	188	83257441	2.25806e-06
chr17	74	183	83257441	2.198e-06
chr17	75	177	83257441	2.12594e-06
chr17	76	139	83257441	1.66952e-06
chr17	77	155	83257441	1.8617e-06
chr17	78	141	83257441	1.69354e-06
chr17	79	152	83257441	1.82566e-06
chr17	80	122	83257441	1.46533e-06
chr17	81	149	83257441	1.78963e-06
chr17	82	105	83257441	1.26115e-06
chr17	83	138	83257441	1.65751e-06
chr17	84	111	83257441	1.33321e-06
chr17	85	120	83257441	1.44131e-06
chr17	86	78	83257441	9.36853e-07
chr17	87	69	83257441	8.28755e-07
chr17	88	83	83257441	9.96908e-07
chr17	89	66	83257441	7.92722e-07
chr17	90	54	83257441	6.48591e-07
chr17	91	52	83257441	6.24569e-07
chr17	92	57	83257441	6.84624e-07
chr17	93	57	83257441	6.84624e-07
chr17	94	35	83257441	4.20383e-07
chr17	95	62	83257441	7.44678e-07
chr17	96	44	83257441	5.28481e-07
chr17	97	40	83257441	4.80438e-07
chr17	98	31	83257441	3.72339e-07
chr17	99	26	83257441	3.12284e-07
chr17	100	558	83257441	6.7021e-06
chr18	0	74359381	80373285	0.925175
chr18	1	4566034	80373285	0.0568103
chr18	2	893391	80373285	0.0111155
chr18	3	234007	80373285	0.0029115
chr18	4	96412	80373285	0.00119955
chr18	5	52694	80373285	0.000655616
chr18	6	35474	80373285	0.000441366
chr18	7	23691	80373285	0.000294762
chr18	8	17476	80373285	0.000217435
chr18	9	13388	80373285	0.000166573
chr18	10	10251	80373285	0.000127542
chr18	11	8081	80373285	0.000100543
chr18	12	6540	80373285	8.13703e-05
chr18	13	5564	80373285	6.9227e-05
chr18	14	5075	80373285	6.31429e-05
chr18	15	4572	80373285	5.68846e-05
chr18	16	4019	80373285	5.00042e-05
chr18	17	3319	80373285	4.12948e-05
chr18	18	3092	80373285	3.84705e-05
chr18	19	2709	80373285	3.37052e-05
chr18	20	2480	80373285	3.0856e-05
chr18	21	2192	80373285	2.72727e-05
chr18	22	1701	80373285	2.11637e-05
chr18	23	1815	80373285	2.25821e-05
chr18	24	1606	80373285	1.99818e-05
chr18	25	1535	80373285	1.90984e-05
chr18	26	1315	80373285	1.63612e-05
chr18	27	1216	80373285	1.51294e-05
chr18	28	1137	80373285	1.41465e-05
chr18	29	1018	80373285	1.26659e-05
chr18	30	904	80373285	1.12475e-05
chr18	31	790	80373285	9.82914e-06
chr18	32	826	80373285	1.0277e-05
chr18	33	769	80373285	9.56786e-06
chr18	34	680	80373285	8.46052e-06
chr18	35	580	80373285	7.21633e-06
chr18	36	577	80373285	7.179e-06
chr18	37	518	80373285	6.44493e-06
chr18	38	468	80373285	5.82283e-06
chr18	39	435	80373285	5.41225e-06
chr18	40	419	80373285	5.21317e-06
chr18	41	366	80373285	4.55375e-06
chr18	42	314	80373285	3.90677e-06
chr18	43	294	80373285	3.65793e-06
chr18	44	297	80373285	3.69526e-06
chr18	45	290	80373285	3.60816e-06
chr18	46	263	80373285	3.27223e-06
chr18	47	217	80373285	2.6999e-06
chr18	48	213	80373285	2.65013e-06
chr18	49	203	80373285	2.52571e-06
chr18	50	237	80373285	2.94874e-06
chr18	51	209	80373285	2.60037e-06
chr18	52	152	80373285	1.89118e-06
chr18	53	156	80373285	1.94094e-06
chr18	54	126	80373285	1.56768e-06
chr18	55	102	80373285	1.26908e-06
chr18	56	133	80373285	1.65478e-06
chr18	57	90	80373285	1.11977e-06
chr18	58	88	80373285	1.09489e-06
chr18	59	106	80373285	1.31885e-06
chr18	60	115	80373285	1.43082e-06
chr18	61	96	80373285	1.19443e-06
chr18	62	115	80373285	1.43082e-06
chr18	63	97	80373285	1.20687e-06
chr18	64	88	80373285	1.09489e-06
chr18	65	84	80373285	1.04512e-06
chr18	66	72	80373285	8.9582e-07
chr18	67	68	80373285	8.46052e-07
chr18	68	48	80373285	5.97213e-07
chr18	69	42	80373285	5.22562e-07
chr18	70	35	80373285	4.35468e-07
chr18	71	25	80373285	3.11049e-07
chr18	72	23	80373285	2.86165e-07
chr18	73	18	80373285	2.23955e-07
chr18	74	18	80373285	2.23955e-07
chr18	75	16	80373285	1.99071e-07
chr18	76	12	80373285	1.49303e-07
chr18	77	23	80373285	2.86165e-07
chr18	78	7	80373285	8.70936e-08
chr18	79	21	80373285	2.61281e-07
chr18	80	18	80373285	2.23955e-07
chr18	81	18	80373285	2.23955e-07
chr18	82	10	80373285	1.24419e-07
chr18	83	20	80373285	2.48839e-07
chr18	84	23	80373285	2.86165e-07
chr18	85	8	80373285	9.95356e-08
chr18	86	9	80373285	1.11977e-07
chr18	87	11	80373285	1.36861e-07
chr18	88	2	80373285	2.48839e-08
chr18	89	6	80373285	7.46517e-08
chr18	90	4	80373285	4.97678e-08
chr18	91	3	80373285	3.73258e-08
chr18	92	5	80373285	6.22097e-08
chr18	93	2	80373285	2.48839e-08
chr18	94	6	80373285	7.46517e-08
chr18	95	2	80373285	2.48839e-08
chr18	96	7	80373285	8.70936e-08
chr18	97	4	80373285	4.97678e-08
chr18	98	8	80373285	9.95356e-08
chr18	99	1	80373285	1.24419e-08
chr18	100	88	80373285	1.09489e-06
chr19	0	46798776	58617616	0.798374
chr19	1	7684399	58617616	0.131094
chr19	2	2110733	58617616	0.0360085
chr19	3	698063	58617616	0.0119088
chr19	4	309389	58617616	0.00527809
chr19	5	174412	58617616	0.00297542
chr19	6	116476	58617616	0.00198705
chr19	7	85181	58617616	0.00145316
chr19	8	66551	58617616	0.00113534
chr19	9	52635	58617616	0.000897938
chr19	10	43979	58617616	0.000750269
chr19	11	38015	58617616	0.000648525
chr19	12	33129	58617616	0.000565171
chr19	13	28623	58617616	0.0004883
chr19	14	25229	58617616	0.0004304
chr19	15	22687	58617616	0.000387034
chr19	16	20469	58617616	0.000349195
chr19	17	18627	58617616	0.000317771
chr19	18	17383	58617616	0.000296549
chr19	19	16491	58617616	0.000281332
chr19	20	15045	58617616	0.000256663
chr19	21	14053	58617616	0.00023974
chr19	22	13463	58617616	0.000229675
chr19	23	12726	58617616	0.000217102
chr19	24	11814	58617616	0.000201544
chr19	25	10927	58617616	0.000186412
chr19	26	10523	58617616	0.000179519
chr19	27	9921	58617616	0.000169249
chr19	28	9420	58617616	0.000160703
chr19	29	8894	58617616	0.000151729
chr19	30	8334	58617616	0.000142176
chr19	31	7747	58617616	0.000132162
chr19	32	7507	58617616	0.000128067
chr19	33	7126	58617616	0.000121568
chr19	34	6732	58617616	0.000114846
chr19	35	6437	58617616	0.000109813
chr19	36	6181	58617616	0.000105446
chr19	37	5855	58617616	9.98847e-05
chr19	38	5307	58617616	9.05359e-05
chr19	39	4832	58617616	8.24326e-05
chr19	40	4613	58617616	7.86965e-05
chr19	41	4117	58617616	7.02349e-05
chr19	42	3840	58617616	6.55093e-05
chr19	43	3592	58617616	6.12785e-05
chr19	44	3522	58617616	6.00843e-05
chr19	45	3317	58617616	5.65871e-05
chr19	46	3161	58617616	5.39258e-05
chr19	47	3121	58617616	5.32434e-05
chr19	48	2915	58617616	4.97291e-05
chr19	49	2626	58617616	4.47988e-05
chr19	50	2382	58617616	4.06362e-05
chr19	51	2331	58617616	3.97662e-05
chr19	52	2190	58617616	3.73608e-05
chr19	53	1988	58617616	3.39147e-05
chr19	54	1887	58617616	3.21917e-05
chr19	55	1733	58617616	2.95645e-05
chr19	56	1598	58617616	2.72614e-05
chr19	57	1514	58617616	2.58284e-05
chr19	58	1325	58617616	2.26041e-05
chr19	59	1365	58617616	2.32865e-05
chr19	60	1375	58617616	2.34571e-05
chr19	61	1271	58617616	2.16829e-05
chr19	62	1215	58617616	2.07276e-05
chr19	63	993	58617616	1.69403e-05
chr19	64	963	58617616	1.64285e-05
chr19	65	912	58617616	1.55585e-05
chr19	66	930	58617616	1.58655e-05
chr19	67	813	58617616	1.38696e-05
chr19	68	726	58617616	1.23854e-05
chr19	69	701	58617616	1.19589e-05
chr19	70	699	58617616	1.19247e-05
chr19	71	682	58617616	1.16347e-05
chr19	72	581	58617616	9.9117e-06
chr19	73	506	58617616	8.63222e-06
chr19	74	491	58617616	8.37632e-06
chr19	75	461	58617616	7.86453e-06
chr19	76	417	58617616	7.1139e-06
chr19	77	445	58617616	7.59157e-06
chr19	78	345	58617616	5.8856e-06
chr19	79	398	58617616	6.78977e-06
chr19	80	389	58617616	6.63623e-06
chr19	81	356	58617616	6.07326e-06
chr19	82	333	58617616	5.68089e-06
chr19	83	223	58617616	3.80432e-06
chr19	84	281	58617616	4.79378e-06
chr19	85	229	58617616	3.90668e-06
chr19	86	224	58617616	3.82138e-06
chr19	87	192	58617616	3.27547e-06
chr19	88	201	58617616	3.429e-06
chr19	89	194	58617616	3.30959e-06
chr19	90	191	58617616	3.25841e-06
chr19	91	149	58617616	2.5419e-06
chr19	92	137	58617616	2.33718e-06
chr19	93	127	58617616	2.16658e-06
chr19	94	137	58617616	2.33718e-06
chr19	95	100	58617616	1.70597e-06
chr19	96	120	58617616	2.04717e-06
chr19	97	109	58617616	1.85951e-06
chr19	98	108	58617616	1.84245e-06
chr19	99	119	58617616	2.03011e-06
chr19	100	1545	58617616	2.63573e-05
chr2	0	221723441	242193529	0.91548
chr2	1	15275884	242193529	0.063073
chr2	2	3102054	242193529	0.0128082
chr2	3	862856	242193529	0.00356267
chr2	4	356318	242193529	0.00147121
chr2	5	198008	242193529	0.000817561
chr2	6	127397	242193529	0.000526013
chr2	7	88559	242193529	0.000365654
chr2	8	66394	242193529	0.000274136
chr2	9	51240	242193529	0.000211566
chr2	10	39670	242193529	0.000163795
chr2	11	33119	242193529	0.000136746
chr2	12	27545	242193529	0.000113731
chr2	13	22911	242193529	9.45979e-05
chr2	14	19901	242193529	8.21698e-05
chr2	15	17844	242193529	7.36766e-05
chr2	16	15518	242193529	6.40727e-05
chr2	17	13698	242193529	5.65581e-05
chr2	18	12042	242193529	4.97206e-05
chr2	19	10819	242193529	4.46709e-05
chr2	20	9856	242193529	4.06947e-05
chr2	21	9425	242193529	3.89152e-05
chr2	22	8462	242193529	3.4939e-05
chr2	23	7814	242193529	3.22635e-05
chr2	24	7121	242193529	2.94021e-05
chr2	25	6739	242193529	2.78249e-05
chr2	26	5996	242193529	2.47571e-05
chr2	27	5699	242193529	2.35308e-05
chr2	28	5321	242193529	2.197e-05
chr2	29	4754	242193529	1.96289e-05
chr2	30	4506	242193529	1.8605e-05
chr2	31	4258	242193529	1.7581e-05
chr2	32	3761	242193529	1.55289e-05
chr2	33	3692	242193529	1.5244e-05
chr2	34	3290	242193529	1.35842e-05
chr2	35	2987	242193529	1.23331e-05
chr2	36	2799	242193529	1.15569e-05
chr2	37	2557	242193529	1.05577e-05
chr2	38	2271	242193529	9.3768e-06
chr2	39	2120	242193529	8.75333e-06
chr2	40	1894	242193529	7.82019e-06
chr2	41	1807	242193529	7.46098e-06
chr2	42	1744	242193529	7.20085e-06
chr2	43	1719	242193529	7.09763e-06
chr2	44	1498	242193529	6.18514e-06
chr2	45	1422	242193529	5.87134e-06
chr2	46	1332	242193529	5.49973e-06
chr2	47	1242	242193529	5.12813e-06
chr2	48	1058	242193529	4.36841e-06
chr2	49	957	242193529	3.95139e-06
chr2	50	823	242193529	3.39811e-06
chr2	51	792	242193529	3.27011e-06
chr2	52	792	242193529	3.27011e-06
chr2	53	739	242193529	3.05128e-06
chr2	54	645	242193529	2.66316e-06
chr2	55	574	242193529	2.37001e-06
chr2	56	460	242193529	1.89931e-06
chr2	57	492	242193529	2.03143e-06
chr2	58	426	242193529	1.75892e-06
chr2	59	396	242193529	1.63506e-06
chr2	60	355	242193529	1.46577e-06
chr2	61	316	242193529	1.30474e-06
chr2	62	311	242193529	1.2841e-06
chr2	63	303	242193529	1.25107e-06
chr2	64	265	242193529	1.09417e-06
chr2	65	238	242193529	9.82685e-07
chr2	66	232	242193529	9.57912e-07
chr2	67	175	242193529	7.22563e-07
chr2	68	167	242193529	6.89531e-07
chr2	69	169	242193529	6.97789e-07
chr2	70	172	242193529	7.10176e-07
chr2	71	154	242193529	6.35855e-07
chr2	72	126	242193529	5.20245e-07
chr2	73	123	242193529	5.07858e-07
chr2	74	103	242193529	4.2528e-07
chr2	75	82	242193529	3.38572e-07
chr2	76	57	242193529	2.35349e-07
chr2	77	63	242193529	2.60123e-07
chr2	78	49	242193529	2.02318e-07
chr2	79	66	242193529	2.72509e-07
chr2	80	56	242193529	2.3122e-07
chr2	81	73	242193529	3.01412e-07
chr2	82	49	242193529	2.02318e-07
chr2	83	45	242193529	1.85802e-07
chr2	84	33	242193529	1.36255e-07
chr2	85	15	242193529	6.19339e-08
chr2	86	23	242193529	9.49654e-08
chr2	87	11	242193529	4.54182e-08
chr2	88	20	242193529	8.25786e-08
chr2	89	13	242193529	5.36761e-08
chr2	90	25	242193529	1.03223e-07
chr2	91	7	242193529	2.89025e-08
chr2	92	10	242193529	4.12893e-08
chr2	93	14	242193529	5.7805e-08
chr2	94	14	242193529	5.7805e-08
chr2	95	6	242193529	2.47736e-08
chr2	96	19	242193529	7.84497e-08
chr2	97	11	242193529	4.54182e-08
chr2	98	14	242193529	5.7805e-08
chr2	99	9	242193529	3.71604e-08
chr2	100	78	242193529	3.22056e-07
chr20	0	56094493	64444167	0.870436
chr20	1	6006152	64444167	0.0931993
chr20	2	1379668	64444167	0.0214087
chr20	3	404732	64444167	0.00628035
chr20	4	162324	64444167	0.00251883
chr20	5	87315	64444167	0.00135489
chr20	6	56906	64444167	0.000883028
chr20	7	40189	64444167	0.000623625
chr20	8	29797	64444167	0.000462369
chr20	9	22713	64444167	0.000352445
chr20	10	18272	64444167	0.000283532
chr20	11	15196	64444167	0.000235801
chr20	12	12406	64444167	0.000192508
chr20	13	10609	64444167	0.000164623
chr20	14	9260	64444167	0.00014369
chr20	15	8054	64444167	0.000124976
chr20	16	7383	64444167	0.000114564
chr20	17	6451	64444167	0.000100102
chr20	18	5486	64444167	8.5128e-05
chr20	19	5187	64444167	8.04883e-05
chr20	20	4813	64444167	7.46848e-05
chr20	21	4167	64444167	6.46606e-05
chr20	22	3670	64444167	5.69485e-05
chr20	23	3622	64444167	5.62037e-05
chr20	24	3507	64444167	5.44192e-05
chr20	25	3137	64444167	4.86778e-05
chr20	26	2794	64444167	4.33554e-05
chr20	27	2618	64444167	4.06243e-05
chr20	28	2539	64444167	3.93984e-05
chr20	29	2279	64444167	3.53639e-05
chr20	30	2190	64444167	3.39829e-05
chr20	31	2018	64444167	3.13139e-05
chr20	32	1889	64444167	2.93122e-05
chr20	33	1603	64444167	2.48742e-05
chr20	34	1497	64444167	2.32294e-05
chr20	35	1337	64444167	2.07466e-05
chr20	36	1274	64444167	1.9769e-05
chr20	37	1233	64444167	1.91328e-05
chr20	38	1162	64444167	1.80311e-05
chr20	39	1059	64444167	1.64328e-05
chr20	40	957	64444167	1.48501e-05
chr20	41	946	64444167	1.46794e-05
chr20	42	811	64444167	1.25845e-05
chr20	43	704	64444167	1.09242e-05
chr20	44	625	64444167	9.69832e-06
chr20	45	616	64444167	9.55866e-06
chr20	46	573	64444167	8.89142e-06
chr20	47	544	64444167	8.44142e-06
chr20	48	552	64444167	8.56555e-06
chr20	49	458	64444167	7.10693e-06
chr20	50	432	64444167	6.70348e-06
chr20	51	347	64444167	5.38451e-06
chr20	52	400	64444167	6.20692e-06
chr20	53	322	64444167	4.99657e-06
chr20	54	324	64444167	5.02761e-06
chr20	55	317	64444167	4.91899e-06
chr20	56	259	64444167	4.01898e-06
chr20	57	248	64444167	3.84829e-06
chr20	58	198	64444167	3.07243e-06
chr20	59	230	64444167	3.56898e-06
chr20	60	224	64444167	3.47588e-06
chr20	61	189	64444167	2.93277e-06
chr20	62	283	64444167	4.3914e-06
chr20	63	211	64444167	3.27415e-06
chr20	64	208	64444167	3.2276e-06
chr20	65	167	64444167	2.59139e-06
chr20	66	134	64444167	2.07932e-06
chr20	67	125	64444167	1.93966e-06
chr20	68	113	64444167	1.75346e-06
chr20	69	119	64444167	1.84656e-06
chr20	70	94	64444167	1.45863e-06
chr20	71	105	64444167	1.62932e-06
chr20	72	126	64444167	1.95518e-06
chr20	73	95	64444167	1.47414e-06
chr20	74	57	64444167	8.84487e-07
chr20	75	86	64444167	1.33449e-06
chr20	76	51	64444167	7.91383e-07
chr20	77	60	64444167	9.31038e-07
chr20	78	75	64444167	1.1638e-06
chr20	79	61	64444167	9.46556e-07
chr20	80	67	64444167	1.03966e-06
chr20	81	73	64444167	1.13276e-06
chr20	82	54	64444167	8.37935e-07
chr20	83	36	64444167	5.58623e-07
chr20	84	49	64444167	7.60348e-07
chr20	85	64	64444167	9.93108e-07
chr20	86	46	64444167	7.13796e-07
chr20	87	37	64444167	5.7414e-07
chr20	88	26	64444167	4.0345e-07
chr20	89	22	64444167	3.41381e-07
chr20	90	18	64444167	2.79312e-07
chr20	91	25	64444167	3.87933e-07
chr20	92	22	64444167	3.41381e-07
chr20	93	19	64444167	2.94829e-07
chr20	94	6	64444167	9.31038e-08
chr20	95	25	64444167	3.87933e-07
chr20	96	21	64444167	3.25863e-07
chr20	97	20	64444167	3.10346e-07
chr20	98	17	64444167	2.63794e-07
chr20	99	11	64444167	1.7069e-07
chr20	100	62	64444167	9.62073e-07
chr21	0	43388390	46709983	0.928889
chr21	1	2439563	46709983	0.0522279
chr21	2	542299	46709983	0.0116099
chr21	3	153359	46709983	0.00328322
chr21	4	60233	46709983	0.00128951
chr21	5	30750	46709983	0.000658318
chr21	6	19258	46709983	0.000412289
chr21	7	13958	46709983	0.000298823
chr21	8	9702	46709983	0.000207707
chr21	9	7253	46709983	0.000155277
chr21	10	5521	46709983	0.000118197
chr21	11	4383	46709983	9.38343e-05
chr21	12	3608	46709983	7.72426e-05
chr21	13	2924	46709983	6.2599e-05
chr21	14	2667	46709983	5.7097e-05
chr21	15	2331	46709983	4.99037e-05
chr21	16	1939	46709983	4.15115e-05
chr21	17	1876	46709983	4.01627e-05
chr21	18	1663	46709983	3.56027e-05
chr21	19	1454	46709983	3.11282e-05
chr21	20	1318	46709983	2.82167e-05
chr21	21	1244	46709983	2.66324e-05
chr21	22	1113	46709983	2.38279e-05
chr21	23	967	46709983	2.07022e-05
chr21	24	884	46709983	1.89253e-05
chr21	25	871	46709983	1.8647e-05
chr21	26	762	46709983	1.63134e-05
chr21	27	683	46709983	1.46221e-05
chr21	28	590	46709983	1.26311e-05
chr21	29	529	46709983	1.13252e-05
chr21	30	476	46709983	1.01905e-05
chr21	31	553	46709983	1.1839e-05
chr21	32	516	46709983	1.10469e-05
chr21	33	394	46709983	8.43503e-06
chr21	34	345	46709983	7.386e-06
chr21	35	418	46709983	8.94884e-06
chr21	36	364	46709983	7.79277e-06
chr21	37	359	46709983	7.68572e-06
chr21	38	363	46709983	7.77136e-06
chr21	39	317	46709983	6.78656e-06
chr21	40	307	46709983	6.57247e-06
chr21	41	254	46709983	5.43781e-06
chr21	42	208	46709983	4.45301e-06
chr21	43	145	46709983	3.10426e-06
chr21	44	168	46709983	3.59666e-06
chr21	45	148	46709983	3.16849e-06
chr21	46	132	46709983	2.82595e-06
chr21	47	146	46709983	3.12567e-06
chr21	48	145	46709983	3.10426e-06
chr21	49	110	46709983	2.35496e-06
chr21	50	105	46709983	2.24791e-06
chr21	51	124	46709983	2.65468e-06
chr21	52	128	46709983	2.74031e-06
chr21	53	111	46709983	2.37637e-06
chr21	54	80	46709983	1.7127e-06
chr21	55	118	46709983	2.52623e-06
chr21	56	93	46709983	1.99101e-06
chr21	57	54	46709983	1.15607e-06
chr21	58	47	46709983	1.00621e-06
chr21	59	43	46709983	9.20574e-07
chr21	60	38	46709983	8.13531e-07
chr21	61	30	46709983	6.42261e-07
chr21	62	35	46709983	7.49304e-07
chr21	63	38	46709983	8.13531e-07
chr21	64	44	46709983	9.41983e-07
chr21	65	43	46709983	9.20574e-07
chr21	66	44	46709983	9.41983e-07
chr21	67	41	46709983	8.77757e-07
chr21	68	39	46709983	8.34939e-07
chr21	69	36	46709983	7.70713e-07
chr21	70	31	46709983	6.6367e-07
chr21	71	42	46709983	8.99165e-07
chr21	72	27	46709983	5.78035e-07
chr21	73	50	46709983	1.07044e-06
chr21	74	36	46709983	7.70713e-07
chr21	75	26	46709983	5.56626e-07
chr21	76	22	46709983	4.70991e-07
chr21	77	33	46709983	7.06487e-07
chr21	78	25	46709983	5.35218e-07
chr21	79	23	46709983	4.924e-07
chr21	80	14	46709983	2.99722e-07
chr21	81	16	46709983	3.42539e-07
chr21	82	19	46709983	4.06765e-07
chr21	83	13	46709983	2.78313e-07
chr21	84	16	46709983	3.42539e-07
chr21	85	26	46709983	5.56626e-07
chr21	86	28	46709983	5.99444e-07
chr21	87	20	46709983	4.28174e-07
chr21	88	12	46709983	2.56904e-07
chr21	89	14	46709983	2.99722e-07
chr21	90	18	46709983	3.85357e-07
chr21	91	17	46709983	3.63948e-07
chr21	92	5	46709983	1.07043e-07
chr21	93	8	46709983	1.7127e-07
chr21	94	8	46709983	1.7127e-07
chr21	95	4	46709983	8.56348e-08
chr21	96	6	46709983	1.28452e-07
chr21	97	4	46709983	8.56348e-08
chr21	98	5	46709983	1.07043e-07
chr21	99	6	46709983	1.28452e-07
chr21	100	158	46709983	3.38257e-06
chr22	0	44047663	50818468	0.866765
chr22	1	4726458	50818468	0.0930067
chr22	2	1218198	50818468	0.0239716
chr22	3	360187	50818468	0.00708772
chr22	4	143302	50818468	0.00281988
chr22	5	72592	50818468	0.00142846
chr22	6	45709	50818468	0.000899456
chr22	7	30929	50818468	0.000608617
chr22	8	22784	50818468	0.000448341
chr22	9	18153	50818468	0.000357213
chr22	10	14226	50818468	0.000279938
chr22	11	11883	50818468	0.000233832
chr22	12	9590	50818468	0.000188711
chr22	13	8444	50818468	0.00016616
chr22	14	7469	50818468	0.000146974
chr22	15	6459	50818468	0.000127099
chr22	16	5831	50818468	0.000114742
chr22	17	5319	50818468	0.000104667
chr22	18	4832	50818468	9.50835e-05
chr22	19	4515	50818468	8.88457e-05
chr22	20	3946	50818468	7.76489e-05
chr22	21	3502	50818468	6.8912e-05
chr22	22	3346	50818468	6.58422e-05
chr22	23	3177	50818468	6.25166e-05
chr22	24	2935	50818468	5.77546e-05
chr22	25	2775	50818468	5.46061e-05
chr22	26	2548	50818468	5.01393e-05
chr22	27	2457	50818468	4.83486e-05
chr22	28	2139	50818468	4.2091e-05
chr22	29	1917	50818468	3.77225e-05
chr22	30	1813	50818468	3.5676e-05
chr22	31	1647	50818468	3.24095e-05
chr22	32	1539	50818468	3.02843e-05
chr22	33	1381	50818468	2.71752e-05
chr22	34	1315	50818468	2.58764e-05
chr22	35	1352	50818468	2.66045e-05
chr22	36	1282	50818468	2.5227e-05
chr22	37	1104	50818468	2.17244e-05
chr22	38	946	50818468	1.86153e-05
chr22	39	930	50818468	1.83004e-05
chr22	40	841	50818468	1.65491e-05
chr22	41	834	50818468	1.64114e-05
chr22	42	750	50818468	1.47584e-05
chr22	43	698	50818468	1.37352e-05
chr22	44	666	50818468	1.31055e-05
chr22	45	597	50818468	1.17477e-05
chr22	46	603	50818468	1.18658e-05
chr22	47	567	50818468	1.11574e-05
chr22	48	492	50818468	9.68152e-06
chr22	49	496	50818468	9.76023e-06
chr22	50	431	50818468	8.48117e-06
chr22	51	439	50818468	8.63859e-06
chr22	52	388	50818468	7.63502e-06
chr22	53	362	50818468	7.12339e-06
chr22	54	317	50818468	6.23789e-06
chr22	55	285	50818468	5.6082e-06
chr22	56	230	50818468	4.52591e-06
chr22	57	238	50818468	4.68334e-06
chr22	58	200	50818468	3.93558e-06
chr22	59	178	50818468	3.50266e-06
chr22	60	143	50818468	2.81394e-06
chr22	61	166	50818468	3.26653e-06
chr22	62	128	50818468	2.51877e-06
chr22	63	127	50818468	2.49909e-06
chr22	64	117	50818468	2.30231e-06
chr22	65	119	50818468	2.34167e-06
chr22	66	94	50818468	1.84972e-06
chr22	67	110	50818468	2.16457e-06
chr22	68	105	50818468	2.06618e-06
chr22	69	65	50818468	1.27906e-06
chr22	70	99	50818468	1.94811e-06
chr22	71	67	50818468	1.31842e-06
chr22	72	64	50818468	1.25938e-06
chr22	73	48	50818468	9.44538e-07
chr22	74	52	50818468	1.02325e-06
chr22	75	61	50818468	1.20035e-06
chr22	76	43	50818468	8.46149e-07
chr22	77	54	50818468	1.06261e-06
chr22	78	29	50818468	5.70659e-07
chr22	79	31	50818468	6.10014e-07
chr22	80	34	50818468	6.69048e-07
chr22	81	30	50818468	5.90337e-07
chr22	82	28	50818468	5.50981e-07
chr22	83	45	50818468	8.85505e-07
chr22	84	25	50818468	4.91947e-07
chr22	85	21	50818468	4.13236e-07
chr22	86	22	50818468	4.32913e-07
chr22	87	14	50818468	2.7549e-07
chr22	88	19	50818468	3.7388e-07
chr22	89	14	50818468	2.7549e-07
chr22	90	29	50818468	5.70659e-07
chr22	91	17	50818468	3.34524e-07
chr22	92	14	50818468	2.7549e-07
chr22	93	5	50818468	9.83894e-08
chr22	94	13	50818468	2.55813e-07
chr22	95	11	50818468	2.16457e-07
chr22	96	10	50818468	1.96779e-07
chr22	97	11	50818468	2.16457e-07
chr22	98	8	50818468	1.57423e-07
chr22	99	14	50818468	2.7549e-07
chr22	100	156	50818468	3.06975e-06
chr3	0	182547250	198295559	0.920582
chr3	1	11822850	198295559	0.0596224
chr3	2	2332854	198295559	0.0117645
chr3	3	633100	198295559	0.00319271
chr3	4	259160	198295559	0.00130694
chr3	5	148754	198295559	0.000750163
chr3	6	99130	198295559	0.00049991
chr3	7	71522	198295559	0.000360684
chr3	8	53566	198295559	0.000270132
chr3	9	42181	198295559	0.000212718
chr3	10	34089	198295559	0.00017191
chr3	11	28518	198295559	0.000143816
chr3	12	22792	198295559	0.00011494
chr3	13	19288	198295559	9.7269e-05
chr3	14	16521	198295559	8.3315e-05
chr3	15	14700	198295559	7.41318e-05
chr3	16	12854	198295559	6.48224e-05
chr3	17	11649	198295559	5.87456e-05
chr3	18	10391	198295559	5.24016e-05
chr3	19	9172	198295559	4.62542e-05
chr3	20	8111	198295559	4.09036e-05
chr3	21	7378	198295559	3.72071e-05
chr3	22	6899	198295559	3.47915e-05
chr3	23	6180	198295559	3.11656e-05
chr3	24	5546	198295559	2.79684e-05
chr3	25	5129	198295559	2.58654e-05
chr3	26	4659	198295559	2.34952e-05
chr3	27	4430	198295559	2.23404e-05
chr3	28	4240	198295559	2.13822e-05
chr3	29	4020	198295559	2.02728e-05
chr3	30	3448	198295559	1.73882e-05
chr3	31	3230	198295559	1.62888e-05
chr3	32	3063	198295559	1.54466e-05
chr3	33	2874	198295559	1.44935e-05
chr3	34	2584	198295559	1.30311e-05
chr3	35	2362	198295559	1.19115e-05
chr3	36	2212	198295559	1.11551e-05
chr3	37	2126	198295559	1.07214e-05
chr3	38	2110	198295559	1.06407e-05
chr3	39	1789	198295559	9.02189e-06
chr3	40	1646	198295559	8.30074e-06
chr3	41	1504	198295559	7.58464e-06
chr3	42	1349	198295559	6.80298e-06
chr3	43	1332	198295559	6.71725e-06
chr3	44	1217	198295559	6.1373e-06
chr3	45	1235	198295559	6.22808e-06
chr3	46	1206	198295559	6.08183e-06
chr3	47	1138	198295559	5.73891e-06
chr3	48	1026	198295559	5.17409e-06
chr3	49	933	198295559	4.7051e-06
chr3	50	917	198295559	4.62441e-06
chr3	51	739	198295559	3.72676e-06
chr3	52	609	198295559	3.07117e-06
chr3	53	713	198295559	3.59564e-06
chr3	54	610	198295559	3.07622e-06
chr3	55	545	198295559	2.74842e-06
chr3	56	491	198295559	2.4761e-06
chr3	57	484	198295559	2.4408e-06
chr3	58	441	198295559	2.22395e-06
chr3	59	426	198295559	2.14831e-06
chr3	60	442	198295559	2.229e-06
chr3	61	320	198295559	1.61375e-06
chr3	62	280	198295559	1.41203e-06
chr3	63	251	198295559	1.26579e-06
chr3	64	241	198295559	1.21536e-06
chr3	65	239	198295559	1.20527e-06
chr3	66	220	198295559	1.10946e-06
chr3	67	215	198295559	1.08424e-06
chr3	68	166	198295559	8.37134e-07
chr3	69	186	198295559	9.37994e-07
chr3	70	158	198295559	7.9679e-07
chr3	71	150	198295559	7.56447e-07
chr3	72	150	198295559	7.56447e-07
chr3	73	85	198295559	4.28653e-07
chr3	74	113	198295559	5.69856e-07
chr3	75	92	198295559	4.63954e-07
chr3	76	89	198295559	4.48825e-07
chr3	77	80	198295559	4.03438e-07
chr3	78	78	198295559	3.93352e-07
chr3	79	59	198295559	2.97536e-07
chr3	80	59	198295559	2.97536e-07
chr3	81	43	198295559	2.16848e-07
chr3	82	39	198295559	1.96676e-07
chr3	83	49	198295559	2.47106e-07
chr3	84	43	198295559	2.16848e-07
chr3	85	33	198295559	1.66418e-07
chr3	86	29	198295559	1.46246e-07
chr3	87	20	198295559	1.0086e-07
chr3	88	34	198295559	1.71461e-07
chr3	89	23	198295559	1.15988e-07
chr3	90	20	198295559	1.0086e-07
chr3	91	18	198295559	9.07736e-08
chr3	92	22	198295559	1.10946e-07
chr3	93	11	198295559	5.54728e-08
chr3	94	19	198295559	9.58166e-08
chr3	95	17	198295559	8.57306e-08
chr3	96	13	198295559	6.55587e-08
chr3	97	13	198295559	6.55587e-08
chr3	98	13	198295559	6.55587e-08
chr3	99	16	198295559	8.06876e-08
chr3	100	119	198295559	6.00114e-07
chr4	0	178173341	190214555	0.936697
chr4	1	9157068	190214555	0.0481407
chr4	2	1731122	190214555	0.00910089
chr4	3	470997	190214555	0.00247614
chr4	4	197389	190214555	0.00103772
chr4	5	110507	190214555	0.00058096
chr4	6	72144	190214555	0.000379277
chr4	7	51235	190214555	0.000269354
chr4	8	38051	190214555	0.000200043
chr4	9	29545	190214555	0.000155325
chr4	10	23433	190214555	0.000123192
chr4	11	18762	190214555	9.8636e-05
chr4	12	14974	190214555	7.87216e-05
chr4	13	12710	190214555	6.68193e-05
chr4	14	11084	190214555	5.8271e-05
chr4	15	9621	190214555	5.05797e-05
chr4	16	8175	190214555	4.29778e-05
chr4	17	7299	190214555	3.83725e-05
chr4	18	6563	190214555	3.45031e-05
chr4	19	6104	190214555	3.20901e-05
chr4	20	5324	190214555	2.79894e-05
chr4	21	4710	190214555	2.47615e-05
chr4	22	4423	190214555	2.32527e-05
chr4	23	3848	190214555	2.02298e-05
chr4	24	3601	190214555	1.89313e-05
chr4	25	3286	190214555	1.72752e-05
chr4	26	3209	190214555	1.68704e-05
chr4	27	2789	190214555	1.46624e-05
chr4	28	2485	190214555	1.30642e-05
chr4	29	2364	190214555	1.24281e-05
chr4	30	2135	190214555	1.12242e-05
chr4	31	2005	190214555	1.05407e-05
chr4	32	1762	190214555	9.26322e-06
chr4	33	1631	190214555	8.57453e-06
chr4	34	1610	190214555	8.46413e-06
chr4	35	1533	190214555	8.05932e-06
chr4	36	1343	190214555	7.06045e-06
chr4	37	1299	190214555	6.82913e-06
chr4	38	1112	190214555	5.84603e-06
chr4	39	997	190214555	5.24145e-06
chr4	40	907	190214555	4.7683e-06
chr4	41	900	190214555	4.7315e-06
chr4	42	909	190214555	4.77881e-06
chr4	43	871	190214555	4.57904e-06
chr4	44	692	190214555	3.638e-06
chr4	45	668	190214555	3.51182e-06
chr4	46	595	190214555	3.12805e-06
chr4	47	626	190214555	3.29102e-06
chr4	48	542	190214555	2.84941e-06
chr4	49	463	190214555	2.43409e-06
chr4	50	460	190214555	2.41832e-06
chr4	51	414	190214555	2.17649e-06
chr4	52	402	190214555	2.1134e-06
chr4	53	348	190214555	1.82951e-06
chr4	54	309	190214555	1.62448e-06
chr4	55	269	190214555	1.41419e-06
chr4	56	252	190214555	1.32482e-06
chr4	57	215	190214555	1.1303e-06
chr4	58	210	190214555	1.10402e-06
chr4	59	194	190214555	1.0199e-06
chr4	60	168	190214555	8.83213e-07
chr4	61	171	190214555	8.98985e-07
chr4	62	157	190214555	8.25384e-07
chr4	63	157	190214555	8.25384e-07
chr4	64	108	190214555	5.6778e-07
chr4	65	111	190214555	5.83552e-07
chr4	66	117	190214555	6.15095e-07
chr4	67	138	190214555	7.25497e-07
chr4	68	147	190214555	7.72812e-07
chr4	69	90	190214555	4.7315e-07
chr4	70	76	190214555	3.99549e-07
chr4	71	59	190214555	3.10176e-07
chr4	72	71	190214555	3.73263e-07
chr4	73	63	190214555	3.31205e-07
chr4	74	61	190214555	3.2069e-07
chr4	75	62	190214555	3.25948e-07
chr4	76	39	190214555	2.05032e-07
chr4	77	41	190214555	2.15546e-07
chr4	78	55	190214555	2.89147e-07
chr4	79	55	190214555	2.89147e-07
chr4	80	66	190214555	3.46977e-07
chr4	81	42	190214555	2.20803e-07
chr4	82	41	190214555	2.15546e-07
chr4	83	50	190214555	2.62861e-07
chr4	84	31	190214555	1.62974e-07
chr4	85	28	190214555	1.47202e-07
chr4	86	33	190214555	1.73488e-07
chr4	87	27	190214555	1.41945e-07
chr4	88	23	190214555	1.20916e-07
chr4	89	22	190214555	1.15659e-07
chr4	90	22	190214555	1.15659e-07
chr4	91	26	190214555	1.36688e-07
chr4	92	21	190214555	1.10402e-07
chr4	93	14	190214555	7.36011e-08
chr4	94	11	190214555	5.78294e-08
chr4	95	19	190214555	9.98872e-08
chr4	96	12	190214555	6.30867e-08
chr4	97	12	190214555	6.30867e-08
chr4	98	16	190214555	8.41155e-08
chr4	99	24	190214555	1.26173e-07
chr4	100	233	190214555	1.22493e-06
chr5	0	167645855	181538259	0.923474
chr5	1	10380760	181538259	0.0571822
chr5	2	2074919	181538259	0.0114297
chr5	3	583692	181538259	0.00321526
chr5	4	245668	181538259	0.00135326
chr5	5	133451	181538259	0.000735112
chr5	6	88670	181538259	0.000488437
chr5	7	63931	181538259	0.000352163
chr5	8	46462	181538259	0.000255935
chr5	9	35190	181538259	0.000193843
chr5	10	29016	181538259	0.000159834
chr5	11	24534	181538259	0.000135145
chr5	12	20726	181538259	0.000114169
chr5	13	16941	181538259	9.33192e-05
chr5	14	14114	181538259	7.77467e-05
chr5	15	12530	181538259	6.90213e-05
chr5	16	11437	181538259	6.30005e-05
chr5	17	9852	181538259	5.42696e-05
chr5	18	8701	181538259	4.79293e-05
chr5	19	7906	181538259	4.355e-05
chr5	20	7133	181538259	3.9292e-05
chr5	21	6299	181538259	3.46979e-05
chr5	22	5715	181538259	3.1481e-05
chr5	23	5235	181538259	2.88369e-05
chr5	24	4880	181538259	2.68814e-05
chr5	25	4483	181538259	2.46945e-05
chr5	26	4378	181538259	2.41161e-05
chr5	27	3943	181538259	2.17199e-05
chr5	28	3552	181538259	1.95661e-05
chr5	29	3264	181538259	1.79797e-05
chr5	30	2779	181538259	1.53081e-05
chr5	31	2426	181538259	1.33636e-05
chr5	32	2170	181538259	1.19534e-05
chr5	33	2144	181538259	1.18102e-05
chr5	34	1972	181538259	1.08627e-05
chr5	35	1860	181538259	1.02458e-05
chr5	36	1662	181538259	9.1551e-06
chr5	37	1602	181538259	8.82459e-06
chr5	38	1410	181538259	7.76696e-06
chr5	39	1363	181538259	7.50806e-06
chr5	40	1341	181538259	7.38687e-06
chr5	41	1187	181538259	6.53857e-06
chr5	42	1057	181538259	5.82246e-06
chr5	43	916	181538259	5.04577e-06
chr5	44	902	181538259	4.96865e-06
chr5	45	808	181538259	4.45085e-06
chr5	46	767	181538259	4.225e-06
chr5	47	642	181538259	3.53644e-06
chr5	48	587	181538259	3.23348e-06
chr5	49	560	181538259	3.08475e-06
chr5	50	611	181538259	3.36568e-06
chr5	51	506	181538259	2.78729e-06
chr5	52	431	181538259	2.37416e-06
chr5	53	407	181538259	2.24195e-06
chr5	54	378	181538259	2.08221e-06
chr5	55	356	181538259	1.96102e-06
chr5	56	280	181538259	1.54237e-06
chr5	57	289	181538259	1.59195e-06
chr5	58	314	181538259	1.72966e-06
chr5	59	296	181538259	1.63051e-06
chr5	60	231	181538259	1.27246e-06
chr5	61	234	181538259	1.28898e-06
chr5	62	219	181538259	1.20636e-06
chr5	63	184	181538259	1.01356e-06
chr5	64	166	181538259	9.14408e-07
chr5	65	178	181538259	9.8051e-07
chr5	66	187	181538259	1.03009e-06
chr5	67	155	181538259	8.53815e-07
chr5	68	130	181538259	7.16103e-07
chr5	69	108	181538259	5.94916e-07
chr5	70	104	181538259	5.72882e-07
chr5	71	91	181538259	5.01272e-07
chr5	72	115	181538259	6.33475e-07
chr5	73	67	181538259	3.69068e-07
chr5	74	73	181538259	4.02119e-07
chr5	75	74	181538259	4.07628e-07
chr5	76	64	181538259	3.52543e-07
chr5	77	58	181538259	3.19492e-07
chr5	78	35	181538259	1.92797e-07
chr5	79	54	181538259	2.97458e-07
chr5	80	41	181538259	2.25848e-07
chr5	81	41	181538259	2.25848e-07
chr5	82	52	181538259	2.86441e-07
chr5	83	39	181538259	2.14831e-07
chr5	84	38	181538259	2.09322e-07
chr5	85	21	181538259	1.15678e-07
chr5	86	12	181538259	6.61018e-08
chr5	87	16	181538259	8.81357e-08
chr5	88	17	181538259	9.36442e-08
chr5	89	13	181538259	7.16103e-08
chr5	90	15	181538259	8.26272e-08
chr5	91	6	181538259	3.30509e-08
chr5	92	14	181538259	7.71187e-08
chr5	93	13	181538259	7.16103e-08
chr5	94	14	181538259	7.71187e-08
chr5	95	12	181538259	6.61018e-08
chr5	96	7	181538259	3.85594e-08
chr5	97	6	181538259	3.30509e-08
chr5	98	10	181538259	5.50848e-08
chr5	99	8	181538259	4.40678e-08
chr5	100	77	181538259	4.24153e-07
chr6	0	156915287	170805979	0.918676
chr6	1	10241993	170805979	0.0599627
chr6	2	2094193	170805979	0.0122607
chr6	3	607115	170805979	0.00355441
chr6	4	260127	170805979	0.00152294
chr6	5	149518	170805979	0.000875367
chr6	6	100379	170805979	0.000587678
chr6	7	70177	170805979	0.000410858
chr6	8	52108	170805979	0.000305071
chr6	9	41276	170805979	0.000241654
chr6	10	33076	170805979	0.000193647
chr6	11	27035	170805979	0.000158279
chr6	12	22367	170805979	0.00013095
chr6	13	18850	170805979	0.000110359
chr6	14	16735	170805979	9.79767e-05
chr6	15	14456	170805979	8.4634e-05
chr6	16	12955	170805979	7.58463e-05
chr6	17	11442	170805979	6.69883e-05
chr6	18	10068	170805979	5.89441e-05
chr6	19	9224	170805979	5.40028e-05
chr6	20	8366	170805979	4.89795e-05
chr6	21	7323	170805979	4.28732e-05
chr6	22	6433	170805979	3.76626e-05
chr6	23	5904	170805979	3.45655e-05
chr6	24	5414	170805979	3.16968e-05
chr6	25	5066	170805979	2.96594e-05
chr6	26	4658	170805979	2.72707e-05
chr6	27	4166	170805979	2.43902e-05
chr6	28	3878	170805979	2.27041e-05
chr6	29	3653	170805979	2.13868e-05
chr6	30	3244	170805979	1.89923e-05
chr6	31	3247	170805979	1.90099e-05
chr6	32	3009	170805979	1.76165e-05
chr6	33	2682	170805979	1.5702e-05
chr6	34	2470	170805979	1.44609e-05
chr6	35	2194	170805979	1.2845e-05
chr6	36	2033	170805979	1.19024e-05
chr6	37	1871	170805979	1.09539e-05
chr6	38	1758	170805979	1.02924e-05
chr6	39	1576	170805979	9.22684e-06
chr6	40	1475	170805979	8.63553e-06
chr6	41	1417	170805979	8.29596e-06
chr6	42	1214	170805979	7.10748e-06
chr6	43	1069	170805979	6.25856e-06
chr6	44	1122	170805979	6.56886e-06
chr6	45	956	170805979	5.59699e-06
chr6	46	914	170805979	5.3511e-06
chr6	47	734	170805979	4.29727e-06
chr6	48	723	170805979	4.23287e-06
chr6	49	684	170805979	4.00454e-06
chr6	50	632	170805979	3.7001e-06
chr6	51	609	170805979	3.56545e-06
chr6	52	543	170805979	3.17905e-06
chr6	53	495	170805979	2.89802e-06
chr6	54	419	170805979	2.45308e-06
chr6	55	360	170805979	2.10765e-06
chr6	56	375	170805979	2.19547e-06
chr6	57	392	170805979	2.295e-06
chr6	58	315	170805979	1.8442e-06
chr6	59	331	170805979	1.93787e-06
chr6	60	278	170805979	1.62758e-06
chr6	61	207	170805979	1.2119e-06
chr6	62	232	170805979	1.35827e-06
chr6	63	238	170805979	1.39339e-06
chr6	64	256	170805979	1.49878e-06
chr6	65	220	170805979	1.28801e-06
chr6	66	190	170805979	1.11237e-06
chr6	67	162	170805979	9.48444e-07
chr6	68	152	170805979	8.89899e-07
chr6	69	143	170805979	8.37207e-07
chr6	70	144	170805979	8.43062e-07
chr6	71	124	170805979	7.2597e-07
chr6	72	118	170805979	6.90842e-07
chr6	73	104	170805979	6.08878e-07
chr6	74	97	170805979	5.67896e-07
chr6	75	80	170805979	4.68368e-07
chr6	76	96	170805979	5.62041e-07
chr6	77	79	170805979	4.62513e-07
chr6	78	55	170805979	3.22003e-07
chr6	79	51	170805979	2.98584e-07
chr6	80	47	170805979	2.75166e-07
chr6	81	41	170805979	2.40038e-07
chr6	82	44	170805979	2.57602e-07
chr6	83	40	170805979	2.34184e-07
chr6	84	52	170805979	3.04439e-07
chr6	85	29	170805979	1.69783e-07
chr6	86	33	170805979	1.93202e-07
chr6	87	37	170805979	2.1662e-07
chr6	88	37	170805979	2.1662e-07
chr6	89	20	170805979	1.17092e-07
chr6	90	17	170805979	9.95281e-08
chr6	91	25	170805979	1.46365e-07
chr6	92	44	170805979	2.57602e-07
chr6	93	24	170805979	1.4051e-07
chr6	94	25	170805979	1.46365e-07
chr6	95	19	170805979	1.11237e-07
chr6	96	18	170805979	1.05383e-07
chr6	97	17	170805979	9.95281e-08
chr6	98	14	170805979	8.19643e-08
chr6	99	16	170805979	9.36735e-08
chr6	100	249	170805979	1.45779e-06
chr7	0	144888536	159345973	0.90927
chr7	1	10657193	159345973	0.0668808
chr7	2	2255077	159345973	0.0141521
chr7	3	644523	159345973	0.0040448
chr7	4	266088	159345973	0.00166988
chr7	5	144409	159345973	0.000906261
chr7	6	90610	159345973	0.000568637
chr7	7	63318	159345973	0.000397362
chr7	8	46915	159345973	0.000294422
chr7	9	36847	159345973	0.000231239
chr7	10	29398	159345973	0.000184492
chr7	11	24011	159345973	0.000150685
chr7	12	19921	159345973	0.000125017
chr7	13	16900	159345973	0.000106059
chr7	14	13999	159345973	8.78529e-05
chr7	15	12488	159345973	7.83704e-05
chr7	16	11277	159345973	7.07705e-05
chr7	17	10127	159345973	6.35535e-05
chr7	18	9232	159345973	5.79368e-05
chr7	19	8030	159345973	5.03935e-05
chr7	20	7477	159345973	4.69231e-05
chr7	21	6668	159345973	4.18461e-05
chr7	22	6023	159345973	3.77983e-05
chr7	23	5644	159345973	3.54198e-05
chr7	24	5231	159345973	3.28279e-05
chr7	25	4747	159345973	2.97905e-05
chr7	26	4225	159345973	2.65146e-05
chr7	27	4067	159345973	2.55231e-05
chr7	28	3772	159345973	2.36718e-05
chr7	29	3406	159345973	2.13749e-05
chr7	30	3182	159345973	1.99691e-05
chr7	31	2838	159345973	1.78103e-05
chr7	32	2777	159345973	1.74275e-05
chr7	33	2573	159345973	1.61473e-05
chr7	34	2417	159345973	1.51683e-05
chr7	35	2296	159345973	1.44089e-05
chr7	36	2195	159345973	1.37751e-05
chr7	37	2025	159345973	1.27082e-05
chr7	38	1761	159345973	1.10514e-05
chr7	39	1633	159345973	1.02481e-05
chr7	40	1533	159345973	9.62058e-06
chr7	41	1409	159345973	8.84239e-06
chr7	42	1376	159345973	8.6353e-06
chr7	43	1167	159345973	7.32369e-06
chr7	44	1163	159345973	7.29858e-06
chr7	45	1099	159345973	6.89694e-06
chr7	46	1094	159345973	6.86556e-06
chr7	47	1019	159345973	6.39489e-06
chr7	48	899	159345973	5.64181e-06
chr7	49	867	159345973	5.44099e-06
chr7	50	816	159345973	5.12093e-06
chr7	51	705	159345973	4.42434e-06
chr7	52	700	159345973	4.39296e-06
chr7	53	634	159345973	3.97876e-06
chr7	54	674	159345973	4.22979e-06
chr7	55	551	159345973	3.45788e-06
chr7	56	527	159345973	3.30727e-06
chr7	57	391	159345973	2.45378e-06
chr7	58	421	159345973	2.64205e-06
chr7	59	400	159345973	2.51026e-06
chr7	60	319	159345973	2.00193e-06
chr7	61	341	159345973	2.14e-06
chr7	62	308	159345973	1.9329e-06
chr7	63	312	159345973	1.958e-06
chr7	64	279	159345973	1.75091e-06
chr7	65	244	159345973	1.53126e-06
chr7	66	220	159345973	1.38064e-06
chr7	67	188	159345973	1.17982e-06
chr7	68	193	159345973	1.2112e-06
chr7	69	152	159345973	9.53899e-07
chr7	70	160	159345973	1.0041e-06
chr7	71	186	159345973	1.16727e-06
chr7	72	137	159345973	8.59764e-07
chr7	73	130	159345973	8.15835e-07
chr7	74	100	159345973	6.27565e-07
chr7	75	119	159345973	7.46803e-07
chr7	76	79	159345973	4.95777e-07
chr7	77	67	159345973	4.20469e-07
chr7	78	82	159345973	5.14604e-07
chr7	79	90	159345973	5.64809e-07
chr7	80	73	159345973	4.58123e-07
chr7	81	63	159345973	3.95366e-07
chr7	82	52	159345973	3.26334e-07
chr7	83	66	159345973	4.14193e-07
chr7	84	68	159345973	4.26744e-07
chr7	85	55	159345973	3.45161e-07
chr7	86	52	159345973	3.26334e-07
chr7	87	45	159345973	2.82404e-07
chr7	88	41	159345973	2.57302e-07
chr7	89	41	159345973	2.57302e-07
chr7	90	20	159345973	1.25513e-07
chr7	91	15	159345973	9.41348e-08
chr7	92	18	159345973	1.12962e-07
chr7	93	12	159345973	7.53078e-08
chr7	94	21	159345973	1.31789e-07
chr7	95	18	159345973	1.12962e-07
chr7	96	21	159345973	1.31789e-07
chr7	97	10	159345973	6.27565e-08
chr7	98	15	159345973	9.41348e-08
chr7	99	16	159345973	1.0041e-07
chr7	100	244	159345973	1.53126e-06
chr8	0	133378001	145138636	0.91897
chr8	1	8821788	145138636	0.0607818
chr8	2	1762410	145138636	0.0121429
chr8	3	491029	145138636	0.00338317
chr8	4	199967	145138636	0.00137777
chr8	5	109520	145138636	0.000754589
chr8	6	71732	145138636	0.000494231
chr8	7	50162	145138636	0.000345614
chr8	8	37006	145138636	0.00025497
chr8	9	29261	145138636	0.000201607
chr8	10	22923	145138636	0.000157939
chr8	11	18655	145138636	0.000128532
chr8	12	15425	145138636	0.000106278
chr8	13	13844	145138636	9.53847e-05
chr8	14	11883	145138636	8.18734e-05
chr8	15	10169	145138636	7.0064e-05
chr8	16	8704	145138636	5.99702e-05
chr8	17	8102	145138636	5.58225e-05
chr8	18	6960	145138636	4.79541e-05
chr8	19	6328	145138636	4.35997e-05
chr8	20	5624	145138636	3.87492e-05
chr8	21	4963	145138636	3.41949e-05
chr8	22	4472	145138636	3.08119e-05
chr8	23	3985	145138636	2.74565e-05
chr8	24	3726	145138636	2.5672e-05
chr8	25	3483	145138636	2.39977e-05
chr8	26	3241	145138636	2.23304e-05
chr8	27	2965	145138636	2.04287e-05
chr8	28	2639	145138636	1.81826e-05
chr8	29	2351	145138636	1.61983e-05
chr8	30	2172	145138636	1.4965e-05
chr8	31	1896	145138636	1.30634e-05
chr8	32	1734	145138636	1.19472e-05
chr8	33	1643	145138636	1.13202e-05
chr8	34	1538	145138636	1.05968e-05
chr8	35	1362	145138636	9.38413e-06
chr8	36	1530	145138636	1.05416e-05
chr8	37	1223	145138636	8.42643e-06
chr8	38	1173	145138636	8.08193e-06
chr8	39	1056	145138636	7.2758e-06
chr8	40	1013	145138636	6.97953e-06
chr8	41	899	145138636	6.19408e-06
chr8	42	828	145138636	5.70489e-06
chr8	43	720	145138636	4.96077e-06
chr8	44	701	145138636	4.82986e-06
chr8	45	622	145138636	4.28556e-06
chr8	46	604	145138636	4.16154e-06
chr8	47	515	145138636	3.54833e-06
chr8	48	493	145138636	3.39675e-06
chr8	49	456	145138636	3.14182e-06
chr8	50	409	145138636	2.818e-06
chr8	51	417	145138636	2.87311e-06
chr8	52	358	145138636	2.46661e-06
chr8	53	373	145138636	2.56996e-06
chr8	54	314	145138636	2.16345e-06
chr8	55	303	145138636	2.08766e-06
chr8	56	243	145138636	1.67426e-06
chr8	57	252	145138636	1.73627e-06
chr8	58	228	145138636	1.57091e-06
chr8	59	193	145138636	1.32976e-06
chr8	60	195	145138636	1.34354e-06
chr8	61	188	145138636	1.29531e-06
chr8	62	146	145138636	1.00593e-06
chr8	63	122	145138636	8.40576e-07
chr8	64	137	145138636	9.43925e-07
chr8	65	127	145138636	8.75025e-07
chr8	66	103	145138636	7.09666e-07
chr8	67	92	145138636	6.33877e-07
chr8	68	91	145138636	6.26987e-07
chr8	69	66	145138636	4.54738e-07
chr8	70	53	145138636	3.65168e-07
chr8	71	40	145138636	2.75599e-07
chr8	72	63	145138636	4.34068e-07
chr8	73	49	145138636	3.37608e-07
chr8	74	59	145138636	4.06508e-07
chr8	75	39	145138636	2.68709e-07
chr8	76	29	145138636	1.99809e-07
chr8	77	34	145138636	2.34259e-07
chr8	78	27	145138636	1.86029e-07
chr8	79	33	145138636	2.27369e-07
chr8	80	30	145138636	2.06699e-07
chr8	81	32	145138636	2.20479e-07
chr8	82	26	145138636	1.79139e-07
chr8	83	30	145138636	2.06699e-07
chr8	84	26	145138636	1.79139e-07
chr8	85	22	145138636	1.51579e-07
chr8	86	23	145138636	1.58469e-07
chr8	87	20	145138636	1.37799e-07
chr8	88	10	145138636	6.88996e-08
chr8	89	6	145138636	4.13398e-08
chr8	90	12	145138636	8.26796e-08
chr8	91	4	145138636	2.75599e-08
chr8	92	5	145138636	3.44498e-08
chr8	93	1	145138636	6.88996e-09
chr8	94	10	145138636	6.88996e-08
chr8	95	1	145138636	6.88996e-09
chr8	96	1	145138636	6.88996e-09
chr8	97	5	145138636	3.44498e-08
chr8	98	6	145138636	4.13398e-08
chr8	99	7	145138636	4.82297e-08
chr8	100	80	145138636	5.51197e-07
chr9	0	126629850	138394717	0.91499
chr9	1	8520338	138394717	0.0615655
chr9	2	1898302	138394717	0.0137166
chr9	3	559093	138394717	0.00403984
chr9	4	225613	138394717	0.00163021
chr9	5	123773	138394717	0.000894348
chr9	6	80571	138394717	0.000582183
chr9	7	56129	138394717	0.000405572
chr9	8	42133	138394717	0.000304441
chr9	9	32612	138394717	0.000235645
chr9	10	26574	138394717	0.000192016
chr9	11	21585	138394717	0.000155967
chr9	12	18000	138394717	0.000130063
chr9	13	15413	138394717	0.00011137
chr9	14	13487	138394717	9.74531e-05
chr9	15	11538	138394717	8.33702e-05
chr9	16	10103	138394717	7.30013e-05
chr9	17	9141	138394717	6.60502e-05
chr9	18	8121	138394717	5.868e-05
chr9	19	7110	138394717	5.13748e-05
chr9	20	6744	138394717	4.87302e-05
chr9	21	6103	138394717	4.40985e-05
chr9	22	5441	138394717	3.93151e-05
chr9	23	4892	138394717	3.53482e-05
chr9	24	4673	138394717	3.37657e-05
chr9	25	4257	138394717	3.07598e-05
chr9	26	3918	138394717	2.83103e-05
chr9	27	3625	138394717	2.61932e-05
chr9	28	2893	138394717	2.0904e-05
chr9	29	3023	138394717	2.18433e-05
chr9	30	2753	138394717	1.98924e-05
chr9	31	2534	138394717	1.83099e-05
chr9	32	2414	138394717	1.74429e-05
chr9	33	2259	138394717	1.63229e-05
chr9	34	2177	138394717	1.57304e-05
chr9	35	1974	138394717	1.42635e-05
chr9	36	1867	138394717	1.34904e-05
chr9	37	1704	138394717	1.23126e-05
chr9	38	1536	138394717	1.10987e-05
chr9	39	1504	138394717	1.08675e-05
chr9	40	1471	138394717	1.0629e-05
chr9	41	1284	138394717	9.27781e-06
chr9	42	1186	138394717	8.56969e-06
chr9	43	1120	138394717	8.09279e-06
chr9	44	1048	138394717	7.57254e-06
chr9	45	967	138394717	6.98726e-06
chr9	46	850	138394717	6.14185e-06
chr9	47	811	138394717	5.86005e-06
chr9	48	793	138394717	5.72999e-06
chr9	49	755	138394717	5.45541e-06
chr9	50	714	138394717	5.15916e-06
chr9	51	692	138394717	5.00019e-06
chr9	52	617	138394717	4.45826e-06
chr9	53	549	138394717	3.96691e-06
chr9	54	596	138394717	4.30652e-06
chr9	55	520	138394717	3.75737e-06
chr9	56	412	138394717	2.97699e-06
chr9	57	361	138394717	2.60848e-06
chr9	58	333	138394717	2.40616e-06
chr9	59	348	138394717	2.51455e-06
chr9	60	305	138394717	2.20384e-06
chr9	61	251	138394717	1.81365e-06
chr9	62	244	138394717	1.76307e-06
chr9	63	208	138394717	1.50295e-06
chr9	64	198	138394717	1.43069e-06
chr9	65	169	138394717	1.22114e-06
chr9	66	202	138394717	1.45959e-06
chr9	67	186	138394717	1.34398e-06
chr9	68	132	138394717	9.53794e-07
chr9	69	142	138394717	1.02605e-06
chr9	70	150	138394717	1.08386e-06
chr9	71	150	138394717	1.08386e-06
chr9	72	125	138394717	9.03214e-07
chr9	73	107	138394717	7.73151e-07
chr9	74	99	138394717	7.15345e-07
chr9	75	114	138394717	8.23731e-07
chr9	76	86	138394717	6.21411e-07
chr9	77	93	138394717	6.71991e-07
chr9	78	49	138394717	3.5406e-07
chr9	79	53	138394717	3.82963e-07
chr9	80	40	138394717	2.89028e-07
chr9	81	36	138394717	2.60126e-07
chr9	82	34	138394717	2.45674e-07
chr9	83	30	138394717	2.16771e-07
chr9	84	34	138394717	2.45674e-07
chr9	85	24	138394717	1.73417e-07
chr9	86	15	138394717	1.08386e-07
chr9	87	16	138394717	1.15611e-07
chr9	88	24	138394717	1.73417e-07
chr9	89	18	138394717	1.30063e-07
chr9	90	21	138394717	1.5174e-07
chr9	91	17	138394717	1.22837e-07
chr9	92	8	138394717	5.78057e-08
chr9	93	8	138394717	5.78057e-08
chr9	94	17	138394717	1.22837e-07
chr9	95	11	138394717	7.94828e-08
chr9	96	10	138394717	7.22571e-08
chr9	97	4	138394717	2.89028e-08
chr9	98	1	138394717	7.22571e-09
chr9	100	82	138394717	5.92508e-07
chrX	0	149728241	156040895	0.959545
chrX	1	5005023	156040895	0.0320751
chrX	2	755490	156040895	0.00484162
chrX	3	208352	156040895	0.00133524
chrX	4	95072	156040895	0.000609276
chrX	5	56705	156040895	0.000363398
chrX	6	37875	156040895	0.000242725
chrX	7	27583	156040895	0.000176768
chrX	8	21229	156040895	0.000136048
chrX	9	16171	156040895	0.000103633
chrX	10	12988	156040895	8.32346e-05
chrX	11	10984	156040895	7.03918e-05
chrX	12	9563	156040895	6.12852e-05
chrX	13	8022	156040895	5.14096e-05
chrX	14	6435	156040895	4.12392e-05
chrX	15	5646	156040895	3.61828e-05
chrX	16	4774	156040895	3.05945e-05
chrX	17	3770	156040895	2.41603e-05
chrX	18	3460	156040895	2.21737e-05
chrX	19	2979	156040895	1.90911e-05
chrX	20	2583	156040895	1.65534e-05
chrX	21	2275	156040895	1.45795e-05
chrX	22	1982	156040895	1.27018e-05
chrX	23	1710	156040895	1.09587e-05
chrX	24	1464	156040895	9.38216e-06
chrX	25	1303	156040895	8.35037e-06
chrX	26	1258	156040895	8.06199e-06
chrX	27	917	156040895	5.87666e-06
chrX	28	897	156040895	5.74849e-06
chrX	29	688	156040895	4.4091e-06
chrX	30	582	156040895	3.72979e-06
chrX	31	539	156040895	3.45422e-06
chrX	32	456	156040895	2.92231e-06
chrX	33	426	156040895	2.73005e-06
chrX	34	323	156040895	2.06997e-06
chrX	35	251	156040895	1.60855e-06
chrX	36	248	156040895	1.58933e-06
chrX	37	230	156040895	1.47397e-06
chrX	38	262	156040895	1.67905e-06
chrX	39	201	156040895	1.28812e-06
chrX	40	220	156040895	1.40989e-06
chrX	41	160	156040895	1.02537e-06
chrX	42	155	156040895	9.93329e-07
chrX	43	128	156040895	8.20298e-07
chrX	44	145	156040895	9.29244e-07
chrX	45	113	156040895	7.24169e-07
chrX	46	88	156040895	5.63955e-07
chrX	47	84	156040895	5.3832e-07
chrX	48	85	156040895	5.44729e-07
chrX	49	98	156040895	6.2804e-07
chrX	50	102	156040895	6.53675e-07
chrX	51	68	156040895	4.35783e-07
chrX	52	55	156040895	3.52472e-07
chrX	53	56	156040895	3.5888e-07
chrX	54	43	156040895	2.75569e-07
chrX	55	31	156040895	1.98666e-07
chrX	56	20	156040895	1.28172e-07
chrX	57	25	156040895	1.60214e-07
chrX	58	27	156040895	1.73032e-07
chrX	59	30	156040895	1.92257e-07
chrX	60	38	156040895	2.43526e-07
chrX	61	27	156040895	1.73032e-07
chrX	62	16	156040895	1.02537e-07
chrX	63	11	156040895	7.04943e-08
chrX	64	25	156040895	1.60214e-07
chrX	65	25	156040895	1.60214e-07
chrX	66	7	156040895	4.486e-08
chrX	67	8	156040895	5.12686e-08
chrX	68	6	156040895	3.84515e-08
chrX	69	9	156040895	5.76772e-08
chrX	70	1	156040895	6.40858e-09
chrX	71	2	156040895	1.28172e-08
chrX	72	2	156040895	1.28172e-08
chrX	73	2	156040895	1.28172e-08
chrX	74	5	156040895	3.20429e-08
chrX	75	8	156040895	5.12686e-08
chrX	76	2	156040895	1.28172e-08
chrX	77	7	156040895	4.486e-08
chrX	78	3	156040895	1.92257e-08
chrX	79	1	156040895	6.40858e-09
chrY	0	56872123	57227415	0.993792
chrY	1	304520	57227415	0.00532123
chrY	2	35391	57227415	0.000618427
chrY	3	7416	57227415	0.000129588
chrY	4	2727	57227415	4.7652e-05
chrY	5	1458	57227415	2.54773e-05
chrY	6	1007	57227415	1.75965e-05
chrY	7	640	57227415	1.11835e-05
chrY	8	587	57227415	1.02573e-05
chrY	9	377	57227415	6.58775e-06
chrY	10	234	57227415	4.08895e-06
chrY	11	169	57227415	2.95313e-06
chrY	12	149	57227415	2.60365e-06
chrY	13	128	57227415	2.23669e-06
chrY	14	86	57227415	1.50278e-06
chrY	15	113	57227415	1.97458e-06
chrY	16	89	57227415	1.5552e-06
chrY	17	44	57227415	7.68862e-07
chrY	18	40	57227415	6.98966e-07
chrY	19	25	57227415	4.36854e-07
chrY	20	14	57227415	2.44638e-07
chrY	21	14	57227415	2.44638e-07
chrY	22	21	57227415	3.66957e-07
chrY	23	5	57227415	8.73707e-08
chrY	24	9	57227415	1.57267e-07
chrY	25	8	57227415	1.39793e-07
chrY	26	10	57227415	1.74741e-07
chrY	27	11	57227415	1.92216e-07
chrM	0	16569	16569	1
genome	0	2818884893	3088286401	0.912767
genome	1	196766466	3088286401	0.0637138
genome	2	42243932	3088286401	0.0136788
genome	3	12214839	3088286401	0.00395522
genome	4	5097016	3088286401	0.00165044
genome	5	2820121	3088286401	0.000913167
genome	6	1842749	3088286401	0.00059669
genome	7	1304164	3088286401	0.000422294
genome	8	972234	3088286401	0.000314813
genome	9	757631	3088286401	0.000245324
genome	10	606727	3088286401	0.000196461
genome	11	502081	3088286401	0.000162576
genome	12	418604	3088286401	0.000135546
genome	13	356244	3088286401	0.000115353
genome	14	308984	3088286401	0.00010005
genome	15	271287	3088286401	8.78439e-05
genome	16	239794	3088286401	7.76463e-05
genome	17	213616	3088286401	6.91697e-05
genome	18	191194	3088286401	6.19094e-05
genome	19	174118	3088286401	5.63801e-05
genome	20	157565	3088286401	5.10202e-05
genome	21	142882	3088286401	4.62658e-05
genome	22	131639	3088286401	4.26253e-05
genome	23	121887	3088286401	3.94675e-05
genome	24	112178	3088286401	3.63237e-05
genome	25	103229	3088286401	3.3426e-05
genome	26	95569	3088286401	3.09456e-05
genome	27	88177	3088286401	2.85521e-05
genome	28	82127	3088286401	2.65931e-05
genome	29	75417	3088286401	2.44203e-05
genome	30	70095	3088286401	2.26971e-05
genome	31	65522	3088286401	2.12163e-05
genome	32	61617	3088286401	1.99518e-05
genome	33	56741	3088286401	1.8373e-05
genome	34	52676	3088286401	1.70567e-05
genome	35	49182	3088286401	1.59253e-05
genome	36	46227	3088286401	1.49685e-05
genome	37	42996	3088286401	1.39223e-05
genome	38	39938	3088286401	1.29321e-05
genome	39	36449	3088286401	1.18023e-05
genome	40	34018	3088286401	1.10152e-05
genome	41	31508	3088286401	1.02024e-05
genome	42	29090	3088286401	9.41946e-06
genome	43	26880	3088286401	8.70386e-06
genome	44	25308	3088286401	8.19484e-06
genome	45	23576	3088286401	7.63401e-06
genome	46	22029	3088286401	7.13308e-06
genome	47	20424	3088286401	6.61338e-06
genome	48	18882	3088286401	6.11407e-06
genome	49	17417	3088286401	5.6397e-06
genome	50	16211	3088286401	5.24919e-06
genome	51	14847	3088286401	4.80752e-06
genome	52	14125	3088286401	4.57373e-06
genome	53	12920	3088286401	4.18355e-06
genome	54	12084	3088286401	3.91285e-06
genome	55	11059	3088286401	3.58095e-06
genome	56	10033	3088286401	3.24873e-06
genome	57	9407	3088286401	3.04603e-06
genome	58	8499	3088286401	2.75201e-06
genome	59	8133	3088286401	2.6335e-06
genome	60	7498	3088286401	2.42788e-06
genome	61	6902	3088286401	2.2349e-06
genome	62	6480	3088286401	2.09825e-06
genome	63	5746	3088286401	1.86058e-06
genome	64	5483	3088286401	1.77542e-06
genome	65	5057	3088286401	1.63748e-06
genome	66	4805	3088286401	1.55588e-06
genome	67	4417	3088286401	1.43024e-06
genome	68	3965	3088286401	1.28388e-06
genome	69	3605	3088286401	1.16731e-06
genome	70	3478	3088286401	1.12619e-06
genome	71	3291	3088286401	1.06564e-06
genome	72	3021	3088286401	9.78212e-07
genome	73	2619	3088286401	8.48043e-07
genome	74	2382	3088286401	7.71302e-07
genome	75	2395	3088286401	7.75511e-07
genome	76	2058	3088286401	6.66389e-07
genome	77	2012	3088286401	6.51494e-07
genome	78	1714	3088286401	5.55e-07
genome	79	1722	3088286401	5.57591e-07
genome	80	1615	3088286401	5.22944e-07
genome	81	1530	3088286401	4.9542e-07
genome	82	1358	3088286401	4.39726e-07
genome	83	1272	3088286401	4.11879e-07
genome	84	1195	3088286401	3.86946e-07
genome	85	1046	3088286401	3.38699e-07
genome	86	929	3088286401	3.00814e-07
genome	87	785	3088286401	2.54186e-07
genome	88	840	3088286401	2.71996e-07
genome	89	763	3088286401	2.47063e-07
genome	90	701	3088286401	2.26987e-07
genome	91	638	3088286401	2.06587e-07
genome	92	621	3088286401	2.01082e-07
genome	93	527	3088286401	1.70645e-07
genome	94	516	3088286401	1.67083e-07
genome	95	497	3088286401	1.60931e-07
genome	96	503	3088286401	1.62873e-07
genome	97	433	3088286401	1.40207e-07
genome	98	411	3088286401	1.33084e-07
genome	99	449	3088286401	1.45388e-07
genome	100	5865	3088286401	1.89911e-06
