chr1	0	224680398	248956422	0.902489
chr1	1	19858323	248956422	0.0797663
chr1	2	2186749	248956422	0.00878366
chr1	3	612841	248956422	0.00246164
chr1	4	333856	248956422	0.00134102
chr1	5	225182	248956422	0.000904504
chr1	6	163113	248956422	0.000655187
chr1	7	123450	248956422	0.00049587
chr1	8	98768	248956422	0.000396728
chr1	9	79548	248956422	0.000319526
chr1	10	66216	248956422	0.000265974
chr1	11	54919	248956422	0.000220597
chr1	12	46084	248956422	0.000185109
chr1	13	40188	248956422	0.000161426
chr1	14	35564	248956422	0.000142852
chr1	15	30700	248956422	0.000123315
chr1	16	27568	248956422	0.000110734
chr1	17	24999	248956422	0.000100415
chr1	18	22035	248956422	8.85095e-05
chr1	19	20159	248956422	8.0974e-05
chr1	20	18188	248956422	7.3057e-05
chr1	21	16169	248956422	6.49471e-05
chr1	22	14839	248956422	5.96048e-05
chr1	23	13509	248956422	5.42625e-05
chr1	24	12072	248956422	4.84904e-05
chr1	25	11024	248956422	4.42808e-05
chr1	26	10049	248956422	4.03645e-05
chr1	27	9155	248956422	3.67735e-05
chr1	28	8653	248956422	3.47571e-05
chr1	29	7959	248956422	3.19695e-05
chr1	30	7361	248956422	2.95674e-05
chr1	31	6678	248956422	2.6824e-05
chr1	32	6066	248956422	2.43657e-05
chr1	33	5913	248956422	2.37511e-05
chr1	34	5303	248956422	2.13009e-05
chr1	35	4791	248956422	1.92443e-05
chr1	36	4585	248956422	1.84169e-05
chr1	37	4243	248956422	1.70431e-05
chr1	38	3792	248956422	1.52316e-05
chr1	39	3741	248956422	1.50267e-05
chr1	40	3310	248956422	1.32955e-05
chr1	41	3237	248956422	1.30023e-05
chr1	42	3020	248956422	1.21306e-05
chr1	43	2861	248956422	1.1492e-05
chr1	44	2605	248956422	1.04637e-05
chr1	45	2489	248956422	9.99773e-06
chr1	46	2378	248956422	9.55187e-06
chr1	47	2189	248956422	8.7927e-06
chr1	48	2045	248956422	8.21429e-06
chr1	49	1987	248956422	7.98132e-06
chr1	50	1856	248956422	7.45512e-06
chr1	51	1811	248956422	7.27437e-06
chr1	52	1545	248956422	6.20591e-06
chr1	53	1427	248956422	5.73193e-06
chr1	54	1361	248956422	5.46682e-06
chr1	55	1199	248956422	4.8161e-06
chr1	56	1151	248956422	4.6233e-06
chr1	57	1075	248956422	4.31802e-06
chr1	58	1051	248956422	4.22162e-06
chr1	59	1023	248956422	4.10915e-06
chr1	60	891	248956422	3.57894e-06
chr1	61	857	248956422	3.44237e-06
chr1	62	802	248956422	3.22145e-06
chr1	63	735	248956422	2.95232e-06
chr1	64	599	248956422	2.40604e-06
chr1	65	603	248956422	2.42211e-06
chr1	66	533	248956422	2.14094e-06
chr1	67	469	248956422	1.88386e-06
chr1	68	452	248956422	1.81558e-06
chr1	69	409	248956422	1.64286e-06
chr1	70	418	248956422	1.67901e-06
chr1	71	377	248956422	1.51432e-06
chr1	72	350	248956422	1.40587e-06
chr1	73	316	248956422	1.2693e-06
chr1	74	383	248956422	1.53842e-06
chr1	75	378	248956422	1.51834e-06
chr1	76	287	248956422	1.15281e-06
chr1	77	248	248956422	9.96158e-07
chr1	78	187	248956422	7.51135e-07
chr1	79	197	248956422	7.91303e-07
chr1	80	179	248956422	7.19001e-07
chr1	81	158	248956422	6.34649e-07
chr1	82	164	248956422	6.5875e-07
chr1	83	135	248956422	5.42264e-07
chr1	84	131	248956422	5.26197e-07
chr1	85	133	248956422	5.3423e-07
chr1	86	107	248956422	4.29794e-07
chr1	87	100	248956422	4.01677e-07
chr1	88	75	248956422	3.01258e-07
chr1	89	101	248956422	4.05693e-07
chr1	90	77	248956422	3.09291e-07
chr1	91	88	248956422	3.53476e-07
chr1	92	76	248956422	3.05274e-07
chr1	93	89	248956422	3.57492e-07
chr1	94	63	248956422	2.53056e-07
chr1	95	52	248956422	2.08872e-07
chr1	96	47	248956422	1.88788e-07
chr1	97	54	248956422	2.16905e-07
chr1	98	34	248956422	1.3657e-07
chr1	99	27	248956422	1.08453e-07
chr1	100	671	248956422	2.69525e-06
chr10	0	119940984	133797422	0.896437
chr10	1	11549387	133797422	0.08632
chr10	2	1193131	133797422	0.00891744
chr10	3	310890	133797422	0.00232359
chr10	4	170900	133797422	0.0012773
chr10	5	113274	133797422	0.000846608
chr10	6	82352	133797422	0.000615498
chr10	7	63648	133797422	0.000475704
chr10	8	49521	133797422	0.000370119
chr10	9	40242	133797422	0.000300768
chr10	10	33133	133797422	0.000247636
chr10	11	28007	133797422	0.000209324
chr10	12	22805	133797422	0.000170444
chr10	13	19504	133797422	0.000145773
chr10	14	16825	133797422	0.00012575
chr10	15	14808	133797422	0.000110675
chr10	16	13304	133797422	9.94339e-05
chr10	17	11486	133797422	8.58462e-05
chr10	18	10530	133797422	7.87011e-05
chr10	19	9586	133797422	7.16456e-05
chr10	20	8723	133797422	6.51956e-05
chr10	21	7616	133797422	5.69219e-05
chr10	22	6912	133797422	5.16602e-05
chr10	23	6464	133797422	4.83118e-05
chr10	24	5952	133797422	4.44852e-05
chr10	25	5437	133797422	4.06361e-05
chr10	26	5032	133797422	3.76091e-05
chr10	27	4580	133797422	3.42309e-05
chr10	28	3971	133797422	2.96792e-05
chr10	29	3600	133797422	2.69063e-05
chr10	30	3390	133797422	2.53368e-05
chr10	31	3208	133797422	2.39765e-05
chr10	32	2779	133797422	2.07702e-05
chr10	33	2593	133797422	1.938e-05
chr10	34	2303	133797422	1.72126e-05
chr10	35	2072	133797422	1.54861e-05
chr10	36	1889	133797422	1.41184e-05
chr10	37	1888	133797422	1.41109e-05
chr10	38	1854	133797422	1.38568e-05
chr10	39	1667	133797422	1.24591e-05
chr10	40	1513	133797422	1.13081e-05
chr10	41	1437	133797422	1.07401e-05
chr10	42	1323	133797422	9.88808e-06
chr10	43	1185	133797422	8.85667e-06
chr10	44	1214	133797422	9.07342e-06
chr10	45	1135	133797422	8.48297e-06
chr10	46	1035	133797422	7.73558e-06
chr10	47	954	133797422	7.13018e-06
chr10	48	894	133797422	6.68174e-06
chr10	49	762	133797422	5.69518e-06
chr10	50	667	133797422	4.98515e-06
chr10	51	669	133797422	5.0001e-06
chr10	52	646	133797422	4.82819e-06
chr10	53	600	133797422	4.48439e-06
chr10	54	513	133797422	3.83415e-06
chr10	55	477	133797422	3.56509e-06
chr10	56	449	133797422	3.35582e-06
chr10	57	421	133797422	3.14655e-06
chr10	58	401	133797422	2.99707e-06
chr10	59	341	133797422	2.54863e-06
chr10	60	354	133797422	2.64579e-06
chr10	61	286	133797422	2.13756e-06
chr10	62	288	133797422	2.15251e-06
chr10	63	236	133797422	1.76386e-06
chr10	64	215	133797422	1.60691e-06
chr10	65	208	133797422	1.55459e-06
chr10	66	209	133797422	1.56206e-06
chr10	67	220	133797422	1.64428e-06
chr10	68	194	133797422	1.44995e-06
chr10	69	183	133797422	1.36774e-06
chr10	70	164	133797422	1.22573e-06
chr10	71	128	133797422	9.5667e-07
chr10	72	110	133797422	8.22138e-07
chr10	73	119	133797422	8.89404e-07
chr10	74	104	133797422	7.77294e-07
chr10	75	86	133797422	6.42763e-07
chr10	76	92	133797422	6.87607e-07
chr10	77	91	133797422	6.80133e-07
chr10	78	83	133797422	6.20341e-07
chr10	79	86	133797422	6.42763e-07
chr10	80	70	133797422	5.23179e-07
chr10	81	65	133797422	4.85809e-07
chr10	82	39	133797422	2.91485e-07
chr10	83	36	133797422	2.69063e-07
chr10	84	61	133797422	4.55913e-07
chr10	85	54	133797422	4.03595e-07
chr10	86	47	133797422	3.51277e-07
chr10	87	38	133797422	2.84011e-07
chr10	88	37	133797422	2.76537e-07
chr10	89	31	133797422	2.31694e-07
chr10	90	38	133797422	2.84011e-07
chr10	91	39	133797422	2.91485e-07
chr10	92	44	133797422	3.28855e-07
chr10	93	39	133797422	2.91485e-07
chr10	94	19	133797422	1.42006e-07
chr10	95	20	133797422	1.4948e-07
chr10	96	26	133797422	1.94324e-07
chr10	97	26	133797422	1.94324e-07
chr10	98	13	133797422	9.71618e-08
chr10	99	33	133797422	2.46642e-07
chr10	100	308	133797422	2.30199e-06
chr11	0	120947128	135086622	0.89533
chr11	1	11637799	135086622	0.0861506
chr11	2	1247410	135086622	0.00923415
chr11	3	341958	135086622	0.0025314
chr11	4	184755	135086622	0.00136768
chr11	5	123613	135086622	0.000915065
chr11	6	91340	135086622	0.000676159
chr11	7	70398	135086622	0.000521132
chr11	8	56746	135086622	0.000420071
chr11	9	44897	135086622	0.000332357
chr11	10	37074	135086622	0.000274446
chr11	11	31231	135086622	0.000231192
chr11	12	26814	135086622	0.000198495
chr11	13	22892	135086622	0.000169462
chr11	14	20014	135086622	0.000148157
chr11	15	18412	135086622	0.000136298
chr11	16	16122	135086622	0.000119346
chr11	17	13672	135086622	0.000101209
chr11	18	12178	135086622	9.01496e-05
chr11	19	11202	135086622	8.29246e-05
chr11	20	10393	135086622	7.69358e-05
chr11	21	9036	135086622	6.68904e-05
chr11	22	8776	135086622	6.49657e-05
chr11	23	7858	135086622	5.81701e-05
chr11	24	6882	135086622	5.09451e-05
chr11	25	6437	135086622	4.76509e-05
chr11	26	5911	135086622	4.37571e-05
chr11	27	5659	135086622	4.18916e-05
chr11	28	5120	135086622	3.79016e-05
chr11	29	4705	135086622	3.48295e-05
chr11	30	4241	135086622	3.13947e-05
chr11	31	3831	135086622	2.83596e-05
chr11	32	3553	135086622	2.63016e-05
chr11	33	3277	135086622	2.42585e-05
chr11	34	3204	135086622	2.37181e-05
chr11	35	3208	135086622	2.37477e-05
chr11	36	2755	135086622	2.03943e-05
chr11	37	2631	135086622	1.94764e-05
chr11	38	2372	135086622	1.75591e-05
chr11	39	2248	135086622	1.66412e-05
chr11	40	1917	135086622	1.41909e-05
chr11	41	1788	135086622	1.3236e-05
chr11	42	1689	135086622	1.25031e-05
chr11	43	1530	135086622	1.13261e-05
chr11	44	1485	135086622	1.09929e-05
chr11	45	1235	135086622	9.14228e-06
chr11	46	1158	135086622	8.57228e-06
chr11	47	1137	135086622	8.41682e-06
chr11	48	1075	135086622	7.95786e-06
chr11	49	1050	135086622	7.77279e-06
chr11	50	975	135086622	7.21759e-06
chr11	51	917	135086622	6.78824e-06
chr11	52	898	135086622	6.64759e-06
chr11	53	829	135086622	6.1368e-06
chr11	54	781	135086622	5.78148e-06
chr11	55	733	135086622	5.42615e-06
chr11	56	649	135086622	4.80432e-06
chr11	57	618	135086622	4.57484e-06
chr11	58	533	135086622	3.94562e-06
chr11	59	536	135086622	3.96782e-06
chr11	60	575	135086622	4.25653e-06
chr11	61	455	135086622	3.36821e-06
chr11	62	419	135086622	3.10171e-06
chr11	63	411	135086622	3.04249e-06
chr11	64	316	135086622	2.33924e-06
chr11	65	357	135086622	2.64275e-06
chr11	66	330	135086622	2.44288e-06
chr11	67	311	135086622	2.30223e-06
chr11	68	283	135086622	2.09495e-06
chr11	69	287	135086622	2.12456e-06
chr11	70	225	135086622	1.6656e-06
chr11	71	186	135086622	1.37689e-06
chr11	72	216	135086622	1.59897e-06
chr11	73	197	135086622	1.45832e-06
chr11	74	165	135086622	1.22144e-06
chr11	75	186	135086622	1.37689e-06
chr11	76	148	135086622	1.09559e-06
chr11	77	152	135086622	1.1252e-06
chr11	78	122	135086622	9.03124e-07
chr11	79	114	135086622	8.43903e-07
chr11	80	113	135086622	8.365e-07
chr11	81	128	135086622	9.4754e-07
chr11	82	103	135086622	7.62474e-07
chr11	83	92	135086622	6.81044e-07
chr11	84	69	135086622	5.10783e-07
chr11	85	70	135086622	5.18186e-07
chr11	86	84	135086622	6.21823e-07
chr11	87	76	135086622	5.62602e-07
chr11	88	52	135086622	3.84938e-07
chr11	89	58	135086622	4.29354e-07
chr11	90	57	135086622	4.21951e-07
chr11	91	46	135086622	3.40522e-07
chr11	92	60	135086622	4.44159e-07
chr11	93	48	135086622	3.55328e-07
chr11	94	50	135086622	3.70133e-07
chr11	95	39	135086622	2.88704e-07
chr11	96	20	135086622	1.48053e-07
chr11	97	20	135086622	1.48053e-07
chr11	98	33	135086622	2.44288e-07
chr11	99	32	135086622	2.36885e-07
chr11	100	632	135086622	4.67848e-06
chr12	0	119432473	133275309	0.896133
chr12	1	11455631	133275309	0.0859546
chr12	2	1210948	133275309	0.00908606
chr12	3	327118	133275309	0.00245445
chr12	4	177229	133275309	0.0013298
chr12	5	120595	133275309	0.000904856
chr12	6	85993	133275309	0.000645228
chr12	7	65511	133275309	0.000491546
chr12	8	52284	133275309	0.000392301
chr12	9	42187	133275309	0.00031654
chr12	10	34421	133275309	0.00025827
chr12	11	29453	133275309	0.000220994
chr12	12	24848	133275309	0.000186441
chr12	13	21280	133275309	0.000159669
chr12	14	18138	133275309	0.000136094
chr12	15	15976	133275309	0.000119872
chr12	16	14078	133275309	0.000105631
chr12	17	12350	133275309	9.26653e-05
chr12	18	10853	133275309	8.14329e-05
chr12	19	9519	133275309	7.14236e-05
chr12	20	8745	133275309	6.56161e-05
chr12	21	8387	133275309	6.29299e-05
chr12	22	7542	133275309	5.65896e-05
chr12	23	6832	133275309	5.12623e-05
chr12	24	6361	133275309	4.77283e-05
chr12	25	5661	133275309	4.2476e-05
chr12	26	5238	133275309	3.93021e-05
chr12	27	4853	133275309	3.64133e-05
chr12	28	4418	133275309	3.31494e-05
chr12	29	4146	133275309	3.11085e-05
chr12	30	3623	133275309	2.71843e-05
chr12	31	3407	133275309	2.55636e-05
chr12	32	3247	133275309	2.43631e-05
chr12	33	2913	133275309	2.1857e-05
chr12	34	2704	133275309	2.02888e-05
chr12	35	2387	133275309	1.79103e-05
chr12	36	2227	133275309	1.67098e-05
chr12	37	2103	133275309	1.57794e-05
chr12	38	1906	133275309	1.43012e-05
chr12	39	1753	133275309	1.31532e-05
chr12	40	1658	133275309	1.24404e-05
chr12	41	1655	133275309	1.24179e-05
chr12	42	1636	133275309	1.22753e-05
chr12	43	1436	133275309	1.07747e-05
chr12	44	1294	133275309	9.70923e-06
chr12	45	1253	133275309	9.40159e-06
chr12	46	1046	133275309	7.84842e-06
chr12	47	1015	133275309	7.61581e-06
chr12	48	975	133275309	7.31568e-06
chr12	49	869	133275309	6.52034e-06
chr12	50	807	133275309	6.05514e-06
chr12	51	812	133275309	6.09265e-06
chr12	52	748	133275309	5.61244e-06
chr12	53	644	133275309	4.8321e-06
chr12	54	652	133275309	4.89213e-06
chr12	55	526	133275309	3.94672e-06
chr12	56	546	133275309	4.09678e-06
chr12	57	545	133275309	4.08928e-06
chr12	58	570	133275309	4.27686e-06
chr12	59	522	133275309	3.9167e-06
chr12	60	466	133275309	3.49652e-06
chr12	61	363	133275309	2.72369e-06
chr12	62	352	133275309	2.64115e-06
chr12	63	354	133275309	2.65616e-06
chr12	64	347	133275309	2.60363e-06
chr12	65	305	133275309	2.2885e-06
chr12	66	287	133275309	2.15344e-06
chr12	67	303	133275309	2.27349e-06
chr12	68	284	133275309	2.13093e-06
chr12	69	243	133275309	1.82329e-06
chr12	70	257	133275309	1.92834e-06
chr12	71	228	133275309	1.71074e-06
chr12	72	199	133275309	1.49315e-06
chr12	73	224	133275309	1.68073e-06
chr12	74	169	133275309	1.26805e-06
chr12	75	151	133275309	1.13299e-06
chr12	76	115	133275309	8.62875e-07
chr12	77	139	133275309	1.04295e-06
chr12	78	122	133275309	9.15398e-07
chr12	79	127	133275309	9.52915e-07
chr12	80	101	133275309	7.5783e-07
chr12	81	90	133275309	6.75294e-07
chr12	82	114	133275309	8.55372e-07
chr12	83	72	133275309	5.40235e-07
chr12	84	65	133275309	4.87712e-07
chr12	85	81	133275309	6.07764e-07
chr12	86	59	133275309	4.42693e-07
chr12	87	75	133275309	5.62745e-07
chr12	88	79	133275309	5.92758e-07
chr12	89	66	133275309	4.95215e-07
chr12	90	47	133275309	3.52653e-07
chr12	91	57	133275309	4.27686e-07
chr12	92	40	133275309	3.00131e-07
chr12	93	41	133275309	3.07634e-07
chr12	94	45	133275309	3.37647e-07
chr12	95	25	133275309	1.87582e-07
chr12	96	32	133275309	2.40104e-07
chr12	97	19	133275309	1.42562e-07
chr12	98	31	133275309	2.32601e-07
chr12	99	23	133275309	1.72575e-07
chr12	100	565	133275309	4.23934e-06
chr13	0	105097983	114364328	0.918975
chr13	1	7916214	114364328	0.0692193
chr13	2	732986	114364328	0.00640922
chr13	3	181735	114364328	0.00158909
chr13	4	94825	114364328	0.000829148
chr13	5	63208	114364328	0.00055269
chr13	6	44884	114364328	0.000392465
chr13	7	33996	114364328	0.000297261
chr13	8	27909	114364328	0.000244036
chr13	9	21984	114364328	0.000192228
chr13	10	17535	114364328	0.000153326
chr13	11	14773	114364328	0.000129175
chr13	12	12512	114364328	0.000109405
chr13	13	10443	114364328	9.13134e-05
chr13	14	9052	114364328	7.91506e-05
chr13	15	8017	114364328	7.01005e-05
chr13	16	7328	114364328	6.40759e-05
chr13	17	6126	114364328	5.35657e-05
chr13	18	5733	114364328	5.01293e-05
chr13	19	5170	114364328	4.52064e-05
chr13	20	4530	114364328	3.96103e-05
chr13	21	4219	114364328	3.68909e-05
chr13	22	3784	114364328	3.30872e-05
chr13	23	3397	114364328	2.97033e-05
chr13	24	3032	114364328	2.65118e-05
chr13	25	2680	114364328	2.34339e-05
chr13	26	2466	114364328	2.15627e-05
chr13	27	2050	114364328	1.79252e-05
chr13	28	1781	114364328	1.5573e-05
chr13	29	1737	114364328	1.51883e-05
chr13	30	1747	114364328	1.52757e-05
chr13	31	1620	114364328	1.41653e-05
chr13	32	1485	114364328	1.29848e-05
chr13	33	1336	114364328	1.1682e-05
chr13	34	1202	114364328	1.05103e-05
chr13	35	1215	114364328	1.06239e-05
chr13	36	1059	114364328	9.25988e-06
chr13	37	910	114364328	7.95703e-06
chr13	38	891	114364328	7.79089e-06
chr13	39	785	114364328	6.86403e-06
chr13	40	808	114364328	7.06514e-06
chr13	41	741	114364328	6.47929e-06
chr13	42	672	114364328	5.87596e-06
chr13	43	643	114364328	5.62238e-06
chr13	44	519	114364328	4.53813e-06
chr13	45	453	114364328	3.96103e-06
chr13	46	401	114364328	3.50634e-06
chr13	47	401	114364328	3.50634e-06
chr13	48	375	114364328	3.27899e-06
chr13	49	400	114364328	3.49759e-06
chr13	50	307	114364328	2.6844e-06
chr13	51	271	114364328	2.36962e-06
chr13	52	257	114364328	2.2472e-06
chr13	53	223	114364328	1.94991e-06
chr13	54	208	114364328	1.81875e-06
chr13	55	205	114364328	1.79252e-06
chr13	56	199	114364328	1.74005e-06
chr13	57	185	114364328	1.61764e-06
chr13	58	194	114364328	1.69633e-06
chr13	59	155	114364328	1.35532e-06
chr13	60	165	114364328	1.44276e-06
chr13	61	150	114364328	1.3116e-06
chr13	62	120	114364328	1.04928e-06
chr13	63	104	114364328	9.09374e-07
chr13	64	99	114364328	8.65655e-07
chr13	65	89	114364328	7.78215e-07
chr13	66	80	114364328	6.99519e-07
chr13	67	61	114364328	5.33383e-07
chr13	68	60	114364328	5.24639e-07
chr13	69	76	114364328	6.64543e-07
chr13	70	77	114364328	6.73287e-07
chr13	71	70	114364328	6.12079e-07
chr13	72	58	114364328	5.07151e-07
chr13	73	56	114364328	4.89663e-07
chr13	74	45	114364328	3.93479e-07
chr13	75	43	114364328	3.75991e-07
chr13	76	48	114364328	4.19711e-07
chr13	77	59	114364328	5.15895e-07
chr13	78	27	114364328	2.36088e-07
chr13	79	30	114364328	2.6232e-07
chr13	80	34	114364328	2.97295e-07
chr13	81	41	114364328	3.58503e-07
chr13	82	21	114364328	1.83624e-07
chr13	83	30	114364328	2.6232e-07
chr13	84	41	114364328	3.58503e-07
chr13	85	38	114364328	3.32271e-07
chr13	86	40	114364328	3.49759e-07
chr13	87	27	114364328	2.36088e-07
chr13	88	36	114364328	3.14783e-07
chr13	89	35	114364328	3.06039e-07
chr13	90	29	114364328	2.53576e-07
chr13	91	44	114364328	3.84735e-07
chr13	92	34	114364328	2.97295e-07
chr13	93	31	114364328	2.71064e-07
chr13	94	42	114364328	3.67247e-07
chr13	95	50	114364328	4.37199e-07
chr13	96	32	114364328	2.79808e-07
chr13	97	25	114364328	2.186e-07
chr13	98	9	114364328	7.86959e-08
chr13	99	14	114364328	1.22416e-07
chr13	100	202	114364328	1.76628e-06
chr14	0	97932591	107043718	0.914884
chr14	1	7598811	107043718	0.0709879
chr14	2	775489	107043718	0.0072446
chr14	3	208960	107043718	0.0019521
chr14	4	110802	107043718	0.00103511
chr14	5	71477	107043718	0.000667737
chr14	6	53667	107043718	0.000501356
chr14	7	41198	107043718	0.000384871
chr14	8	31895	107043718	0.000297962
chr14	9	26149	107043718	0.000244283
chr14	10	21528	107043718	0.000201114
chr14	11	18308	107043718	0.000171033
chr14	12	15371	107043718	0.000143596
chr14	13	12996	107043718	0.000121408
chr14	14	11215	107043718	0.00010477
chr14	15	9769	107043718	9.12618e-05
chr14	16	8829	107043718	8.24803e-05
chr14	17	7794	107043718	7.28114e-05
chr14	18	6665	107043718	6.22643e-05
chr14	19	5786	107043718	5.40527e-05
chr14	20	5244	107043718	4.89893e-05
chr14	21	5092	107043718	4.75693e-05
chr14	22	4460	107043718	4.16652e-05
chr14	23	3994	107043718	3.73119e-05
chr14	24	3645	107043718	3.40515e-05
chr14	25	3606	107043718	3.36872e-05
chr14	26	3402	107043718	3.17814e-05
chr14	27	3014	107043718	2.81567e-05
chr14	28	2802	107043718	2.61762e-05
chr14	29	2402	107043718	2.24394e-05
chr14	30	2445	107043718	2.28411e-05
chr14	31	2331	107043718	2.17761e-05
chr14	32	2239	107043718	2.09167e-05
chr14	33	2062	107043718	1.92632e-05
chr14	34	1852	107043718	1.73013e-05
chr14	35	1742	107043718	1.62737e-05
chr14	36	1536	107043718	1.43493e-05
chr14	37	1464	107043718	1.36767e-05
chr14	38	1367	107043718	1.27705e-05
chr14	39	1304	107043718	1.21819e-05
chr14	40	1188	107043718	1.10983e-05
chr14	41	1082	107043718	1.0108e-05
chr14	42	1023	107043718	9.55684e-06
chr14	43	918	107043718	8.57593e-06
chr14	44	856	107043718	7.99673e-06
chr14	45	872	107043718	8.1462e-06
chr14	46	853	107043718	7.96871e-06
chr14	47	831	107043718	7.76318e-06
chr14	48	746	107043718	6.96912e-06
chr14	49	755	107043718	7.05319e-06
chr14	50	686	107043718	6.4086e-06
chr14	51	608	107043718	5.67992e-06
chr14	52	609	107043718	5.68926e-06
chr14	53	580	107043718	5.41835e-06
chr14	54	493	107043718	4.60559e-06
chr14	55	463	107043718	4.32534e-06
chr14	56	403	107043718	3.76482e-06
chr14	57	393	107043718	3.6714e-06
chr14	58	367	107043718	3.42851e-06
chr14	59	334	107043718	3.12022e-06
chr14	60	309	107043718	2.88667e-06
chr14	61	304	107043718	2.83996e-06
chr14	62	276	107043718	2.57839e-06
chr14	63	251	107043718	2.34484e-06
chr14	64	233	107043718	2.17668e-06
chr14	65	198	107043718	1.84971e-06
chr14	66	224	107043718	2.0926e-06
chr14	67	175	107043718	1.63485e-06
chr14	68	150	107043718	1.4013e-06
chr14	69	132	107043718	1.23314e-06
chr14	70	108	107043718	1.00893e-06
chr14	71	99	107043718	9.24856e-07
chr14	72	87	107043718	8.12752e-07
chr14	73	104	107043718	9.71566e-07
chr14	74	83	107043718	7.75384e-07
chr14	75	113	107043718	1.05564e-06
chr14	76	127	107043718	1.18643e-06
chr14	77	110	107043718	1.02762e-06
chr14	78	97	107043718	9.06172e-07
chr14	79	60	107043718	5.60519e-07
chr14	80	83	107043718	7.75384e-07
chr14	81	55	107043718	5.13809e-07
chr14	82	66	107043718	6.16571e-07
chr14	83	69	107043718	6.44596e-07
chr14	84	61	107043718	5.69861e-07
chr14	85	40	107043718	3.73679e-07
chr14	86	45	107043718	4.20389e-07
chr14	87	51	107043718	4.76441e-07
chr14	88	44	107043718	4.11047e-07
chr14	89	41	107043718	3.83021e-07
chr14	90	51	107043718	4.76441e-07
chr14	91	40	107043718	3.73679e-07
chr14	92	34	107043718	3.17627e-07
chr14	93	23	107043718	2.14865e-07
chr14	94	25	107043718	2.33549e-07
chr14	95	33	107043718	3.08285e-07
chr14	96	43	107043718	4.01705e-07
chr14	97	27	107043718	2.52233e-07
chr14	98	29	107043718	2.70917e-07
chr14	99	24	107043718	2.24207e-07
chr14	100	231	107043718	2.158e-06
chr15	0	93210251	101991189	0.913905
chr15	1	7150826	101991189	0.0701122
chr15	2	817758	101991189	0.00801793
chr15	3	228875	101991189	0.00224407
chr15	4	121033	101991189	0.0011867
chr15	5	81374	101991189	0.000797853
chr15	6	57606	101991189	0.000564813
chr15	7	43088	101991189	0.000422468
chr15	8	35563	101991189	0.000348687
chr15	9	29227	101991189	0.000286564
chr15	10	23556	101991189	0.000230961
chr15	11	20200	101991189	0.000198056
chr15	12	17216	101991189	0.000168799
chr15	13	15297	101991189	0.000149984
chr15	14	13021	101991189	0.000127668
chr15	15	11022	101991189	0.000108068
chr15	16	9842	101991189	9.64985e-05
chr15	17	8831	101991189	8.65859e-05
chr15	18	8090	101991189	7.93206e-05
chr15	19	7273	101991189	7.13101e-05
chr15	20	6723	101991189	6.59175e-05
chr15	21	6186	101991189	6.06523e-05
chr15	22	5528	101991189	5.42008e-05
chr15	23	4632	101991189	4.54157e-05
chr15	24	4373	101991189	4.28763e-05
chr15	25	4140	101991189	4.05917e-05
chr15	26	3873	101991189	3.79739e-05
chr15	27	3459	101991189	3.39147e-05
chr15	28	3150	101991189	3.0885e-05
chr15	29	3048	101991189	2.98849e-05
chr15	30	2513	101991189	2.46394e-05
chr15	31	2354	101991189	2.30804e-05
chr15	32	2255	101991189	2.21098e-05
chr15	33	2104	101991189	2.06292e-05
chr15	34	1813	101991189	1.7776e-05
chr15	35	1740	101991189	1.70603e-05
chr15	36	1584	101991189	1.55308e-05
chr15	37	1473	101991189	1.44424e-05
chr15	38	1337	101991189	1.3109e-05
chr15	39	1319	101991189	1.29325e-05
chr15	40	1130	101991189	1.10794e-05
chr15	41	1090	101991189	1.06872e-05
chr15	42	960	101991189	9.41258e-06
chr15	43	986	101991189	9.6675e-06
chr15	44	952	101991189	9.33414e-06
chr15	45	848	101991189	8.31444e-06
chr15	46	791	101991189	7.75557e-06
chr15	47	702	101991189	6.88295e-06
chr15	48	738	101991189	7.23592e-06
chr15	49	646	101991189	6.33388e-06
chr15	50	516	101991189	5.05926e-06
chr15	51	553	101991189	5.42204e-06
chr15	52	515	101991189	5.04946e-06
chr15	53	440	101991189	4.3141e-06
chr15	54	393	101991189	3.85327e-06
chr15	55	420	101991189	4.118e-06
chr15	56	420	101991189	4.118e-06
chr15	57	415	101991189	4.06898e-06
chr15	58	371	101991189	3.63757e-06
chr15	59	344	101991189	3.37284e-06
chr15	60	324	101991189	3.17674e-06
chr15	61	299	101991189	2.93163e-06
chr15	62	279	101991189	2.73553e-06
chr15	63	260	101991189	2.54924e-06
chr15	64	241	101991189	2.36295e-06
chr15	65	232	101991189	2.27471e-06
chr15	66	185	101991189	1.81388e-06
chr15	67	195	101991189	1.91193e-06
chr15	68	167	101991189	1.6374e-06
chr15	69	182	101991189	1.78447e-06
chr15	70	152	101991189	1.49032e-06
chr15	71	143	101991189	1.40208e-06
chr15	72	97	101991189	9.51063e-07
chr15	73	136	101991189	1.33345e-06
chr15	74	110	101991189	1.07852e-06
chr15	75	101	101991189	9.90282e-07
chr15	76	81	101991189	7.94186e-07
chr15	77	91	101991189	8.92234e-07
chr15	78	72	101991189	7.05943e-07
chr15	79	77	101991189	7.54967e-07
chr15	80	51	101991189	5.00043e-07
chr15	81	70	101991189	6.86334e-07
chr15	82	55	101991189	5.39262e-07
chr15	83	54	101991189	5.29458e-07
chr15	84	47	101991189	4.60824e-07
chr15	85	37	101991189	3.62776e-07
chr15	86	49	101991189	4.80434e-07
chr15	87	43	101991189	4.21605e-07
chr15	88	39	101991189	3.82386e-07
chr15	89	50	101991189	4.90238e-07
chr15	90	47	101991189	4.60824e-07
chr15	91	57	101991189	5.58872e-07
chr15	92	38	101991189	3.72581e-07
chr15	93	43	101991189	4.21605e-07
chr15	94	35	101991189	3.43167e-07
chr15	95	22	101991189	2.15705e-07
chr15	96	9	101991189	8.82429e-08
chr15	97	8	101991189	7.84381e-08
chr15	98	11	101991189	1.07852e-07
chr15	99	14	101991189	1.37267e-07
chr15	100	203	101991189	1.99037e-06
chr16	0	82096095	90338345	0.908762
chr16	1	6808075	90338345	0.075362
chr16	2	715976	90338345	0.00792549
chr16	3	190085	90338345	0.00210415
chr16	4	105486	90338345	0.00116768
chr16	5	70927	90338345	0.000785126
chr16	6	51686	90338345	0.000572138
chr16	7	40167	90338345	0.000444628
chr16	8	31799	90338345	0.000351999
chr16	9	26509	90338345	0.000293441
chr16	10	21266	90338345	0.000235404
chr16	11	18001	90338345	0.000199262
chr16	12	15752	90338345	0.000174367
chr16	13	14209	90338345	0.000157286
chr16	14	12013	90338345	0.000132978
chr16	15	10486	90338345	0.000116075
chr16	16	9250	90338345	0.000102393
chr16	17	8303	90338345	9.191e-05
chr16	18	7507	90338345	8.30987e-05
chr16	19	6646	90338345	7.35679e-05
chr16	20	5939	90338345	6.57417e-05
chr16	21	5389	90338345	5.96535e-05
chr16	22	5008	90338345	5.5436e-05
chr16	23	4454	90338345	4.93035e-05
chr16	24	4081	90338345	4.51746e-05
chr16	25	3795	90338345	4.20087e-05
chr16	26	3625	90338345	4.01269e-05
chr16	27	3377	90338345	3.73817e-05
chr16	28	3108	90338345	3.4404e-05
chr16	29	2989	90338345	3.30867e-05
chr16	30	2664	90338345	2.94891e-05
chr16	31	2504	90338345	2.7718e-05
chr16	32	2277	90338345	2.52052e-05
chr16	33	2038	90338345	2.25596e-05
chr16	34	1808	90338345	2.00136e-05
chr16	35	1786	90338345	1.97701e-05
chr16	36	1568	90338345	1.7357e-05
chr16	37	1602	90338345	1.77333e-05
chr16	38	1362	90338345	1.50767e-05
chr16	39	1280	90338345	1.4169e-05
chr16	40	1084	90338345	1.19993e-05
chr16	41	1002	90338345	1.10916e-05
chr16	42	951	90338345	1.05271e-05
chr16	43	950	90338345	1.0516e-05
chr16	44	883	90338345	9.77437e-06
chr16	45	789	90338345	8.73383e-06
chr16	46	760	90338345	8.41282e-06
chr16	47	660	90338345	7.30587e-06
chr16	48	650	90338345	7.19517e-06
chr16	49	570	90338345	6.30961e-06
chr16	50	553	90338345	6.12143e-06
chr16	51	550	90338345	6.08822e-06
chr16	52	507	90338345	5.61223e-06
chr16	53	489	90338345	5.41298e-06
chr16	54	442	90338345	4.89272e-06
chr16	55	442	90338345	4.89272e-06
chr16	56	338	90338345	3.74149e-06
chr16	57	393	90338345	4.35031e-06
chr16	58	336	90338345	3.71935e-06
chr16	59	329	90338345	3.64186e-06
chr16	60	289	90338345	3.19908e-06
chr16	61	267	90338345	2.95556e-06
chr16	62	278	90338345	3.07732e-06
chr16	63	225	90338345	2.49064e-06
chr16	64	183	90338345	2.02572e-06
chr16	65	211	90338345	2.33566e-06
chr16	66	209	90338345	2.31352e-06
chr16	67	211	90338345	2.33566e-06
chr16	68	173	90338345	1.91502e-06
chr16	69	159	90338345	1.76005e-06
chr16	70	137	90338345	1.51652e-06
chr16	71	141	90338345	1.5608e-06
chr16	72	159	90338345	1.76005e-06
chr16	73	123	90338345	1.36155e-06
chr16	74	138	90338345	1.52759e-06
chr16	75	138	90338345	1.52759e-06
chr16	76	100	90338345	1.10695e-06
chr16	77	99	90338345	1.09588e-06
chr16	78	66	90338345	7.30587e-07
chr16	79	100	90338345	1.10695e-06
chr16	80	76	90338345	8.41282e-07
chr16	81	67	90338345	7.41656e-07
chr16	82	57	90338345	6.30961e-07
chr16	83	63	90338345	6.97378e-07
chr16	84	51	90338345	5.64544e-07
chr16	85	56	90338345	6.19892e-07
chr16	86	49	90338345	5.42405e-07
chr16	87	49	90338345	5.42405e-07
chr16	88	50	90338345	5.53475e-07
chr16	89	64	90338345	7.08448e-07
chr16	90	57	90338345	6.30961e-07
chr16	91	52	90338345	5.75614e-07
chr16	92	45	90338345	4.98127e-07
chr16	93	51	90338345	5.64544e-07
chr16	94	36	90338345	3.98502e-07
chr16	95	18	90338345	1.99251e-07
chr16	96	25	90338345	2.76737e-07
chr16	97	20	90338345	2.2139e-07
chr16	98	23	90338345	2.54598e-07
chr16	99	22	90338345	2.43529e-07
chr16	100	438	90338345	4.84844e-06
chr17	0	74067633	83257441	0.889622
chr17	1	7274463	83257441	0.0873731
chr17	2	892061	83257441	0.0107145
chr17	3	269514	83257441	0.00323712
chr17	4	148326	83257441	0.00178153
chr17	5	101475	83257441	0.00121881
chr17	6	73791	83257441	0.000886299
chr17	7	57475	83257441	0.000690329
chr17	8	45914	83257441	0.00055147
chr17	9	37722	83257441	0.000453077
chr17	10	31322	83257441	0.000376207
chr17	11	25998	83257441	0.00031226
chr17	12	22560	83257441	0.000270967
chr17	13	18874	83257441	0.000226694
chr17	14	16799	83257441	0.000201772
chr17	15	14835	83257441	0.000178182
chr17	16	12866	83257441	0.000154533
chr17	17	11756	83257441	0.000141201
chr17	18	10081	83257441	0.000121082
chr17	19	9433	83257441	0.000113299
chr17	20	8518	83257441	0.000102309
chr17	21	7658	83257441	9.19798e-05
chr17	22	6865	83257441	8.24551e-05
chr17	23	6362	83257441	7.64136e-05
chr17	24	5893	83257441	7.07805e-05
chr17	25	5274	83257441	6.33457e-05
chr17	26	4790	83257441	5.75324e-05
chr17	27	4687	83257441	5.62953e-05
chr17	28	4220	83257441	5.06862e-05
chr17	29	4057	83257441	4.87284e-05
chr17	30	3711	83257441	4.45726e-05
chr17	31	3433	83257441	4.12336e-05
chr17	32	3237	83257441	3.88794e-05
chr17	33	2874	83257441	3.45194e-05
chr17	34	2637	83257441	3.16728e-05
chr17	35	2381	83257441	2.8598e-05
chr17	36	2340	83257441	2.81056e-05
chr17	37	2152	83257441	2.58475e-05
chr17	38	2047	83257441	2.45864e-05
chr17	39	1979	83257441	2.37696e-05
chr17	40	1836	83257441	2.20521e-05
chr17	41	1652	83257441	1.98421e-05
chr17	42	1663	83257441	1.99742e-05
chr17	43	1451	83257441	1.74279e-05
chr17	44	1435	83257441	1.72357e-05
chr17	45	1372	83257441	1.6479e-05
chr17	46	1284	83257441	1.5422e-05
chr17	47	1216	83257441	1.46053e-05
chr17	48	1134	83257441	1.36204e-05
chr17	49	1111	83257441	1.33442e-05
chr17	50	982	83257441	1.17947e-05
chr17	51	892	83257441	1.07138e-05
chr17	52	853	83257441	1.02453e-05
chr17	53	790	83257441	9.48864e-06
chr17	54	827	83257441	9.93305e-06
chr17	55	726	83257441	8.71994e-06
chr17	56	624	83257441	7.49483e-06
chr17	57	643	83257441	7.72303e-06
chr17	58	539	83257441	6.4739e-06
chr17	59	511	83257441	6.13759e-06
chr17	60	429	83257441	5.15269e-06
chr17	61	460	83257441	5.52503e-06
chr17	62	413	83257441	4.96052e-06
chr17	63	376	83257441	4.51611e-06
chr17	64	344	83257441	4.13176e-06
chr17	65	356	83257441	4.27589e-06
chr17	66	354	83257441	4.25187e-06
chr17	67	323	83257441	3.87953e-06
chr17	68	294	83257441	3.53122e-06
chr17	69	289	83257441	3.47116e-06
chr17	70	265	83257441	3.1829e-06
chr17	71	192	83257441	2.3061e-06
chr17	72	231	83257441	2.77453e-06
chr17	73	248	83257441	2.97871e-06
chr17	74	250	83257441	3.00273e-06
chr17	75	224	83257441	2.69045e-06
chr17	76	221	83257441	2.65442e-06
chr17	77	184	83257441	2.21001e-06
chr17	78	146	83257441	1.7536e-06
chr17	79	150	83257441	1.80164e-06
chr17	80	140	83257441	1.68153e-06
chr17	81	117	83257441	1.40528e-06
chr17	82	92	83257441	1.10501e-06
chr17	83	74	83257441	8.88809e-07
chr17	84	71	83257441	8.52777e-07
chr17	85	93	83257441	1.11702e-06
chr17	86	80	83257441	9.60875e-07
chr17	87	72	83257441	8.64788e-07
chr17	88	75	83257441	9.0082e-07
chr17	89	87	83257441	1.04495e-06
chr17	90	57	83257441	6.84624e-07
chr17	91	64	83257441	7.687e-07
chr17	92	57	83257441	6.84624e-07
chr17	93	40	83257441	4.80438e-07
chr17	94	33	83257441	3.96361e-07
chr17	95	36	83257441	4.32394e-07
chr17	96	54	83257441	6.48591e-07
chr17	97	45	83257441	5.40492e-07
chr17	98	31	83257441	3.72339e-07
chr17	99	20	83257441	2.40219e-07
chr17	100	800	83257441	9.60875e-06
chr18	0	72870980	80373285	0.906657
chr18	1	6403590	80373285	0.0796731
chr18	2	597148	80373285	0.00742968
chr18	3	147487	80373285	0.00183503
chr18	4	75880	80373285	0.000944095
chr18	5	50843	80373285	0.000632586
chr18	6	36644	80373285	0.000455923
chr18	7	28283	80373285	0.000351896
chr18	8	22174	80373285	0.000275888
chr18	9	17847	80373285	0.000222051
chr18	10	14579	80373285	0.000181391
chr18	11	12058	80373285	0.000150025
chr18	12	10117	80373285	0.000125875
chr18	13	8958	80373285	0.000111455
chr18	14	7508	80373285	9.34141e-05
chr18	15	6685	80373285	8.31744e-05
chr18	16	5753	80373285	7.15785e-05
chr18	17	5291	80373285	6.58303e-05
chr18	18	4756	80373285	5.91739e-05
chr18	19	4157	80373285	5.17212e-05
chr18	20	3874	80373285	4.82001e-05
chr18	21	3232	80373285	4.02124e-05
chr18	22	2994	80373285	3.72512e-05
chr18	23	2904	80373285	3.61314e-05
chr18	24	2683	80373285	3.33817e-05
chr18	25	2282	80373285	2.83925e-05
chr18	26	1977	80373285	2.45977e-05
chr18	27	1941	80373285	2.41498e-05
chr18	28	1801	80373285	2.24079e-05
chr18	29	1643	80373285	2.04421e-05
chr18	30	1507	80373285	1.875e-05
chr18	31	1273	80373285	1.58386e-05
chr18	32	1154	80373285	1.4358e-05
chr18	33	1031	80373285	1.28276e-05
chr18	34	908	80373285	1.12973e-05
chr18	35	798	80373285	9.92867e-06
chr18	36	839	80373285	1.04388e-05
chr18	37	746	80373285	9.28169e-06
chr18	38	712	80373285	8.85866e-06
chr18	39	702	80373285	8.73425e-06
chr18	40	652	80373285	8.11215e-06
chr18	41	561	80373285	6.97993e-06
chr18	42	564	80373285	7.01726e-06
chr18	43	430	80373285	5.35004e-06
chr18	44	406	80373285	5.05143e-06
chr18	45	372	80373285	4.6284e-06
chr18	46	305	80373285	3.79479e-06
chr18	47	353	80373285	4.39201e-06
chr18	48	266	80373285	3.30956e-06
chr18	49	243	80373285	3.02339e-06
chr18	50	243	80373285	3.02339e-06
chr18	51	216	80373285	2.68746e-06
chr18	52	176	80373285	2.18978e-06
chr18	53	171	80373285	2.12757e-06
chr18	54	162	80373285	2.0156e-06
chr18	55	174	80373285	2.1649e-06
chr18	56	155	80373285	1.9285e-06
chr18	57	119	80373285	1.48059e-06
chr18	58	116	80373285	1.44327e-06
chr18	59	115	80373285	1.43082e-06
chr18	60	112	80373285	1.3935e-06
chr18	61	110	80373285	1.36861e-06
chr18	62	106	80373285	1.31885e-06
chr18	63	111	80373285	1.38106e-06
chr18	64	81	80373285	1.0078e-06
chr18	65	99	80373285	1.23175e-06
chr18	66	86	80373285	1.07001e-06
chr18	67	73	80373285	9.08262e-07
chr18	68	69	80373285	8.58494e-07
chr18	69	70	80373285	8.70936e-07
chr18	70	79	80373285	9.82914e-07
chr18	71	48	80373285	5.97213e-07
chr18	72	57	80373285	7.09191e-07
chr18	73	59	80373285	7.34075e-07
chr18	74	52	80373285	6.46981e-07
chr18	75	45	80373285	5.59887e-07
chr18	76	36	80373285	4.4791e-07
chr18	77	26	80373285	3.23491e-07
chr18	78	30	80373285	3.73258e-07
chr18	79	33	80373285	4.10584e-07
chr18	80	27	80373285	3.35932e-07
chr18	81	22	80373285	2.73723e-07
chr18	82	41	80373285	5.1012e-07
chr18	83	23	80373285	2.86165e-07
chr18	84	24	80373285	2.98607e-07
chr18	85	28	80373285	3.48374e-07
chr18	86	16	80373285	1.99071e-07
chr18	87	13	80373285	1.61745e-07
chr18	88	16	80373285	1.99071e-07
chr18	89	17	80373285	2.11513e-07
chr18	90	12	80373285	1.49303e-07
chr18	91	6	80373285	7.46517e-08
chr18	92	3	80373285	3.73258e-08
chr18	93	10	80373285	1.24419e-07
chr18	94	8	80373285	9.95356e-08
chr18	95	10	80373285	1.24419e-07
chr18	96	13	80373285	1.61745e-07
chr18	97	6	80373285	7.46517e-08
chr18	98	10	80373285	1.24419e-07
chr18	99	10	80373285	1.24419e-07
chr18	100	50	80373285	6.22097e-07
chr19	0	52381502	58617616	0.893614
chr19	1	4930101	58617616	0.0841061
chr19	2	572580	58617616	0.00976805
chr19	3	172200	58617616	0.00293768
chr19	4	97549	58617616	0.00166416
chr19	5	66848	58617616	0.00114041
chr19	6	48912	58617616	0.000834425
chr19	7	38860	58617616	0.000662941
chr19	8	31011	58617616	0.000529039
chr19	9	25867	58617616	0.000441284
chr19	10	21682	58617616	0.000369889
chr19	11	19276	58617616	0.000328843
chr19	12	16769	58617616	0.000286074
chr19	13	14789	58617616	0.000252296
chr19	14	12966	58617616	0.000221196
chr19	15	11388	58617616	0.000194276
chr19	16	10288	58617616	0.00017551
chr19	17	9666	58617616	0.000164899
chr19	18	8651	58617616	0.000147584
chr19	19	8141	58617616	0.000138883
chr19	20	7669	58617616	0.000130831
chr19	21	6606	58617616	0.000112696
chr19	22	6335	58617616	0.000108073
chr19	23	5866	58617616	0.000100072
chr19	24	5425	58617616	9.2549e-05
chr19	25	4972	58617616	8.48209e-05
chr19	26	4692	58617616	8.00442e-05
chr19	27	4511	58617616	7.69564e-05
chr19	28	4055	58617616	6.91772e-05
chr19	29	3787	58617616	6.46051e-05
chr19	30	3704	58617616	6.31892e-05
chr19	31	3761	58617616	6.41616e-05
chr19	32	3469	58617616	5.91802e-05
chr19	33	3214	58617616	5.48299e-05
chr19	34	2901	58617616	4.94902e-05
chr19	35	2815	58617616	4.80231e-05
chr19	36	2787	58617616	4.75454e-05
chr19	37	2654	58617616	4.52765e-05
chr19	38	2404	58617616	4.10116e-05
chr19	39	2233	58617616	3.80943e-05
chr19	40	2022	58617616	3.44948e-05
chr19	41	1934	58617616	3.29935e-05
chr19	42	1851	58617616	3.15775e-05
chr19	43	1636	58617616	2.79097e-05
chr19	44	1633	58617616	2.78585e-05
chr19	45	1487	58617616	2.53678e-05
chr19	46	1411	58617616	2.40713e-05
chr19	47	1376	58617616	2.34742e-05
chr19	48	1252	58617616	2.13588e-05
chr19	49	1223	58617616	2.0864e-05
chr19	50	1206	58617616	2.0574e-05
chr19	51	1075	58617616	1.83392e-05
chr19	52	1030	58617616	1.75715e-05
chr19	53	891	58617616	1.52002e-05
chr19	54	894	58617616	1.52514e-05
chr19	55	719	58617616	1.22659e-05
chr19	56	727	58617616	1.24024e-05
chr19	57	742	58617616	1.26583e-05
chr19	58	681	58617616	1.16177e-05
chr19	59	659	58617616	1.12424e-05
chr19	60	672	58617616	1.14641e-05
chr19	61	542	58617616	9.24637e-06
chr19	62	562	58617616	9.58756e-06
chr19	63	521	58617616	8.88811e-06
chr19	64	458	58617616	7.81335e-06
chr19	65	416	58617616	7.09684e-06
chr19	66	421	58617616	7.18214e-06
chr19	67	383	58617616	6.53387e-06
chr19	68	367	58617616	6.26092e-06
chr19	69	317	58617616	5.40793e-06
chr19	70	355	58617616	6.0562e-06
chr19	71	336	58617616	5.73207e-06
chr19	72	360	58617616	6.1415e-06
chr19	73	329	58617616	5.61265e-06
chr19	74	328	58617616	5.59559e-06
chr19	75	260	58617616	4.43553e-06
chr19	76	211	58617616	3.5996e-06
chr19	77	233	58617616	3.97491e-06
chr19	78	226	58617616	3.8555e-06
chr19	79	232	58617616	3.95785e-06
chr19	80	196	58617616	3.3437e-06
chr19	81	146	58617616	2.49072e-06
chr19	82	178	58617616	3.03663e-06
chr19	83	162	58617616	2.76367e-06
chr19	84	142	58617616	2.42248e-06
chr19	85	120	58617616	2.04717e-06
chr19	86	109	58617616	1.85951e-06
chr19	87	79	58617616	1.34772e-06
chr19	88	108	58617616	1.84245e-06
chr19	89	101	58617616	1.72303e-06
chr19	90	99	58617616	1.68891e-06
chr19	91	93	58617616	1.58655e-06
chr19	92	89	58617616	1.51831e-06
chr19	93	60	58617616	1.02358e-06
chr19	94	65	58617616	1.10888e-06
chr19	95	42	58617616	7.16508e-07
chr19	96	48	58617616	8.18866e-07
chr19	97	43	58617616	7.33568e-07
chr19	98	45	58617616	7.67687e-07
chr19	99	65	58617616	1.10888e-06
chr19	100	742	58617616	1.26583e-05
chr2	0	217308185	242193529	0.89725
chr2	1	20681367	242193529	0.0853919
chr2	2	2160676	242193529	0.00892128
chr2	3	579230	242193529	0.0023916
chr2	4	314227	242193529	0.00129742
chr2	5	206367	242193529	0.000852075
chr2	6	150488	242193529	0.000621354
chr2	7	112811	242193529	0.000465789
chr2	8	91148	242193529	0.000376344
chr2	9	72992	242193529	0.000301379
chr2	10	60210	242193529	0.000248603
chr2	11	49455	242193529	0.000204196
chr2	12	42435	242193529	0.000175211
chr2	13	36143	242193529	0.000149232
chr2	14	31882	242193529	0.000131639
chr2	15	27264	242193529	0.000112571
chr2	16	24871	242193529	0.000102691
chr2	17	22262	242193529	9.19182e-05
chr2	18	19610	242193529	8.09683e-05
chr2	19	17446	242193529	7.20333e-05
chr2	20	15744	242193529	6.50059e-05
chr2	21	13905	242193529	5.74128e-05
chr2	22	12427	242193529	5.13102e-05
chr2	23	11192	242193529	4.6211e-05
chr2	24	10154	242193529	4.19251e-05
chr2	25	9389	242193529	3.87665e-05
chr2	26	8708	242193529	3.59547e-05
chr2	27	8219	242193529	3.39357e-05
chr2	28	7276	242193529	3.00421e-05
chr2	29	6614	242193529	2.73087e-05
chr2	30	6114	242193529	2.52443e-05
chr2	31	5740	242193529	2.37001e-05
chr2	32	5023	242193529	2.07396e-05
chr2	33	4605	242193529	1.90137e-05
chr2	34	4486	242193529	1.85224e-05
chr2	35	3851	242193529	1.59005e-05
chr2	36	3551	242193529	1.46618e-05
chr2	37	3395	242193529	1.40177e-05
chr2	38	3249	242193529	1.34149e-05
chr2	39	2882	242193529	1.18996e-05
chr2	40	2835	242193529	1.17055e-05
chr2	41	2478	242193529	1.02315e-05
chr2	42	2359	242193529	9.74014e-06
chr2	43	2044	242193529	8.43953e-06
chr2	44	1940	242193529	8.01012e-06
chr2	45	1779	242193529	7.34537e-06
chr2	46	1627	242193529	6.71777e-06
chr2	47	1643	242193529	6.78383e-06
chr2	48	1490	242193529	6.1521e-06
chr2	49	1418	242193529	5.85482e-06
chr2	50	1262	242193529	5.21071e-06
chr2	51	1228	242193529	5.07033e-06
chr2	52	1156	242193529	4.77304e-06
chr2	53	1055	242193529	4.35602e-06
chr2	54	956	242193529	3.94726e-06
chr2	55	803	242193529	3.31553e-06
chr2	56	773	242193529	3.19166e-06
chr2	57	806	242193529	3.32792e-06
chr2	58	694	242193529	2.86548e-06
chr2	59	675	242193529	2.78703e-06
chr2	60	586	242193529	2.41955e-06
chr2	61	561	242193529	2.31633e-06
chr2	62	535	242193529	2.20898e-06
chr2	63	561	242193529	2.31633e-06
chr2	64	436	242193529	1.80021e-06
chr2	65	470	242193529	1.9406e-06
chr2	66	375	242193529	1.54835e-06
chr2	67	368	242193529	1.51945e-06
chr2	68	316	242193529	1.30474e-06
chr2	69	326	242193529	1.34603e-06
chr2	70	320	242193529	1.32126e-06
chr2	71	258	242193529	1.06526e-06
chr2	72	254	242193529	1.04875e-06
chr2	73	240	242193529	9.90943e-07
chr2	74	204	242193529	8.42302e-07
chr2	75	220	242193529	9.08364e-07
chr2	76	169	242193529	6.97789e-07
chr2	77	181	242193529	7.47336e-07
chr2	78	182	242193529	7.51465e-07
chr2	79	111	242193529	4.58311e-07
chr2	80	154	242193529	6.35855e-07
chr2	81	144	242193529	5.94566e-07
chr2	82	136	242193529	5.61534e-07
chr2	83	154	242193529	6.35855e-07
chr2	84	127	242193529	5.24374e-07
chr2	85	115	242193529	4.74827e-07
chr2	86	111	242193529	4.58311e-07
chr2	87	77	242193529	3.17928e-07
chr2	88	70	242193529	2.89025e-07
chr2	89	59	242193529	2.43607e-07
chr2	90	62	242193529	2.55994e-07
chr2	91	49	242193529	2.02318e-07
chr2	92	50	242193529	2.06446e-07
chr2	93	47	242193529	1.9406e-07
chr2	94	61	242193529	2.51865e-07
chr2	95	62	242193529	2.55994e-07
chr2	96	44	242193529	1.81673e-07
chr2	97	47	242193529	1.9406e-07
chr2	98	49	242193529	2.02318e-07
chr2	99	25	242193529	1.03223e-07
chr2	100	599	242193529	2.47323e-06
chr20	0	57637960	64444167	0.894386
chr20	1	5666150	64444167	0.0879234
chr20	2	591807	64444167	0.00918325
chr20	3	154145	64444167	0.00239192
chr20	4	80998	64444167	0.00125687
chr20	5	52465	64444167	0.000814116
chr20	6	40035	64444167	0.000621235
chr20	7	30096	64444167	0.000467009
chr20	8	23887	64444167	0.000370662
chr20	9	19615	64444167	0.000304372
chr20	10	16756	64444167	0.000260008
chr20	11	14571	64444167	0.000226103
chr20	12	12257	64444167	0.000190196
chr20	13	10794	64444167	0.000167494
chr20	14	9165	64444167	0.000142216
chr20	15	7811	64444167	0.000121206
chr20	16	6711	64444167	0.000104137
chr20	17	6101	64444167	9.46711e-05
chr20	18	5339	64444167	8.28469e-05
chr20	19	4988	64444167	7.74003e-05
chr20	20	4610	64444167	7.15348e-05
chr20	21	3900	64444167	6.05175e-05
chr20	22	3683	64444167	5.71502e-05
chr20	23	3412	64444167	5.29451e-05
chr20	24	3027	64444167	4.69709e-05
chr20	25	2661	64444167	4.12916e-05
chr20	26	2383	64444167	3.69777e-05
chr20	27	2118	64444167	3.28657e-05
chr20	28	1810	64444167	2.80863e-05
chr20	29	1809	64444167	2.80708e-05
chr20	30	1691	64444167	2.62398e-05
chr20	31	1579	64444167	2.45018e-05
chr20	32	1383	64444167	2.14604e-05
chr20	33	1232	64444167	1.91173e-05
chr20	34	1117	64444167	1.73328e-05
chr20	35	1105	64444167	1.71466e-05
chr20	36	1042	64444167	1.6169e-05
chr20	37	855	64444167	1.32673e-05
chr20	38	932	64444167	1.44621e-05
chr20	39	832	64444167	1.29104e-05
chr20	40	778	64444167	1.20725e-05
chr20	41	663	64444167	1.0288e-05
chr20	42	659	64444167	1.02259e-05
chr20	43	617	64444167	9.57418e-06
chr20	44	569	64444167	8.82935e-06
chr20	45	566	64444167	8.7828e-06
chr20	46	529	64444167	8.20866e-06
chr20	47	420	64444167	6.51727e-06
chr20	48	428	64444167	6.64141e-06
chr20	49	314	64444167	4.87243e-06
chr20	50	318	64444167	4.9345e-06
chr20	51	279	64444167	4.32933e-06
chr20	52	303	64444167	4.70174e-06
chr20	53	313	64444167	4.85692e-06
chr20	54	283	64444167	4.3914e-06
chr20	55	258	64444167	4.00347e-06
chr20	56	267	64444167	4.14312e-06
chr20	57	219	64444167	3.39829e-06
chr20	58	208	64444167	3.2276e-06
chr20	59	179	64444167	2.7776e-06
chr20	60	210	64444167	3.25863e-06
chr20	61	132	64444167	2.04828e-06
chr20	62	134	64444167	2.07932e-06
chr20	63	130	64444167	2.01725e-06
chr20	64	144	64444167	2.23449e-06
chr20	65	153	64444167	2.37415e-06
chr20	66	112	64444167	1.73794e-06
chr20	67	123	64444167	1.90863e-06
chr20	68	123	64444167	1.90863e-06
chr20	69	143	64444167	2.21897e-06
chr20	70	117	64444167	1.81553e-06
chr20	71	126	64444167	1.95518e-06
chr20	72	85	64444167	1.31897e-06
chr20	73	105	64444167	1.62932e-06
chr20	74	97	64444167	1.50518e-06
chr20	75	75	64444167	1.1638e-06
chr20	76	77	64444167	1.19483e-06
chr20	77	77	64444167	1.19483e-06
chr20	78	77	64444167	1.19483e-06
chr20	79	63	64444167	9.7759e-07
chr20	80	52	64444167	8.069e-07
chr20	81	45	64444167	6.98279e-07
chr20	82	71	64444167	1.10173e-06
chr20	83	40	64444167	6.20692e-07
chr20	84	46	64444167	7.13796e-07
chr20	85	36	64444167	5.58623e-07
chr20	86	27	64444167	4.18967e-07
chr20	87	22	64444167	3.41381e-07
chr20	88	33	64444167	5.12071e-07
chr20	89	29	64444167	4.50002e-07
chr20	90	31	64444167	4.81037e-07
chr20	91	27	64444167	4.18967e-07
chr20	92	21	64444167	3.25863e-07
chr20	93	25	64444167	3.87933e-07
chr20	94	14	64444167	2.17242e-07
chr20	95	12	64444167	1.86208e-07
chr20	96	10	64444167	1.55173e-07
chr20	97	16	64444167	2.48277e-07
chr20	98	13	64444167	2.01725e-07
chr20	99	5	64444167	7.75865e-08
chr20	100	287	64444167	4.45347e-06
chr21	0	43172061	46709983	0.924258
chr21	1	2947496	46709983	0.0631021
chr21	2	304738	46709983	0.00652404
chr21	3	78803	46709983	0.00168707
chr21	4	41105	46709983	0.000880005
chr21	5	28372	46709983	0.000607408
chr21	6	20510	46709983	0.000439092
chr21	7	16566	46709983	0.000354657
chr21	8	12798	46709983	0.000273989
chr21	9	10121	46709983	0.000216677
chr21	10	8629	46709983	0.000184736
chr21	11	7197	46709983	0.000154078
chr21	12	6145	46709983	0.000131556
chr21	13	5072	46709983	0.000108585
chr21	14	4437	46709983	9.49904e-05
chr21	15	3610	46709983	7.72854e-05
chr21	16	3064	46709983	6.55963e-05
chr21	17	3020	46709983	6.46543e-05
chr21	18	2816	46709983	6.02869e-05
chr21	19	2775	46709983	5.94091e-05
chr21	20	2456	46709983	5.25798e-05
chr21	21	2066	46709983	4.42304e-05
chr21	22	1911	46709983	4.0912e-05
chr21	23	1722	46709983	3.68658e-05
chr21	24	1499	46709983	3.20916e-05
chr21	25	1414	46709983	3.02719e-05
chr21	26	1305	46709983	2.79384e-05
chr21	27	1121	46709983	2.39992e-05
chr21	28	998	46709983	2.13659e-05
chr21	29	910	46709983	1.94819e-05
chr21	30	905	46709983	1.93749e-05
chr21	31	822	46709983	1.7598e-05
chr21	32	862	46709983	1.84543e-05
chr21	33	735	46709983	1.57354e-05
chr21	34	736	46709983	1.57568e-05
chr21	35	647	46709983	1.38514e-05
chr21	36	596	46709983	1.27596e-05
chr21	37	669	46709983	1.43224e-05
chr21	38	557	46709983	1.19246e-05
chr21	39	561	46709983	1.20103e-05
chr21	40	502	46709983	1.07472e-05
chr21	41	515	46709983	1.10255e-05
chr21	42	495	46709983	1.05973e-05
chr21	43	410	46709983	8.77757e-06
chr21	44	390	46709983	8.34939e-06
chr21	45	280	46709983	5.99444e-06
chr21	46	307	46709983	6.57247e-06
chr21	47	296	46709983	6.33697e-06
chr21	48	272	46709983	5.82317e-06
chr21	49	276	46709983	5.9088e-06
chr21	50	248	46709983	5.30936e-06
chr21	51	229	46709983	4.90259e-06
chr21	52	226	46709983	4.83837e-06
chr21	53	214	46709983	4.58146e-06
chr21	54	185	46709983	3.96061e-06
chr21	55	195	46709983	4.1747e-06
chr21	56	167	46709983	3.57525e-06
chr21	57	188	46709983	4.02484e-06
chr21	58	194	46709983	4.15329e-06
chr21	59	158	46709983	3.38257e-06
chr21	60	158	46709983	3.38257e-06
chr21	61	141	46709983	3.01863e-06
chr21	62	136	46709983	2.91158e-06
chr21	63	139	46709983	2.97581e-06
chr21	64	129	46709983	2.76172e-06
chr21	65	132	46709983	2.82595e-06
chr21	66	106	46709983	2.26932e-06
chr21	67	86	46709983	1.84115e-06
chr21	68	88	46709983	1.88397e-06
chr21	69	74	46709983	1.58424e-06
chr21	70	74	46709983	1.58424e-06
chr21	71	56	46709983	1.19889e-06
chr21	72	67	46709983	1.43438e-06
chr21	73	38	46709983	8.13531e-07
chr21	74	55	46709983	1.17748e-06
chr21	75	57	46709983	1.2203e-06
chr21	76	41	46709983	8.77757e-07
chr21	77	53	46709983	1.13466e-06
chr21	78	59	46709983	1.26311e-06
chr21	79	42	46709983	8.99165e-07
chr21	80	60	46709983	1.28452e-06
chr21	81	41	46709983	8.77757e-07
chr21	82	37	46709983	7.92122e-07
chr21	83	40	46709983	8.56348e-07
chr21	84	23	46709983	4.924e-07
chr21	85	18	46709983	3.85357e-07
chr21	86	29	46709983	6.20852e-07
chr21	87	18	46709983	3.85357e-07
chr21	88	19	46709983	4.06765e-07
chr21	89	14	46709983	2.99722e-07
chr21	90	14	46709983	2.99722e-07
chr21	91	21	46709983	4.49583e-07
chr21	92	13	46709983	2.78313e-07
chr21	93	9	46709983	1.92678e-07
chr21	94	10	46709983	2.14087e-07
chr21	95	15	46709983	3.2113e-07
chr21	96	24	46709983	5.13809e-07
chr21	97	13	46709983	2.78313e-07
chr21	98	6	46709983	1.28452e-07
chr21	99	9	46709983	1.92678e-07
chr21	100	245	46709983	5.24513e-06
chr22	0	46752366	50818468	0.919988
chr22	1	3289612	50818468	0.0647326
chr22	2	383993	50818468	0.00755617
chr22	3	106174	50818468	0.00208928
chr22	4	57282	50818468	0.00112719
chr22	5	37997	50818468	0.000747701
chr22	6	29106	50818468	0.000572745
chr22	7	22406	50818468	0.000440903
chr22	8	17671	50818468	0.000347728
chr22	9	13857	50818468	0.000272676
chr22	10	11412	50818468	0.000224564
chr22	11	9558	50818468	0.000188081
chr22	12	8303	50818468	0.000163385
chr22	13	7051	50818468	0.000138749
chr22	14	6375	50818468	0.000125447
chr22	15	5976	50818468	0.000117595
chr22	16	5106	50818468	0.000100475
chr22	17	4689	50818468	9.22696e-05
chr22	18	4235	50818468	8.33358e-05
chr22	19	3823	50818468	7.52286e-05
chr22	20	3322	50818468	6.53699e-05
chr22	21	3198	50818468	6.29299e-05
chr22	22	2649	50818468	5.21267e-05
chr22	23	2545	50818468	5.00802e-05
chr22	24	2305	50818468	4.53575e-05
chr22	25	2156	50818468	4.24255e-05
chr22	26	1971	50818468	3.87851e-05
chr22	27	1763	50818468	3.46921e-05
chr22	28	1615	50818468	3.17798e-05
chr22	29	1364	50818468	2.68406e-05
chr22	30	1321	50818468	2.59945e-05
chr22	31	1199	50818468	2.35938e-05
chr22	32	1134	50818468	2.23147e-05
chr22	33	1070	50818468	2.10553e-05
chr22	34	983	50818468	1.93434e-05
chr22	35	950	50818468	1.8694e-05
chr22	36	870	50818468	1.71198e-05
chr22	37	766	50818468	1.50733e-05
chr22	38	671	50818468	1.32039e-05
chr22	39	688	50818468	1.35384e-05
chr22	40	665	50818468	1.30858e-05
chr22	41	594	50818468	1.16887e-05
chr22	42	561	50818468	1.10393e-05
chr22	43	552	50818468	1.08622e-05
chr22	44	521	50818468	1.02522e-05
chr22	45	451	50818468	8.87473e-06
chr22	46	430	50818468	8.46149e-06
chr22	47	340	50818468	6.69048e-06
chr22	48	316	50818468	6.21821e-06
chr22	49	313	50818468	6.15918e-06
chr22	50	318	50818468	6.25757e-06
chr22	51	288	50818468	5.66723e-06
chr22	52	315	50818468	6.19853e-06
chr22	53	233	50818468	4.58495e-06
chr22	54	199	50818468	3.9159e-06
chr22	55	191	50818468	3.75848e-06
chr22	56	163	50818468	3.2075e-06
chr22	57	172	50818468	3.3846e-06
chr22	58	148	50818468	2.91233e-06
chr22	59	128	50818468	2.51877e-06
chr22	60	121	50818468	2.38102e-06
chr22	61	110	50818468	2.16457e-06
chr22	62	91	50818468	1.79069e-06
chr22	63	95	50818468	1.8694e-06
chr22	64	97	50818468	1.90875e-06
chr22	65	117	50818468	2.30231e-06
chr22	66	75	50818468	1.47584e-06
chr22	67	62	50818468	1.22003e-06
chr22	68	48	50818468	9.44538e-07
chr22	69	61	50818468	1.20035e-06
chr22	70	69	50818468	1.35777e-06
chr22	71	75	50818468	1.47584e-06
chr22	72	47	50818468	9.24861e-07
chr22	73	60	50818468	1.18067e-06
chr22	74	57	50818468	1.12164e-06
chr22	75	76	50818468	1.49552e-06
chr22	76	66	50818468	1.29874e-06
chr22	77	58	50818468	1.14132e-06
chr22	78	44	50818468	8.65827e-07
chr22	79	39	50818468	7.67438e-07
chr22	80	43	50818468	8.46149e-07
chr22	81	34	50818468	6.69048e-07
chr22	82	40	50818468	7.87115e-07
chr22	83	44	50818468	8.65827e-07
chr22	84	43	50818468	8.46149e-07
chr22	85	36	50818468	7.08404e-07
chr22	86	31	50818468	6.10014e-07
chr22	87	28	50818468	5.50981e-07
chr22	88	26	50818468	5.11625e-07
chr22	89	18	50818468	3.54202e-07
chr22	90	9	50818468	1.77101e-07
chr22	91	14	50818468	2.7549e-07
chr22	92	25	50818468	4.91947e-07
chr22	93	10	50818468	1.96779e-07
chr22	94	24	50818468	4.72269e-07
chr22	95	12	50818468	2.36135e-07
chr22	96	14	50818468	2.7549e-07
chr22	97	17	50818468	3.34524e-07
chr22	98	13	50818468	2.55813e-07
chr22	99	14	50818468	2.7549e-07
chr22	100	75	50818468	1.47584e-06
chr3	0	178388253	198295559	0.899608
chr3	1	16703576	198295559	0.0842358
chr3	2	1659838	198295559	0.00837053
chr3	3	435831	198295559	0.00219789
chr3	4	235628	198295559	0.00118827
chr3	5	159430	198295559	0.000804002
chr3	6	113482	198295559	0.000572287
chr3	7	86202	198295559	0.000434715
chr3	8	67826	198295559	0.000342045
chr3	9	54681	198295559	0.000275755
chr3	10	44875	198295559	0.000226304
chr3	11	38098	198295559	0.000192127
chr3	12	32148	198295559	0.000162122
chr3	13	27738	198295559	0.000139882
chr3	14	24181	198295559	0.000121944
chr3	15	21062	198295559	0.000106215
chr3	16	18114	198295559	9.13485e-05
chr3	17	16426	198295559	8.28359e-05
chr3	18	14847	198295559	7.48731e-05
chr3	19	13211	198295559	6.66228e-05
chr3	20	11787	198295559	5.94416e-05
chr3	21	10611	198295559	5.3511e-05
chr3	22	9722	198295559	4.90278e-05
chr3	23	8532	198295559	4.30267e-05
chr3	24	8042	198295559	4.05556e-05
chr3	25	7085	198295559	3.57295e-05
chr3	26	6466	198295559	3.26079e-05
chr3	27	5711	198295559	2.88004e-05
chr3	28	5202	198295559	2.62336e-05
chr3	29	4826	198295559	2.43374e-05
chr3	30	4510	198295559	2.27438e-05
chr3	31	4116	198295559	2.07569e-05
chr3	32	3932	198295559	1.9829e-05
chr3	33	3459	198295559	1.74437e-05
chr3	34	3197	198295559	1.61224e-05
chr3	35	3132	198295559	1.57946e-05
chr3	36	2814	198295559	1.41909e-05
chr3	37	2594	198295559	1.30815e-05
chr3	38	2340	198295559	1.18006e-05
chr3	39	2188	198295559	1.1034e-05
chr3	40	2069	198295559	1.04339e-05
chr3	41	1842	198295559	9.28916e-06
chr3	42	1594	198295559	8.03851e-06
chr3	43	1623	198295559	8.18475e-06
chr3	44	1442	198295559	7.27197e-06
chr3	45	1421	198295559	7.16607e-06
chr3	46	1381	198295559	6.96435e-06
chr3	47	1294	198295559	6.52561e-06
chr3	48	1102	198295559	5.55736e-06
chr3	49	1031	198295559	5.19931e-06
chr3	50	1013	198295559	5.10854e-06
chr3	51	958	198295559	4.83117e-06
chr3	52	847	198295559	4.2714e-06
chr3	53	828	198295559	4.17559e-06
chr3	54	734	198295559	3.70155e-06
chr3	55	686	198295559	3.45948e-06
chr3	56	614	198295559	3.09639e-06
chr3	57	547	198295559	2.75851e-06
chr3	58	565	198295559	2.84928e-06
chr3	59	491	198295559	2.4761e-06
chr3	60	430	198295559	2.16848e-06
chr3	61	470	198295559	2.3702e-06
chr3	62	393	198295559	1.98189e-06
chr3	63	386	198295559	1.94659e-06
chr3	64	404	198295559	2.03736e-06
chr3	65	350	198295559	1.76504e-06
chr3	66	319	198295559	1.60871e-06
chr3	67	297	198295559	1.49776e-06
chr3	68	319	198295559	1.60871e-06
chr3	69	251	198295559	1.26579e-06
chr3	70	221	198295559	1.1145e-06
chr3	71	208	198295559	1.04894e-06
chr3	72	168	198295559	8.4722e-07
chr3	73	187	198295559	9.43037e-07
chr3	74	241	198295559	1.21536e-06
chr3	75	156	198295559	7.86705e-07
chr3	76	168	198295559	8.4722e-07
chr3	77	171	198295559	8.62349e-07
chr3	78	179	198295559	9.02693e-07
chr3	79	161	198295559	8.11919e-07
chr3	80	135	198295559	6.80802e-07
chr3	81	133	198295559	6.70716e-07
chr3	82	132	198295559	6.65673e-07
chr3	83	105	198295559	5.29513e-07
chr3	84	96	198295559	4.84126e-07
chr3	85	93	198295559	4.68997e-07
chr3	86	85	198295559	4.28653e-07
chr3	87	96	198295559	4.84126e-07
chr3	88	67	198295559	3.37879e-07
chr3	89	68	198295559	3.42922e-07
chr3	90	56	198295559	2.82407e-07
chr3	91	51	198295559	2.57192e-07
chr3	92	57	198295559	2.8745e-07
chr3	93	54	198295559	2.72321e-07
chr3	94	47	198295559	2.3702e-07
chr3	95	51	198295559	2.57192e-07
chr3	96	35	198295559	1.76504e-07
chr3	97	58	198295559	2.92493e-07
chr3	98	32	198295559	1.61375e-07
chr3	99	24	198295559	1.21031e-07
chr3	100	810	198295559	4.08481e-06
chr4	0	172537465	190214555	0.907068
chr4	1	15137244	190214555	0.0795798
chr4	2	1387567	190214555	0.00729475
chr4	3	342156	190214555	0.00179879
chr4	4	180367	190214555	0.000948229
chr4	5	117747	190214555	0.000619022
chr4	6	84211	190214555	0.000442716
chr4	7	63974	190214555	0.000336325
chr4	8	48961	190214555	0.000257399
chr4	9	40759	190214555	0.000214279
chr4	10	33148	190214555	0.000174266
chr4	11	28143	190214555	0.000147954
chr4	12	23711	190214555	0.000124654
chr4	13	19983	190214555	0.000105055
chr4	14	17029	190214555	8.95252e-05
chr4	15	15105	190214555	7.94103e-05
chr4	16	13085	190214555	6.87907e-05
chr4	17	11292	190214555	5.93645e-05
chr4	18	10374	190214555	5.45384e-05
chr4	19	8898	190214555	4.67788e-05
chr4	20	8069	190214555	4.24205e-05
chr4	21	7217	190214555	3.79414e-05
chr4	22	6476	190214555	3.40458e-05
chr4	23	6014	190214555	3.16169e-05
chr4	24	5357	190214555	2.81629e-05
chr4	25	4983	190214555	2.61967e-05
chr4	26	4634	190214555	2.4362e-05
chr4	27	4061	190214555	2.13496e-05
chr4	28	3848	190214555	2.02298e-05
chr4	29	3542	190214555	1.86211e-05
chr4	30	3275	190214555	1.72174e-05
chr4	31	2798	190214555	1.47097e-05
chr4	32	2619	190214555	1.37687e-05
chr4	33	2347	190214555	1.23387e-05
chr4	34	2231	190214555	1.17289e-05
chr4	35	2001	190214555	1.05197e-05
chr4	36	1716	190214555	9.02139e-06
chr4	37	1579	190214555	8.30115e-06
chr4	38	1604	190214555	8.43258e-06
chr4	39	1455	190214555	7.64926e-06
chr4	40	1223	190214555	6.42958e-06
chr4	41	1186	190214555	6.23506e-06
chr4	42	1133	190214555	5.95643e-06
chr4	43	1132	190214555	5.95117e-06
chr4	44	1050	190214555	5.52008e-06
chr4	45	999	190214555	5.25196e-06
chr4	46	794	190214555	4.17423e-06
chr4	47	848	190214555	4.45812e-06
chr4	48	718	190214555	3.77468e-06
chr4	49	643	190214555	3.38039e-06
chr4	50	588	190214555	3.09125e-06
chr4	51	496	190214555	2.60758e-06
chr4	52	449	190214555	2.36049e-06
chr4	53	446	190214555	2.34472e-06
chr4	54	436	190214555	2.29215e-06
chr4	55	373	190214555	1.96094e-06
chr4	56	377	190214555	1.98197e-06
chr4	57	366	190214555	1.92414e-06
chr4	58	358	190214555	1.88209e-06
chr4	59	278	190214555	1.46151e-06
chr4	60	239	190214555	1.25648e-06
chr4	61	211	190214555	1.10927e-06
chr4	62	221	190214555	1.16185e-06
chr4	63	189	190214555	9.93615e-07
chr4	64	167	190214555	8.77956e-07
chr4	65	122	190214555	6.41381e-07
chr4	66	157	190214555	8.25384e-07
chr4	67	149	190214555	7.83326e-07
chr4	68	147	190214555	7.72812e-07
chr4	69	146	190214555	7.67554e-07
chr4	70	137	190214555	7.20239e-07
chr4	71	127	190214555	6.67667e-07
chr4	72	93	190214555	4.88922e-07
chr4	73	97	190214555	5.0995e-07
chr4	74	72	190214555	3.7852e-07
chr4	75	68	190214555	3.57491e-07
chr4	76	74	190214555	3.89034e-07
chr4	77	54	190214555	2.8389e-07
chr4	78	62	190214555	3.25948e-07
chr4	79	55	190214555	2.89147e-07
chr4	80	56	190214555	2.94404e-07
chr4	81	51	190214555	2.68118e-07
chr4	82	48	190214555	2.52347e-07
chr4	83	51	190214555	2.68118e-07
chr4	84	31	190214555	1.62974e-07
chr4	85	50	190214555	2.62861e-07
chr4	86	32	190214555	1.68231e-07
chr4	87	39	190214555	2.05032e-07
chr4	88	42	190214555	2.20803e-07
chr4	89	30	190214555	1.57717e-07
chr4	90	35	190214555	1.84003e-07
chr4	91	20	190214555	1.05144e-07
chr4	92	23	190214555	1.20916e-07
chr4	93	27	190214555	1.41945e-07
chr4	94	20	190214555	1.05144e-07
chr4	95	36	190214555	1.8926e-07
chr4	96	18	190214555	9.463e-08
chr4	97	31	190214555	1.62974e-07
chr4	98	19	190214555	9.98872e-08
chr4	99	20	190214555	1.05144e-07
chr4	100	351	190214555	1.84528e-06
chr5	0	163674443	181538259	0.901598
chr5	1	14965850	181538259	0.0824391
chr5	2	1498005	181538259	0.00825173
chr5	3	393031	181538259	0.002165
chr5	4	213111	181538259	0.00117392
chr5	5	140212	181538259	0.000772355
chr5	6	104163	181538259	0.00057378
chr5	7	79987	181538259	0.000440607
chr5	8	61532	181538259	0.000338948
chr5	9	50485	181538259	0.000278096
chr5	10	40333	181538259	0.000222174
chr5	11	33901	181538259	0.000186743
chr5	12	28953	181538259	0.000159487
chr5	13	25561	181538259	0.000140802
chr5	14	22322	181538259	0.00012296
chr5	15	19529	181538259	0.000107575
chr5	16	17007	181538259	9.36827e-05
chr5	17	14802	181538259	8.15365e-05
chr5	18	13338	181538259	7.34721e-05
chr5	19	11667	181538259	6.42674e-05
chr5	20	10301	181538259	5.67429e-05
chr5	21	9616	181538259	5.29695e-05
chr5	22	8411	181538259	4.63318e-05
chr5	23	7773	181538259	4.28174e-05
chr5	24	6616	181538259	3.64441e-05
chr5	25	6307	181538259	3.4742e-05
chr5	26	5685	181538259	3.13157e-05
chr5	27	5521	181538259	3.04123e-05
chr5	28	4835	181538259	2.66335e-05
chr5	29	4458	181538259	2.45568e-05
chr5	30	4091	181538259	2.25352e-05
chr5	31	3832	181538259	2.11085e-05
chr5	32	3594	181538259	1.97975e-05
chr5	33	3392	181538259	1.86848e-05
chr5	34	3023	181538259	1.66521e-05
chr5	35	2929	181538259	1.61343e-05
chr5	36	2600	181538259	1.43221e-05
chr5	37	2509	181538259	1.38208e-05
chr5	38	2365	181538259	1.30276e-05
chr5	39	2238	181538259	1.2328e-05
chr5	40	2180	181538259	1.20085e-05
chr5	41	1790	181538259	9.86018e-06
chr5	42	1628	181538259	8.96781e-06
chr5	43	1498	181538259	8.2517e-06
chr5	44	1371	181538259	7.55213e-06
chr5	45	1258	181538259	6.92967e-06
chr5	46	1309	181538259	7.2106e-06
chr5	47	1215	181538259	6.6928e-06
chr5	48	1180	181538259	6.50001e-06
chr5	49	1177	181538259	6.48348e-06
chr5	50	1050	181538259	5.7839e-06
chr5	51	1019	181538259	5.61314e-06
chr5	52	910	181538259	5.01272e-06
chr5	53	762	181538259	4.19746e-06
chr5	54	818	181538259	4.50594e-06
chr5	55	635	181538259	3.49789e-06
chr5	56	731	181538259	4.0267e-06
chr5	57	650	181538259	3.58051e-06
chr5	58	596	181538259	3.28305e-06
chr5	59	520	181538259	2.86441e-06
chr5	60	519	181538259	2.8589e-06
chr5	61	443	181538259	2.44026e-06
chr5	62	441	181538259	2.42924e-06
chr5	63	427	181538259	2.35212e-06
chr5	64	392	181538259	2.15932e-06
chr5	65	327	181538259	1.80127e-06
chr5	66	354	181538259	1.95e-06
chr5	67	237	181538259	1.30551e-06
chr5	68	253	181538259	1.39365e-06
chr5	69	253	181538259	1.39365e-06
chr5	70	207	181538259	1.14026e-06
chr5	71	216	181538259	1.18983e-06
chr5	72	213	181538259	1.17331e-06
chr5	73	150	181538259	8.26272e-07
chr5	74	172	181538259	9.47459e-07
chr5	75	158	181538259	8.7034e-07
chr5	76	166	181538259	9.14408e-07
chr5	77	160	181538259	8.81357e-07
chr5	78	147	181538259	8.09747e-07
chr5	79	144	181538259	7.93221e-07
chr5	80	133	181538259	7.32628e-07
chr5	81	111	181538259	6.11441e-07
chr5	82	118	181538259	6.50001e-07
chr5	83	107	181538259	5.89407e-07
chr5	84	118	181538259	6.50001e-07
chr5	85	106	181538259	5.83899e-07
chr5	86	86	181538259	4.73729e-07
chr5	87	92	181538259	5.0678e-07
chr5	88	82	181538259	4.51695e-07
chr5	89	92	181538259	5.0678e-07
chr5	90	65	181538259	3.58051e-07
chr5	91	65	181538259	3.58051e-07
chr5	92	52	181538259	2.86441e-07
chr5	93	44	181538259	2.42373e-07
chr5	94	50	181538259	2.75424e-07
chr5	95	62	181538259	3.41526e-07
chr5	96	50	181538259	2.75424e-07
chr5	97	38	181538259	2.09322e-07
chr5	98	35	181538259	1.92797e-07
chr5	99	34	181538259	1.87288e-07
chr5	100	715	181538259	3.93856e-06
chr6	0	153257139	170805979	0.897259
chr6	1	14526446	170805979	0.0850465
chr6	2	1524331	170805979	0.00892434
chr6	3	422234	170805979	0.00247201
chr6	4	228759	170805979	0.00133929
chr6	5	152810	170805979	0.000894641
chr6	6	112078	170805979	0.000656171
chr6	7	85499	170805979	0.000500562
chr6	8	67420	170805979	0.000394717
chr6	9	54131	170805979	0.000316915
chr6	10	43777	170805979	0.000256297
chr6	11	36649	170805979	0.000214565
chr6	12	30857	170805979	0.000180655
chr6	13	26758	170805979	0.000156657
chr6	14	22196	170805979	0.000129949
chr6	15	19955	170805979	0.000116828
chr6	16	17257	170805979	0.000101033
chr6	17	14801	170805979	8.66539e-05
chr6	18	12858	170805979	7.52784e-05
chr6	19	11748	170805979	6.87798e-05
chr6	20	10849	170805979	6.35165e-05
chr6	21	9840	170805979	5.76092e-05
chr6	22	8776	170805979	5.13799e-05
chr6	23	8057	170805979	4.71705e-05
chr6	24	7530	170805979	4.40851e-05
chr6	25	6674	170805979	3.90736e-05
chr6	26	6180	170805979	3.61814e-05
chr6	27	5685	170805979	3.32834e-05
chr6	28	5423	170805979	3.17495e-05
chr6	29	4863	170805979	2.84709e-05
chr6	30	4336	170805979	2.53855e-05
chr6	31	4189	170805979	2.45249e-05
chr6	32	3959	170805979	2.31783e-05
chr6	33	3671	170805979	2.14922e-05
chr6	34	3429	170805979	2.00754e-05
chr6	35	3049	170805979	1.78507e-05
chr6	36	2996	170805979	1.75404e-05
chr6	37	2668	170805979	1.56201e-05
chr6	38	2383	170805979	1.39515e-05
chr6	39	2374	170805979	1.38988e-05
chr6	40	2159	170805979	1.26401e-05
chr6	41	1998	170805979	1.16975e-05
chr6	42	1835	170805979	1.07432e-05
chr6	43	1791	170805979	1.04856e-05
chr6	44	1569	170805979	9.18586e-06
chr6	45	1675	170805979	9.80645e-06
chr6	46	1498	170805979	8.77018e-06
chr6	47	1279	170805979	7.48803e-06
chr6	48	1165	170805979	6.8206e-06
chr6	49	1136	170805979	6.65082e-06
chr6	50	1027	170805979	6.01267e-06
chr6	51	944	170805979	5.52674e-06
chr6	52	862	170805979	5.04666e-06
chr6	53	774	170805979	4.53146e-06
chr6	54	728	170805979	4.26215e-06
chr6	55	709	170805979	4.15091e-06
chr6	56	703	170805979	4.11578e-06
chr6	57	598	170805979	3.50105e-06
chr6	58	577	170805979	3.3781e-06
chr6	59	608	170805979	3.55959e-06
chr6	60	567	170805979	3.31956e-06
chr6	61	459	170805979	2.68726e-06
chr6	62	429	170805979	2.51162e-06
chr6	63	448	170805979	2.62286e-06
chr6	64	391	170805979	2.28915e-06
chr6	65	385	170805979	2.25402e-06
chr6	66	342	170805979	2.00227e-06
chr6	67	334	170805979	1.95543e-06
chr6	68	302	170805979	1.76809e-06
chr6	69	252	170805979	1.47536e-06
chr6	70	267	170805979	1.56318e-06
chr6	71	271	170805979	1.5866e-06
chr6	72	217	170805979	1.27045e-06
chr6	73	187	170805979	1.09481e-06
chr6	74	226	170805979	1.32314e-06
chr6	75	197	170805979	1.15336e-06
chr6	76	191	170805979	1.11823e-06
chr6	77	169	170805979	9.89427e-07
chr6	78	164	170805979	9.60154e-07
chr6	79	129	170805979	7.55243e-07
chr6	80	112	170805979	6.55715e-07
chr6	81	134	170805979	7.84516e-07
chr6	82	113	170805979	6.61569e-07
chr6	83	105	170805979	6.14733e-07
chr6	84	92	170805979	5.38623e-07
chr6	85	86	170805979	5.03495e-07
chr6	86	75	170805979	4.39095e-07
chr6	87	63	170805979	3.6884e-07
chr6	88	53	170805979	3.10294e-07
chr6	89	59	170805979	3.45421e-07
chr6	90	59	170805979	3.45421e-07
chr6	91	48	170805979	2.81021e-07
chr6	92	57	170805979	3.33712e-07
chr6	93	57	170805979	3.33712e-07
chr6	94	38	170805979	2.22475e-07
chr6	95	34	170805979	1.99056e-07
chr6	96	36	170805979	2.10765e-07
chr6	97	42	170805979	2.45893e-07
chr6	98	26	170805979	1.52219e-07
chr6	99	24	170805979	1.4051e-07
chr6	100	470	170805979	2.75166e-06
chr7	0	144039408	159345973	0.903941
chr7	1	12892425	159345973	0.0809084
chr7	2	1269709	159345973	0.00796825
chr7	3	326128	159345973	0.00204667
chr7	4	172677	159345973	0.00108366
chr7	5	114532	159345973	0.000718763
chr7	6	84926	159345973	0.000532966
chr7	7	63402	159345973	0.000397889
chr7	8	50591	159345973	0.000317492
chr7	9	41407	159345973	0.000259856
chr7	10	34679	159345973	0.000217633
chr7	11	28058	159345973	0.000176082
chr7	12	24323	159345973	0.000152643
chr7	13	20760	159345973	0.000130283
chr7	14	17642	159345973	0.000110715
chr7	15	15639	159345973	9.81449e-05
chr7	16	13965	159345973	8.76395e-05
chr7	17	11944	159345973	7.49564e-05
chr7	18	10700	159345973	6.71495e-05
chr7	19	9347	159345973	5.86585e-05
chr7	20	8680	159345973	5.44727e-05
chr7	21	7952	159345973	4.9904e-05
chr7	22	7038	159345973	4.4168e-05
chr7	23	6673	159345973	4.18774e-05
chr7	24	6211	159345973	3.89781e-05
chr7	25	5467	159345973	3.4309e-05
chr7	26	4911	159345973	3.08197e-05
chr7	27	4508	159345973	2.82906e-05
chr7	28	4137	159345973	2.59624e-05
chr7	29	3682	159345973	2.3107e-05
chr7	30	3412	159345973	2.14125e-05
chr7	31	3054	159345973	1.91658e-05
chr7	32	2763	159345973	1.73396e-05
chr7	33	2475	159345973	1.55322e-05
chr7	34	2270	159345973	1.42457e-05
chr7	35	2086	159345973	1.3091e-05
chr7	36	1937	159345973	1.21559e-05
chr7	37	1869	159345973	1.17292e-05
chr7	38	1661	159345973	1.04239e-05
chr7	39	1534	159345973	9.62685e-06
chr7	40	1437	159345973	9.01811e-06
chr7	41	1394	159345973	8.74826e-06
chr7	42	1348	159345973	8.45958e-06
chr7	43	1194	159345973	7.49313e-06
chr7	44	1112	159345973	6.97853e-06
chr7	45	1049	159345973	6.58316e-06
chr7	46	964	159345973	6.04973e-06
chr7	47	890	159345973	5.58533e-06
chr7	48	880	159345973	5.52257e-06
chr7	49	781	159345973	4.90129e-06
chr7	50	753	159345973	4.72557e-06
chr7	51	746	159345973	4.68164e-06
chr7	52	666	159345973	4.17958e-06
chr7	53	619	159345973	3.88463e-06
chr7	54	551	159345973	3.45788e-06
chr7	55	416	159345973	2.61067e-06
chr7	56	502	159345973	3.15038e-06
chr7	57	456	159345973	2.8617e-06
chr7	58	403	159345973	2.52909e-06
chr7	59	397	159345973	2.49143e-06
chr7	60	311	159345973	1.95173e-06
chr7	61	270	159345973	1.69443e-06
chr7	62	275	159345973	1.7258e-06
chr7	63	298	159345973	1.87014e-06
chr7	64	273	159345973	1.71325e-06
chr7	65	227	159345973	1.42457e-06
chr7	66	215	159345973	1.34927e-06
chr7	67	200	159345973	1.25513e-06
chr7	68	234	159345973	1.4685e-06
chr7	69	174	159345973	1.09196e-06
chr7	70	150	159345973	9.41348e-07
chr7	71	135	159345973	8.47213e-07
chr7	72	117	159345973	7.34251e-07
chr7	73	111	159345973	6.96597e-07
chr7	74	109	159345973	6.84046e-07
chr7	75	109	159345973	6.84046e-07
chr7	76	132	159345973	8.28386e-07
chr7	77	93	159345973	5.83636e-07
chr7	78	94	159345973	5.89911e-07
chr7	79	67	159345973	4.20469e-07
chr7	80	58	159345973	3.63988e-07
chr7	81	78	159345973	4.89501e-07
chr7	82	67	159345973	4.20469e-07
chr7	83	60	159345973	3.76539e-07
chr7	84	44	159345973	2.76129e-07
chr7	85	64	159345973	4.01642e-07
chr7	86	47	159345973	2.94956e-07
chr7	87	40	159345973	2.51026e-07
chr7	88	49	159345973	3.07507e-07
chr7	89	35	159345973	2.19648e-07
chr7	90	33	159345973	2.07097e-07
chr7	91	30	159345973	1.8827e-07
chr7	92	30	159345973	1.8827e-07
chr7	93	29	159345973	1.81994e-07
chr7	94	29	159345973	1.81994e-07
chr7	95	21	159345973	1.31789e-07
chr7	96	30	159345973	1.8827e-07
chr7	97	16	159345973	1.0041e-07
chr7	98	29	159345973	1.81994e-07
chr7	99	15	159345973	9.41348e-08
chr7	100	435	159345973	2.72991e-06
chr8	0	130501642	145138636	0.899152
chr8	1	12279037	145138636	0.0846021
chr8	2	1235808	145138636	0.00851467
chr8	3	321571	145138636	0.00221561
chr8	4	173496	145138636	0.00119538
chr8	5	115018	145138636	0.00079247
chr8	6	81764	145138636	0.000563351
chr8	7	62291	145138636	0.000429183
chr8	8	48564	145138636	0.000334604
chr8	9	40037	145138636	0.000275853
chr8	10	32613	145138636	0.000224702
chr8	11	26707	145138636	0.00018401
chr8	12	23040	145138636	0.000158745
chr8	13	20146	145138636	0.000138805
chr8	14	17220	145138636	0.000118645
chr8	15	14671	145138636	0.000101083
chr8	16	12756	145138636	8.78884e-05
chr8	17	11430	145138636	7.87523e-05
chr8	18	9950	145138636	6.85551e-05
chr8	19	9146	145138636	6.30156e-05
chr8	20	7863	145138636	5.41758e-05
chr8	21	7194	145138636	4.95664e-05
chr8	22	6733	145138636	4.63901e-05
chr8	23	6205	145138636	4.27522e-05
chr8	24	5751	145138636	3.96242e-05
chr8	25	5084	145138636	3.50286e-05
chr8	26	4622	145138636	3.18454e-05
chr8	27	4329	145138636	2.98267e-05
chr8	28	4034	145138636	2.77941e-05
chr8	29	3821	145138636	2.63266e-05
chr8	30	3437	145138636	2.36808e-05
chr8	31	3004	145138636	2.06975e-05
chr8	32	2729	145138636	1.88027e-05
chr8	33	2463	145138636	1.697e-05
chr8	34	2493	145138636	1.71767e-05
chr8	35	2432	145138636	1.67564e-05
chr8	36	2114	145138636	1.45654e-05
chr8	37	2004	145138636	1.38075e-05
chr8	38	1841	145138636	1.26844e-05
chr8	39	1735	145138636	1.19541e-05
chr8	40	1722	145138636	1.18645e-05
chr8	41	1492	145138636	1.02798e-05
chr8	42	1337	145138636	9.21188e-06
chr8	43	1306	145138636	8.99829e-06
chr8	44	1253	145138636	8.63312e-06
chr8	45	1030	145138636	7.09666e-06
chr8	46	1026	145138636	7.0691e-06
chr8	47	922	145138636	6.35255e-06
chr8	48	826	145138636	5.69111e-06
chr8	49	780	145138636	5.37417e-06
chr8	50	688	145138636	4.7403e-06
chr8	51	614	145138636	4.23044e-06
chr8	52	625	145138636	4.30623e-06
chr8	53	595	145138636	4.09953e-06
chr8	54	575	145138636	3.96173e-06
chr8	55	498	145138636	3.4312e-06
chr8	56	480	145138636	3.30718e-06
chr8	57	470	145138636	3.23828e-06
chr8	58	402	145138636	2.76977e-06
chr8	59	343	145138636	2.36326e-06
chr8	60	322	145138636	2.21857e-06
chr8	61	316	145138636	2.17723e-06
chr8	62	298	145138636	2.05321e-06
chr8	63	271	145138636	1.86718e-06
chr8	64	266	145138636	1.83273e-06
chr8	65	241	145138636	1.66048e-06
chr8	66	248	145138636	1.70871e-06
chr8	67	221	145138636	1.52268e-06
chr8	68	211	145138636	1.45378e-06
chr8	69	201	145138636	1.38488e-06
chr8	70	142	145138636	9.78375e-07
chr8	71	146	145138636	1.00593e-06
chr8	72	143	145138636	9.85265e-07
chr8	73	127	145138636	8.75025e-07
chr8	74	106	145138636	7.30336e-07
chr8	75	105	145138636	7.23446e-07
chr8	76	130	145138636	8.95695e-07
chr8	77	101	145138636	6.95886e-07
chr8	78	105	145138636	7.23446e-07
chr8	79	109	145138636	7.51006e-07
chr8	80	105	145138636	7.23446e-07
chr8	81	94	145138636	6.47657e-07
chr8	82	91	145138636	6.26987e-07
chr8	83	79	145138636	5.44307e-07
chr8	84	65	145138636	4.47848e-07
chr8	85	68	145138636	4.68518e-07
chr8	86	48	145138636	3.30718e-07
chr8	87	39	145138636	2.68709e-07
chr8	88	48	145138636	3.30718e-07
chr8	89	36	145138636	2.48039e-07
chr8	90	38	145138636	2.61819e-07
chr8	91	36	145138636	2.48039e-07
chr8	92	52	145138636	3.58278e-07
chr8	93	35	145138636	2.41149e-07
chr8	94	37	145138636	2.54929e-07
chr8	95	22	145138636	1.51579e-07
chr8	96	10	145138636	6.88996e-08
chr8	97	8	145138636	5.51197e-08
chr8	98	12	145138636	8.26796e-08
chr8	99	12	145138636	8.26796e-08
chr8	100	113	145138636	7.78566e-07
chr9	0	126570300	138394717	0.91456
chr9	1	9777001	138394717	0.0706458
chr9	2	1029930	138394717	0.00744197
chr9	3	283693	138394717	0.00204988
chr9	4	154246	138394717	0.00111454
chr9	5	103761	138394717	0.000749747
chr9	6	74746	138394717	0.000540093
chr9	7	57562	138394717	0.000415926
chr9	8	44957	138394717	0.000324846
chr9	9	35415	138394717	0.000255898
chr9	10	29907	138394717	0.000216099
chr9	11	25268	138394717	0.000182579
chr9	12	21405	138394717	0.000154666
chr9	13	18671	138394717	0.000134911
chr9	14	16269	138394717	0.000117555
chr9	15	14172	138394717	0.000102403
chr9	16	12779	138394717	9.23373e-05
chr9	17	10623	138394717	7.67587e-05
chr9	18	9687	138394717	6.99954e-05
chr9	19	8767	138394717	6.33478e-05
chr9	20	7404	138394717	5.34992e-05
chr9	21	6540	138394717	4.72561e-05
chr9	22	6117	138394717	4.41997e-05
chr9	23	5633	138394717	4.07024e-05
chr9	24	5450	138394717	3.93801e-05
chr9	25	4826	138394717	3.48713e-05
chr9	26	4607	138394717	3.32888e-05
chr9	27	4156	138394717	3.003e-05
chr9	28	3704	138394717	2.6764e-05
chr9	29	3457	138394717	2.49793e-05
chr9	30	3216	138394717	2.32379e-05
chr9	31	2964	138394717	2.1417e-05
chr9	32	2680	138394717	1.93649e-05
chr9	33	2561	138394717	1.8505e-05
chr9	34	2335	138394717	1.6872e-05
chr9	35	2125	138394717	1.53546e-05
chr9	36	2114	138394717	1.52751e-05
chr9	37	1893	138394717	1.36783e-05
chr9	38	1652	138394717	1.19369e-05
chr9	39	1674	138394717	1.20958e-05
chr9	40	1485	138394717	1.07302e-05
chr9	41	1382	138394717	9.98593e-06
chr9	42	1303	138394717	9.4151e-06
chr9	43	1182	138394717	8.54079e-06
chr9	44	1023	138394717	7.3919e-06
chr9	45	945	138394717	6.8283e-06
chr9	46	908	138394717	6.56094e-06
chr9	47	921	138394717	6.65488e-06
chr9	48	917	138394717	6.62598e-06
chr9	49	818	138394717	5.91063e-06
chr9	50	758	138394717	5.47709e-06
chr9	51	706	138394717	5.10135e-06
chr9	52	600	138394717	4.33543e-06
chr9	53	586	138394717	4.23427e-06
chr9	54	560	138394717	4.0464e-06
chr9	55	580	138394717	4.19091e-06
chr9	56	475	138394717	3.43221e-06
chr9	57	416	138394717	3.00589e-06
chr9	58	348	138394717	2.51455e-06
chr9	59	330	138394717	2.38448e-06
chr9	60	346	138394717	2.5001e-06
chr9	61	294	138394717	2.12436e-06
chr9	62	295	138394717	2.13158e-06
chr9	63	212	138394717	1.53185e-06
chr9	64	261	138394717	1.88591e-06
chr9	65	210	138394717	1.5174e-06
chr9	66	227	138394717	1.64024e-06
chr9	67	210	138394717	1.5174e-06
chr9	68	182	138394717	1.31508e-06
chr9	69	160	138394717	1.15611e-06
chr9	70	128	138394717	9.24891e-07
chr9	71	119	138394717	8.59859e-07
chr9	72	103	138394717	7.44248e-07
chr9	73	97	138394717	7.00894e-07
chr9	74	109	138394717	7.87602e-07
chr9	75	110	138394717	7.94828e-07
chr9	76	101	138394717	7.29797e-07
chr9	77	115	138394717	8.30957e-07
chr9	78	91	138394717	6.5754e-07
chr9	79	72	138394717	5.20251e-07
chr9	80	74	138394717	5.34703e-07
chr9	81	43	138394717	3.10706e-07
chr9	82	76	138394717	5.49154e-07
chr9	83	34	138394717	2.45674e-07
chr9	84	50	138394717	3.61285e-07
chr9	85	45	138394717	3.25157e-07
chr9	86	42	138394717	3.0348e-07
chr9	87	33	138394717	2.38448e-07
chr9	88	36	138394717	2.60126e-07
chr9	89	39	138394717	2.81803e-07
chr9	90	34	138394717	2.45674e-07
chr9	91	37	138394717	2.67351e-07
chr9	92	16	138394717	1.15611e-07
chr9	93	16	138394717	1.15611e-07
chr9	94	13	138394717	9.39342e-08
chr9	95	8	138394717	5.78057e-08
chr9	96	14	138394717	1.0116e-07
chr9	97	11	138394717	7.94828e-08
chr9	98	12	138394717	8.67085e-08
chr9	99	8	138394717	5.78057e-08
chr9	100	124	138394717	8.95988e-07
chrX	0	143695168	156040895	0.920881
chrX	1	11062596	156040895	0.0708955
chrX	2	812984	156040895	0.00521007
chrX	3	151324	156040895	0.000969771
chrX	4	78235	156040895	0.000501375
chrX	5	49437	156040895	0.000316821
chrX	6	36045	156040895	0.000230997
chrX	7	26815	156040895	0.000171846
chrX	8	21000	156040895	0.00013458
chrX	9	16729	156040895	0.000107209
chrX	10	13972	156040895	8.95406e-05
chrX	11	10789	156040895	6.91421e-05
chrX	12	9033	156040895	5.78887e-05
chrX	13	7914	156040895	5.07175e-05
chrX	14	6303	156040895	4.03933e-05
chrX	15	5325	156040895	3.41257e-05
chrX	16	4658	156040895	2.98511e-05
chrX	17	4132	156040895	2.64802e-05
chrX	18	3690	156040895	2.36476e-05
chrX	19	3093	156040895	1.98217e-05
chrX	20	2668	156040895	1.70981e-05
chrX	21	2099	156040895	1.34516e-05
chrX	22	1764	156040895	1.13047e-05
chrX	23	1543	156040895	9.88843e-06
chrX	24	1415	156040895	9.06814e-06
chrX	25	1270	156040895	8.13889e-06
chrX	26	1232	156040895	7.89537e-06
chrX	27	918	156040895	5.88307e-06
chrX	28	831	156040895	5.32553e-06
chrX	29	757	156040895	4.85129e-06
chrX	30	784	156040895	5.02432e-06
chrX	31	702	156040895	4.49882e-06
chrX	32	564	156040895	3.61444e-06
chrX	33	506	156040895	3.24274e-06
chrX	34	406	156040895	2.60188e-06
chrX	35	404	156040895	2.58906e-06
chrX	36	384	156040895	2.46089e-06
chrX	37	303	156040895	1.9418e-06
chrX	38	300	156040895	1.92257e-06
chrX	39	252	156040895	1.61496e-06
chrX	40	220	156040895	1.40989e-06
chrX	41	206	156040895	1.32017e-06
chrX	42	226	156040895	1.44834e-06
chrX	43	193	156040895	1.23686e-06
chrX	44	208	156040895	1.33298e-06
chrX	45	139	156040895	8.90792e-07
chrX	46	145	156040895	9.29244e-07
chrX	47	127	156040895	8.13889e-07
chrX	48	113	156040895	7.24169e-07
chrX	49	107	156040895	6.85718e-07
chrX	50	80	156040895	5.12686e-07
chrX	51	82	156040895	5.25503e-07
chrX	52	74	156040895	4.74235e-07
chrX	53	56	156040895	3.5888e-07
chrX	54	62	156040895	3.97332e-07
chrX	55	67	156040895	4.29375e-07
chrX	56	46	156040895	2.94795e-07
chrX	57	39	156040895	2.49934e-07
chrX	58	40	156040895	2.56343e-07
chrX	59	35	156040895	2.243e-07
chrX	60	19	156040895	1.21763e-07
chrX	61	24	156040895	1.53806e-07
chrX	62	19	156040895	1.21763e-07
chrX	63	29	156040895	1.85849e-07
chrX	64	22	156040895	1.40989e-07
chrX	65	22	156040895	1.40989e-07
chrX	66	14	156040895	8.97201e-08
chrX	67	10	156040895	6.40858e-08
chrX	68	11	156040895	7.04943e-08
chrX	69	14	156040895	8.97201e-08
chrX	70	23	156040895	1.47397e-07
chrX	71	18	156040895	1.15354e-07
chrX	72	17	156040895	1.08946e-07
chrX	73	21	156040895	1.3458e-07
chrX	74	12	156040895	7.69029e-08
chrX	75	9	156040895	5.76772e-08
chrX	76	2	156040895	1.28172e-08
chrY	0	57164983	57227415	0.998909
chrY	1	53319	57227415	0.000931704
chrY	2	6720	57227415	0.000117426
chrY	3	1344	57227415	2.34852e-05
chrY	4	455	57227415	7.95073e-06
chrY	5	210	57227415	3.66957e-06
chrY	6	42	57227415	7.33914e-07
chrY	7	109	57227415	1.90468e-06
chrY	8	16	57227415	2.79586e-07
chrY	9	12	57227415	2.0969e-07
chrY	10	40	57227415	6.98966e-07
chrY	11	5	57227415	8.73707e-08
chrY	12	15	57227415	2.62112e-07
chrY	13	8	57227415	1.39793e-07
chrY	14	2	57227415	3.49483e-08
chrY	15	4	57227415	6.98966e-08
chrY	16	6	57227415	1.04845e-07
chrY	17	6	57227415	1.04845e-07
chrY	18	17	57227415	2.9706e-07
chrY	19	6	57227415	1.04845e-07
chrY	20	2	57227415	3.49483e-08
chrY	21	27	57227415	4.71802e-07
chrY	22	17	57227415	2.9706e-07
chrY	26	1	57227415	1.74741e-08
chrY	27	2	57227415	3.49483e-08
chrY	28	5	57227415	8.73707e-08
chrY	30	1	57227415	1.74741e-08
chrY	31	5	57227415	8.73707e-08
chrY	32	1	57227415	1.74741e-08
chrY	37	1	57227415	1.74741e-08
chrY	41	1	57227415	1.74741e-08
chrY	42	2	57227415	3.49483e-08
chrY	43	1	57227415	1.74741e-08
chrY	44	30	57227415	5.24224e-07
chrM	0	16569	16569	1
genome	0	2797373960	3088286401	0.905801
genome	1	242565339	3088286401	0.0785437
genome	2	24808342	3088286401	0.00803304
genome	3	6587327	3088286401	0.002133
genome	4	3551227	3088286401	0.0011499
genome	5	2367174	3088286401	0.000766501
genome	6	1721584	3088286401	0.000557456
genome	7	1313794	3088286401	0.000425412
genome	8	1039955	3088286401	0.000336742
genome	9	842420	3088286401	0.000272779
genome	10	692663	3088286401	0.000224287
genome	11	580623	3088286401	0.000188008
genome	12	493473	3088286401	0.000159789
genome	13	426029	3088286401	0.00013795
genome	14	368138	3088286401	0.000119205
genome	15	322221	3088286401	0.000104336
genome	16	284607	3088286401	9.21569e-05
genome	17	251802	3088286401	8.15345e-05
genome	18	224540	3088286401	7.2707e-05
genome	19	201987	3088286401	6.54042e-05
genome	20	182301	3088286401	5.90298e-05
genome	21	163755	3088286401	5.30245e-05
genome	22	148767	3088286401	4.81714e-05
genome	23	135573	3088286401	4.38991e-05
genome	24	123756	3088286401	4.00727e-05
genome	25	112624	3088286401	3.64681e-05
genome	26	103760	3088286401	3.35979e-05
genome	27	95398	3088286401	3.08903e-05
genome	28	86797	3088286401	2.81052e-05
genome	29	80176	3088286401	2.59613e-05
genome	30	73999	3088286401	2.39612e-05
genome	31	68404	3088286401	2.21495e-05
genome	32	63004	3088286401	2.0401e-05
genome	33	57871	3088286401	1.87389e-05
genome	34	53341	3088286401	1.7272e-05
genome	35	49646	3088286401	1.60756e-05
genome	36	45903	3088286401	1.48636e-05
genome	37	42971	3088286401	1.39142e-05
genome	38	39599	3088286401	1.28223e-05
genome	39	37424	3088286401	1.2118e-05
genome	40	34393	3088286401	1.11366e-05
genome	41	31720	3088286401	1.02711e-05
genome	42	29832	3088286401	9.65973e-06
genome	43	27569	3088286401	8.92696e-06
genome	44	25760	3088286401	8.3412e-06
genome	45	23897	3088286401	7.73795e-06
genome	46	22340	3088286401	7.23378e-06
genome	47	21029	3088286401	6.80928e-06
genome	48	19557	3088286401	6.33264e-06
genome	49	18410	3088286401	5.96123e-06
genome	50	16901	3088286401	5.47261e-06
genome	51	15963	3088286401	5.16889e-06
genome	52	14817	3088286401	4.79781e-06
genome	53	13565	3088286401	4.3924e-06
genome	54	12813	3088286401	4.1489e-06
genome	55	11495	3088286401	3.72213e-06
genome	56	10959	3088286401	3.54857e-06
genome	57	10476	3088286401	3.39217e-06
genome	58	9692	3088286401	3.13831e-06
genome	59	9011	3088286401	2.9178e-06
genome	60	8414	3088286401	2.72449e-06
genome	61	7524	3088286401	2.4363e-06
genome	62	7162	3088286401	2.31909e-06
genome	63	6769	3088286401	2.19183e-06
genome	64	6098	3088286401	1.97456e-06
genome	65	5830	3088286401	1.88778e-06
genome	66	5462	3088286401	1.76862e-06
genome	67	5021	3088286401	1.62582e-06
genome	68	4727	3088286401	1.53062e-06
genome	69	4402	3088286401	1.42539e-06
genome	70	4092	3088286401	1.32501e-06
genome	71	3703	3088286401	1.19905e-06
genome	72	3448	3088286401	1.11648e-06
genome	73	3331	3088286401	1.07859e-06
genome	74	3287	3088286401	1.06434e-06
genome	75	3065	3088286401	9.9246e-07
genome	76	2783	3088286401	9.01147e-07
genome	77	2664	3088286401	8.62614e-07
genome	78	2382	3088286401	7.71302e-07
genome	79	2198	3088286401	7.11722e-07
genome	80	2052	3088286401	6.64446e-07
genome	81	1867	3088286401	6.04542e-07
genome	82	1859	3088286401	6.01952e-07
genome	83	1629	3088286401	5.27477e-07
genome	84	1498	3088286401	4.85059e-07
genome	85	1467	3088286401	4.75021e-07
genome	86	1298	3088286401	4.20298e-07
genome	87	1170	3088286401	3.78851e-07
genome	88	1136	3088286401	3.67842e-07
genome	89	1130	3088286401	3.65899e-07
genome	90	1007	3088286401	3.26071e-07
genome	91	984	3088286401	3.18623e-07
genome	92	916	3088286401	2.96605e-07
genome	93	828	3088286401	2.6811e-07
genome	94	764	3088286401	2.47386e-07
genome	95	682	3088286401	2.20834e-07
genome	96	634	3088286401	2.05292e-07
genome	97	590	3088286401	1.91044e-07
genome	98	515	3088286401	1.66759e-07
genome	99	474	3088286401	1.53483e-07
genome	100	9066	3088286401	2.93561e-06
