chr9	5604935	5608940	1	 complete_novel	chr9	5577020	5629015	ENST00000650674.2	0	-	5629015	5629015	0	2	491,226,	0,51769,	4005
chr9	5604935	5608940	1	 complete_novel	chr9	5577020	5629602	ENST00000740231.1	0	-	5629602	5629602	0	3	491,147,36,	0,16311,52546,	4005
chr9	5604935	5608940	1	 complete_novel	chr9	5577020	5629700	ENST00000740230.1	0	-	5629700	5629700	0	3	491,97,134,	0,3583,52546,	4005
chr9	5604935	5608940	1	 complete_novel	chr9	5577025	5629780	ENST00000740229.1	0	-	5629780	5629780	0	2	486,214,	0,52541,	4005
chr9	5604935	5608940	1	 complete_novel	chr9	5577259	5621481	ENST00000740232.1	0	-	5621481	5621481	0	2	252,111,	0,44111,	4005
chr9	5604935	5608940	1	 complete_novel	chr9	5457476	5629748	ENST00000661858.1	0	-	5629748	5629748	0	3	1711,94,182,	0,67059,172090,	4005
chr9	20658826	20673619	1	 partial_novel	chr9	20658304	20875818	ENST00000991604.1	0	+	20715353	20874896	0	19	522,89,75,155,105,102,205,207,88,203,258,105,102,131,127,135,51,84,1138,	0,57017,59489,62075,81931,99785,106564,111727,120376,123422,131046,161491,162019,162636,164684,204273,207621,208624,216376,	14793
chr9	20658826	20673619	1	 partial_novel	chr9	20658304	20999329	ENST00000894776.2	0	+	20715353	20995629	0	44	522,89,75,155,105,102,205,207,88,203,258,105,102,131,127,135,51,84,127,186,122,93,89,45,109,117,239,90,148,120,123,78,72,103,81,129,116,261,90,178,98,252,76,3774,	0,57017,59489,62075,81931,99785,106564,111727,120376,123422,131046,161491,162019,162636,164684,204273,207621,208624,216376,223566,226804,248845,254561,258588,265355,267996,271053,274709,286322,288396,289966,290546,291299,292691,294680,318115,320034,323121,324052,327983,330027,331818,334948,337251,	14793
chr9	20658826	20673619	1	 partial_novel	chr9	20658304	20999329	ENST00000894778.2	0	+	20715353	20995629	0	34	522,89,75,155,105,102,205,207,88,203,258,93,89,45,109,117,239,90,148,120,123,78,72,103,81,129,116,261,90,178,98,252,76,3774,	0,57017,59489,62075,81931,99785,106564,111727,120376,123422,131046,248845,254561,258588,265355,267996,271053,274709,286322,288396,289966,290546,291299,292691,294680,318115,320034,323121,324052,327983,330027,331818,334948,337251,	14793
chr9	20658826	20673619	1	 partial_novel	chr9	20658304	20999329	ENST00000894780.2	0	+	20715353	20995629	0	43	522,89,75,155,102,205,207,88,203,258,105,102,131,127,135,51,84,127,186,122,93,89,45,109,117,239,90,148,120,123,78,72,103,81,129,116,261,90,178,98,252,76,3774,	0,57017,59489,62075,99785,106564,111727,120376,123422,131046,161491,162019,162636,164684,204273,207621,208624,216376,223566,226804,248845,254561,258588,265355,267996,271053,274709,286322,288396,289966,290546,291299,292691,294680,318115,320034,323121,324052,327983,330027,331818,334948,337251,	14793
chr9	20658826	20673619	1	 partial_novel	chr9	20658304	20999329	ENST00000939139.2	0	+	20715353	20995629	0	45	522,253,89,75,155,105,102,205,207,88,203,258,105,102,131,127,135,51,84,127,186,122,93,89,45,109,117,239,90,148,120,123,78,72,103,81,129,116,261,90,178,98,252,76,3774,	0,47655,57017,59489,62075,81931,99785,106564,111727,120376,123422,131046,161491,162019,162636,164684,204273,207621,208624,216376,223566,226804,248845,254561,258588,265355,267996,271053,274709,286322,288396,289966,290546,291299,292691,294680,318115,320034,323121,324052,327983,330027,331818,334948,337251,	14793
chr9	20658826	20673619	1	 partial_novel	chr9	20658304	20999329	ENST00000939140.2	0	+	20715353	20995629	0	44	522,86,75,155,105,102,205,207,88,203,258,105,102,131,127,135,51,84,127,186,122,93,89,45,109,117,239,90,148,120,123,78,72,103,81,129,116,261,90,178,98,252,76,3774,	0,57020,59489,62075,81931,99785,106564,111727,120376,123422,131046,161491,162019,162636,164684,204273,207621,208624,216376,223566,226804,248845,254561,258588,265355,267996,271053,274709,286322,288396,289966,290546,291299,292691,294680,318115,320034,323121,324052,327983,330027,331818,334948,337251,	14793
chr9	20658826	20673619	1	 partial_novel	chr9	20658304	20999329	ENST00000939141.2	0	+	20715353	20995629	0	43	522,89,75,155,105,102,205,207,88,203,258,105,102,131,127,135,51,84,127,186,122,93,89,45,109,117,239,148,120,123,78,72,103,81,129,116,261,90,178,98,252,76,3774,	0,57017,59489,62075,81931,99785,106564,111727,120376,123422,131046,161491,162019,162636,164684,204273,207621,208624,216376,223566,226804,248845,254561,258588,265355,267996,271053,286322,288396,289966,290546,291299,292691,294680,318115,320034,323121,324052,327983,330027,331818,334948,337251,	14793
chr9	20658826	20673619	1	 partial_novel	chr9	20658304	20999329	ENST00000964696.2	0	+	20715353	20995629	0	43	522,89,75,155,105,102,205,207,88,203,258,105,102,131,127,135,51,84,127,186,122,93,89,45,109,117,239,90,148,120,123,78,72,103,81,116,261,90,178,98,252,76,3774,	0,57017,59489,62075,81931,99785,106564,111727,120376,123422,131046,161491,162019,162636,164684,204273,207621,208624,216376,223566,226804,248845,254561,258588,265355,267996,271053,274709,286322,288396,289966,290546,291299,292691,294680,320034,323121,324052,327983,330027,331818,334948,337251,	14793
chr9	20658826	20673619	1	 partial_novel	chr9	20658308	20999329	ENST00000380249.6	0	+	20715353	20995629	0	46	151,136,45,89,75,155,105,102,205,207,88,203,258,105,102,131,127,135,51,84,127,186,122,93,89,45,109,117,239,90,148,120,123,78,72,103,81,129,116,261,90,178,98,252,76,3774,	0,382,36211,57013,59485,62071,81927,99781,106560,111723,120372,123418,131042,161487,162015,162632,164680,204269,207617,208620,216372,223562,226800,248841,254557,258584,265351,267992,271049,274705,286318,288392,289962,290542,291295,292687,294676,318111,320030,323117,324048,327979,330023,331814,334944,337247,	14793
chr9	20658826	20673619	1	 partial_novel	chr9	20658308	20999329	ENST00000894775.2	0	+	20715353	20995629	0	45	151,136,89,75,155,105,102,205,207,88,203,258,105,102,131,127,135,51,84,127,186,122,93,89,45,109,117,239,90,148,120,123,78,72,103,81,129,116,261,90,178,98,252,76,3774,	0,382,57013,59485,62071,81927,99781,106560,111723,120372,123418,131042,161487,162015,162632,164680,204269,207617,208620,216372,223562,226800,248841,254557,258584,265351,267992,271049,274705,286318,288392,289962,290542,291295,292687,294676,318111,320030,323117,324048,327979,330023,331814,334944,337247,	14793
chr9	20658826	20673619	1	 partial_novel	chr9	20658308	20999329	ENST00000894777.2	0	+	20715353	20995629	0	44	151,89,75,155,105,102,205,207,88,203,258,105,102,131,127,135,51,84,127,186,122,93,89,45,109,117,239,90,148,120,123,78,72,103,81,129,116,261,90,178,98,252,76,3774,	0,57013,59485,62071,81927,99781,106560,111723,120372,123418,131042,161487,162015,162632,164680,204269,207617,208620,216372,223562,226800,248841,254557,258584,265351,267992,271049,274705,286318,288392,289962,290542,291295,292687,294676,318111,320030,323117,324048,327979,330023,331814,334944,337247,	14793
chr9	20658826	20673619	1	 partial_novel	chr9	20658308	20999329	ENST00000894779.2	0	+	20715353	20995629	0	44	151,136,89,75,155,105,102,205,207,88,203,258,105,102,131,127,135,51,84,127,186,122,93,89,109,117,239,90,148,120,123,78,72,103,81,129,116,261,90,178,98,252,76,3774,	0,382,57013,59485,62071,81927,99781,106560,111723,120372,123418,131042,161487,162015,162632,164680,204269,207617,208620,216372,223562,226800,248841,254557,265351,267992,271049,274705,286318,288392,289962,290542,291295,292687,294676,318111,320030,323117,324048,327979,330023,331814,334944,337247,	14793
chr9	20658826	20673619	1	 partial_novel	chr9	20658308	20999329	ENST00000939137.2	0	+	20715353	20995629	0	43	151,89,75,155,102,205,207,88,203,258,105,102,131,127,135,51,84,127,186,122,93,89,45,109,117,239,90,148,120,123,78,72,103,81,129,116,261,90,178,98,252,76,3774,	0,57013,59485,62071,99781,106560,111723,120372,123418,131042,161487,162015,162632,164680,204269,207617,208620,216372,223562,226800,248841,254557,258584,265351,267992,271049,274705,286318,288392,289962,290542,291295,292687,294676,318111,320030,323117,324048,327979,330023,331814,334944,337247,	14793
chr9	20658826	20673619	1	 partial_novel	chr9	20658308	20999329	ENST00000939138.2	0	+	20715353	20995629	0	43	151,89,75,155,105,102,205,207,88,203,258,105,102,131,127,135,51,84,127,186,122,93,89,45,109,117,239,90,148,120,123,78,72,103,81,116,261,90,178,98,252,76,3774,	0,57013,59485,62071,81927,99781,106560,111723,120372,123418,131042,161487,162015,162632,164680,204269,207617,208620,216372,223562,226800,248841,254557,258584,265351,267992,271049,274705,286318,288392,289962,290542,291295,292687,294676,320030,323117,324048,327979,330023,331814,334944,337247,	14793
chr9	36966724	37002452	1	 partial_novel	chr9	36833268	37025748	ENST00000651550.2	0	-	36840559	37015082	0	10	7368,87,102,130,176,129,65,198,166,105,	0,13574,48735,90086,133280,169379,173204,181728,187367,192375,	35728
chr9	36966724	37002452	1	 partial_novel	chr9	36833268	37034031	ENST00000522003.6	0	-	36840559	37015082	0	9	7368,87,102,130,176,129,65,198,46,	0,13574,48735,90086,133280,169379,173204,181728,200717,	35728
chr9	36966724	37002452	1	 partial_novel	chr9	36833268	37034031	ENST00000523145.6	0	-	36840559	37015082	0	7	7368,130,176,129,65,198,46,	0,90086,133280,169379,173204,181728,200717,	35728
chr9	36966724	37002452	1	 partial_novel	chr9	36833268	37034268	ENST00000358127.9	0	-	36840559	37034031	0	10	7368,87,102,130,176,129,65,198,166,283,	0,13574,48735,90086,133280,169379,173204,181728,187367,200717,	35728
chr9	36966724	37002452	1	 partial_novel	chr9	36833268	37034268	ENST00000377852.7	0	-	36840559	37034031	0	9	7368,87,130,176,129,65,198,166,283,	0,13574,90086,133280,169379,173204,181728,187367,200717,	35728
chr9	36966724	37002452	1	 partial_novel	chr9	36833268	37034268	ENST00000523241.6	0	-	36840528	37034031	0	8	7368,87,176,129,65,198,166,283,	0,13574,133280,169379,173204,181728,187367,200717,	35728
chr9	36966724	37002452	1	 partial_novel	chr9	36833268	37034268	ENST00000377853.7	0	-	36840559	37034031	0	9	7368,102,130,176,129,65,198,166,283,	0,48735,90086,133280,169379,173204,181728,187367,200717,	35728
chr9	36966724	37002452	1	 partial_novel	chr9	36833268	37034268	ENST00000520154.7	0	-	36840528	37034031	0	7	7368,176,129,65,198,166,283,	0,133280,169379,173204,181728,187367,200717,	35728
chr9	36966724	37002452	1	 partial_novel	chr9	36840171	37034041	ENST00000377840.6	0	-	36882018	37034031	0	9	465,87,102,176,129,65,198,166,56,	0,6671,41832,126377,162476,166301,174825,180464,193814,	35728
chr9	36966724	37002452	1	 partial_novel	chr9	36840550	37034031	ENST00000520281.5	0	-	36840559	37034031	0	8	86,102,130,176,65,198,166,46,	0,41453,82804,125998,165922,174446,180085,193435,	35728
chr9	36966724	37002452	1	 partial_novel	chr9	36840550	37034031	ENST00000446742.5	0	-	36840559	37034031	0	8	86,87,130,176,129,65,166,46,	0,6292,82804,125998,162097,165922,180085,193435,	35728
chr9	36966724	37002452	1	 partial_novel	chr9	36840550	37034031	ENST00000523493.5	0	-	36882018	37034031	0	10	86,87,102,57,176,129,65,198,166,46,	0,6292,41453,90337,125998,162097,165922,174446,180085,193435,	35728
chr9	36966724	37002452	1	 partial_novel	chr9	36840550	37034031	ENST00000414447.5	0	-	36840559	37034031	0	9	86,87,102,130,176,65,198,166,46,	0,6292,41453,82804,125998,165922,174446,180085,193435,	35728
chr9	36966724	37002452	1	 partial_novel	chr9	36840550	37034031	ENST00000377847.6	0	-	36840559	37034031	0	8	86,130,176,129,65,198,166,46,	0,82804,125998,162097,165922,174446,180085,193435,	35728
chr9	36966724	37002452	1	 partial_novel	chr9	36840557	37002675	ENST00000524340.5	0	-	36840559	37002675	0	7	79,87,102,130,57,176,28,	0,6285,41446,82797,90330,125991,162090,	35728
chr9	36966724	37002452	1	 partial_novel	chr9	36840557	37002752	ENST00000522932.1	0	-	36840559	37002752	0	2	79,105,	0,162090,	35728
chr9	75111966	75117503	1	 partial_novel	chr9	75088420	75147331	ENST00001005154.1	0	+	75088692	75130578	0	11	306,47,29,51,64,54,108,50,79,99,649,	0,29083,38056,39148,42157,43349,44873,45925,49117,52413,58262,	5537
chr9	75111966	75117503	1	 partial_novel	chr9	75088479	75141298	ENST00001114514.1	0	+	75088692	75140988	0	9	247,47,51,64,54,108,50,79,465,	0,29024,39089,42098,43290,44814,45866,49058,52354,	5537
chr9	75111966	75117503	1	 partial_novel	chr9	75088479	75146845	ENST00000857348.2	0	+	75088692	75146741	0	10	247,47,51,64,54,108,50,79,99,157,	0,29024,39089,42098,43290,44814,45866,49058,52354,58209,	5537
chr9	75111966	75117503	1	 partial_novel	chr9	75088479	75147413	ENST00001005153.1	0	+	75088692	75130578	0	10	247,47,47,64,54,108,50,79,99,731,	0,29024,39093,42098,43290,44814,45866,49058,52354,58203,	5537
chr9	75111966	75117503	1	 partial_novel	chr9	75088479	75149989	ENST00000857341.2	0	+	75088692	75146741	0	9	247,47,51,64,54,108,50,79,3307,	0,29024,39089,42098,43290,44814,45866,49058,58203,	5537
chr9	75111966	75117503	1	 partial_novel	chr9	75088479	75149989	ENST00000857342.2	0	+	75088692	75146741	0	10	256,47,51,64,54,108,50,79,99,3307,	0,29024,39089,42098,43290,44814,45866,49058,52354,58203,	5537
chr9	75111966	75117503	1	 partial_novel	chr9	75088479	75149989	ENST00000857343.2	0	+	75088692	75146741	0	10	247,29,51,64,54,108,50,79,99,3307,	0,37997,39089,42098,43290,44814,45866,49058,52354,58203,	5537
chr9	75111966	75117503	1	 partial_novel	chr9	75088479	75149989	ENST00000857344.2	0	+	75088692	75146741	0	10	247,47,51,64,54,108,50,79,87,3307,	0,29024,39089,42098,43290,44814,45866,49058,52366,58203,	5537
chr9	75111966	75117503	1	 partial_novel	chr9	75088479	75149989	ENST00000857345.2	0	+	75088692	75146741	0	9	247,47,64,54,108,50,79,99,3307,	0,39093,42098,43290,44814,45866,49058,52354,58203,	5537
chr9	75111966	75117503	1	 partial_novel	chr9	75088479	75149989	ENST00000857346.2	0	+	75088692	75146741	0	12	247,47,19,29,51,64,54,108,50,79,99,3307,	0,29024,36655,37997,39089,42098,43290,44814,45866,49058,52354,58203,	5537
chr9	75111966	75117503	1	 partial_novel	chr9	75088479	75149989	ENST00000857347.2	0	+	75088692	75146741	0	9	247,47,51,64,54,50,79,99,3307,	0,29024,39089,42098,43290,45866,49058,52354,58203,	5537
chr9	75111966	75117503	1	 partial_novel	chr9	75088479	75149989	ENST00000934389.2	0	+	75088692	75146741	0	5	247,47,79,99,3307,	0,29024,49058,52354,58203,	5537
chr9	75111966	75117503	1	 partial_novel	chr9	75088479	75149989	ENST00000947040.2	0	+	75088692	75146741	0	4	247,47,79,3307,	0,29024,49058,58203,	5537
chr9	75111966	75117503	1	 partial_novel	chr9	75088479	75149989	ENST00000947041.2	0	+	75088692	75146741	0	8	247,47,51,64,50,79,99,3307,	0,29024,39089,42098,45866,49058,52354,58203,	5537
chr9	75111966	75117503	1	 partial_novel	chr9	75088479	75149989	ENST00001103511.1	0	+	75088692	75146700	0	3	247,47,3307,	0,29024,58203,	5537
chr9	75111966	75117503	1	 partial_novel	chr9	75088479	75149989	ENST00001103513.1	0	+	75088692	75146741	0	9	256,47,51,64,54,108,50,79,3307,	0,29024,39089,42098,43290,44814,45866,49058,58203,	5537
chr9	75111966	75117503	1	 partial_novel	chr9	75088479	75149989	ENST00001141075.1	0	+	75088692	75146741	0	10	247,47,51,64,54,108,50,79,99,3307,	0,29024,39089,42098,43290,44814,45866,49058,52354,58203,	5537
chr9	75111966	75117503	1	 partial_novel	chr9	75088493	75147197	ENST00001042599.1	0	+	75088692	75131776	0	10	233,47,51,62,54,108,50,79,99,515,	0,29010,39075,42086,43276,44800,45852,49044,52340,58189,	5537
chr9	75111966	75117503	1	 partial_novel	chr9	75088502	75147198	ENST00001103512.1	0	+	75088692	75140851	0	10	224,47,51,64,54,108,50,79,92,516,	0,29001,39066,42075,43267,44791,45843,49035,52338,58180,	5537
chr9	75111966	75117503	1	 partial_novel	chr9	75088503	75133948	ENST00001110096.1	0	+	75088692	75130578	0	5	223,47,47,64,2179,	0,29000,39069,42074,43266,	5537
chr9	75111966	75117503	1	 partial_novel	chr9	75088513	75147265	ENST00000346234.7	0	+	75088692	75146741	0	10	213,47,51,64,54,108,50,79,99,583,	0,28990,39055,42064,43256,44780,45832,49024,52320,58169,	5537
chr9	75111966	75117503	1	 partial_novel	chr9	75088537	75149989	ENST00000934388.2	0	+	75088692	75146741	0	9	203,51,64,54,108,50,79,99,3307,	0,39031,42040,43232,44756,45808,49000,52296,58145,	5537
chr9	81648249	81744350	1	 complete_novel	chr9	81725242	81725349	ENST00000384477.1	0	-	81725349	81725349	0	1	107,	0,	107
chr9	81648249	81744350	1	 complete_novel	chr9	81689712	81776903	ENST00000437181.2	0	+	81776903	81776903	0	4	247,112,127,966,	0,58255,59973,86225,	54638
chr9	81648249	81744350	1	 complete_novel	chr9	81689722	81691402	ENST00000701091.2	0	+	81691402	81691402	0	1	1680,	0,	1680
chr9	81648249	81744350	1	 complete_novel	chr9	81689786	81691402	ENST00000769783.1	0	+	81691402	81691402	0	2	173,1170,	0,446,	1616
chr9	81648249	81744350	1	 complete_novel	chr9	81689820	81691400	ENST00000769784.1	0	+	81691400	81691400	0	2	139,920,	0,660,	1580
chr9	81648249	81744350	1	 complete_novel	chr9	81689828	81755588	ENST00000769782.1	0	+	81755588	81755588	0	4	131,505,112,547,	0,49024,58139,65213,	54522
chr9	81648249	81744350	1	 complete_novel	chr9	81689828	81755591	ENST00000769781.1	0	+	81755591	81755591	0	5	131,505,112,127,550,	0,49024,58139,59857,65213,	54522
chr9	81648249	81744350	1	 complete_novel	chr9	81582312	81689681	ENST00000879079.2	0	-	81584197	81688240	0	16	1993,77,151,148,248,250,77,191,145,153,54,117,45,64,101,1465,	0,2135,3192,5368,8492,10712,27907,29456,31064,33669,34333,38128,103363,103520,105021,105904,	41432
chr9	81648249	81744350	1	 complete_novel	chr9	81582312	81689681	ENST00000879080.2	0	-	81584197	81688240	0	19	1993,77,151,148,248,250,77,191,102,145,153,54,117,75,63,45,64,101,1465,	0,2135,3192,5368,8492,10712,27907,29456,29979,31064,33669,34333,38128,69901,71661,103363,103520,105021,105904,	41432
chr9	81648249	81744350	1	 complete_novel	chr9	81582312	81689681	ENST00000879081.2	0	-	81584197	81688240	0	19	1993,77,151,148,248,250,77,191,102,145,153,54,117,105,63,45,64,101,1465,	0,2135,3192,5368,8492,10712,27907,29456,29979,31064,33669,34333,38128,69871,71661,103363,103520,105021,105904,	41432
chr9	81648249	81744350	1	 complete_novel	chr9	81582312	81689681	ENST00000879082.2	0	-	81584197	81688240	0	18	1993,77,151,148,248,250,77,191,145,153,54,117,105,63,45,64,101,1465,	0,2135,3192,5368,8492,10712,27907,29456,31064,33669,34333,38128,69871,71661,103363,103520,105021,105904,	41432
chr9	81648249	81744350	1	 complete_novel	chr9	81582312	81689681	ENST00000879083.2	0	-	81584197	81688240	0	18	1993,77,151,148,248,250,77,191,145,153,54,117,75,63,45,64,101,1465,	0,2135,3192,5368,8492,10712,27907,29456,31064,33669,34333,38128,69901,71661,103363,103520,105021,105904,	41432
chr9	81648249	81744350	1	 complete_novel	chr9	81582312	81689681	ENST00000879084.2	0	-	81584197	81688240	0	19	1993,77,151,148,248,250,77,188,102,145,153,54,117,75,63,45,64,101,1465,	0,2135,3192,5368,8492,10712,27907,29456,29979,31064,33669,34333,38128,69901,71661,103363,103520,105021,105904,	41432
chr9	81648249	81744350	1	 complete_novel	chr9	81582312	81689681	ENST00000879085.2	0	-	81584197	81688240	0	18	1993,77,151,148,248,250,77,188,145,153,54,117,75,63,45,64,101,1465,	0,2135,3192,5368,8492,10712,27907,29456,31064,33669,34333,38128,69901,71661,103363,103520,105021,105904,	41432
chr9	81648249	81744350	1	 complete_novel	chr9	81582312	81689681	ENST00000879086.2	0	-	81584197	81688240	0	19	1993,77,151,148,248,250,77,188,102,145,153,54,117,105,63,45,64,101,1465,	0,2135,3192,5368,8492,10712,27907,29456,29979,31064,33669,34333,38128,69871,71661,103363,103520,105021,105904,	41432
chr9	81648249	81744350	1	 complete_novel	chr9	81582312	81689681	ENST00000879087.2	0	-	81584197	81688240	0	19	1993,77,151,148,248,250,77,191,102,100,153,54,117,75,63,45,64,101,1465,	0,2135,3192,5368,8492,10712,27907,29456,29979,31109,33669,34333,38128,69901,71661,103363,103520,105021,105904,	41432
chr9	81648249	81744350	1	 complete_novel	chr9	81582312	81689681	ENST00000879088.2	0	-	81584197	81688240	0	19	1993,77,151,148,248,250,77,191,72,145,153,54,117,75,63,45,64,101,1465,	0,2135,3192,5368,8492,10712,27907,29456,29979,31064,33669,34333,38128,69901,71661,103363,103520,105021,105904,	41432
chr9	81648249	81744350	1	 complete_novel	chr9	81582312	81689681	ENST00000879089.2	0	-	81584197	81688240	0	17	1993,77,151,148,248,250,77,191,102,145,153,54,117,45,64,101,1465,	0,2135,3192,5368,8492,10712,27907,29456,29979,31064,33669,34333,38128,103363,103520,105021,105904,	41432
chr9	81648249	81744350	1	 complete_novel	chr9	81582312	81689681	ENST00000879090.2	0	-	81584197	81688240	0	18	1993,77,151,148,248,250,77,188,145,153,54,117,105,63,45,64,101,1465,	0,2135,3192,5368,8492,10712,27907,29456,31064,33669,34333,38128,69871,71661,103363,103520,105021,105904,	41432
chr9	81648249	81744350	1	 complete_novel	chr9	81582312	81689681	ENST00000879091.2	0	-	81584197	81688240	0	18	1993,77,151,148,248,250,77,188,100,153,54,117,75,63,45,64,101,1465,	0,2135,3192,5368,8492,10712,27907,29456,31109,33669,34333,38128,69901,71661,103363,103520,105021,105904,	41432
chr9	81648249	81744350	1	 complete_novel	chr9	81582312	81689681	ENST00000879092.2	0	-	81584197	81688240	0	18	1993,77,151,148,248,250,77,191,102,145,153,54,117,75,45,64,101,1465,	0,2135,3192,5368,8492,10712,27907,29456,29979,31064,33669,34333,38128,69901,103363,103520,105021,105904,	41432
chr9	81648249	81744350	1	 complete_novel	chr9	81582312	81689681	ENST00000925488.2	0	-	81584197	81688240	0	18	1993,77,151,148,248,250,77,188,145,153,54,117,42,63,45,64,101,1465,	0,2135,3192,5368,8492,10712,27907,29456,31064,33669,34333,38128,69934,71661,103363,103520,105021,105904,	41432
chr9	81648249	81744350	1	 complete_novel	chr9	81582312	81689681	ENST00000925489.2	0	-	81584197	81688240	0	18	1993,77,151,148,248,250,77,191,145,114,54,117,75,63,45,64,101,1465,	0,2135,3192,5368,8492,10712,27907,29456,31064,33708,34333,38128,69901,71661,103363,103520,105021,105904,	41432
chr9	81648249	81744350	1	 complete_novel	chr9	81582312	81689681	ENST00000925490.2	0	-	81584197	81688240	0	17	1993,77,151,148,248,250,77,191,145,153,54,117,63,45,64,101,1465,	0,2135,3192,5368,8492,10712,27907,29456,31064,33669,34333,38128,71661,103363,103520,105021,105904,	41432
chr9	81648249	81744350	1	 complete_novel	chr9	81582312	81689681	ENST00000925491.2	0	-	81584197	81688240	0	16	1993,77,151,148,248,250,77,188,145,153,54,117,45,64,101,1465,	0,2135,3192,5368,8492,10712,27907,29456,31064,33669,34333,38128,103363,103520,105021,105904,	41432
chr9	81648249	81744350	1	 complete_novel	chr9	81582312	81689681	ENST00000925492.2	0	-	81584197	81688240	0	18	1993,77,151,148,248,250,77,188,100,153,54,117,105,63,45,64,101,1465,	0,2135,3192,5368,8492,10712,27907,29456,31109,33669,34333,38128,69871,71661,103363,103520,105021,105904,	41432
chr9	81648249	81744350	1	 complete_novel	chr9	81582312	81689681	ENST00000925493.2	0	-	81584197	81688240	0	16	1993,77,151,250,77,191,145,153,54,117,75,63,45,64,101,1465,	0,2135,3192,10712,27907,29456,31064,33669,34333,38128,69901,71661,103363,103520,105021,105904,	41432
chr9	81648249	81744350	1	 complete_novel	chr9	81582312	81689681	ENST00000925494.2	0	-	81584197	81688240	0	18	1993,77,151,148,248,250,77,191,145,153,54,117,75,63,45,64,89,1465,	0,2135,3192,5368,8492,10712,27907,29456,31064,33669,34333,38128,69901,71661,103363,103520,105021,105904,	41432
chr9	81648249	81744350	1	 complete_novel	chr9	81582312	81689681	ENST00000925495.2	0	-	81584197	81688240	0	17	1993,77,151,148,248,250,77,191,145,153,54,117,75,45,64,101,1465,	0,2135,3192,5368,8492,10712,27907,29456,31064,33669,34333,38128,69901,103363,103520,105021,105904,	41432
chr9	81648249	81744350	1	 complete_novel	chr9	81582312	81689681	ENST00000925496.2	0	-	81584197	81688240	0	16	1993,77,151,148,248,250,77,191,100,114,54,117,45,64,101,1465,	0,2135,3192,5368,8492,10712,27907,29456,31109,33708,34333,38128,103363,103520,105021,105904,	41432
chr9	81648249	81744350	1	 complete_novel	chr9	81582312	81689681	ENST00000925497.2	0	-	81584197	81688240	0	19	1993,77,151,148,248,250,77,188,102,100,153,54,117,75,63,45,64,101,1465,	0,2135,3192,5368,8492,10712,27907,29456,29979,31109,33669,34333,38128,69901,71661,103363,103520,105021,105904,	41432
chr9	81648249	81744350	1	 complete_novel	chr9	81582312	81689681	ENST00000925498.2	0	-	81584197	81688240	0	18	1993,77,151,148,248,250,77,191,145,153,54,117,42,63,45,64,101,1465,	0,2135,3192,5368,8492,10712,27907,29456,31064,33669,34333,38128,69934,71661,103363,103520,105021,105904,	41432
chr9	81648249	81744350	1	 complete_novel	chr9	81582312	81689681	ENST00000946426.1	0	-	81584197	81688240	0	20	1993,77,151,148,248,250,77,188,145,153,54,117,17,205,75,63,45,64,101,1465,	0,2135,3192,5368,8492,10712,27907,29456,31064,33669,34333,38128,51035,51784,69901,71661,103363,103520,105021,105904,	41432
chr9	81648249	81744350	1	 complete_novel	chr9	81582312	81689681	ENST00000946427.2	0	-	81584197	81688240	0	18	1993,77,151,148,248,250,77,191,145,153,54,117,17,205,45,64,101,1465,	0,2135,3192,5368,8492,10712,27907,29456,31064,33669,34333,38128,51035,51784,103363,103520,105021,105904,	41432
chr9	81648249	81744350	1	 complete_novel	chr9	81582312	81689681	ENST00000946428.2	0	-	81584197	81688240	0	21	1993,77,151,148,248,250,77,191,102,145,153,54,117,17,205,75,63,45,64,101,1465,	0,2135,3192,5368,8492,10712,27907,29456,29979,31064,33669,34333,38128,51035,51784,69901,71661,103363,103520,105021,105904,	41432
chr9	81648249	81744350	1	 complete_novel	chr9	81582312	81689681	ENST00000946429.2	0	-	81584197	81688240	0	20	1993,77,151,148,248,250,77,191,145,153,54,117,17,202,75,63,45,64,101,1465,	0,2135,3192,5368,8492,10712,27907,29456,31064,33669,34333,38128,51035,51784,69901,71661,103363,103520,105021,105904,	41432
chr9	81648249	81744350	1	 complete_novel	chr9	81582312	81689681	ENST00000946430.2	0	-	81584197	81688240	0	21	1993,77,151,148,248,250,77,188,102,145,153,54,117,17,205,75,63,45,64,101,1465,	0,2135,3192,5368,8492,10712,27907,29456,29979,31064,33669,34333,38128,51035,51784,69901,71661,103363,103520,105021,105904,	41432
chr9	81648249	81744350	1	 complete_novel	chr9	81582312	81689681	ENST00000946431.2	0	-	81584197	81688240	0	16	1993,250,77,191,145,153,54,117,17,205,75,63,45,64,101,1465,	0,10712,27907,29456,31064,33669,34333,38128,51035,51784,69901,71661,103363,103520,105021,105904,	41432
chr9	81648249	81744350	1	 complete_novel	chr9	81582312	81689681	ENST00000946432.2	0	-	81584197	81688240	0	20	1993,77,151,148,248,250,77,191,145,114,54,117,17,205,75,63,45,64,101,1465,	0,2135,3192,5368,8492,10712,27907,29456,31064,33708,34333,38128,51035,51784,69901,71661,103363,103520,105021,105904,	41432
chr9	81648249	81744350	1	 complete_novel	chr9	81582312	81689681	ENST00000946433.2	0	-	81584197	81688240	0	21	1993,77,151,148,248,250,77,191,102,100,153,54,117,17,205,75,63,45,64,101,1465,	0,2135,3192,5368,8492,10712,27907,29456,29979,31109,33669,34333,38128,51035,51784,69901,71661,103363,103520,105021,105904,	41432
chr9	81648249	81744350	1	 complete_novel	chr9	81582312	81689681	ENST00000946434.2	0	-	81584197	81688240	0	19	1993,77,151,148,248,250,77,191,145,153,54,117,17,205,75,45,64,101,1465,	0,2135,3192,5368,8492,10712,27907,29456,31064,33669,34333,38128,51035,51784,69901,103363,103520,105021,105904,	41432
chr9	81648249	81744350	1	 complete_novel	chr9	81582312	81689681	ENST00000946435.2	0	-	81584197	81688240	0	21	1993,77,151,148,248,250,77,191,102,145,153,54,117,17,202,75,63,45,64,101,1465,	0,2135,3192,5368,8492,10712,27907,29456,29979,31064,33669,34333,38128,51035,51784,69901,71661,103363,103520,105021,105904,	41432
chr9	81648249	81744350	1	 complete_novel	chr9	81582312	81689681	ENST00000946436.2	0	-	81584197	81688240	0	20	1993,77,151,148,248,250,77,188,100,153,54,117,17,205,75,63,45,64,101,1465,	0,2135,3192,5368,8492,10712,27907,29456,31109,33669,34333,38128,51035,51784,69901,71661,103363,103520,105021,105904,	41432
chr9	81648249	81744350	1	 complete_novel	chr9	81582312	81689681	ENST00000946437.2	0	-	81584197	81688240	0	21	1993,77,151,148,248,250,77,188,102,145,153,54,117,17,202,75,63,45,64,101,1465,	0,2135,3192,5368,8492,10712,27907,29456,29979,31064,33669,34333,38128,51035,51784,69901,71661,103363,103520,105021,105904,	41432
chr9	81648249	81744350	1	 complete_novel	chr9	81582312	81689681	ENST00000946438.2	0	-	81584197	81688240	0	20	1993,77,151,148,248,250,77,188,145,153,54,117,17,202,75,63,45,64,101,1465,	0,2135,3192,5368,8492,10712,27907,29456,31064,33669,34333,38128,51035,51784,69901,71661,103363,103520,105021,105904,	41432
chr9	81648249	81744350	1	 complete_novel	chr9	81582312	81689681	ENST00000946439.2	0	-	81584197	81688240	0	18	1993,77,151,148,77,191,145,153,54,117,17,205,42,63,45,64,101,1465,	0,2135,3192,5368,27907,29456,31064,33669,34333,38128,51035,51784,69934,71661,103363,103520,105021,105904,	41432
chr9	81648249	81744350	1	 complete_novel	chr9	81582312	81689681	ENST00000946440.2	0	-	81584197	81688240	0	13	1993,77,151,148,248,250,77,191,145,153,54,117,1465,	0,2135,3192,5368,8492,10712,27907,29456,31064,33669,34333,38128,105904,	41432
chr9	81648249	81744350	1	 complete_novel	chr9	81582312	81689681	ENST00000946441.2	0	-	81584197	81688240	0	14	1993,77,151,148,77,191,145,153,54,117,45,64,101,1465,	0,2135,3192,5368,27907,29456,31064,33669,34333,38128,103363,103520,105021,105904,	41432
chr9	81648249	81744350	1	 complete_novel	chr9	81582312	81689681	ENST00000946442.2	0	-	81584197	81688240	0	20	1993,77,151,148,248,250,77,188,145,153,54,117,17,202,105,63,45,64,101,1465,	0,2135,3192,5368,8492,10712,27907,29456,31064,33669,34333,38128,51035,51784,69871,71661,103363,103520,105021,105904,	41432
chr9	81648249	81744350	1	 complete_novel	chr9	81582312	81689681	ENST00000946443.2	0	-	81584197	81688240	0	20	1993,77,151,148,248,250,77,191,145,153,54,117,17,202,105,63,45,64,101,1465,	0,2135,3192,5368,8492,10712,27907,29456,31064,33669,34333,38128,51035,51784,69871,71661,103363,103520,105021,105904,	41432
chr9	81648249	81744350	1	 complete_novel	chr9	81582312	81689681	ENST00000946444.2	0	-	81584197	81688240	0	21	1993,77,151,148,248,250,77,191,145,153,54,117,17,205,105,63,105,45,64,101,1465,	0,2135,3192,5368,8492,10712,27907,29456,31064,33669,34333,38128,51035,51784,69871,71661,91569,103363,103520,105021,105904,	41432
chr9	81648249	81744350	1	 complete_novel	chr9	81582312	81689681	ENST00000946445.2	0	-	81584197	81688240	0	18	1993,77,151,148,248,250,77,188,145,153,54,117,17,205,45,64,101,1465,	0,2135,3192,5368,8492,10712,27907,29456,31064,33669,34333,38128,51035,51784,103363,103520,105021,105904,	41432
chr9	81648249	81744350	1	 complete_novel	chr9	81582312	81689681	ENST00000975108.1	0	-	81584197	81688240	0	21	1993,77,151,148,248,250,77,191,72,145,153,54,117,17,205,75,63,45,64,101,1465,	0,2135,3192,5368,8492,10712,27907,29456,29979,31064,33669,34333,38128,51035,51784,69901,71661,103363,103520,105021,105904,	41432
chr9	81648249	81744350	1	 complete_novel	chr9	81582312	81689681	ENST00000975109.1	0	-	81584197	81688240	0	21	1993,77,151,148,248,250,77,191,102,145,153,54,117,17,202,105,63,45,64,101,1465,	0,2135,3192,5368,8492,10712,27907,29456,29979,31064,33669,34333,38128,51035,51784,69871,71661,103363,103520,105021,105904,	41432
chr9	81648249	81744350	1	 complete_novel	chr9	81582312	81689681	ENST00001025800.1	0	-	81584279	81688240	0	19	1993,151,148,248,250,77,191,145,153,54,117,17,205,75,63,45,64,101,1465,	0,3192,5368,8492,10712,27907,29456,31064,33669,34333,38128,51035,51784,69901,71661,103363,103520,105021,105904,	41432
chr9	81648249	81744350	1	 complete_novel	chr9	81582312	81689681	ENST00001059147.1	0	-	81584197	81688240	0	19	1993,77,151,148,248,250,77,191,145,153,54,117,17,205,63,45,64,101,1465,	0,2135,3192,5368,8492,10712,27907,29456,31064,33669,34333,38128,51035,51784,71661,103363,103520,105021,105904,	41432
chr9	81648249	81744350	1	 complete_novel	chr9	81582312	81689681	ENST00001133679.1	0	-	81584197	81688240	0	20	1993,77,151,148,248,250,77,191,145,153,54,117,17,205,75,63,45,64,101,1465,	0,2135,3192,5368,8492,10712,27907,29456,31064,33669,34333,38128,51035,51784,69901,71661,103363,103520,105021,105904,	41432
chr9	81648249	81744350	1	 complete_novel	chr9	81583682	81689547	ENST00000376499.8	0	-	81584197	81688240	0	20	623,77,151,148,248,250,77,191,145,153,54,117,17,205,75,63,45,64,101,1331,	0,765,1822,3998,7122,9342,26537,28086,29694,32299,32963,36758,49665,50414,68531,70291,101993,102150,103651,104534,	41298
chr9	81648249	81744350	1	 complete_novel	chr9	81583682	81689627	ENST00001025799.1	0	-	81593052	81688240	0	20	623,77,151,148,248,224,77,191,145,153,54,117,17,205,75,63,45,64,101,1411,	0,765,1822,3998,7122,9342,26537,28086,29694,32299,32963,36758,49665,50414,68531,70291,101993,102150,103651,104534,	41378
chr9	81648249	81744350	1	 complete_novel	chr9	81583684	81689404	ENST00001025803.1	0	-	81593052	81688240	0	20	621,77,151,148,248,224,77,188,145,153,54,117,17,205,75,63,45,64,101,1188,	0,763,1820,3996,7120,9340,26535,28084,29692,32297,32961,36756,49663,50412,68529,70289,101991,102148,103649,104532,	41155
chr9	81648249	81744350	1	 complete_novel	chr9	81583685	81689520	ENST00001059150.1	0	-	81620552	81688240	0	19	620,77,151,148,248,250,77,191,145,153,54,117,205,105,63,45,64,101,1304,	0,762,1819,3995,7119,9339,26534,28083,29691,32296,32960,36755,50411,68498,70288,101990,102147,103648,104531,	41271
chr9	81648249	81744350	1	 complete_novel	chr9	81583685	81689547	ENST00001059148.1	0	-	81620552	81688240	0	17	620,77,151,148,248,250,77,191,145,153,54,117,205,45,64,101,1331,	0,762,1819,3995,7119,9339,26534,28083,29691,32296,32960,36755,50411,101990,102147,103648,104531,	41298
chr9	81648249	81744350	1	 complete_novel	chr9	81583687	81688875	ENST00000975111.1	0	-	81612399	81688240	0	21	618,77,151,148,248,250,77,188,194,145,153,54,117,17,205,75,63,45,64,101,659,	0,760,1817,3993,7117,9337,26532,28081,28604,29689,32294,32958,36753,49660,50409,68526,70286,101988,102145,103646,104529,	40626
chr9	81648249	81744350	1	 complete_novel	chr9	81583687	81689517	ENST00000975110.1	0	-	81612399	81688240	0	21	618,77,151,148,248,250,77,191,194,145,153,54,117,17,205,75,63,45,64,101,1301,	0,760,1817,3993,7117,9337,26532,28081,28604,29689,32294,32958,36753,49660,50409,68526,70286,101988,102145,103646,104529,	41268
chr9	81648249	81744350	1	 complete_novel	chr9	81583687	81689547	ENST00001059149.1	0	-	81620552	81688240	0	18	837,151,148,248,250,77,191,145,153,54,117,205,75,63,45,64,101,1331,	0,1817,3993,7117,9337,26532,28081,29689,32294,32958,36753,50409,68526,70286,101988,102145,103646,104529,	41298
chr9	81648249	81744350	1	 complete_novel	chr9	81620453	81688448	ENST00000418319.5	0	-	81620453	81688240	0	9	104,17,205,105,63,45,64,101,232,	0,12894,13643,31730,33520,65222,65379,66880,67763,	40199
chr9	81648249	81744350	1	 complete_novel	chr9	81633467	81689681	ENST00001111731.1	0	-	81634070	81688240	0	6	834,105,45,64,101,1465,	0,18716,52208,52365,53866,54749,	41432
chr9	81648249	81744350	1	 complete_novel	chr9	81633467	81689681	ENST00001111733.1	0	-	81634070	81688240	0	7	831,75,63,45,64,101,1465,	0,18746,20506,52208,52365,53866,54749,	41432
chr9	81648249	81744350	1	 complete_novel	chr9	81633468	81687368	ENST00000376463.3	0	-	81634070	81687368	0	6	833,75,63,45,64,35,	0,18745,20505,52207,52364,53865,	39119
chr9	81648249	81744350	1	 complete_novel	chr9	81633468	81689681	ENST00000975113.1	0	-	81634070	81688240	0	6	833,75,45,64,101,1465,	0,18745,52207,52364,53865,54748,	41432
chr9	81648249	81744350	1	 complete_novel	chr9	81633468	81689681	ENST00000975114.1	0	-	81634070	81688240	0	6	833,63,45,64,101,1465,	0,20505,52207,52364,53865,54748,	41432
chr9	81648249	81744350	1	 complete_novel	chr9	81633468	81689681	ENST00001025804.1	0	-	81634070	81688240	0	5	833,45,64,101,1465,	0,52207,52364,53865,54748,	41432
chr9	81648249	81744350	1	 complete_novel	chr9	81633468	81689681	ENST00001107731.1	0	-	81634070	81688240	0	7	830,105,63,45,64,101,1465,	0,18715,20505,52207,52364,53865,54748,	41432
chr9	81648249	81744350	1	 complete_novel	chr9	81633468	81689681	ENST00001111734.1	0	-	81634167	81688240	0	7	833,109,63,45,64,101,1465,	0,18711,20505,52207,52364,53865,54748,	41432
chr9	81648249	81744350	1	 complete_novel	chr9	81633469	81689681	ENST00001111736.1	0	-	81634070	81688240	0	7	832,42,63,45,64,101,1465,	0,18777,20504,52206,52363,53864,54747,	41432
chr9	81648249	81744350	1	 complete_novel	chr9	81633470	81689624	ENST00001111732.1	0	-	81650351	81688240	0	8	831,138,75,63,45,64,101,1408,	0,16764,18743,20503,52205,52362,53863,54746,	41375
chr9	81648249	81744350	1	 complete_novel	chr9	81633475	81689681	ENST00001111735.1	0	-	81634070	81688240	0	7	820,75,63,45,64,101,1465,	0,18738,20498,52200,52357,53858,54741,	41432
chr9	81648249	81744350	1	 complete_novel	chr9	81653973	81685896	ENST00000674113.1	0	-	81673976	81685896	0	4	63,110,45,64,	0,19908,31702,31859,	31923
chr9	81648249	81744350	1	 complete_novel	chr9	81689814	81820426	ENST00000769780.1	0	+	81820426	81820426	0	4	145,112,127,607,	0,58153,59871,130005,	54536
chr9	93068151	93069034	1	 complete_novel	chr9	93058683	93085132	ENST00001004993.1	0	+	93058742	93075639	0	5	147,401,148,132,596,	0,16888,19162,20787,25853,	883
chr9	93068151	93069034	1	 complete_novel	chr9	93058687	93085141	ENST00000617293.5	0	+	93058742	93084747	0	4	143,189,148,605,	0,17096,19158,25849,	883
chr9	93068151	93069034	1	 complete_novel	chr9	93058687	93085141	ENST00000913799.2	0	+	93058742	93084747	0	6	143,38,79,148,132,605,	0,16779,17206,19158,20783,25849,	883
chr9	93068151	93069034	1	 complete_novel	chr9	93058687	93085141	ENST00001104228.1	0	+	93058742	93084574	0	2	143,605,	0,25849,	883
chr9	93068151	93069034	1	 complete_novel	chr9	93058687	93085141	ENST00001104229.1	0	+	93058742	93084548	0	4	143,189,116,605,	0,17096,19190,25849,	883
chr9	93068151	93069034	1	 complete_novel	chr9	93058687	93085141	ENST00001126784.1	0	+	93058742	93084548	0	5	143,189,148,88,605,	0,17096,19158,20783,25849,	883
chr9	93068151	93069034	1	 complete_novel	chr9	93058687	93085141	ENST00001136187.1	0	+	93058742	93084747	0	5	143,189,148,132,605,	0,17096,19158,20783,25849,	883
chr9	93068151	93069034	1	 complete_novel	chr9	93058700	93085133	ENST00000375472.8	0	+	93058742	93084747	0	5	130,189,148,132,597,	0,17083,19145,20770,25836,	883
chr9	93068151	93069034	1	 complete_novel	chr9	93058725	93085131	ENST00001104230.1	0	+	93058742	93077887	0	6	105,38,189,148,132,595,	0,16741,17058,19120,20745,25811,	883
chr9	93068151	93069034	1	 complete_novel	chr9	93058725	93085132	ENST00001119170.1	0	+	93058742	93081440	0	6	105,189,148,132,186,596,	0,17058,19120,20745,22612,25811,	883
chr9	93068151	93069034	1	 complete_novel	chr9	93058725	93085133	ENST00001004994.1	0	+	93058742	93079503	0	5	105,189,116,132,597,	0,17058,19152,20745,25811,	883
chr9	93068151	93069034	1	 complete_novel	chr9	93058778	93084667	ENST00000465709.5	0	+	93058778	93084667	0	4	52,148,132,131,	0,19067,20692,25758,	883
chr9	94259345	94261226	1	 partial_novel	chr9	94259279	94294454	ENST00001127710.1	0	+	94278812	94293879	0	5	66,88,127,96,652,	0,19478,33061,33694,34523,	1881
chr9	94259345	94261226	1	 partial_novel	chr9	94259279	94294454	ENST00001127711.1	0	+	94278812	94293481	0	5	66,88,127,96,993,	0,19478,33061,33694,34182,	1881
chr9	94259345	94261226	1	 partial_novel	chr9	94259279	94295847	ENST00001090943.1	0	+	94278812	94295316	0	5	66,88,127,96,665,	0,19478,33061,33694,35903,	1881
chr9	94259345	94261226	1	 partial_novel	chr9	94259279	94301454	ENST00000340911.9	0	+	94278812	94299569	0	5	66,88,127,96,2007,	0,19478,33061,33694,40168,	1881
chr9	94259345	94261226	1	 partial_novel	chr9	94259279	94301829	ENST00001139865.1	0	+	94278812	94301370	0	5	66,88,127,96,2015,	0,19478,33061,33694,40535,	1881
chr9	94259345	94261226	1	 partial_novel	chr9	94259279	94302997	ENST00001128299.1	0	+	94278812	94299821	0	5	66,88,127,96,3199,	0,19478,33061,33694,40519,	1881
chr9	94259345	94261226	1	 partial_novel	chr9	94259279	94303967	ENST00000718459.2	0	+	94278812	94301370	0	5	66,88,127,96,4156,	0,19478,33061,33694,40532,	1881
chr9	94259345	94261226	1	 partial_novel	chr9	94259279	94314699	ENST00001127708.1	0	+	94278812	94314469	0	5	66,88,127,96,238,	0,19478,33061,33694,55182,	1881
chr9	94259345	94261226	1	 partial_novel	chr9	94259279	94314699	ENST00001127709.1	0	+	94278812	94314572	0	4	66,88,96,238,	0,19478,33694,55182,	1881
chr9	94259345	94261226	1	 partial_novel	chr9	94259297	94301829	ENST00000395395.7	0	+	94278812	94301370	0	5	48,88,127,96,2015,	0,19460,33043,33676,40517,	1881
chr9	94259345	94261226	1	 partial_novel	chr9	94259320	94292623	ENST00000492115.2	0	+	94292623	94292623	0	3	25,88,283,	0,19437,33020,	1881
chr9	94259345	94261226	1	 partial_novel	chr9	94259324	94324660	ENST00001128298.1	0	+	94278812	94314904	0	6	21,88,127,96,150,919,	0,19433,33016,33649,55536,64417,	1881
chr9	94259345	94261226	1	 partial_novel	chr9	94259327	94303023	ENST00000873355.2	0	+	94278812	94301370	0	6	41,113,88,127,96,3209,	0,14892,19430,33013,33646,40487,	1881
chr9	94259345	94261226	1	 partial_novel	chr9	94259327	94303032	ENST00000873354.1	0	+	94278812	94301370	0	5	41,88,127,96,3218,	0,19430,33013,33646,40487,	1881
chr9	94259345	94261226	1	 partial_novel	chr9	94259340	94301432	ENST00001128300.1	0	+	94278812	94299821	0	5	82,88,127,96,1634,	0,19417,33000,33633,40458,	1881
chr9	94259345	94261226	1	 partial_novel	chr9	94259340	94302995	ENST00000873356.1	0	+	94278812	94301370	0	5	319,88,127,96,3181,	0,19417,33000,33633,40474,	1881
chr9	94259345	94261226	1	 partial_novel	chr9	94176495	94259461	ENST00000668497.2	0	-	94259461	94259461	0	3	1236,54,351,	0,22702,82615,	116
chr9	94259345	94261226	1	 partial_novel	chr9	94182251	94259545	ENST00000651632.1	0	-	94259545	94259545	0	3	481,58,435,	0,16942,76859,	200
chr9	96356701	96360153	1	 partial_novel	chr9	96339479	96383845	ENST00001107342.1	0	-	96340478	96383634	0	9	1137,93,103,69,72,68,87,34,369,	0,4424,5819,11623,12558,20674,24984,28792,43997,	3452
chr9	96356701	96360153	1	 partial_novel	chr9	96345394	96383680	ENST00000482643.2	0	-	96383680	96383680	0	9	7,69,72,141,68,87,34,83,204,	0,5708,6643,12016,14759,19069,22877,28605,38082,	3452
chr9	96356701	96360153	1	 partial_novel	chr9	96350373	96383702	ENST00001007167.1	0	-	96363273	96383634	0	7	798,72,68,170,87,34,226,	0,1664,9780,12844,14090,17898,33103,	3452
chr9	96356701	96360153	1	 partial_novel	chr9	96350373	96383845	ENST00001007168.1	0	-	96351072	96383634	0	5	798,72,87,34,369,	0,1664,14090,17898,33103,	3452
chr9	96356701	96360153	1	 partial_novel	chr9	96350748	96383845	ENST00000375257.3	0	-	96351098	96383634	0	6	423,72,68,87,34,369,	0,1289,9405,13715,17523,32728,	3452
chr9	96356701	96360153	1	 partial_novel	chr9	96312091	96383712	ENST00001046075.1	0	-	96321284	96383634	0	12	2808,344,83,79,93,103,69,72,68,87,34,236,	0,8906,9906,11999,31812,33207,39011,39946,48062,52372,56180,71385,	3452
chr9	96356701	96360153	1	 partial_novel	chr9	96312102	96383693	ENST00001007158.1	0	-	96321241	96383634	0	13	2797,344,83,79,68,93,103,69,72,68,87,34,217,	0,8895,9895,11988,24614,31801,33196,39000,39935,48051,52361,56169,71374,	3452
chr9	96356701	96360153	1	 partial_novel	chr9	96313443	96364537	ENST00000650065.1	0	-	96363273	96364537	0	12	1456,344,83,79,68,93,103,69,72,68,170,74,	0,7554,8554,10647,23273,30460,31855,37659,38594,46710,49774,51020,	3452
chr9	96356701	96360153	1	 partial_novel	chr9	96313444	96383713	ENST00001046076.1	0	-	96357502	96383634	0	14	1455,344,83,79,68,93,103,69,72,141,68,87,34,237,	0,7553,8553,10646,23272,30459,31854,37658,38593,43966,46709,51019,54827,70032,	3452
chr9	96356701	96360153	1	 partial_novel	chr9	96318567	96383845	ENST00000375259.10	0	-	96321241	96383634	0	9	2774,83,79,69,72,68,87,34,369,	0,3430,5523,32535,33470,41586,45896,49704,64909,	3452
chr9	96356701	96360153	1	 partial_novel	chr9	96318567	96383845	ENST00000878036.2	0	-	96321241	96383634	0	13	2774,83,79,68,93,103,69,72,75,68,87,34,369,	0,3430,5523,18149,25336,26731,32535,33470,38533,41586,45896,49704,64909,	3452
chr9	96356701	96360153	1	 partial_novel	chr9	96318567	96383845	ENST00000878037.2	0	-	96321241	96383634	0	7	2774,83,79,68,87,34,369,	0,3430,5523,41586,45896,49704,64909,	3452
chr9	96356701	96360153	1	 partial_novel	chr9	96318567	96383845	ENST00000878038.2	0	-	96321241	96383634	0	11	2774,83,93,103,69,72,123,68,87,34,369,	0,3430,25336,26731,32535,33470,38485,41586,45896,49704,64909,	3452
chr9	96356701	96360153	1	 partial_novel	chr9	96318567	96383845	ENST00000878039.2	0	-	96321241	96383634	0	10	2774,83,79,68,93,103,68,87,34,369,	0,3430,5523,18149,25336,26731,41586,45896,49704,64909,	3452
chr9	96356701	96360153	1	 partial_novel	chr9	96318567	96383845	ENST00000878040.2	0	-	96321241	96383634	0	13	2774,83,79,68,93,103,69,72,108,68,87,34,369,	0,3430,5523,18149,25336,26731,32535,33470,39346,41586,45896,49704,64909,	3452
chr9	96356701	96360153	1	 partial_novel	chr9	96318567	96383845	ENST00000878041.2	0	-	96321241	96383634	0	9	2774,83,79,68,93,72,87,34,369,	0,3430,5523,18149,25336,33470,45896,49704,64909,	3452
chr9	96356701	96360153	1	 partial_novel	chr9	96318567	96383845	ENST00000878042.2	0	-	96321241	96383634	0	11	2774,83,79,68,93,103,69,68,87,34,369,	0,3430,5523,18149,25336,26731,32535,41586,45896,49704,64909,	3452
chr9	96356701	96360153	1	 partial_novel	chr9	96318567	96383845	ENST00000923823.2	0	-	96321241	96383634	0	8	2774,83,79,68,93,87,34,369,	0,3430,5523,18149,25336,45896,49704,64909,	3452
chr9	96356701	96360153	1	 partial_novel	chr9	96318567	96383845	ENST00000923824.2	0	-	96321241	96383634	0	12	2774,83,79,68,90,103,69,72,68,87,34,369,	0,3430,5523,18149,25336,26731,32535,33470,41586,45896,49704,64909,	3452
chr9	96356701	96360153	1	 partial_novel	chr9	96318567	96383845	ENST00000923825.2	0	-	96321241	96383634	0	7	2774,83,79,68,87,34,369,	0,3430,5523,18149,45896,49704,64909,	3452
chr9	96356701	96360153	1	 partial_novel	chr9	96318567	96383845	ENST00000955255.2	0	-	96321241	96383634	0	10	2774,83,79,68,93,69,72,87,34,369,	0,3430,5523,18149,25336,32535,33470,45896,49704,64909,	3452
chr9	96356701	96360153	1	 partial_novel	chr9	96318567	96383845	ENST00000955256.2	0	-	96321241	96383634	0	10	2774,83,79,68,90,69,72,87,34,369,	0,3430,5523,18149,25336,32535,33470,45896,49704,64909,	3452
chr9	96356701	96360153	1	 partial_novel	chr9	96318567	96383845	ENST00000955257.2	0	-	96321241	96383634	0	13	2774,83,79,68,93,103,69,72,123,68,87,34,369,	0,3430,5523,18149,25336,26731,32535,33470,38485,41586,45896,49704,64909,	3452
chr9	96356701	96360153	1	 partial_novel	chr9	96318567	96383845	ENST00000955258.2	0	-	96321241	96383634	0	9	2774,83,79,68,69,72,87,34,369,	0,3430,5523,18149,32535,33470,45896,49704,64909,	3452
chr9	96356701	96360153	1	 partial_novel	chr9	96318567	96383845	ENST00000955259.2	0	-	96321241	96383634	0	11	2774,83,79,68,93,103,72,68,87,34,369,	0,3430,5523,18149,25336,26731,33470,41586,45896,49704,64909,	3452
chr9	96356701	96360153	1	 partial_novel	chr9	96318567	96383845	ENST00001007159.1	0	-	96321284	96383634	0	11	2774,83,79,93,103,69,72,68,87,34,369,	0,3430,5523,25336,26731,32535,33470,41586,45896,49704,64909,	3452
chr9	96356701	96360153	1	 partial_novel	chr9	96318567	96383845	ENST00001007164.1	0	-	96321284	96383634	0	12	2774,79,68,93,103,69,72,123,68,87,34,369,	0,5523,18149,25336,26731,32535,33470,38485,41586,45896,49704,64909,	3452
chr9	96356701	96360153	1	 partial_novel	chr9	96318567	96383845	ENST00001046077.1	0	-	96321324	96383634	0	5	2774,79,87,34,369,	0,5523,45896,49704,64909,	3452
chr9	96356701	96360153	1	 partial_novel	chr9	96318567	96383845	ENST00001046078.1	0	-	96321324	96383634	0	10	2774,79,93,103,69,72,68,87,34,369,	0,5523,25336,26731,32535,33470,41586,45896,49704,64909,	3452
chr9	96356701	96360153	1	 partial_novel	chr9	96318567	96383845	ENST00001046079.1	0	-	96321284	96383634	0	6	2774,83,79,87,34,369,	0,3430,5523,45896,49704,64909,	3452
chr9	96356701	96360153	1	 partial_novel	chr9	96318567	96383845	ENST00001046081.1	0	-	96321284	96383634	0	9	2774,79,68,93,103,68,87,34,369,	0,5523,18149,25336,26731,41586,45896,49704,64909,	3452
chr9	96356701	96360153	1	 partial_novel	chr9	96318567	96383845	ENST00001090149.1	0	-	96321284	96383634	0	6	2774,79,68,87,34,369,	0,5523,41586,45896,49704,64909,	3452
chr9	96356701	96360153	1	 partial_novel	chr9	96318567	96383845	ENST00001090150.1	0	-	96321284	96383634	0	7	2774,79,68,93,87,34,369,	0,5523,18149,25336,45896,49704,64909,	3452
chr9	96356701	96360153	1	 partial_novel	chr9	96318567	96383845	ENST00001133463.1	0	-	96321241	96383634	0	12	2774,83,79,68,93,103,69,72,68,87,34,369,	0,3430,5523,18149,25336,26731,32535,33470,41586,45896,49704,64909,	3452
chr9	96356701	96360153	1	 partial_novel	chr9	96320702	96383683	ENST00001007160.1	0	-	96357502	96383634	0	13	639,83,79,68,93,103,69,72,141,68,87,34,207,	0,1295,3388,16014,23201,24596,30400,31335,36708,39451,43761,47569,62774,	3452
chr9	96356701	96360153	1	 partial_novel	chr9	96320705	96383724	ENST00001125060.1	0	-	96364534	96383634	0	11	636,83,79,68,93,103,69,72,68,87,248,	0,1292,3385,16011,23198,24593,30397,31332,39448,43758,62771,	3452
chr9	96356701	96360153	1	 partial_novel	chr9	96320706	96383656	ENST00001007163.1	0	-	96345395	96383634	0	11	635,83,79,68,93,103,69,72,87,34,180,	0,1291,3384,16010,23197,24592,30396,31331,43757,47565,62770,	3452
chr9	96356701	96360153	1	 partial_novel	chr9	96320706	96383683	ENST00001007161.1	0	-	96343989	96383634	0	9	635,83,79,68,93,68,87,34,207,	0,1291,3384,16010,23197,39447,43757,47565,62770,	3452
chr9	96356701	96360153	1	 partial_novel	chr9	96320707	96383721	ENST00001125061.1	0	-	96382103	96383634	0	13	634,83,79,68,93,103,69,72,68,87,34,121,245,	0,1290,3383,16009,23196,24591,30395,31330,39446,43756,47564,61297,62769,	3452
chr9	96356701	96360153	1	 partial_novel	chr9	96320707	96383731	ENST00001125059.1	0	-	96382150	96383634	0	13	634,83,79,68,93,103,69,72,68,87,34,165,255,	0,1290,3383,16009,23196,24591,30395,31330,39446,43756,47564,61297,62769,	3452
chr9	96356701	96360153	1	 partial_novel	chr9	96320708	96383701	ENST00001046082.1	0	-	96322049	96383634	0	11	633,83,68,93,103,69,72,68,87,34,225,	0,1289,16008,23195,24590,30394,31329,39445,43755,47563,62768,	3452
chr9	96356701	96360153	1	 partial_novel	chr9	96320708	96383711	ENST00001046080.1	0	-	96343989	96383634	0	11	633,83,79,68,93,69,72,68,87,34,235,	0,1289,3382,16008,23195,30394,31329,39445,43755,47563,62768,	3452
chr9	96356701	96360153	1	 partial_novel	chr9	96320709	96383671	ENST00001046083.1	0	-	96363273	96383634	0	13	632,83,79,68,93,103,69,72,68,170,87,34,195,	0,1288,3381,16007,23194,24589,30393,31328,39444,42508,43754,47562,62767,	3452
chr9	96356701	96360153	1	 partial_novel	chr9	96320709	96383711	ENST00000253270.13	0	-	96321241	96383634	0	12	632,83,79,68,93,103,69,72,68,87,34,235,	0,1288,3381,16007,23194,24589,30393,31328,39444,43754,47562,62767,	3452
chr9	96356701	96360153	1	 partial_novel	chr9	96320711	96383683	ENST00001007162.1	0	-	96322049	96383634	0	9	630,83,68,93,103,68,87,34,207,	0,1286,16005,23192,24587,39442,43752,47560,62765,	3452
chr9	96356701	96360153	1	 partial_novel	chr9	96320712	96383701	ENST00001125062.1	0	-	96382150	96383634	0	12	629,83,79,93,103,69,72,68,87,34,165,225,	0,1285,3378,23191,24586,30390,31325,39441,43751,47559,61292,62764,	3452
chr9	96356701	96360153	1	 partial_novel	chr9	96320787	96383647	ENST00001007165.1	0	-	96357502	96383634	0	13	554,83,79,68,93,103,62,72,141,68,87,34,171,	0,1210,3303,15929,23116,24511,30315,31250,36623,39366,43676,47484,62689,	3452
chr9	96356701	96360153	1	 partial_novel	chr9	96320997	96360192	ENST00000490599.2	0	-	96321284	96360192	0	8	344,79,68,93,103,69,72,39,	0,3093,15719,22906,24301,30105,31040,39156,	3452
chr9	111661715	111664536	48	 partial_novel	chr9	111661339	111670223	ENST00001120215.1	0	+	111661634	111669271	0	3	376,66,955,	0,5475,7929,	2821
chr9	111661715	111664536	48	 partial_novel	chr9	111661339	111670226	ENST00001134558.1	0	+	111661634	111666940	0	3	376,132,958,	0,5475,7929,	2821
chr9	111661715	111664536	48	 partial_novel	chr9	111661339	111670230	ENST00000856100.2	0	+	111661634	111666940	0	2	376,3416,	0,5475,	2821
chr9	111661715	111664536	48	 partial_novel	chr9	111661339	111670231	ENST00000936112.2	0	+	111661634	111666940	0	3	376,136,955,	0,5475,7937,	2821
chr9	111661715	111664536	48	 partial_novel	chr9	111661339	111670242	ENST00000936111.2	0	+	111661634	111666940	0	3	376,136,968,	0,5475,7935,	2821
chr9	111661715	111664536	48	 partial_novel	chr9	111661339	111670243	ENST00000856099.2	0	+	111661634	111666940	0	3	376,132,1342,	0,5475,7562,	2821
chr9	111661715	111664536	48	 partial_novel	chr9	111661339	111670246	ENST00000856098.2	0	+	111661634	111666940	0	3	376,136,978,	0,5475,7929,	2821
chr9	111661715	111664536	48	 partial_novel	chr9	111661339	111670246	ENST00000936110.2	0	+	111661634	111666940	0	3	376,123,975,	0,5484,7932,	2821
chr9	111661715	111664536	48	 partial_novel	chr9	111661339	111670454	ENST00000936109.2	0	+	111661634	111666940	0	3	376,123,1186,	0,5484,7929,	2821
chr9	111661715	111664536	48	 partial_novel	chr9	111661339	111670465	ENST00000936108.2	0	+	111661634	111666940	0	3	376,136,1194,	0,5475,7932,	2821
chr9	111661715	111664536	48	 partial_novel	chr9	111661339	111670473	ENST00000856097.2	0	+	111661634	111666940	0	3	376,132,1202,	0,5475,7932,	2821
chr9	111661715	111664536	48	 partial_novel	chr9	111661339	111672586	ENST00001093908.1	0	+	111661634	111669397	0	3	376,66,3315,	0,5475,7932,	2821
chr9	111661715	111664536	48	 partial_novel	chr9	111661407	111670224	ENST00001055154.1	0	+	111661634	111669287	0	3	451,132,956,	0,5407,7861,	2821
chr9	111661715	111664536	48	 partial_novel	chr9	111661407	111672586	ENST00001055156.1	0	+	111661634	111669287	0	3	451,132,3315,	0,5407,7864,	2821
chr9	111661715	111664536	48	 partial_novel	chr9	111661594	111672586	ENST00001055155.1	0	+	111661634	111669287	0	3	123,132,3315,	0,5220,7677,	2821
chr9	111661715	111664536	48	 partial_novel	chr9	111661604	111670226	ENST00000374293.5	0	+	111661634	111666940	0	3	111,132,958,	0,5210,7664,	2821
chr9	111661715	111664536	48	 partial_novel	chr9	111661614	111670226	ENST00001075310.1	0	+	111661634	111663338	0	4	101,56,132,958,	0,1679,5200,7654,	2821
chr9	111661715	111664536	48	 partial_novel	chr9	111631385	111670229	ENST00000374294.3	0	+	111631407	111666940	0	3	358,132,958,	0,35429,37886,	2821
chr9	111661715	111664536	48	 partial_novel	chr9	111661339	111741408	ENST00001093907.1	0	+	111661634	111666940	0	3	376,132,148,	0,5475,79921,	2821
chr9	111661715	111664536	48	 partial_novel	chr9	111661339	111756275	ENST00001093906.1	0	+	111661634	111666940	0	3	376,132,473,	0,5475,94463,	2821
chr9	111661715	111664536	48	 partial_novel	chr9	111661339	111764506	ENST00001093905.1	0	+	111661634	111666940	0	3	376,132,854,	0,5475,102313,	2821
chr9	111661715	111664536	48	 partial_novel	chr9	111661339	111800687	ENST00001093904.1	0	+	111661634	111666940	0	3	376,132,1075,	0,5475,138273,	2821
chr9	111664589	111666814	48	 partial_novel	chr9	111661339	111670223	ENST00001120215.1	0	+	111661634	111669271	0	3	376,66,955,	0,5475,7929,	2225
chr9	111664589	111666814	48	 partial_novel	chr9	111661339	111670226	ENST00001134558.1	0	+	111661634	111666940	0	3	376,132,958,	0,5475,7929,	2225
chr9	111664589	111666814	48	 partial_novel	chr9	111661339	111670230	ENST00000856100.2	0	+	111661634	111666940	0	2	376,3416,	0,5475,	2225
chr9	111664589	111666814	48	 partial_novel	chr9	111661339	111670231	ENST00000936112.2	0	+	111661634	111666940	0	3	376,136,955,	0,5475,7937,	2225
chr9	111664589	111666814	48	 partial_novel	chr9	111661339	111670242	ENST00000936111.2	0	+	111661634	111666940	0	3	376,136,968,	0,5475,7935,	2225
chr9	111664589	111666814	48	 partial_novel	chr9	111661339	111670243	ENST00000856099.2	0	+	111661634	111666940	0	3	376,132,1342,	0,5475,7562,	2225
chr9	111664589	111666814	48	 partial_novel	chr9	111661339	111670246	ENST00000856098.2	0	+	111661634	111666940	0	3	376,136,978,	0,5475,7929,	2225
chr9	111664589	111666814	48	 partial_novel	chr9	111661339	111670246	ENST00000936110.2	0	+	111661634	111666940	0	3	376,123,975,	0,5484,7932,	2225
chr9	111664589	111666814	48	 partial_novel	chr9	111661339	111670454	ENST00000936109.2	0	+	111661634	111666940	0	3	376,123,1186,	0,5484,7929,	2225
chr9	111664589	111666814	48	 partial_novel	chr9	111661339	111670465	ENST00000936108.2	0	+	111661634	111666940	0	3	376,136,1194,	0,5475,7932,	2225
chr9	111664589	111666814	48	 partial_novel	chr9	111661339	111670473	ENST00000856097.2	0	+	111661634	111666940	0	3	376,132,1202,	0,5475,7932,	2225
chr9	111664589	111666814	48	 partial_novel	chr9	111661339	111672586	ENST00001093908.1	0	+	111661634	111669397	0	3	376,66,3315,	0,5475,7932,	2225
chr9	111664589	111666814	48	 partial_novel	chr9	111661407	111670224	ENST00001055154.1	0	+	111661634	111669287	0	3	451,132,956,	0,5407,7861,	2225
chr9	111664589	111666814	48	 partial_novel	chr9	111661407	111672586	ENST00001055156.1	0	+	111661634	111669287	0	3	451,132,3315,	0,5407,7864,	2225
chr9	111664589	111666814	48	 partial_novel	chr9	111661594	111672586	ENST00001055155.1	0	+	111661634	111669287	0	3	123,132,3315,	0,5220,7677,	2225
chr9	111664589	111666814	48	 partial_novel	chr9	111661604	111670226	ENST00000374293.5	0	+	111661634	111666940	0	3	111,132,958,	0,5210,7664,	2225
chr9	111664589	111666814	48	 partial_novel	chr9	111661614	111670226	ENST00001075310.1	0	+	111661634	111663338	0	4	101,56,132,958,	0,1679,5200,7654,	2225
chr9	111664589	111666814	48	 partial_novel	chr9	111631385	111670229	ENST00000374294.3	0	+	111631407	111666940	0	3	358,132,958,	0,35429,37886,	2225
chr9	111664589	111666814	48	 partial_novel	chr9	111661339	111741408	ENST00001093907.1	0	+	111661634	111666940	0	3	376,132,148,	0,5475,79921,	2225
chr9	111664589	111666814	48	 partial_novel	chr9	111661339	111756275	ENST00001093906.1	0	+	111661634	111666940	0	3	376,132,473,	0,5475,94463,	2225
chr9	111664589	111666814	48	 partial_novel	chr9	111661339	111764506	ENST00001093905.1	0	+	111661634	111666940	0	3	376,132,854,	0,5475,102313,	2225
chr9	111664589	111666814	48	 partial_novel	chr9	111661339	111800687	ENST00001093904.1	0	+	111661634	111666940	0	3	376,132,1075,	0,5475,138273,	2225
chr9	120909470	120911335	1	 partial_novel	chr9	120902392	120914572	ENST00000546084.5	0	-	120905019	120913666	0	6	2846,149,178,411,66,65,	0,6837,8943,10935,11842,12115,	1865
chr9	120909470	120911335	1	 partial_novel	chr9	120902392	120926796	ENST00000373887.8	0	-	120905019	120926075	0	8	2846,149,178,411,66,88,366,247,	0,6837,8943,10935,11842,21312,23543,24157,	1865
chr9	120909470	120911335	1	 partial_novel	chr9	120902392	120926817	ENST00000963775.2	0	-	120905019	120926075	0	7	2846,149,178,411,66,88,882,	0,6837,8943,10935,11842,21312,23543,	1865
chr9	120909470	120911335	1	 partial_novel	chr9	120902392	120929084	ENST00000963773.2	0	-	120905019	120926075	0	9	2846,149,178,411,66,88,366,139,243,	0,6837,8943,10935,11842,21312,23543,24157,26449,	1865
chr9	120909470	120911335	1	 partial_novel	chr9	120902392	120929134	ENST00000871615.2	0	-	120905019	120926075	0	8	2846,149,178,411,66,88,327,2585,	0,6837,8943,10935,11842,21312,23543,24157,	1865
chr9	120909470	120911335	1	 partial_novel	chr9	120902392	120929134	ENST00001139749.1	0	-	120905019	120926075	0	8	2846,149,178,411,66,88,366,2585,	0,6837,8943,10935,11842,21312,23543,24157,	1865
chr9	120909470	120911335	1	 partial_novel	chr9	120902392	120929171	ENST00000963771.2	0	-	120905019	120926075	0	9	2846,149,178,411,66,88,366,139,723,	0,6837,8943,10935,11842,21312,23543,24157,26056,	1865
chr9	120909470	120911335	1	 partial_novel	chr9	120902392	120929171	ENST00000963772.2	0	-	120905019	120926075	0	9	2846,149,178,411,66,88,327,139,723,	0,6837,8943,10935,11842,21312,23543,24157,26056,	1865
chr9	120909470	120911335	1	 partial_novel	chr9	120902392	120929204	ENST00000540010.2	0	-	120905019	120926075	0	9	2846,149,178,411,66,88,366,139,91,	0,6837,8943,10935,11842,21312,23543,24157,26721,	1865
chr9	120909470	120911335	1	 partial_novel	chr9	120902392	120929204	ENST00000871617.2	0	-	120905019	120926075	0	9	2846,149,178,411,66,88,327,139,91,	0,6837,8943,10935,11842,21312,23543,24157,26721,	1865
chr9	120909470	120911335	1	 partial_novel	chr9	120902392	120929204	ENST00000913542.2	0	-	120905019	120926075	0	8	2846,149,178,411,66,88,753,91,	0,6837,8943,10935,11842,21312,23543,26721,	1865
chr9	120909470	120911335	1	 partial_novel	chr9	120902392	120929204	ENST00000963774.2	0	-	120905019	120926075	0	9	2846,149,178,330,66,88,366,139,91,	0,6837,8943,10935,11842,21312,23543,24157,26721,	1865
chr9	120909470	120911335	1	 partial_novel	chr9	120902392	120929638	ENST00000871616.2	0	-	120905019	120926075	0	9	2846,149,178,411,66,88,366,139,110,	0,6837,8943,10935,11842,21312,23543,24157,27136,	1865
chr9	120909470	120911335	1	 partial_novel	chr9	120902392	120931875	ENST00000963770.2	0	-	120905019	120926075	0	9	2846,149,178,411,66,88,366,139,113,	0,6837,8943,10935,11842,21312,23543,24157,29370,	1865
chr9	129994958	129995308	1	 partial_novel	chr9	129887178	130043243	ENST00000703558.2	0	-	129890538	130042975	0	17	3368,159,140,122,133,110,15,96,198,147,129,105,63,148,57,116,292,	0,8659,12786,13247,15690,21711,28787,36665,37781,40016,42388,70181,71312,91286,92139,107664,155773,	350
chr9	129994958	129995308	1	 partial_novel	chr9	129887178	130043243	ENST00000699492.2	0	-	129890538	130042975	0	18	3368,159,137,122,133,110,15,84,183,198,147,129,105,63,148,57,116,292,	0,8659,12786,13247,15690,21711,28787,31980,36665,37781,40016,42388,70181,71312,91286,92139,107664,155773,	350
chr9	129994958	129995308	1	 partial_novel	chr9	129887178	130043243	ENST00000907739.2	0	-	129890538	130042975	0	16	3368,159,137,122,133,110,183,198,147,129,105,63,148,57,116,292,	0,8659,12786,13247,15690,21711,36665,37781,40016,42388,70181,71312,91286,92139,107664,155773,	350
chr9	129994958	129995308	1	 partial_novel	chr9	129887178	130043243	ENST00000907740.2	0	-	129890538	130042975	0	16	3368,159,137,122,133,110,96,198,147,129,105,63,148,57,116,292,	0,8659,12786,13247,15690,21711,36665,37781,40016,42388,70181,71312,91286,92139,107664,155773,	350
chr9	129994958	129995308	1	 partial_novel	chr9	129887178	130043243	ENST00000907741.2	0	-	129890538	130042975	0	16	3368,159,137,122,133,110,153,198,147,129,105,63,148,57,116,292,	0,8659,12786,13247,15690,21711,36665,37781,40016,42388,70181,71312,91286,92139,107664,155773,	350
chr9	129994958	129995308	1	 partial_novel	chr9	129887178	130043243	ENST00000907742.2	0	-	129890538	130042975	0	16	3368,159,140,122,133,110,183,198,147,129,105,63,148,57,116,292,	0,8659,12786,13247,15690,21711,36665,37781,40016,42388,70181,71312,91286,92139,107664,155773,	350
chr9	129994958	129995308	1	 partial_novel	chr9	129887178	130043243	ENST00000907743.2	0	-	129890538	130042975	0	15	3368,159,140,122,133,110,198,147,129,105,63,148,57,116,292,	0,8659,12786,13247,15690,21711,37781,40016,42388,70181,71312,91286,92139,107664,155773,	350
chr9	129994958	129995308	1	 partial_novel	chr9	129887178	130043243	ENST00000918044.2	0	-	129890538	130042975	0	16	3368,159,140,122,133,110,153,198,147,129,105,63,148,57,116,292,	0,8659,12786,13247,15690,21711,36665,37781,40016,42388,70181,71312,91286,92139,107664,155773,	350
chr9	129994958	129995308	1	 partial_novel	chr9	129887178	130043243	ENST00000918045.2	0	-	129890538	130042975	0	15	3368,159,137,122,133,110,153,198,147,129,63,148,57,116,292,	0,8659,12786,13247,15690,21711,36665,37781,40016,42388,71312,91286,92139,107664,155773,	350
chr9	129994958	129995308	1	 partial_novel	chr9	129887178	130043243	ENST00000946014.2	0	-	129890538	130042975	0	17	3368,159,137,122,133,110,15,153,198,147,129,105,63,148,57,116,292,	0,8659,12786,13247,15690,21711,28787,36665,37781,40016,42388,70181,71312,91286,92139,107664,155773,	350
chr9	129994958	129995308	1	 partial_novel	chr9	129887178	130043243	ENST00000946015.2	0	-	129890538	130042975	0	17	3368,159,140,122,133,110,15,153,198,147,129,105,63,148,57,116,292,	0,8659,12786,13247,15690,21711,28787,36665,37781,40016,42388,70181,71312,91286,92139,107664,155773,	350
chr9	129994958	129995308	1	 partial_novel	chr9	129887178	130043243	ENST00000946016.2	0	-	129890538	130042975	0	17	3368,159,140,122,133,110,15,183,198,147,129,105,63,148,57,116,292,	0,8659,12786,13247,15690,21711,28787,36665,37781,40016,42388,70181,71312,91286,92139,107664,155773,	350
chr9	129994958	129995308	1	 partial_novel	chr9	129887178	130043243	ENST00000946017.2	0	-	129890538	130042975	0	16	3368,159,137,122,133,110,15,153,198,147,129,105,148,57,116,292,	0,8659,12786,13247,15690,21711,28787,36665,37781,40016,42388,70181,91286,92139,107664,155773,	350
chr9	129994958	129995308	1	 partial_novel	chr9	129887178	130043243	ENST00001006239.1	0	-	129890538	130042975	0	16	3368,159,137,122,133,110,15,198,147,129,105,63,148,57,116,292,	0,8659,12786,13247,15690,21711,28787,37781,40016,42388,70181,71312,91286,92139,107664,155773,	350
chr9	129994958	129995308	1	 partial_novel	chr9	129887178	130043243	ENST00001136383.1	0	-	129890538	130042975	0	17	3368,159,137,122,133,110,15,183,198,147,129,105,63,148,57,116,292,	0,8659,12786,13247,15690,21711,28787,36665,37781,40016,42388,70181,71312,91286,92139,107664,155773,	350
chr9	129994958	129995308	1	 partial_novel	chr9	129887186	130043189	ENST00000446176.7	0	-	129890538	130042975	0	17	3360,159,137,122,133,110,15,183,198,147,129,105,63,148,57,116,238,	0,8651,12778,13239,15682,21703,28779,36657,37773,40008,42380,70173,71304,91278,92131,107656,155765,	350
chr9	129994958	129995308	1	 partial_novel	chr9	129895039	130043243	ENST00001006240.1	0	-	129895817	130042975	0	15	957,140,122,133,110,183,198,147,129,105,63,148,57,116,292,	0,4925,5386,7829,13850,28804,29920,32155,34527,62320,63451,83425,84278,99803,147912,	350
chr9	129994958	129995308	1	 partial_novel	chr9	129895260	130043243	ENST00000703559.2	0	-	129895817	130042975	0	16	736,140,122,133,110,15,183,198,147,129,105,63,148,57,116,292,	0,4704,5165,7608,13629,20705,28583,29699,31934,34306,62099,63230,83204,84057,99582,147691,	350
chr9	129994958	129995308	1	 partial_novel	chr9	129895260	130043243	ENST00001046414.1	0	-	129895817	130042975	0	16	736,137,122,133,110,15,183,198,147,129,105,63,148,57,116,292,	0,4704,5165,7608,13629,20705,28583,29699,31934,34306,62099,63230,83204,84057,99582,147691,	350
chr9	129994958	129995308	1	 partial_novel	chr9	129895264	130043243	ENST00001006241.1	0	-	129895817	130042975	0	15	732,137,122,133,110,15,198,147,129,105,63,148,57,116,292,	0,4700,5161,7604,13625,20701,29695,31930,34302,62095,63226,83200,84053,99578,147687,	350
chr9	129994958	129995308	1	 partial_novel	chr9	129895266	130043243	ENST00001006242.1	0	-	129895817	130042975	0	16	730,137,122,133,110,15,153,198,147,129,105,63,148,57,116,292,	0,4698,5159,7602,13623,20699,28577,29693,31928,34300,62093,63224,83198,84051,99576,147685,	350
chr9	129994958	129995308	1	 partial_novel	chr9	129895266	130043243	ENST00001046415.1	0	-	129895817	130042975	0	15	730,140,122,133,110,15,198,147,129,105,63,148,57,116,292,	0,4698,5159,7602,13623,20699,29693,31928,34300,62093,63224,83198,84051,99576,147685,	350
chr9	129994958	129995308	1	 partial_novel	chr9	129895267	130043243	ENST00000449089.8	0	-	129895817	130042975	0	15	729,137,122,133,110,153,198,147,129,105,63,148,57,116,292,	0,4697,5158,7601,13622,28576,29692,31927,34299,62092,63223,83197,84050,99575,147684,	350
chr9	129994958	129995308	1	 partial_novel	chr9	129895268	130043243	ENST00001006243.1	0	-	129895817	130042975	0	17	728,137,122,133,110,15,84,183,198,147,129,105,63,148,57,116,292,	0,4696,5157,7600,13621,20697,23890,28575,29691,31926,34298,62091,63222,83196,84049,99574,147683,	350
chr9	129994958	129995308	1	 partial_novel	chr9	129895273	130043243	ENST00001046416.1	0	-	129895817	130042975	0	15	723,140,122,133,110,153,198,147,129,105,63,148,57,116,292,	0,4691,5152,7595,13616,28570,29686,31921,34293,62086,63217,83191,84044,99569,147678,	350
chr9	129994958	129995308	1	 partial_novel	chr9	129895280	130043243	ENST00000703532.2	0	-	129895817	130042975	0	15	716,137,122,133,110,183,198,147,129,105,63,148,57,116,292,	0,4684,5145,7588,13609,28563,29679,31914,34286,62079,63210,83184,84037,99562,147671,	350
chr9	129994958	129995308	1	 partial_novel	chr9	129895301	130043243	ENST00000703533.2	0	-	129895817	130042975	0	14	695,140,122,133,110,198,147,129,105,63,148,57,116,292,	0,4663,5124,7567,13588,29658,31893,34265,62058,63189,83163,84016,99541,147650,	350
chr9	129994958	129995308	1	 partial_novel	chr9	129895514	130043243	ENST00001046417.1	0	-	129895817	130042975	0	16	482,140,122,133,110,15,153,198,147,129,105,63,148,57,116,292,	0,4450,4911,7354,13375,20451,28329,29445,31680,34052,61845,62976,82950,83803,99328,147437,	350
chr9	129994958	129995308	1	 partial_novel	chr9	129895799	130043243	ENST00001110753.1	0	-	129895817	130042975	0	15	197,137,122,133,110,96,198,147,129,105,63,148,57,116,292,	0,4165,4626,7069,13090,28044,29160,31395,33767,61560,62691,82665,83518,99043,147152,	350
chr9	129994958	129995308	1	 partial_novel	chr9	129895799	130043243	ENST00001110755.1	0	-	129895817	130042975	0	16	197,137,122,133,110,15,84,198,147,129,105,63,148,57,116,292,	0,4165,4626,7069,13090,20166,23359,29160,31395,33767,61560,62691,82665,83518,99043,147152,	350
chr9	129994958	129995308	1	 partial_novel	chr9	129895799	130043243	ENST00001113670.1	0	-	129895817	130042975	0	15	197,137,122,133,110,84,198,147,129,105,63,148,57,116,292,	0,4165,4626,7069,13090,23359,29160,31395,33767,61560,62691,82665,83518,99043,147152,	350
chr9	129994958	129995308	1	 partial_novel	chr9	129895811	130043162	ENST00001006247.1	0	-	129908920	130042975	0	16	185,140,122,133,110,95,183,198,147,129,105,63,148,57,116,211,	0,4153,4614,7057,13078,13593,28032,29148,31383,33755,61548,62679,82653,83506,99031,147140,	350
chr9	129994958	129995308	1	 partial_novel	chr9	129895811	130043243	ENST00000355681.4	0	-	129895817	130042975	0	16	185,137,122,133,110,15,96,198,147,129,105,63,148,57,116,292,	0,4153,4614,7057,13078,20154,28032,29148,31383,33755,61548,62679,82653,83506,99031,147140,	350
chr9	129994958	129995308	1	 partial_novel	chr9	129895811	130043243	ENST00001006244.1	0	-	129895817	130042975	0	16	185,137,122,133,110,84,183,198,147,129,105,63,148,57,116,292,	0,4153,4614,7057,13078,23347,28032,29148,31383,33755,61548,62679,82653,83506,99031,147140,	350
chr9	129994958	129995308	1	 partial_novel	chr9	129895811	130043243	ENST00001006245.1	0	-	129895817	130042975	0	16	185,137,122,133,110,84,153,198,147,129,105,63,148,57,116,292,	0,4153,4614,7057,13078,23347,28032,29148,31383,33755,61548,62679,82653,83506,99031,147140,	350
chr9	129994958	129995308	1	 partial_novel	chr9	129895811	130043243	ENST00001006246.1	0	-	129895817	130042975	0	17	185,140,122,133,110,15,84,183,198,147,129,105,63,148,57,116,292,	0,4153,4614,7057,13078,20154,23347,28032,29148,31383,33755,61548,62679,82653,83506,99031,147140,	350
chr9	129994958	129995308	1	 partial_novel	chr9	129895811	130043243	ENST00001006248.1	0	-	129895817	130042975	0	11	185,137,122,133,110,105,63,148,57,116,292,	0,4153,4614,7057,13078,61548,62679,82653,83506,99031,147140,	350
chr9	129994958	129995308	1	 partial_novel	chr9	129895813	130043214	ENST00001110754.1	0	-	129920031	130042975	0	16	183,137,122,133,110,84,172,198,147,129,105,63,148,57,116,263,	0,4151,4612,7055,13076,23345,24058,29146,31381,33753,61546,62677,82651,83504,99029,147138,	350
chr9	129994958	129995308	1	 partial_novel	chr9	129895837	130043172	ENST00000703560.1	0	-	129895837	130042975	0	17	159,137,122,133,110,15,84,96,198,147,129,105,63,148,57,116,221,	0,4127,4588,7031,13052,20128,23321,28006,29122,31357,33729,61522,62653,82627,83480,99005,147114,	350
chr9	129994958	129995308	1	 partial_novel	chr9	129922894	130043243	ENST00001113671.1	0	-	129923759	130042975	0	10	1132,198,147,129,105,63,148,57,116,292,	0,2065,4300,6672,34465,35596,55570,56423,71948,120057,	350
chr9	129994958	129995308	1	 partial_novel	chr9	129979152	130043243	ENST00001129866.1	0	-	129979301	130042975	0	3	222,116,292,	0,15690,63799,	350
chr9	131636082	131638634	1	 partial_novel	chr9	131626159	131643391	ENST00000481260.1	0	-	131643391	131643391	0	6	263,184,124,153,157,153,	0,1753,2389,2942,12475,17079,	2552
chr9	131636082	131638634	1	 partial_novel	chr9	131576757	131709842	ENST00000372190.9	0	-	131579496	131709683	0	24	2890,129,98,102,79,95,85,186,93,85,76,112,89,203,501,184,124,153,89,157,179,114,140,223,	0,3505,5847,7553,7760,10978,11184,12043,13128,15341,19540,21441,25303,45038,49164,51155,51791,52344,53478,61877,66481,73371,74052,132862,	2552
chr9	131636082	131638634	1	 partial_novel	chr9	131576757	131737538	ENST00000372189.8	0	-	131579496	131737414	0	24	2890,129,98,102,79,95,85,186,93,85,76,112,89,203,501,184,124,153,89,157,179,114,140,134,	0,3505,5847,7553,7760,10978,11184,12043,13128,15341,19540,21441,25303,45038,49164,51155,51791,52344,53478,61877,66481,73371,74052,160647,	2552
chr9	131636082	131638634	1	 partial_novel	chr9	131576757	131740134	ENST00000372195.6	0	-	131579496	131739830	0	24	2890,129,98,102,79,95,85,186,93,85,76,112,89,203,501,184,124,153,89,157,179,114,140,365,	0,3505,5847,7553,7760,10978,11184,12043,13128,15341,19540,21441,25303,45038,49164,51155,51791,52344,53478,61877,66481,73371,74052,163012,	2552
chr9	131636082	131638634	1	 partial_novel	chr9	131576757	131740134	ENST00000914829.2	0	-	131579496	131739830	0	24	2890,129,98,102,79,95,85,138,93,85,76,112,89,203,501,184,124,153,89,157,179,114,140,365,	0,3505,5847,7553,7760,10978,11184,12091,13128,15341,19540,21441,25303,45038,49164,51155,51791,52344,53478,61877,66481,73371,74052,163012,	2552
chr9	131636082	131638634	1	 partial_novel	chr9	131576757	131740134	ENST00000914830.2	0	-	131579496	131739830	0	24	2890,129,98,102,79,95,85,186,93,85,76,112,89,203,501,184,124,153,89,157,179,138,140,365,	0,3505,5847,7553,7760,10978,11184,12043,13128,15341,19540,21441,25303,45038,49164,51155,51791,52344,53478,61877,66481,73371,74052,163012,	2552
chr9	131636082	131638634	1	 partial_novel	chr9	131576757	131740134	ENST00000914831.2	0	-	131579496	131739830	0	25	2890,129,98,102,79,95,85,186,93,85,76,112,89,258,203,501,184,124,153,89,157,179,114,140,365,	0,3505,5847,7553,7760,10978,11184,12043,13128,15341,19540,21441,25303,28173,45038,49164,51155,51791,52344,53478,61877,66481,73371,74052,163012,	2552
chr9	131636082	131638634	1	 partial_novel	chr9	131576757	131740134	ENST00000914832.2	0	-	131579496	131739830	0	25	2890,129,98,102,79,95,85,186,93,85,76,112,89,159,203,501,184,124,153,89,157,179,114,140,365,	0,3505,5847,7553,7760,10978,11184,12043,13128,15341,19540,21441,25303,42293,45038,49164,51155,51791,52344,53478,61877,66481,73371,74052,163012,	2552
chr9	131636082	131638634	1	 partial_novel	chr9	131576757	131740134	ENST00000914833.2	0	-	131579496	131739830	0	21	2890,129,98,102,79,95,85,186,93,85,76,112,89,203,501,184,124,153,179,140,365,	0,3505,5847,7553,7760,10978,11184,12043,13128,15341,19540,21441,25303,45038,49164,51155,51791,52344,66481,74052,163012,	2552
chr9	131636082	131638634	1	 partial_novel	chr9	131576757	131740134	ENST00000914834.2	0	-	131579496	131739830	0	24	2890,129,98,102,79,95,85,186,93,85,76,112,89,203,501,184,124,153,89,157,179,111,140,365,	0,3505,5847,7553,7760,10978,11184,12043,13128,15341,19540,21441,25303,45038,49164,51155,51791,52344,53478,61877,66481,73371,74052,163012,	2552
chr9	131636082	131638634	1	 partial_novel	chr9	131576757	131740134	ENST00000914835.2	0	-	131579496	131739830	0	24	2890,129,98,102,79,95,85,186,93,85,76,112,89,113,501,184,124,153,89,157,179,114,140,365,	0,3505,5847,7553,7760,10978,11184,12043,13128,15341,19540,21441,25303,45128,49164,51155,51791,52344,53478,61877,66481,73371,74052,163012,	2552
chr9	131636082	131638634	1	 partial_novel	chr9	131576757	131740134	ENST00000958090.2	0	-	131579496	131739830	0	26	2890,129,98,102,79,95,85,186,93,85,76,112,89,258,159,203,501,184,124,153,89,157,179,114,140,365,	0,3505,5847,7553,7760,10978,11184,12043,13128,15341,19540,21441,25303,28173,42293,45038,49164,51155,51791,52344,53478,61877,66481,73371,74052,163012,	2552
chr9	131636082	131638634	1	 partial_novel	chr9	131576757	131740134	ENST00000958091.2	0	-	131579496	131739830	0	27	2890,129,98,102,79,95,85,186,93,85,76,112,89,93,258,159,203,501,184,124,153,89,157,179,114,140,365,	0,3505,5847,7553,7760,10978,11184,12043,13128,15341,19540,21441,25303,27203,28173,42293,45038,49164,51155,51791,52344,53478,61877,66481,73371,74052,163012,	2552
chr9	131636082	131638634	1	 partial_novel	chr9	131576757	131740134	ENST00000958092.2	0	-	131579496	131739830	0	26	2890,129,98,102,79,95,85,186,93,85,76,112,89,258,156,203,501,184,124,153,89,157,179,114,140,365,	0,3505,5847,7553,7760,10978,11184,12043,13128,15341,19540,21441,25303,28173,42293,45038,49164,51155,51791,52344,53478,61877,66481,73371,74052,163012,	2552
chr9	131636082	131638634	1	 partial_novel	chr9	131576757	131740134	ENST00001139246.1	0	-	131579496	131739830	0	27	2890,129,98,102,79,95,85,186,93,85,76,112,89,93,258,156,203,501,184,124,153,89,157,179,114,140,365,	0,3505,5847,7553,7760,10978,11184,12043,13128,15341,19540,21441,25303,27203,28173,42293,45038,49164,51155,51791,52344,53478,61877,66481,73371,74052,163012,	2552
chr9	131636082	131638634	1	 partial_novel	chr9	131576769	131740091	ENST00001081285.1	0	-	131591980	131739830	0	24	2878,129,98,102,79,95,85,186,257,1723,76,112,89,203,501,184,124,153,89,157,179,114,140,322,	0,3493,5835,7541,7748,10966,11172,12031,13116,13691,19528,21429,25291,45026,49152,51143,51779,52332,53466,61865,66469,73359,74040,163000,	2552
chr9	131636082	131638634	1	 partial_novel	chr9	131576774	131740076	ENST00000683357.1	0	-	131579496	131739830	0	27	2873,129,98,102,79,95,85,186,93,85,76,112,89,93,258,156,203,501,184,124,153,89,157,179,114,140,307,	0,3488,5830,7536,7743,10961,11167,12026,13111,15324,19523,21424,25286,27186,28156,42276,45021,49147,51138,51774,52327,53461,61860,66464,73354,74035,162995,	2552
chr9	136461274	136462993	1	 partial_novel	chr9	136462942	136466046	ENST00000472305.1	0	-	136466046	136466046	0	4	190,155,107,85,	0,643,1477,3019,	51
chr9	136461274	136462993	1	 partial_novel	chr9	136440095	136483073	ENST00000892822.2	0	-	136441754	136477615	0	30	1728,78,75,161,138,112,57,78,153,83,219,193,114,141,106,112,118,82,98,246,139,62,143,175,199,127,98,137,3636,136,	0,3727,5549,6759,7131,7473,7757,7988,11160,13332,14013,15505,15957,17348,19038,19348,19661,19946,21081,22791,23367,23583,24324,25866,26168,26861,28319,31879,33953,42842,	1719
chr9	136461274	136462993	1	 partial_novel	chr9	136440095	136483073	ENST00000926659.2	0	-	136441754	136477615	0	31	1728,78,60,75,161,138,112,57,78,153,83,219,193,114,141,106,112,118,82,98,246,139,62,143,175,199,127,98,137,3636,136,	0,3727,4956,5549,6759,7131,7473,7757,7988,11160,13332,14013,15505,15957,17348,19038,19348,19661,19946,21081,22791,23367,23583,24324,25866,26168,26861,28319,31879,33953,42842,	1719
chr9	136461274	136462993	1	 partial_novel	chr9	136440095	136483073	ENST00000926662.2	0	-	136441754	136477615	0	31	1728,78,60,75,152,138,112,57,78,153,83,219,193,114,141,106,112,118,82,98,246,139,62,143,175,199,127,98,137,3636,136,	0,3727,4956,5549,6759,7131,7473,7757,7988,11160,13332,14013,15505,15957,17348,19038,19348,19661,19946,21081,22791,23367,23583,24324,25866,26168,26861,28319,31879,33953,42842,	1719
chr9	136461274	136462993	1	 partial_novel	chr9	136440096	136477689	ENST00000313050.11	0	-	136441754	136477615	0	30	1727,78,60,75,95,138,112,57,78,153,83,219,193,114,141,106,112,118,82,98,246,139,62,143,175,199,127,98,137,3641,	0,3726,4955,5548,6758,7130,7472,7756,7987,11159,13331,14012,15504,15956,17347,19037,19347,19660,19945,21080,22790,23366,23582,24323,25865,26167,26860,28318,31878,33952,	1719
chr9	136461274	136462993	1	 partial_novel	chr9	136440096	136483815	ENST00000290037.11	0	-	136441754	136477615	0	29	1727,78,161,138,112,57,78,153,83,219,193,114,141,106,112,118,82,98,246,139,62,143,175,199,127,98,137,3636,306,	0,3726,6758,7130,7472,7756,7987,11159,13331,14012,15504,15956,17347,19037,19347,19660,19945,21080,22790,23366,23582,24323,25865,26167,26860,28318,31878,33952,43413,	1719
chr9	136461274	136462993	1	 partial_novel	chr9	136440100	136462961	ENST00000277537.10	0	-	136441754	136462961	0	21	1723,78,60,75,95,138,112,57,78,153,83,219,193,114,141,106,112,118,82,98,75,	0,3722,4951,5544,6754,7126,7468,7752,7983,11155,13327,14008,15500,15952,17343,19033,19343,19656,19941,21076,22786,	1687
chr9	136461274	136462993	1	 partial_novel	chr9	136440100	136467051	ENST00000453963.5	0	-	136441754	136467051	0	26	1723,78,75,95,138,112,57,78,153,83,219,193,114,141,106,112,118,82,98,246,139,62,143,175,199,95,	0,3722,5544,6754,7126,7468,7752,7983,11155,13327,14008,15500,15952,17343,19033,19343,19656,19941,21076,22786,23362,23578,24319,25861,26163,26856,	1719
chr9	136461274	136462993	1	 partial_novel	chr9	136440100	136477115	ENST00000371706.8	0	-	136441754	136477115	0	28	1723,78,95,138,112,57,78,153,83,219,193,114,141,106,112,118,82,98,246,139,62,143,175,199,127,98,137,3067,	0,3722,6754,7126,7468,7752,7983,11155,13327,14008,15500,15952,17343,19033,19343,19656,19941,21076,22786,23362,23578,24319,25861,26163,26856,28314,31874,33948,	1719
chr9	136461274	136462993	1	 partial_novel	chr9	136440101	136483073	ENST00000926663.2	0	-	136441754	136477615	0	26	1722,78,161,138,112,57,78,153,83,219,193,114,141,106,112,118,82,98,143,175,199,127,98,137,3636,136,	0,3721,6753,7125,7467,7751,7982,11154,13326,14007,15499,15951,17342,19032,19342,19655,19940,21075,24318,25860,26162,26855,28313,31873,33947,42836,	1719
chr9	136461274	136462993	1	 partial_novel	chr9	136440104	136483040	ENST00000684901.1	0	-	136441754	136477615	0	32	1719,78,60,75,95,138,112,57,78,153,83,219,193,114,141,106,112,118,82,98,246,139,62,143,175,199,127,98,137,3636,122,103,	0,3718,4947,5540,6750,7122,7464,7748,7979,11151,13323,14004,15496,15948,17339,19029,19339,19652,19937,21072,22782,23358,23574,24315,25857,26159,26852,28310,31870,33944,38604,42833,	1719
chr9	136461274	136462993	1	 partial_novel	chr9	136440104	136483073	ENST00000926660.2	0	-	136441754	136477615	0	31	1719,78,60,75,161,138,112,57,78,153,83,219,193,114,141,106,112,118,82,98,246,139,62,143,175,121,127,98,137,3636,136,	0,3718,4947,5540,6750,7122,7464,7748,7979,11151,13323,14004,15496,15948,17339,19029,19339,19652,19937,21072,22782,23358,23574,24315,25857,26159,26852,28310,31870,33944,42833,	1719
chr9	136461274	136462993	1	 partial_novel	chr9	136440104	136483073	ENST00000926661.2	0	-	136441754	136477615	0	27	1719,78,75,95,138,112,57,78,153,83,219,193,114,141,106,112,118,82,98,143,175,199,127,98,137,3636,136,	0,3718,5540,6750,7122,7464,7748,7979,11151,13323,14004,15496,15948,17339,19029,19339,19652,19937,21072,24315,25857,26159,26852,28310,31870,33944,42833,	1719
chr9	136461274	136462993	1	 partial_novel	chr9	136440104	136483073	ENST00001087709.1	0	-	136440300	136477615	0	30	253,78,75,161,138,112,57,78,153,83,219,193,114,141,106,112,118,82,98,246,139,62,143,175,199,127,98,137,3636,136,	0,3718,5540,6750,7122,7464,7748,7979,11151,13323,14004,15496,15948,17339,19029,19339,19652,19937,21072,22782,23358,23574,24315,25857,26159,26852,28310,31870,33944,42833,	1719
chr9	136461274	136462993	1	 partial_novel	chr9	136440104	136483073	ENST00001136621.1	0	-	136441754	136477615	0	32	1719,78,60,75,95,138,112,57,78,153,83,219,193,114,141,106,112,118,82,98,246,139,62,143,175,199,127,98,137,3636,122,136,	0,3718,4947,5540,6750,7122,7464,7748,7979,11151,13323,14004,15496,15948,17339,19029,19339,19652,19937,21072,22782,23358,23574,24315,25857,26159,26852,28310,31870,33944,38604,42833,	1719
chr9	136461274	136462993	1	 partial_novel	chr9	136440104	136483843	ENST00000926658.1	0	-	136441754	136477615	0	30	1719,78,75,161,138,112,57,78,153,83,219,193,114,141,106,112,118,82,98,246,139,62,143,175,199,127,98,137,3636,145,	0,3718,5540,6750,7122,7464,7748,7979,11151,13323,14004,15496,15948,17339,19029,19339,19652,19937,21072,22782,23358,23574,24315,25857,26159,26852,28310,31870,33944,43594,	1719
chr9	136461274	136462993	1	 partial_novel	chr9	136441678	136483073	ENST00000690691.2	0	-	136441754	136477615	0	31	145,78,75,95,138,112,57,78,153,83,219,193,114,141,106,112,118,82,98,246,139,62,143,175,199,127,98,137,438,2487,136,	0,2144,3966,5176,5548,5890,6174,6405,9577,11749,12430,13922,14374,15765,17455,17765,18078,18363,19498,21208,21784,22000,22741,24283,24585,25278,26736,30296,32370,33519,41259,	1719
chr9	136461274	136462993	1	 partial_novel	chr9	136441754	136477081	ENST00000431893.3	0	-	136441754	136477081	0	29	69,78,60,95,138,112,57,78,153,83,219,193,114,141,106,112,118,82,98,246,139,62,143,175,199,127,98,137,3033,	0,2068,3297,5100,5472,5814,6098,6329,9501,11673,12354,13846,14298,15689,17379,17689,18002,18287,19422,21132,21708,21924,22665,24207,24509,25202,26660,30220,32294,	1719
