index	n_cells-0	n_counts-1	means-1	dispersions-1	dispersions_norm-1	highly_variable-1	highly_variable	means	dispersions	dispersions_norm
TNFRSF1B	379	1449.6646	0.70105714	1.5734763	0.9237927	True	True	1.820088763016268	8.809447868414887	0.9499584
MARCKSL1	493	1938.9277	0.8581294	1.6759479	1.2113675	True	True	1.0066179609104902	5.8796419386842596	0.5662068
SMAP2	434	1028.7045	0.5428391	1.292978	-0.21652035	False	True	1.3047954498784902	7.538011542711517	1.182271
SCP2	735	2500.6467	1.0124665	1.270636	-0.38550422	False	True	0.8045469096709775	5.3757343717800365	1.5913669
C1orf162	1034	6030.4453	1.6536388	1.7653878	0.2341166	False	True	0.6122058823235328	2.744237363790479	0.5849759
PTPN7	252	538.6131	0.32022977	1.2665317	-0.1979142	False	True	2.565878598969507	9.55851817608969	0.51213104
COA6	234	622.00525	0.36178023	1.1823214	-0.65261865	False	True	1.9798189954444678	8.738301500452112	0.6506111
MAL	355	622.9477	0.36223993	1.5285761	1.2170291	True	True	1.4229323269517393	7.568370511244375	0.6648612
PPIG	457	1602.0422	0.7526723	1.2928348	-0.21710287	False	True	1.18054166013705	6.876920362052472	0.61456627
UQCRC1	499	2213.7583	0.9366173	1.1460615	-0.8763098	False	True	1.2009050852716907	6.743800445724068	0.500251
GNAI2	618	2236.2505	0.9427761	1.30877	-0.23526174	False	True	0.8428136791981186	4.542083663268917	0.7053423
ARL6IP5	1222	4693.6333	1.456092	1.4780449	-0.176647	False	True	0.6136803552805316	3.4239267515460226	1.5607265
BBX	386	985.233	0.5249786	1.337145	0.1833714	False	True	1.277572641601253	7.077243443449081	0.7865915
CD47	669	2019.8915	0.88189816	1.4062986	0.14898753	False	True	0.8579829114168944	5.507503504972676	1.7314143
TIGIT	189	393.3444	0.24345134	2.1693523	4.9665103	True	True	2.56400223654945	9.650291571277114	0.5969321
RAB7A	840	3072.1587	1.1483164	1.2760776	-0.4673998	False	True	0.7018429033001354	4.494276509775946	0.65453166
SIAH2	326	878.0571	0.47953096	1.2245265	-0.4247267	False	True	2.009648356906811	9.110129646571249	1.0304605
GPR171	135	139.21802	0.093089476	1.2976997	0.23080127	False	True	2.642838085448592	9.559672957617726	0.6523128
MED28	458	900.5595	0.489246	1.23339	-0.37686732	False	True	1.0662032359398492	6.275058459393482	0.97004306
SMIM14	275	1023.40717	0.5406798	1.8145171	1.903699	True	True	1.8430400359677082	8.50359897978561	0.6568184
IGFBP7	228	1462.501	0.70550925	1.9666255	2.5220668	True	True	2.5673663599698067	9.641156640833685	0.5884912
SNHG8	678	1896.3853	0.84540945	1.3708388	0.009280634	False	True	0.7616732781395135	4.440028492998842	0.59687555
H2AFY	798	4746.726	1.4647276	1.5238638	-0.08253251	False	True	0.8333367558309319	4.934433567333176	1.1223415
NDUFA2	695	2867.5972	1.101783	1.2439435	-0.55449647	False	True	0.9919459421052365	6.7408373796573775	1.44574
ATP6V0E1	1515	5912.5474	1.6377032	1.3447876	-0.46283773	False	True	0.5435079144253289	2.8178179767476976	0.69060695
LMAN2	698	3298.228	1.1973417	1.426922	-0.058550302	False	True	0.8377014782400499	4.762450249831025	0.9395534
DYNLT1	515	966.5471	0.51720214	1.2874181	-0.08513523	False	True	1.0093190579610223	5.965836606779397	0.65423685
CCT6A	443	1808.3689	0.81856835	1.2212903	-0.579919	False	True	1.076316875723829	6.375767247592179	1.0728964
MRPS33	268	1037.0142	0.54621726	1.4382942	0.3742351	True	True	2.442929540484927	9.772104167560824	0.70949024
ZYX	403	1669.8091	0.77479786	1.3804896	0.1392414	False	True	1.363980086742954	7.598670147234028	0.70150536
GIMAP7	1444	6923.144	1.766705	2.0449758	0.69740707	True	True	0.5355935442805303	3.1393474722245607	1.1521893
PQBP1	430	1744.7242	0.798701	1.2182258	-0.5919927	False	True	1.9963471274291473	8.912530889603776	0.82859904
ITM2A	340	1187.4689	0.6054865	1.7994107	1.8422866	True	True	1.51823617522895	8.088226692172725	1.2935714
TCEAL8	341	884.6244	0.4823761	1.1817816	-0.65553325	False	True	2.382737120838228	9.836308278324164	0.81208867
MPP1	175	531.5916	0.31665134	1.3596625	0.30495793	True	True	2.899681580093942	8.729063470312216	0.70710677
PHPT1	440	2041.7037	0.88820624	1.320584	-0.18871579	False	True	1.0813016181475916	6.223682983526351	0.91757363
C9orf142	654	2327.4595	0.9673697	1.5782065	0.82628036	True	True	0.7920552818908463	4.6607735404759945	0.83148885
CAT	378	2304.106	0.9611305	1.358531	-0.03921021	False	True	1.4207930124291348	7.722411003893285	0.8511566
CD82	188	659.2666	0.37980196	1.5000924	1.0632274	True	True	2.4947324829278834	9.714674600726912	0.65642375
MTCH2	223	1175.1503	0.6007638	1.0843083	-1.0648282	False	True	2.5038081951299187	9.70852018095529	0.6507369
OTUB1	437	1978.5756	0.8698393	1.1969967	-0.67563254	False	True	1.2050169550470713	6.891618904065096	0.62718844
MRPL21	434	1196.9874	0.6091206	1.264673	-0.33158922	False	True	1.277518516915476	7.382746403827599	1.0489388
KLRB1	152	373.40613	0.23243791	1.659024	2.1938848	True	True	2.6331666618179432	9.57368303642158	0.672847
TMBIM6	1382	5769.3647	1.6180019	1.6738782	0.08248091	False	True	0.5306189601642569	2.755295687093672	0.600851
WIBG	226	970.44836	0.51883054	1.291631	-0.062387355	False	True	2.4657755809498827	9.746056345534294	0.68542135
TMBIM4-1	782	2414.7302	0.9903482	1.3161566	-0.20615925	False	True	0.8238460030061137	5.802854024405272	2.0453203
OAS1	526	2097.4856	0.90416	1.8291639	1.8150169	True	True	0.9603530495748605	5.83167952950865	0.5172231
ARF6	944	3206.47	1.177732	1.3111099	-0.3724481	False	True	0.6418458896387561	3.5560672832961586	1.7504252
AHSA1	321	1093.5421	0.5688995	1.2419851	-0.42382267	False	True	1.7846590832837297	8.342568269185964	0.50247896
ZNF106	205	593.5155	0.34777832	1.2417988	-0.331463	False	True	2.5371726384093476	9.673259735619709	0.6181553
IL16	463	1521.4624	0.7257097	1.3120329	-0.13905627	False	True	1.0754475254191485	6.596699304201803	1.2985327
POLR3K	293	794.30774	0.44252154	1.3355315	0.1746591	False	True	1.9864534806298653	8.987943142120203	0.90563816
STUB1	629	2005.4369	0.8776957	1.1761236	-0.7578695	False	True	0.8605903931623915	4.687280303450463	0.85966086
GABARAPL2	978	3715.277	1.2819221	1.2685205	-0.60702115	False	True	0.6271770972844544	3.4867930988468014	1.6509764
C16orf74	128	706.5075	0.40219295	1.4444677	0.76287436	True	True	2.696515590058609	9.512124274777124	0.5826221
PSMB6	749	4460.179	1.4172028	1.2150092	-0.7169361	False	True	0.8613674328907162	5.499261987372583	1.722655
IFT20	310	1172.7423	0.5998382	1.182192	-0.6669004	False	True	1.570061351254402	7.974135553925568	1.1543416
DNAJC7	424	1379.9922	0.67653906	1.186555	-0.6491632	False	True	1.422134042329653	7.971338127188021	1.1522073
C20orf27	347	2955.5454	1.122056	1.4161593	-0.08772157	False	True	1.7754424657591688	8.644004263824815	0.7913894
PCNA	162	1170.1234	0.5988302	2.027474	2.769435	True	True	2.586519642653486	9.619429582427554	0.5684148
RBM39	954	2282.5657	0.95534027	1.2267323	-0.55847865	False	True	0.6498177604268612	3.7429983453757107	2.0187802
PSMA7	1511	10134.817	2.0921342	1.3200289	-0.8458785	False	True	0.5296127006485633	2.732562989305029	0.5682163
RGS19	724	4502.867	1.4244274	1.5700834	0.012404962	False	True	0.7658809749147697	4.679076282306953	0.8509414
ILF3-AS1	437	1043.4104	0.5488101	1.5212054	0.71129525	True	True	1.136510237019174	6.805389612121903	0.55314
FPR1	289	468.84756	0.28409165	1.5086912	1.1096578	True	True	2.010466141005346	8.636390985840466	0.5465022
MRPL40	327	1420.8376	0.6909858	1.4355861	0.3632259	True	True	1.449379659872815	7.492694917707637	0.5733397
EIF3D	1075	4047.9941	1.3446168	1.1965936	-0.75476265	False	True	0.6201509561231751	3.631201455406156	1.8582866
ATP5O	1191	6403.903	1.7025044	1.2468609	-0.62510693	False	True	0.5848696515906767	2.8536305563099447	0.74201894
SUMO3	570	2008.513	0.878592	1.4128406	0.17476195	False	True	1.1811802604117858	7.187891668660591	0.8816094
PRMT2	588	2062.4438	0.89416784	1.273153	-0.37558764	False	True	0.8256448975734674	4.716530600133005	0.8907488
