sample	PCA_cluster	panel_genes_present	disease_marker_panel_mean_log2TPM1	S100A8	S100A9	S100A12	SERPINB3	SERPINB4	SPRR2A	SPRR2B	S100A7	DEFB4A	IL36A	IL20	LCE3A
Sample_1	PC2_positive	12	9.514035	13.428108	13.866007	5.837651	11.194121	11.707093	10.577324	8.731208	12.387317	10.152400	6.600170	3.442405	6.244618
Sample_2	PC2_negative	12	1.131776	2.848964	3.058832	0.000000	3.995303	0.358439	0.225550	0.154214	2.706627	0.000000	0.000000	0.154214	0.079166
Sample_3	PC2_negative	12	1.236403	3.569005	3.610219	0.095971	3.455991	0.695160	0.567053	0.185955	2.104898	0.270654	0.095971	0.000000	0.185955
Sample_4	PC2_positive	12	9.373289	13.564928	13.909685	5.796385	11.653263	11.458407	10.914213	9.197348	12.846624	9.015695	5.722229	2.509401	5.891291
Sample_5	PC2_negative	12	1.699491	3.995629	4.398003	0.000000	4.547398	0.980523	1.043801	0.914343	3.834979	0.339608	0.000000	0.000000	0.339608
Sample_6	PC2_positive	12	9.101551	13.403524	13.778739	4.910059	11.546186	11.881544	10.147249	8.921110	13.024797	7.646126	5.297171	2.897350	5.764759
Sample_7	PC2_negative	12	1.487855	4.097079	4.222500	0.142250	4.169484	0.650707	0.142250	0.911356	3.445751	0.072878	0.000000	0.000000	0.000000
Sample_8	PC2_positive	12	8.940164	13.379516	13.710856	4.989973	10.453824	10.618430	10.371669	8.629037	12.681095	8.082997	5.107783	2.749363	6.507420
Sample_9	PC2_positive	12	9.191925	13.743167	14.152676	5.452695	11.415533	12.065703	9.935823	8.363579	12.866839	8.755630	4.875727	3.055593	5.620132
