49.606621200214562
12.522592225761441
6.112625587118644
2.537306465648448
2.266999629547705
2.020268931468609
1.496479891062020
1.200527438642798
1.099405012822002
0.923116018466641
0.713123099994922
0.599478784688948
0.510360853897035
0.392067630765251
0.361204394745445
0.354286456101377
0.322700574629912
0.267823506326414
0.247901972251952
0.241217342542055
0.203817323330477
0.197969019717197
0.164565725192662
0.157533494172856
0.147350611460992
0.135856117841681
0.133485746142639
0.128763761694915
0.123638559659747
0.118175687513807
0.109669246722846
0.103155130842379
0.098343370507205
0.093660183784993
0.086155304010982
0.078650222936584
0.075591513381896
0.074226718079096
0.071276120505618
0.067214664116359
0.064650874345204
0.063828583163842
0.059581917627119
0.055963544401701
0.055831118981781
0.053039951468609
0.049236785083476
0.046763150675109
0.046335882765505
0.045441077454771
0.044934442593792
0.043937531751412
0.042929240613534
0.041234781350854
0.040551797570304
0.038238500996636
0.037351962372881
0.036634873434901
0.035376048463150
0.035084481864089
0.033190443497746
0.032785015536406
0.032126261920904
0.031650447682346
0.030613009879071
0.030150881073129
0.029715109660700
0.028861484406780
0.028056929151273
0.027391049884149
0.026041678305085
0.025659643330477
0.025095137625849
0.024552510281216
0.023849341630483
0.023260225988701
0.022674803836730
0.022495436158192
0.021787825359297
0.021491770282486
0.021335174293468
0.020750830959182
0.020056040000000
0.019915415747159
0.019444197796293
0.018991386090269
0.018462246439408
0.018334440508157
0.018176022711864
0.017572602313528
0.017092950564654
0.017017235197423
0.016514959827652
0.016139557449692
0.016023663723735
0.015769438810703
0.015298543152415
0.015068035423411
0.015005562652511
0.014647719768933
