0.024041617774086
0.043450434861551
0.018139486449772
0.025172356703509
0.018324479982775
0.091906067595863
0.011750664628438
0.013143843460550
0.033132120670901
0.043552057367462
0.015115026117654
0.012462336091348
0.016741530294771
0.049318303213582
0.012582880709198
0.026048478794541
0.050947981167993
0.138575261408608
0.050984829865131
0.009956046074159
0.016772015544476
0.013322455233278
0.018523749950281
0.056667101568136
0.027320738727727
0.056077544501510
0.029066668810237
0.016270776493502
0.019086418561226
0.012141720877611
0.023634607391892
0.006818420375287
0.044001745721456
0.015568114408692
0.029712665982558
0.027080570396153
0.073790920184058
0.028133647673462
0.028878672402424
0.028401292878745
0.017656313071106
0.025829364304572
0.016866476704592
0.025951098004060
0.035380559302231
0.032985099242389
0.056911420939471
0.024471483402624
0.035164522050232
0.021328316929158
0.006729664451145
0.018545828027360
0.034608258181596
0.022456465905055
0.029270490846232
0.053308251022235
0.010790744629880
0.027271813794465
0.030467550725597
0.009193000510618
0.026899368473338
0.091854419936194
0.034334973868577
0.008297900679266
0.031675708591735
0.063093477580422
0.017894156323370
0.016323160606784
0.022484745492035
0.006442688369760
0.035372983342549
0.032684342649763
0.026809981600764
0.029675659395391
0.013818252720805
0.041377820310027
0.008554399419988
0.032980913260132
0.031668406834340
0.015239080612360
0.027339167944799
0.057058426959865
0.086938576517889
0.062860472802674
0.024643488912308
0.028661681232373
0.011584598655453
0.052633487086813
0.059238491852782
0.040681136086004
0.075057608811959
0.039277578226509
0.027130791298227
0.024196555096888
0.033222588222654
0.028734544144593
0.007349467539277
0.020767599165414
0.028390173193807
0.020391833251154
0.041270668752638
0.047646329734439
0.127914027900555
0.044803995110874
0.077254487085713
0.039607568874598
0.032423888680451
0.048434230797237
0.096621402460370
0.054361408820574
0.017367299722012
0.012528255761856
0.012367851328211
0.011220472732940
0.025715327984087
0.018543313476086
0.029726286381248
0.022025278548409
0.028347692777123
0.053799995308118
0.053943688210145
0.032106775539369
0.016589341515210
0.052118764440197
0.021991992857227
0.086172675095170
0.026268047451906
0.014831296814091
0.026258448559085
0.046010467670370
0.017632925823783
0.011584600779041
0.030991197650928
0.019079811922661
0.086999849328902
0.032225778335330
0.043135829373706
0.019517221528384
0.040348329994507
0.111029773538328
0.018971850470905
0.006435954800260
0.019091474922162
0.018062918096200
0.107914860784897
0.042523318100386
0.087660430159682
0.023159062005951
0.044556541171399
0.030487941915191
0.025237486572507
0.011902736540922
0.047473754437362
0.018561201823003
0.050430177997487
0.026657815885553
0.061383843864219
0.017888275308249
0.023666439150220
0.021224864702056
0.048015462044865
0.011612838609304
0.027495572087855
0.066064893783427
0.028031339455240
0.015385154506946
0.022337573308689
0.018377919080866
0.031321347060339
0.008498385336081
0.023179960126320
0.040726646417213
0.043954022447826
0.023568196547638
0.030656359502576
0.031746299085220
0.014224532152545
0.031630716336508
0.043658403966695
0.040042956082300
0.151060218055666
0.068020476613399
0.049671860214801
0.026382927224946
0.043043553592233
0.023447206323621
0.032825090589780
0.039858304369634
0.059342942607477
0.039010694058597
0.032654470506341
0.067414479702578
0.021431509669480
0.012246912316932
0.033507640998091
0.030947891889923
0.040095118896641
0.024880521281201
0.037658830427556
0.029372238128473
0.046526090495671
0.020557227171473
0.028132294738249
0.026391318191372
0.026918578330479
0.031865935083983
0.010714474420981
0.035265352326484
0.043701100837959
0.023090640689542
0.012013828678411
0.063238268270445
0.028372249627041
0.009456655031180
0.052923967658909
0.025481566953922
0.084069133480215
0.029346192105872
0.030629001330019
0.061284668926054
0.024027003448679
0.091714638237428
0.018272756578950
0.039578427466105
0.024564015921868
0.024250818953615
0.121084766385755
0.054404305952456
0.117659413527407
0.031977752173007
0.056430392512991
0.024866680383839
0.063890851025554
0.010944620664583
0.053137942773205
0.015912172525275
0.020394298279862
0.035562634510693
0.033239313834623
0.048297577573536
0.021714344041787
0.025248859626858
0.018146961364259
0.017766658682330
0.016406466183787
0.039912880856518
0.053136545545875
0.026239217163070
0.023307672360251
0.050377662825975
0.020957382532241
0.025353781877839
0.054317151878310
0.017222259776859
0.115762704333894
0.023831350765354
0.029219876184761
0.017370389146604
0.015821253294302
0.014865991325460
0.086867601981692
0.039806275438961
0.041162842071589
0.024274928126172
0.015236865227587
0.020622800013638
0.009573581339542
0.021894139706324
0.011936922147168
0.014552104295541
0.027736658964402
0.057463074958510
0.035688955341075
0.049798204121591
0.062148955777313
0.059858101815630
0.041966513661321
0.010761992788441
0.034753705302812
0.010913113854653
0.037234073926045
0.088484671320933
0.123027598849204
0.021326961450964
0.043189785020908
0.041708385116859
0.031147082957531
0.051669763491593
0.016102648000097
0.041282313175624
0.041384987299317
0.012459256701535
0.051202727786191
0.061838497245482
0.031220384631332
0.008430800088545
0.041465063696213
0.012627389882564
0.019152460901182
0.031397889253087
0.026470507636898
0.018579877016784
0.036835870590567
0.027615684967527
0.060076770338264
0.020470603653653
0.018585077637968
0.011518250306500
0.034630533211546
0.035418850802197
0.029112020501500
0.012435941192743
0.020238799273381
0.029103079357936
0.036954490626706
0.031338649720313
0.030328608142918
0.019040440440284
0.029145043412872
0.020141287204043
0.032739113004168
0.023863553477647
0.014433275523061
0.009200856919070
0.034125387462822
0.019958717875212
0.042791922978083
0.026155484424791
0.030146545818036
0.068812864293851
0.070594970146142
0.025093975013040
0.016071999544512
0.019541164771657
0.063589876972618
0.012161200340541
0.012109647127297
0.033593842453094
0.037748616969234
0.051681437883999
0.031022733403040
0.013427696445050
0.046444151790463
0.018325359853053
0.014710724822195
0.016999415963262
0.015089190912566
0.022779215795018
0.052262583793759
0.005992783627074
0.076412365440053
0.014017091858621
0.055441572971030
0.094091583911016
0.033078192691185
0.014340071884932
0.022433204453941
0.030695700930624
0.052505976224210
0.020432826658107
0.022277033150639
0.032807675281870
0.017063059243965
0.027386178332649
0.050334136904835
0.024409175615456
0.019388626015017
0.017095626951511
0.020940399190830
0.029988042574828
0.049287952130170
0.050486365549706
0.051239973332826
0.023848546227292
0.023227185810465
0.049161505800103
0.059217039309735
0.010365285035123
0.024866912849412
0.021264332205299
0.028329541639659
0.074218282985742
0.010442836208318
0.019393680009970
0.069311445320504
0.034398107818168
0.040438676884414
0.017068365300706
0.016494146496686
0.022141695584409
0.064275357475957
0.077406948852884
0.019898085351980
0.022495732690400
0.020275228432482
0.015852278517723
0.014543383855802
0.012951424456349
0.026431407412986
0.068114426309916
0.038456210827071
0.022586493480020
0.051586157132810
0.010499633882687
0.017388895527865
0.009780401754460
0.020263232058568
0.041385607290503
0.045870288159722
0.088407051175663
0.048244575716099
0.057087133699417
0.016093607791348
0.012528754169048
0.022484869464780
0.021737929202329
0.062066995993937
0.010214553406092
0.006736705811453
0.040116673102431
0.026373179756779
0.019555168054719
0.023807866012706
0.010970861298494
0.027535241022963
0.022522885830529
0.018751635097301
0.026455815062955
0.030589442623814
0.048253066827100
0.017398533722643
0.018002410068954
0.011321729849428
0.011444685068412
0.039569018615299
0.037899009680579
0.020671717226663
0.038192987804828
0.049051185247062
0.025378136203822
0.055366804322120
0.011721198631167
0.034781098712487
0.011525264787030
0.013769507798507
0.023143413665524
0.036000324340491
0.022935640655042
0.041578492038675
0.021435552133048
0.044186171681460
0.026281945945550
0.022245536916355
0.013141048483278
0.027686493724442
0.022342426042691
0.021575618757326
0.023238115587321
0.021763053150897
0.063883641100154
0.020061499175940
0.074955670321399
0.008332177542260
0.040624945920969
0.027109336724752
0.025511860551823
0.056174948459064
0.018371752998856
0.013431320162905
0.042279151930684
0.020704884303879
0.051160873220116
0.135189606381394
0.040066198567761
0.032528114123574
0.011678691932323
0.010672156554196
0.011982808133369
0.029963526295511
0.020130803952861
0.017619329702021
0.031431726495081
0.016284846424717
0.049749813149942
0.044939922474478
0.025930011165799
0.046289055065543
0.069587073029309
0.015355557518261
0.014308106288429
0.032778783618504
0.019218333892042
0.047366176227590
0.027718650540807
0.015924899873696
0.057545572468237
0.031880889588315
0.018617805069413
0.016127549809267
0.014042431920969
0.031844222474683
0.069480096574213
0.015794317436345
0.024713386282712
0.086880066218523
0.066280899077755
0.019389923939947
0.029592920388432
0.021790613026633
0.076306445910995
0.038139463979338
0.017343929705534
0.013645048854996
0.027369056721813
0.013193829866239
0.061254233613357
0.051194412879692
0.025451126934137
0.025544017691163
0.029745471345146
0.025117557695928
0.067795979464129
0.076802493576247
0.035278629941252
0.032258768287363
0.018163420652441
0.008724732718674
0.067637339486225
0.042238356753824
0.044540643660873
0.014903837122005
0.023854653990300
0.045017091800657
0.024044892012649
0.008356105783832
0.101796464493521
0.026533068536608
0.059088744453839
0.078294597506697
0.020462244491233
0.074482224802884
0.018353300684766
0.035949584677586
0.007809141443757
0.017534253133141
0.016167179352963
0.019337989561198
0.024596945919344
0.091400525531219
0.038555004933459
0.022751298021524
0.087533037663554
0.034888510341393
0.019383706272289
0.011621828402449
0.044635263951957
0.025223985113106
0.013821872435505
0.146248118314953
0.030019015204189
0.016913799294727
0.026355485893931
0.026098567744517
0.021108157792922
0.033660129592847
0.031988558014415
0.030840886298158
0.014104030388156
0.022415321994761
0.078180547333449
0.012265994372051
0.016657489427060
0.091362948070866
0.086981070751751
0.014536634969156
0.030322329775663
0.026450786667597
0.019162632098471
0.035071289832455
0.046151578029908
0.020921802599126
0.008483132821638
0.065242629167667
0.039967812106226
0.018719387432844
0.019451466523871
0.032437989546655
0.056427812788275
0.112014076673371
0.019276997939026
0.024103024192032
0.037899356615363
0.041670437207315
0.010478087499091
0.062907309241945
0.023614391603635
0.019042311324421
0.015819447064858
0.035645593836690
0.126698354760109
0.027649349738414
0.053543328173416
0.026237474695890
0.018093315333778
0.075354799612770
0.038963218928409
0.097696562523807
0.020120855824864
0.023901663574920
0.015672246226240
0.037753909991341
0.011461348105712
0.076631398012882
0.017760662281857
0.011411274304745
0.030625693822542
0.046902143851174
0.099052630618990
0.047834325078412
0.018066717663792
0.006126717495465
0.047626874430586
0.034291330739239
0.091059271464974
0.013222727128057
0.030513501331294
0.025055035491534
0.024921632241268
0.025592898838775
0.008238256338774
0.027612533148074
0.022325284304100
0.029680086493069
0.004998794520889
0.042201223496656
0.046638030944156
0.073125073122238
0.016427174328063
0.064734827762852
0.023307435260240
0.005246554070228
0.012217665271664
0.011918821791339
0.016151019997538
0.071895792438329
0.011937829193417
0.030094701444346
0.020566810861391
0.026572502685617
0.009473784008843
0.026070556033177
0.180993773462443
0.039626450826797
0.084408085098572
0.033935636118094
0.014106756909006
0.041872108844586
0.044946644608699
0.021837733185322
0.107328270406599
0.023167195207976
0.045934030094362
0.011066682953620
0.029489434028309
0.009679163072741
0.054647952858314
0.011552211186162
0.019012739433298
0.037161285650201
0.022205546439517
0.022500076109216
0.092408984120531
0.008120081689570
0.031912207509612
0.022677481274023
0.020668071572128
0.018597380108554
0.029396265236719
0.031680469173643
0.015627608259765
0.049208430880071
0.058020199582141
0.014749659345058
0.022273351629083
0.013878057804703
0.033886900324812
0.090105747661308
0.016408228054797
0.009296838693640
0.018887290451413
0.024033324593316
0.020767991401586
0.026137100257897
0.037190242157799
0.037786717206545
0.039389630916339
0.035499240886230
0.034993027314114
0.040640614227392
0.031182463529239
0.034473223306623
0.046936161087236
0.017972092337193
0.032260277532941
0.023757784282379
0.031932409465259
0.009367067149347
0.062636830111218
0.089571826505580
0.029948361574747
0.042518036172006
0.035043961817827
0.033908380653936
0.021118515403788
0.042566387239400
0.049381577577300
0.091147858813986
0.022056867382200
0.030876195862618
0.022535420274510
0.098208626058079
0.019541584119077
0.011125226001755
0.013797989937054
0.017898025869252
0.016929386528455
0.027831484760965
0.022052648529733
0.017706060757323
0.030409971718362
0.021083687431970
0.037353044705273
0.066033587082956
0.016969031305933
0.021662326433546
0.082577101714159
0.034603908798970
0.084460935675216
0.009337248314028
0.092997766579391
0.012875939635511
0.016024502941621
0.080557299210270
0.030821571428938
0.026256224437757
0.018180812972991
0.013471668036423
0.077103326434512
0.024991787085175
0.016188519040081
0.028963590234061
0.029613685702324
0.145894157022909
0.037219927483817
0.019869467896663
0.017338131499350
0.019198673059391
0.018245288078276
0.017948514350882
0.021451543544180
0.024386327820394
0.034810679634973
0.012017192348630
0.027393932786556
0.025816396355000
0.040483900104252
0.034150224972199
0.024974519065414
0.015764183295898
0.022701571259733
0.037921648944068
0.018700837779576
0.053511596464238
0.015766740781819
0.043939620358823
0.086608759291991
0.065633181071130
0.018578748967666
0.020214308394531
0.064722421240950
0.015952657510139
0.021233809856479
0.026847883774562
0.049690776367756
0.021451303238237
0.020022175353653
0.014938834154251
0.018758090868656
0.026217181815254
0.055306100055809
0.048722969795605
0.013127844709681
0.004281601272125
0.024165162678129
0.028276736267683
0.018706642822907
0.025591166901109
0.047490266160153
0.058441625907286
0.022273522485595
0.018326275977125
0.033559784774409
0.022773636039928
0.050933459139166
0.010982443205136
0.059689418478418
0.017894968679401
0.020983274265080
0.040302174295345
0.003643175402215
0.031163984668176
0.104396502110256
0.021031057851504
0.023455306439880
0.008111664886999
0.013982719136444
0.018388591882714
0.038983526667080
0.033378047594078
0.030069163718993
0.014463385155274
0.019154509873062
0.020286793028397
0.039466648395577
0.012329998818273
0.079287425509925
0.012444331464366
0.052338081628861
0.020888648557868
0.052112552270027
0.047486608758859
0.018668247792071
0.021824327618611
0.018254961304434
0.042441823850234
0.015146375769567
0.027039666387172
0.026614614540385
0.043175281264097
0.020177477161975
0.050375114754274
0.061325917241862
0.051426490121562
0.065397189114842
0.091751934313977
0.052646602625141
0.131280142845854
0.027780583252876
0.015068669627663
0.030966044297388
0.008816188736830
0.006264047535968
0.033674259826481
0.066383939840078
0.033420741321338
0.023546274491211
0.026000870365489
0.043621587276257
0.019356613379414
0.042275204278098
0.009127255664061
0.013990733645746
0.042488066590450
0.015117271359046
0.030228046523920
0.028738805577198
0.023137206213437
0.028941127022538
0.027377862730902
0.074172229909108
0.074576152664334
0.035426752676785
0.038691466759452
0.025854620278813
0.014980678244196
0.028841224040445
0.022373120452683
0.011825038441068
0.023055853944468
0.017805343034708
0.039325198448994
0.034249543842836
0.028544653347996
0.049837777665549
0.045810048747253
0.057433210015056
0.019264930489055
0.024571535281726
0.168212250261421
0.043451496163549
0.033155408108755
0.114959874865706
0.024088978205310
0.011202138416359
0.024093240941231
0.016129895798216
0.056701979609630
0.060702152597491
0.028147506481560
0.048741828740405
0.023476311710687
0.021176901432828
0.159830211653997
0.053063977524820
0.080556855169130
0.012076959781783
0.012079927658694
0.030150978495879
0.040846535677906
0.070094531552475
0.031925990317470
0.040783289574930
0.024281631465188
0.016834025681483
0.023054474008332
0.029762553971320
0.008924926086755
0.018774633407802
0.009636117946393
0.023744558704479
0.021060574702201
0.027037935304810
0.064024981806921
0.036880823067682
0.024136012954807
0.024518406065426
0.030729594069138
0.048871617790381
0.114442347447250
0.108721707264938
0.048324774521735
0.021287259454692
0.012033574640916
0.020600626089908
0.019844669501079
0.018113997717084
0.017739190874024
0.018936152308493
0.056799535775046
0.013667483136326
0.040222680442558
0.010734967903559
0.006712474785484
0.038184133580481
0.016179797207732
0.044465641054596
0.018601502001952
0.037746542100134
0.049423641593666
0.021122506745848
0.052434522763065
0.017924290869400
0.103724101776049
0.043629311004293
0.038327365347082
0.020983792378214
0.020523092711776
0.019195146720530
0.069726427555160
0.042316227307523
0.022841147093625
0.018226614243418
0.029382269423415
0.017310611156943
0.018794458468690
0.012481687149466
0.042820843463647
0.073396630744710
0.007102998065640
0.057023864755456
0.026812090307824
0.040326043363588
0.010999358567122
0.053035180448525
0.041118272759471
0.018155683052975
0.027036786455653
0.036518124253532
0.020539309690922
0.021441872737922
0.030887317130462
0.024444856965398
0.035964003254392
0.036015075204074
0.029517926863075
0.026189153996126
0.025299182844266
0.043865766315262
0.032623193644282
0.038334725022195
0.038822449409329
0.035615554060649
0.089362108550473
0.016870068280498
0.015525663348527
0.073151375623087
0.036604777003903
0.019726183842936
0.019294319562727
0.023957130208654
0.032238252038031
0.010910661995983
0.016636652588981
0.018473105208978
0.020038243963783
0.018783080414907
0.030735862149000
0.078579616098239
0.017428811857835
0.082482925549070
0.013479489058952
0.017604770324421
0.026395807473686
0.019903957287904
0.062213214918738
0.012904701870854
0.039806130028958
0.025940674913677
0.021416697497471
0.019841370301377
0.034500361276374
0.065843673366910
0.014465500570646
0.034033467226775
0.037131335892838
0.047487000910354
0.050292427606675
0.021074888743323
0.032713837713619
0.051909725692026
0.022670803639173
0.013077942505843
0.053271377307218
0.027579853576827
0.031619309376130
0.025868363530014
0.008998931583160
0.060831973081635
0.033741032412008
0.051154116373128
0.012729761427000
0.049212402370123
0.011855332838640
0.021730264918018
0.035568835577709
0.033690388163500
0.021798012449547
0.052977781916738
0.024863974739146
0.047225625544739
0.020367017882225
0.044882920826241
0.047394185560026
0.032685350631403
0.026029606716086
0.120347915420036
0.019728695137474
0.033687002637959
0.108468066475542
0.017643522527112
0.022731987089139
0.016187613910164
0.023994770608331
0.060361068365474
0.019022800232477
0.044924310993673
0.021969920987687
0.093315603185681
0.041091986338072
0.037908282546972
0.047989021303860
0.021416548885930
0.022682970530667
0.030406473302411
0.056785237354791
0.023576905134668
0.030193142159708
0.060567965300313
0.063325686681231
0.017896761298271
0.032749556431685
0.009542770928634
0.033770208298894
0.014243132357446
0.012560466267917
0.046070159653833
0.028547924484474
0.010914536418922
0.014352065398047
0.022399403720706
0.017960155722285
0.041009695944188
0.079387601152554
0.042796780608566
0.073674198370967
0.024067541840637
0.044324496281851
0.043751988980260
0.046309546444688
0.028845239595439
0.040622704295722
0.014997366027606
0.010028490281758
0.031027916261288
0.018051626492053
0.020605939093793
0.019420730290544
0.081712166846616
0.023717894298440
0.042298545810306
0.035785217492246
0.048057090854176
0.025381853448200
0.051021551403304
0.034303011213207
0.024274824379474
0.013801143054909
0.031251235793432
0.021376797673185
0.028607797390079
0.023822448117467
0.044389788016247
0.046921714545343
0.009014404343347
0.042240410855768
0.034984312895288
0.048592786367034
0.056068335449869
0.019771816083674
0.038163491256147
0.025516303437809
0.055946122910010
0.021379389862254
0.051828623188492
0.019613345628476
0.023938107970764
0.016266669186786
0.034408373838262
0.022393228316382
0.022314609336036
0.018940716341356
0.022212699524492
0.015436843027481
0.029573040944712
0.045718734290539
0.035620201515190
0.007394370138237
0.026252881831503
0.062432476058016
0.130351158192548
0.019476851690552
0.025361796099292
0.040858743691484
0.013693398478954
0.066649718149837
0.020208812179589
0.019862633803810
0.029765757645428
0.075832464933019
0.013849664403367
0.009774073085130
0.013601198051631
0.045198799967595
0.031865604381675
0.031351460556520
0.044075184585438
0.010241338287306
0.035813831412360
0.025630137538517
0.037430223798573
0.064771141451221
0.013253717964271
0.127468220205966
0.044263652888829
0.024111003753427
0.022514375672380
0.040178546524619
0.050599444222171
0.035552964245664
0.029029209911895
0.041721176496941
0.032573943604093
0.030829917514436
0.090395907469151
0.023822855025829
0.026588531920159
0.078358326759406
0.017312764363157
0.026960871198017
0.062924656625893
0.026541377620757
0.011924364361254
0.010517867593641
0.024236546569390
0.024328464182594
0.028313952335155
0.035281210365428
0.008752235706639
0.013795886518197
0.012585700724491
0.013373256819062
0.012305390638903
0.023215016665898
0.047215537754931
0.016437618019796
0.027982870402315
0.060613323098277
0.044528605872296
0.038567189119290
0.041690527054407
0.007437720547891
0.054042623364222
0.027516748854059
0.012212054291190
0.037430999931460
0.033767765611671
0.085751227291741
0.028767418006389
0.019216500841855
0.026509667704243
0.032530590032423
0.014600662351206
0.055312572873985
0.037080163541947
0.047179862344065
0.039725999734291
0.011752135672845
0.028605319934697
0.025545453815375
0.016082265151596
0.035757694922877
0.023004150795975
0.017369513213668
0.041427098967626
0.015443381570021
0.033610257024326
0.026257865877054
0.023230161840073
0.059274649228338
0.034998134556341
0.040393348508920
0.014021808670144
0.010995553399654
0.052293871589845
0.008927507753140
0.070641048490758
0.018493964319012
0.030080549194895
0.017311019609979
0.011983568265921
0.094222886053819
0.027112169343564
0.023024259441254
0.012669324714855
0.049206498821060
0.018836198223116
0.076876320749089
0.034750342542563
0.018319752029659
0.029482910453937
0.043070108113510
0.025296257011484
0.053618171235141
0.017159072473831
0.026175326627881
0.038778021408176
0.031309267020445
0.023189371165281
0.029464249676798
0.016015580448515
0.024488235023779
0.048537971245370
0.049641103227884
0.047386616342111
0.102879913116721
0.010786689862224
0.075029912075865
0.019158575099305
0.016286186364144
0.014565732723539
0.017985827999845
0.070399838297355
0.017334094135814
0.057542329714224
0.017281786519035
0.014997953065237
0.028315587538596
0.024833350314683
0.026031615248827
0.017271436181927
0.030887340768708
0.092852565835491
0.018879215952063
0.025658930089750
0.019616545958830
0.015856151180082
0.011379402428699
0.020016689876282
0.068549867211124
0.014286850731127
0.024557288238069
0.008057974336825
0.030997110878128
0.009628294254089
0.018119668226855
0.014262016329579
0.052893673321631
0.019281025756911
0.021887966036474
0.021755358966906
0.064982891950361
0.037133043236120
0.072654889400043
0.033334605644130
0.090497387746202
0.013846663189254
0.067940157830841
0.011379320455700
0.035028689497997
0.020935708310404
0.039954093278842
0.023734966146477
0.018564028943250
0.020547531612493
0.087203332832186
0.017440377725586
0.024136817768111
0.050398312632864
0.017040508913063
0.016035523516988
0.019640612030325
0.023035141172829
0.035543175484937
0.014889812909070
0.018023904396249
0.030233300530200
0.034733979419363
0.024456738287948
0.018738608383893
0.025190396637868
0.026086693943037
0.021393434919813
0.014686750889337
0.033187345814391
0.013850263686518
0.031623464446008
0.034315607561380
0.022132388750515
0.085867703296428
0.014937068485073
0.034493353716137
0.007479911607377
0.018502908392238
0.034111412378109
0.024581418859476
0.058337587997351
0.010966825529546
0.054878566749393
0.053534186973645
0.017483154470569
0.044125633149768
0.039153923400407
0.007166273706559
0.008861357346777
0.030538626000623
0.050379748481198
0.013822958865170
0.060000639936794
0.036872904171600
0.023824275690932
0.023832481883522
0.028920045858771
0.105927327873772
0.020347187154618
0.057401586561387
0.027198584553405
0.023188389948556
0.022543838032587
0.019406501901151
0.073827967714525
0.049905121262666
0.021971020650802
0.024727862483174
0.037468904241282
0.035889418853379
0.034132867240109
0.228560794260099
0.028886909722737
0.078526843021558
0.084740172321169
0.029894281324538
0.031462875453417
0.062888277891174
0.011597335613396
0.047263424524935
0.016616896595033
0.012762764623764
0.035868205117890
0.011358208849676
0.044507590796122
0.014653903055435
0.017706277704946
0.010070456584510
0.009314511823003
0.025067412744961
0.027770582530490
0.032744458023318
0.037240817994696
0.051650163207877
0.015141176297964
0.050438930688415
0.091165698387496
0.035582328329519
0.018722899708105
0.033788533466130
0.068268744309784
0.051509822716353
0.018261875000239
0.032374752844913
0.018404371546617
0.039566102892324
0.008907116947406
0.083930741738126
0.024071054791491
0.046971631539017
0.091729532728063
0.016468222129563
0.091656045368959
0.029684886850035
0.016632495600376
0.016024527995613
0.016032412480198
0.008399501600671
0.043960506630340
0.020217393284974
0.047237039532537
0.046371865233235
0.035506809830700
0.047451070754804
0.030561680208425
0.041051557343462
0.071575026202628
0.025485760105312
0.032337159493076
0.015957080729918
0.061523666891084
0.054847328503439
0.024752690228085
0.035280991674499
0.034387329736783
0.045842947401086
0.025971028723587
0.062160555120296
0.052956881867080
0.016897455531790
0.006397282667373
0.091000471268691
0.028573259559562
0.038961038812902
0.020218960968903
0.019945529378640
0.019397114763933
0.015393921079039
0.035740238602489
0.020772178474483
0.011850872933376
0.010475116590344
0.044720346706965
0.030446340701301
0.039760243221916
0.011111099790877
0.031265737653106
0.037358400146882
0.069870896947287
0.022692728414556
0.107138429820003
0.016860787769051
0.013411547087753
0.024498882389439
0.021942317839398
0.026261436145854
0.032173074418852
0.023559395347370
0.030414242104307
0.073917495421488
0.014666352269094
0.030932850232588
0.012537940741456
0.033556559197147
0.025661605001346
0.056632881844898
0.043104935489955
0.028191751567770
0.016283841057734
0.034154848726972
0.021257720075431
0.081800039772522
0.007592966158304
0.013455199747981
0.019780023872474
0.068052321363574
0.008000071631735
0.058184798929269
0.014245802694811
0.034535932507900
0.022191020691901
0.018099363360095
0.007407470132511
0.080487173028393
0.011778107575140
0.017969326207771
0.012797053901805
0.049375745344920
0.050110604482441
0.021703547585415
0.038859653460791
0.035157350916882
0.275409290816566
0.015751123971843
0.021627690377536
0.022621497834463
0.025812933296963
0.072091295173249
0.080298360729913
0.049012591577712
0.031994442491605
0.020647654941578
0.014794776133371
0.046854117407019
0.041015107354268
0.088953636267316
0.013771602308535
0.039874770969104
0.033121808108757
0.081131085356218
0.023529124860072
0.011991965812730
0.028006645988857
0.070166329686092
0.018827675263916
0.026325967965046
0.125943988586354
0.038786752306592
0.040925278036459
0.080816790902073
0.023318217026564
0.028879488009515
0.033146859648715
0.028205364301047
0.008567169805175
0.058547007103707
0.050892883279167
0.068555354008965
0.013260363199284
0.053414772792958
0.025570544266673
0.047035901936542
0.022833116800641
0.025227744580389
0.021760907629520
0.086094270048109
0.019483887162619
0.022081685008059
0.029186335252554
0.052609285182491
0.022536058853358
0.037891639437942
0.025811590074799
0.032321097221789
0.049262521331878
0.014858128725215
0.023194044895269
0.033390025523866
0.013860948798462
0.019967079306492
0.031912316866482
0.021685969075624
0.035266851861205
0.009295800504632
0.038911747435140
0.050376522645220
0.027624313965264
0.048949629867380
0.025248996226022
0.041250737723001
0.017039240107175
0.016299132833912
0.031129246541578
0.030725946715042
0.010899049815779
0.053907190804758
0.054196490888710
0.065227421807520
0.020914190536996
0.025070191715544
0.158284127473109
0.056742521519868
0.040417800904396
0.028776059870286
0.030749492718931
0.021897341944473
0.039825078394586
0.014069499781712
0.022468393486127
0.016533644392696
0.031297862682827
0.028605590203847
0.023756968166932
0.042649180014530
0.015524873498933
0.018977331632877
0.039830043864316
0.010810110696942
0.006471294091549
0.049355683184584
0.043606792340403
0.057733966034073
0.022369187172069
0.013205229143966
0.013762499391736
0.028845100425024
0.026338596249141
0.087316691326522
0.044617513567607
0.107560172942644
0.014323377247661
0.128603507481033
0.057773290790952
0.033195925121665
0.009542319884521
0.040118095484716
0.063974645722925
0.014138041908295
0.020191133236538
0.036494821589093
0.035364902399378
0.012499026211307
0.030436215673716
0.039462868044481
0.015004500961600
0.068787101001999
0.017502412361614
0.024153907683835
0.018409380579220
0.046280337378459
0.014278820822913
0.038681433053752
0.058144018807887
0.062902266238994
0.045261575367457
0.019971276401415
0.055503615212701
0.024033459929242
0.020329303267336
0.040036994625783
0.029069747703049
0.007157602194233
0.016355530033118
0.012676162421175
0.046166021386066
0.031343661659364
0.043360348368566
0.030886214430397
0.017594030076625
0.013305250450641
0.063453385675252
0.071894047857470
0.008768539722023
0.024877623010023
0.048465490737789
0.069931346697591
0.037299835982931
0.051575319347664
0.049008671523822
0.035659715210772
0.016014329153046
0.045303613060149
0.023576217619823
0.031000996186176
0.033794291170239
0.043408599875760
0.024211532687436
0.105261522781961
0.026411698948308
0.033122089521988
0.072685703637592
0.041524813752145
0.016877403384958
0.016599208325325
0.023483297721558
0.018591864103983
0.013441191833680
0.039183768945967
0.040014326444444
0.046734754579654
0.014568380391421
0.007608620872100
0.010159259641807
0.048498723421158
0.030775355126836
0.027020056510647
0.010022511853395
0.028515612179984
0.101412462048749
0.049138377516822
0.017095258091438
0.022855245565043
0.020345017322824
0.012929995581326
0.058848266470625
0.013886221842247
0.028698395649339
0.021963724166753
0.067495658350554
0.064629164815697
0.055314232949012
0.026799144329720
0.028388237940187
0.014559713488190
0.030173259400258
0.070169079138700
0.023682951955416
0.069260018490907
0.022959189746821
0.018079314025382
0.017796507472318
0.145922547142205
0.016005049351751
0.015729297729831
1.396230732549207
0.027497429336372
0.057708009060437
0.037047394508987
0.022590552089411
0.021389377880161
0.033326634930123
0.026408102432552
0.058666151465568
0.023930799629928
0.039043755424725
0.010780556717943
0.018959280135924
0.026697010299372
0.056889846054883
0.017652455752564
0.045540892848476
0.033527612923531
0.031567365042413
0.015262088500892
0.023514044887720
0.048046755255340
0.027473707967918
0.031626348402671
0.013764128081966
0.009596351294644
0.045652851339838
0.022287854947128
0.023828853952472
0.070950667339357
0.091292305184023
0.032686367596311
0.034812715277442
0.013289494846058
0.084300671784890
0.017620418233316
0.035235811413250
0.029906941948212
0.024208235844025
0.033731305196634
0.020216699567929
0.014877727928099
0.020335493460223
0.158608703265663
0.030293833038839
0.047619680469970
0.018266833172192
0.065517240038433
0.038085742275138
0.021177105708430
0.008113284630358
0.059845095787925
0.010551623678099
0.033018962978990
0.058598344168987
0.021243857984050
0.060745015292770
0.012673583450152
0.018628078825424
0.012689027499298
0.020578061586611
0.035005019546045
0.031301130971095
0.074572095873491
0.031456859681736
0.021024242338816
0.055607626580683
0.019121537533039
0.031440075155191
0.015941354351786
0.024710838839757
0.013044582943635
0.018094743684088
0.020755048724090
0.031292432820578
0.020595259181242
0.037957809915918
0.011260499430549
0.063120909474444
0.028832089044164
0.092082594862455
0.025369004885931
0.060211156132513
0.020626598977988
0.046727078054244
0.030602090812023
0.016512200369952
0.044756588525796
0.024379189560120
0.019984362598752
0.011300206223649
0.023885384947914
0.012966082105144
0.030217657997564
0.032183038016230
0.038756360472969
0.025360136810770
0.011621066342815
0.048911101162565
0.045316876067441
0.032475662054211
0.139413095462180
0.010667221281095
0.019846483200414
0.014503166476187
0.034779506898334
0.034791523530436
0.042917662501380
0.032718673366089
0.008142054432055
0.079145936695188
0.021241884288333
0.014160972399776
0.028013201131733
0.039512799023931
0.052312047310086
0.010588279224721
0.023784637352969
0.017222582855980
0.044366324382875
0.022854793564679
0.034113937828691
0.020851241507408
0.013498712849031
0.040127205230800
0.038801135951036
0.038227002812407
0.040832624857906
0.090524899889727
0.030809185626806
0.017855461783899
0.031719286686712
0.018046262501670
0.030046162105004
0.025752667344130
0.020599578950065
0.019732945939430
0.031488273308957
0.020596238139184
0.040956607647268
0.034329674221674
0.020291392350622
0.041186831346462
0.030781278196877
0.058394636754410
0.033370062064110
0.034920009401104
0.043314770434544
0.023326047206410
0.075652948036659
0.138992055288055
0.008631715472978
0.037864529601195
0.027093144490136
0.056488804475073
0.044351833519761
0.054418611568165
0.131472578714153
0.015291134060409
0.036237020321356
0.026450243441528
0.031890657587538
0.044395159699838
0.014067548155486
0.013547000572736
0.013078126489857
0.019201891473404
0.033898027875206
0.025236627635669
0.041692951040986
0.027240040886224
0.024107437521983
0.028932442793094
0.013762101155337
0.020032794620683
0.040733930188536
0.081023136819208
0.036727697320930
0.053980599160553
0.023238969922222
0.012392749700117
0.014751412268613
0.051388339351364
0.076540727486796
0.095594563743175
0.075337236927799
0.016457600095133
0.010547279158952
0.024084117544104
0.026081938212388
0.033943773889911
0.017254997070785
0.033663550171665
0.050195864574164
0.008189481160416
0.020693882960627
0.030722930117836
0.026975711001294
0.019624867041026
0.077613166053170
0.027276932112415
0.020126817590764
0.018538714011235
0.020034723422535
0.037360981212295
0.021532295409647
0.014246427149044
0.031808265986696
0.038303496348341
0.026524108343918
0.091022360371287
0.021068552290745
0.055095411736863
0.043670736398189
0.047674217579050
0.019218782997334
0.011502438315781
0.029094339330860
0.038145641212779
0.025787589547820
0.041111479290859
0.005717770644753
0.013724841972294
0.013831816081283
0.051145874152444
0.062287884130148
0.020120407478991
0.032735564124889
0.013569070814996
0.025778115492056
0.023420215148883
0.085377834787147
0.026375924491840
0.039384533340900
0.022093372935475
0.018360165194265
0.013045695588860
0.104683579974917
0.020450421795007
0.097218349215362
0.095455029715756
0.040965287231300
0.051614771113276
0.055042116242669
0.055699450068009
0.013480842169489
0.013782948248971
0.014524693693024
0.036900701351323
0.016138435100596
0.012957884597900
0.021923627402120
0.013095565407136
0.053530614651214
0.022658842132588
0.018011086805406
0.016466375617161
0.063242296745250
0.010409638914872
0.013725126893678
0.012603910352763
0.047917353530060
0.012461178062034
0.036900190339702
0.030349933423770
0.014482522797250
0.024462930775263
0.017730788556280
0.041515174986433
0.051057884866605
0.035142506456572
0.045941302688287
0.021304635243402
0.014103818202069
0.030704350222761
0.009228075351742
0.035876083738673
0.009787882122621
0.045061881131171
0.013987636155727
0.028427588452808
0.054679963479922
0.045803860635443
0.024077158703780
0.018349479513802
0.050231371014233
0.021130787475599
0.095160175281258
0.094528463084965
0.074281635671985
0.046703479470039
0.018006366487521
0.040112713826926
0.024876367527000
0.043533332298106
0.016118123703472
0.048489561613573
0.047638963922826
0.078287552961509
0.016468705041031
0.011580295350326
0.011636375556175
0.068428972899900
0.018700398760541
0.064065311416484
0.241879212942350
0.018515834352060
0.021259879742174
0.125862818810438
0.036933142362096
0.078479854493754
0.020388123106240
0.070316403504692
0.048241878079041
0.034148015118572
0.056142381150426
0.014997838507437
0.038265901219987
0.022779838377482
0.020717790417094
0.020423379375637
0.018196330568623
0.069483993900660
0.013870109097420
0.025092330770120
0.007279412579291
0.045289012843560
0.030419327028560
0.015450157325436
0.016926595874091
0.016403816426881
0.047434255043974
0.023110017477049
0.029961794258559
0.005082085335532
0.027239684907349
0.030566614395394
0.017407002748873
0.014225883889450
0.026778157203543
0.090787864793570
0.037684796146912
0.030064250419411
0.017426422017257
0.010641028886294
0.024364445217180
0.021709703914946
0.109340342035195
0.080529766438945
0.030547592608304
0.069738426653570
0.062926187099511
0.016816782256285
0.042976574553529
0.030471152219796
0.025696385063453
0.017292500838011
0.019383965409295
0.027821240279572
0.032680275209059
0.037761552104454
0.028992491816812
0.029475568298560
0.017620778912666
0.011992647101644
0.013533623336736
0.020692434995055
0.073723433069299
0.022006196343061
0.014729265697821
0.019457798861154
0.011668016860481
0.050712297623504
0.022005488291158
0.060733666461775
0.008074989736795
0.012985025450537
0.034327494502152
0.033677181480739
0.005555155646279
0.025288476350337
0.044873861816951
0.074188015404606
0.013331423507087
0.027684347677445
0.083418745742179
0.010284350209169
0.044181597990700
0.045593551796994
0.030165506889491
0.033566004953823
0.041831964416036
0.047042345036330
0.120566168459368
0.014138350785801
0.012454037907943
0.025572515212422
0.012577836426318
0.064643172153711
0.028369062815306
0.014879248538622
0.032207810402083
0.029849143583320
0.029229916719476
0.012415445946366
0.051304166518809
0.035649309100522
0.063698892003133
0.050995619741636
0.043358130921068
0.008123223971570
0.045612874361890
0.008438184022644
0.026473296160893
0.033399501423770
0.062414179584747
0.060551444903090
0.053345051149083
0.026913522035253
0.049808198028026
0.029343990763496
0.058446550851807
0.017159470416032
0.016506301237220
0.043666398951562
0.006096609138486
0.218522750447677
0.033709817818642
0.038211713501662
0.014115496530418
0.013304340793870
0.023441234979993
0.053301131551882
0.027116816020716
0.017697615163136
0.022937891273491
0.029869200755057
0.108443561645433
0.023405098950696
0.035617417960355
0.070006416955157
0.014619574209047
0.021748328737854
0.045964138718034
0.021417790452244
0.011579227857919
0.025451591502523
0.015018631356451
0.033186351908738
0.027221077394774
0.013949371999867
0.036314768079850
0.019280371149050
0.026523162014816
0.036092084955647
0.022233996744567
0.091291804137249
0.054293134134918
0.020315990781226
0.104654394885681
0.042054609796047
0.039038035689983
0.045080027063305
0.037772132435301
0.021251315799424
0.055126835558135
0.044305604241396
0.043438433403093
0.057434261279776
0.016709653381976
0.011913991501830
0.026076822092793
0.061204005547845
0.044424657344309
0.017563440069560
0.016787883612583
0.031770253916444
0.113497797432907
0.021221734473601
0.015785599955620
0.024036266923330
0.041136324177561
0.023033020098950
0.062537402457007
0.046707721808964
0.039737119520053
0.040308541948644
0.029849707875286
0.014910949008614
0.026385930359043
0.050354604144201
0.043986692876773
0.014380943761548
0.027970268472842
0.021385358927936
0.023159175392636
0.068870785388435
0.123822151658098
0.028000666489268
0.015807561660444
0.073140109033934
0.039006356074390
0.048482595432898
0.058667353493375
0.154437269698844
0.050031283110300
0.108858691555322
0.048667684246615
0.027331805342597
0.033455096547755
0.008662126194340
0.028916706275966
0.011223057799540
0.044593709174559
0.025059860452385
0.087046021296126
0.043227902607998
0.009476169698948
0.023514149359561
0.025815172100445
0.036494219788603
0.025210161215101
0.019346585736173
0.201377086372991
0.104481257356703
0.021384824188700
0.012183977442880
0.017944864930396
0.026707862099373
0.019597772080642
0.033888903277121
0.046046388048617
0.029464151239707
0.058566546204380
0.041497517290750
0.035571730373016
0.024543935272227
0.024720972117271
0.023167064815888
0.023201890496598
0.036861115882260
0.073521825287238
0.017885228750159
0.019500081822902
0.029347074724969
0.016859232652622
0.022560899610955
0.059163535406069
0.041850321195300
0.021144556076566
0.069659317516310
0.034633454011861
0.029438021429808
0.285773880972112
0.026218383675861
0.065998076311696
0.011115729880080
0.028923832268488
0.024288830392343
0.043633169268733
0.016727437428680
0.026594949966543
0.010511535075678
0.044176800344474
0.007350561644422
0.021459029948385
0.033558643143505
0.011226002673523
0.024039510278577
0.041794009889153
0.023061583529145
0.032817937031208
0.023499347896028
0.026234675598469
0.013896873475370
0.046695729095230
0.119400821967819
0.030988760567302
0.012432459899100
0.087252380602843
0.020385213028793
0.041505246578699
0.025932335373163
0.030327518172590
0.027169430314840
0.012739765894131
0.262472916173459
0.077286180388211
0.059844161674910
0.046460469396496
0.036579005777065
0.020144304245326
0.105395320539279
0.050599471587121
0.056552392511978
0.008462246257700
0.025799420995047
0.032646885875451
0.022118294504126
0.021009688466049
0.016848930147294
0.032993695689298
0.032218424584016
0.029135004659304
0.042160701371678
0.024869676974549
0.033527078238581
0.021954350663775
0.011941391573236
0.112668320073371
0.028986893838765
0.094139741590883
0.019896784257712
0.042042664889769
0.043730253243931
0.030573496361671
0.054062207939739
0.021997543910630
0.038651287909986
0.012211780784374
0.027358247032838
0.017460873017682
0.044972518336202
0.013454671222812
0.022695434881623
0.045875409883951
0.022598240492911
0.033307477527204
0.031591458950345
0.057175686969506
0.031938618902964
0.056839161981604
0.006287508599693
0.038031469322851
0.029018738376487
0.045711661136683
0.048098865519848
0.021761361349610
0.045051050073338
0.041117986666702
0.023437639093879
0.111476575609380
0.031165625781312
0.048703042729692
0.046271442943289
0.032617394820640
0.014703691979492
0.017207301900000
0.041182987377558
0.033914110748042
0.037761475092533
0.097631173348088
0.076278524398960
0.126042274325675
0.024031349121751
0.075333485506624
0.005777141626202
0.019913568116128
0.034420823066248
0.021469799067103
0.018461548341576
0.032503892162698
0.021282141982883
0.053548544166671
0.056803027108224
0.050346814430478
0.019067115395856
0.013436171407569
0.080383261932030
0.024274364466192
0.017182017368957
0.050837030328783
0.015676725911176
0.045551138443052
0.025088807893525
0.014203375913740
0.022422650188378
0.041407387729535
0.055105083848466
0.083763874137662
0.029008309653371
0.022448420965052
0.033003601375037
0.082008992880132
0.045557652638031
0.083438565503556
0.009259242192582
0.035456480582582
0.033889144389817
0.084013232354156
0.031726092845482
0.010668246776778
0.012655671805182
0.063916552355922
0.070715569094585
0.015118080279179
0.028232941961368
0.048074303413265
0.024524577254198
0.044591584343207
0.064382683844145
0.038223645833036
0.069826328636358
0.072890196567381
0.026684324224035
0.066463286672868
0.045205708565051
0.021157428702900
0.016638833619929
0.038141852249291
0.025640793889740
0.024053483227466
0.027497363831765
0.019989024892270
0.031007885642058
0.046676946898637
0.019372676358833
0.010737789239120
0.043599133578639
0.043076395124143
0.033570427235236
0.037476783969708
0.012235494875303
0.024025410311329
0.033991709594397
0.010222004632613
0.017810294656611
