variant	usable	unmapped	error_rate	percentages	rounded
both:joint	39984	16	0.008741	50.381,19.847,19.699,10.073	50,20,20,10
both:e=0.005	39984	16	0.005000	50.375,19.848,19.700,10.077	50,20,20,10
both:e=0.01	39984	16	0.010000	50.383,19.847,19.699,10.071	50,20,20,10
both:e=0.02	39984	16	0.020000	50.397,19.845,19.698,10.059	50,20,20,10
forward:joint	20006	19994	0.008636	50.882,19.354,19.758,10.006	50,20,20,10
forward:e=0.005	20006	19994	0.005000	50.876,19.354,19.759,10.011	50,20,20,10
forward:e=0.01	20006	19994	0.010000	50.885,19.354,19.757,10.004	50,20,20,10
forward:e=0.02	20006	19994	0.020000	50.901,19.355,19.754,9.990	50,20,20,10
selected	50,20,20,10
