component	explained_variance_ratio	explained_variance_percent
1	0.55971150241111811	55.971150241111815
2	0.14129244358828416	14.129244358828416
3	0.068968700914016121	6.8968700914016123
4	0.028628289134116639	2.862828913411664
5	0.025578569261045424	2.5578569261045425
6	0.022794855368374379	2.2794855368374378
7	0.01688477203034228	1.6884772030342281
8	0.013545551949899605	1.3545551949899604
9	0.012404603909449892	1.2404603909449892
10	0.010415576088763716	1.0415576088763716
11	0.0080462101224458345	0.80462101224458349
12	0.0067639250716986657	0.67639250716986654
13	0.0057583560740338676	0.5758356074033868
14	0.0044236770829023109	0.44236770829023109
15	0.0040754692789946251	0.40754692789946251
16	0.003997395067358982	0.3997395067358982
17	0.0036410625355162624	0.36410625355162624
18	0.0030218918045666352	0.30218918045666354
19	0.002797115450114831	0.2797115450114831
20	0.0027216252551763138	0.27216252551763137
21	0.0022996396703318764	0.22996396703318764
22	0.0022336713309048079	0.22336713309048079
23	0.0018567917014528214	0.18567917014528215
24	0.0017774388851131107	0.17774388851131107
25	0.0016625426777746072	0.16625426777746072
26	0.0015328838950110402	0.15328838950110402
27	0.0015061115278376075	0.15061115278376075
28	0.0014528701454569557	0.14528701454569556
29	0.001395016990851842	0.1395016990851842
30	0.001333358730364049	0.1333358730364049
31	0.0012374114820451626	0.12374114820451626
32	0.0011639263496483075	0.11639263496483075
33	0.0011096074705365402	0.11096074705365401
34	0.00105677666617801	0.10567766661780101
35	0.00097208657151043397	0.09720865715104339
36	0.00088742285052993957	0.088742285052993961
37	0.00085291217153491956	0.085291217153491958
38	0.00083752633295812906	0.083752633295812909
39	0.00080420048691138017	0.080420048691138016
40	0.00075839411277534995	0.07583941127753499
41	0.0007294838588234909	0.072948385882349087
42	0.00072018991178719901	0.072018991178719904
43	0.0006722523462915791	0.067225234629157915
44	0.00063144045806608944	0.063144045806608942
45	0.00062992860458826051	0.062992860458826044
46	0.00059845812163286953	0.059845812163286952
47	0.00055553320162592178	0.055553320162592179
48	0.00052762726001104755	0.052762726001104751
49	0.00052280230000410289	0.052280230000410287
50	0.00051269806483239544	0.051269806483239547
51	0.00050699905215123228	0.050699905215123228
52	0.00049576796349566903	0.049576796349566903
53	0.00048437847169033619	0.04843784716903362
54	0.00046525128963492956	0.046525128963492958
55	0.00045753459551301184	0.045753459551301182
56	0.00043143335479682349	0.043143335479682347
57	0.00042144563791454389	0.042144563791454391
58	0.00041334396452430346	0.041334396452430346
59	0.00039915320470921233	0.03991532047092123
60	0.00039586338883555868	0.039586338883555866
61	0.00037448376646999983	0.03744837664699998
62	0.00036992043298850322	0.036992043298850322
63	0.00036248120618636849	0.036248120618636852
64	0.00035711900482615991	0.035711900482615994
65	0.00034540341368548581	0.034540341368548583
66	0.00034018870454175404	0.034018870454175405
67	0.00033526201752545593	0.033526201752545594
68	0.00032564612441439677	0.032564612441439676
69	0.00031657001441258572	0.031657001441258575
70	0.00030904541524741797	0.030904541524741796
71	0.00029383195370357064	0.029383195370357065
72	0.00028952053516670076	0.028952053516670077
73	0.00028315986699977455	0.028315986699977456
74	0.00027702422961719934	0.027702422961719934
75	0.00026910140535270377	0.026910140535270376
76	0.00026243446914865821	0.026243446914865822
77	0.00025582911171003283	0.025582911171003284
78	0.00025382473944535731	0.02538247394453573
79	0.00024582472625798518	0.024582472625798518
80	0.0002425007452312441	0.024250074523124412
81	0.00024073611065942888	0.024073611065942888
82	0.00023413209936565453	0.023413209936565451
83	0.00022629948906607731	0.02262994890660773
84	0.00022470950630083022	0.02247095063008302
85	0.00021938625395557889	0.021938625395557888
86	0.00021426188822120369	0.021426188822120367
87	0.00020830107411710108	0.020830107411710107
88	0.00020686157020737535	0.020686157020737533
89	0.00020507812648950223	0.020507812648950224
90	0.00019827185920404588	0.01982718592040459
91	0.00019286260948668611	0.019286260948668612
92	0.00019201173753492529	0.019201173753492531
93	0.00018633942848461492	0.018633942848461493
94	0.00018211133429146646	0.018211133429146646
95	0.00018079144188435801	0.0180791441884358
96	0.00017792631390165629	0.017792631390165629
97	0.00017260982026659895	0.017260982026659894
98	0.0001700123770448912	0.017001237704489119
99	0.00016929982420094323	0.016929982420094324
100	0.00016526905443745807	0.016526905443745809
