component	explained_variance	explained_variance_ratio	percent_total_variance
1	49.606570930293891	0.55971150241111767	55.971150241111765
2	12.522582785208732	0.14129244358828438	14.129244358828439
3	6.1126146936826151	0.068968700914016204	6.8968700914016203
4	2.5372915322033061	0.028628289134116643	2.8628289134116645
5	2.2669984534487608	0.025578569261045448	2.5578569261045447
6	2.020281171292567	0.0227948553683744	2.27948553683744
7	1.4964774491087525	0.01688477203034228	1.6884772030342281
8	1.2005263081034856	0.01354555194989958	1.3545551949899581
9	1.0994054276989724	0.012404603909449937	1.2404603909449938
10	0.92312023569531554	0.010415576088763713	1.0415576088763712
11	0.71312612201058323	0.0080462101224458259	0.8046210122445826
12	0.59947870892593746	0.0067639250716986753	0.67639250716986754
13	0.51035631356139732	0.0057583560740338564	0.57583560740338569
14	0.39206528727816747	0.0044236770829023213	0.44236770829023214
15	0.3612040399237384	0.0040754692789946329	0.40754692789946328
16	0.35428441454415227	0.0039973950673589907	0.39973950673589909
17	0.32270308212650317	0.0036410625355162663	0.36410625355162662
18	0.26782670983381085	0.0030218918045666378	0.30218918045666376
19	0.24790504640089434	0.0027971154501148332	0.27971154501148332
20	0.24121443937633341	0.0027216252551763142	0.27216252551763143
21	0.20381435423251962	0.0022996396703318643	0.22996396703318642
22	0.19796765804199068	0.0022336713309048014	0.22336713309048015
23	0.16456526057462556	0.001856791701452827	0.18567917014528271
24	0.15753231396674339	0.001777438885113107	0.1777438885113107
25	0.14734919849670855	0.0016625426777746061	0.16625426777746061
26	0.13585769336202924	0.0015328838950110397	0.15328838950110396
27	0.13348489000630118	0.0015061115278376083	0.15061115278376083
28	0.1287661690221597	0.0014528701454569566	0.14528701454569565
29	0.12363871209998276	0.0013950169908518407	0.13950169908518406
30	0.11817401312711862	0.001333358730364047	0.13333587303640471
31	0.1096703215667451	0.0012374114820451595	0.12374114820451595
32	0.10315742087261418	0.0011639263496483086	0.11639263496483086
33	0.098343202622847514	0.0011096074705365417	0.11096074705365416
34	0.093660870685007391	0.0010567766661780085	0.10567766661780086
35	0.08615488738803645	0.00097208657151043364	0.097208657151043362
36	0.078651241559874407	0.00088742285052993957	0.088742285052993961
37	0.075592600745732985	0.00085291217153491967	0.085291217153491972
38	0.074228972002364835	0.00083752633295812993	0.083752633295812992
39	0.071275341536297068	0.00080420048691138234	0.080420048691138238
40	0.067215576571935803	0.00075839411277535006	0.075839411277535004
41	0.064653294830185393	0.00072948385882349123	0.072948385882349129
42	0.06382958325575433	0.00072018991178719868	0.072018991178719863
43	0.059580933312453219	0.00067225234629158094	0.067225234629158095
44	0.055963823749158988	0.00063144045806609009	0.063144045806609012
45	0.05582982995689087	0.00062992860458826083	0.062992860458826086
46	0.053040638135368232	0.0005984581216328692	0.059845812163286924
47	0.049236253055145653	0.00055553320162592199	0.0555533201625922
48	0.046762982332404404	0.000527627260011047	0.052762726001104703
49	0.046335351812414688	0.0005228023000041031	0.052280230000410308
50	0.045439825355333752	0.00051269806483239565	0.051269806483239568
51	0.044934728576755983	0.00050699905215123228	0.050699905215123228
52	0.043939330423213352	0.00049576796349566936	0.049576796349566937
53	0.042929893185158829	0.0004843784716903369	0.048437847169033689
54	0.041234673577841746	0.00046525128963492913	0.046525128963492909
55	0.040550752070677293	0.00045753459551301146	0.045753459551301147
56	0.038237429862042038	0.0004314333547968237	0.043143335479682368
57	0.037352230283655342	0.00042144563791454389	0.042144563791454391
58	0.036634188517574551	0.00041334396452430395	0.041334396452430394
59	0.035376478196651018	0.00039915320470921292	0.039915320470921292
60	0.035084905692278671	0.00039586338883555901	0.039586338883555901
61	0.033190054954405177	0.00037448376647000026	0.037448376647000028
62	0.032785612085081857	0.00036992043298850419	0.036992043298850419
63	0.032126282179519842	0.00036248120618636833	0.036248120618636831
64	0.031651036591441299	0.00035711900482615996	0.035711900482615994
65	0.030612697553550231	0.00034540341368548684	0.034540341368548687
66	0.030150524026822577	0.00034018870454175507	0.034018870454175509
67	0.029713877561862358	0.00033526201752545625	0.033526201752545629
68	0.028861632286185494	0.00032564612441439721	0.032564612441439718
69	0.02805722735143527	0.00031657001441258664	0.031657001441258666
70	0.027390330993935029	0.00030904541524741814	0.030904541524741813
71	0.026041979823878496	0.0002938319537035714	0.029383195370357138
72	0.025659863879256846	0.00028952053516670141	0.028952053516670139
73	0.025096125354628608	0.00028315986699977498	0.028315986699977497
74	0.024552331043255441	0.00027702422961719945	0.027702422961719944
75	0.023850140464444912	0.00026910140535270349	0.026910140535270348
76	0.023259257764573601	0.00026243446914865832	0.026243446914865833
77	0.022673832718120974	0.00025582911171003327	0.025582911171003326
78	0.02249618756612741	0.0002538247394453572	0.02538247394453572
79	0.021787155824036938	0.00024582472625798573	0.024582472625798574
80	0.021492555302404525	0.00024250074523124473	0.024250074523124474
81	0.021336157819637585	0.0002407361106594295	0.024073611065942951
82	0.020750852080416857	0.00023413209936565507	0.023413209936565507
83	0.020056657059014656	0.00022629948906607752	0.022629948906607751
84	0.019915738760065249	0.00022470950630083008	0.02247095063008301
85	0.019443945177287321	0.00021938625395557886	0.021938625395557885
86	0.018989778680476056	0.00021426188822120415	0.021426188822120416
87	0.018461478750273288	0.00020830107411710119	0.020830107411710118
88	0.018333897214974075	0.00020686157020737556	0.020686157020737558
89	0.018175832699755545	0.00020507812648950266	0.020507812648950265
90	0.017572601250317607	0.00019827185920404602	0.0198271859204046
91	0.01709318582178352	0.00019286260948668616	0.019286260948668615
92	0.017017774043312332	0.0001920117375349257	0.019201173753492569
93	0.01651504397607121	0.00018633942848461529	0.018633942848461531
94	0.016140312969849451	0.0001821113342914663	0.018211133429146629
95	0.01602333246108464	0.00018079144188435809	0.01807914418843581
96	0.015769399544062208	0.00017792631390165637	0.017792631390165636
97	0.015298204977804751	0.00017260982026659925	0.017260982026659925
98	0.015067996645726545	0.00017001237704489163	0.017001237704489164
99	0.015004843926794331	0.00016929982420094348	0.016929982420094348
100	0.014647601552259155	0.00016526905443745856	0.016526905443745857
