## htsjdk.samtools.metrics.StringHeader
# MarkDuplicates --TAGGING_POLICY All --INPUT SortSam_on_dataset_22__Alignment_sorted_in_coordinate_order --OUTPUT /corral4/main/jobs/079/423/79423323/outputs/dataset_8bc8a931-5888-4a82-b505-e5d25e22a061.dat --METRICS_FILE /corral4/main/jobs/079/423/79423323/outputs/dataset_4be98d59-09a1-481e-ab8d-bbe6a7726be7.dat --REMOVE_DUPLICATES true --ASSUME_SORTED true --DUPLICATE_SCORING_STRATEGY SUM_OF_BASE_QUALITIES --OPTICAL_DUPLICATE_PIXEL_DISTANCE 100 --VERBOSITY ERROR --QUIET true --VALIDATION_STRINGENCY LENIENT --MAX_SEQUENCES_FOR_DISK_READ_ENDS_MAP 50000 --MAX_FILE_HANDLES_FOR_READ_ENDS_MAP 8000 --SORTING_COLLECTION_SIZE_RATIO 0.25 --TAG_DUPLICATE_SET_MEMBERS false --REMOVE_SEQUENCING_DUPLICATES false --CLEAR_DT true --DUPLEX_UMI false --FLOW_MODE false --FLOW_QUALITY_SUM_STRATEGY false --USE_END_IN_UNPAIRED_READS false --USE_UNPAIRED_CLIPPED_END false --UNPAIRED_END_UNCERTAINTY 0 --FLOW_SKIP_FIRST_N_FLOWS 0 --FLOW_Q_IS_KNOWN_END false --FLOW_EFFECTIVE_QUALITY_THRESHOLD 15 --ADD_PG_TAG_TO_READS true --PROGRAM_RECORD_ID MarkDuplicates --PROGRAM_GROUP_NAME MarkDuplicates --READ_NAME_REGEX <optimized capture of last three ':' separated fields as numeric values> --MAX_OPTICAL_DUPLICATE_SET_SIZE 300000 --COMPRESSION_LEVEL 5 --MAX_RECORDS_IN_RAM 500000 --CREATE_INDEX false --CREATE_MD5_FILE false --help false --version false --showHidden false --USE_JDK_DEFLATER false --USE_JDK_INFLATER false
## htsjdk.samtools.metrics.StringHeader
# Started on: Fri Aug 28 19:27:33 GMT 2026

## METRICS CLASS	picard.sam.DuplicationMetrics
LIBRARY	UNPAIRED_READS_EXAMINED	READ_PAIRS_EXAMINED	SECONDARY_OR_SUPPLEMENTARY_RDS	UNMAPPED_READS	UNPAIRED_READ_DUPLICATES	READ_PAIR_DUPLICATES	READ_PAIR_OPTICAL_DUPLICATES	PERCENT_DUPLICATION	ESTIMATED_LIBRARY_SIZE
Unknown Library	272988	55220260	0	900140	178940	38638444	0	0.699606	17291207

## HISTOGRAM	java.lang.Double
BIN	CoverageMult	all_sets	non_optical_sets
1.0	1	11209143	11209143
2.0	1.041026	3183617	3183617
3.0	1.042709	858811	858811
4.0	1.042778	284533	284533
5.0	1.042781	145719	145719
6.0	1.042781	99630	99630
7.0	1.042781	77547	77547
8.0	1.042781	62596	62596
9.0	1.042781	51797	51797
10.0	1.042781	44324	44324
11.0	1.042781	37878	37878
12.0	1.042781	33262	33262
13.0	1.042781	29220	29220
14.0	1.042781	25927	25927
15.0	1.042781	23237	23237
16.0	1.042781	20902	20902
17.0	1.042781	18911	18911
18.0	1.042781	17061	17061
19.0	1.042781	15881	15881
20.0	1.042781	14326	14326
21.0	1.042781	13380	13380
22.0	1.042781	12136	12136
23.0	1.042781	11230	11230
24.0	1.042781	10601	10601
25.0	1.042781	9976	9976
26.0	1.042781	9355	9355
27.0	1.042781	8487	8487
28.0	1.042781	8063	8063
29.0	1.042781	7776	7776
30.0	1.042781	7244	7244
31.0	1.042781	6768	6768
32.0	1.042781	6592	6592
33.0	1.042781	6072	6072
34.0	1.042781	5860	5860
35.0	1.042781	5603	5603
36.0	1.042781	5316	5316
37.0	1.042781	5044	5044
38.0	1.042781	4759	4759
39.0	1.042781	4556	4556
40.0	1.042781	4486	4486
41.0	1.042781	4110	4110
42.0	1.042781	4008	4008
43.0	1.042781	3998	3998
44.0	1.042781	3647	3647
45.0	1.042781	3614	3614
46.0	1.042781	3413	3413
47.0	1.042781	3307	3307
48.0	1.042781	3220	3220
49.0	1.042781	3096	3096
50.0	1.042781	2985	2985
51.0	1.042781	2822	2822
52.0	1.042781	2740	2740
53.0	1.042781	2723	2723
54.0	1.042781	2592	2592
55.0	1.042781	2493	2493
56.0	1.042781	2391	2391
57.0	1.042781	2403	2403
58.0	1.042781	2315	2315
59.0	1.042781	2118	2118
60.0	1.042781	2052	2052
61.0	1.042781	2031	2031
62.0	1.042781	1996	1996
63.0	1.042781	1917	1917
64.0	1.042781	1794	1794
65.0	1.042781	1788	1788
66.0	1.042781	1756	1756
67.0	1.042781	1744	1744
68.0	1.042781	1647	1647
69.0	1.042781	1607	1607
70.0	1.042781	1566	1566
71.0	1.042781	1609	1609
72.0	1.042781	1517	1517
73.0	1.042781	1527	1527
74.0	1.042781	1345	1345
75.0	1.042781	1383	1383
76.0	1.042781	1375	1375
77.0	1.042781	1280	1280
78.0	1.042781	1219	1219
79.0	1.042781	1269	1269
80.0	1.042781	1190	1190
81.0	1.042781	1170	1170
82.0	1.042781	1128	1128
83.0	1.042781	1131	1131
84.0	1.042781	1091	1091
85.0	1.042781	1108	1108
86.0	1.042781	1030	1030
87.0	1.042781	1040	1040
88.0	1.042781	975	975
89.0	1.042781	957	957
90.0	1.042781	950	950
91.0	1.042781	969	969
92.0	1.042781	901	901
93.0	1.042781	908	908
94.0	1.042781	897	897
95.0	1.042781	881	881
96.0	1.042781	850	850
97.0	1.042781	848	848
98.0	1.042781	837	837
99.0	1.042781	853	853
100.0	1.042781	813	813
101.0	0	795	795
102.0	0	749	749
103.0	0	728	728
104.0	0	747	747
105.0	0	692	692
106.0	0	699	699
107.0	0	667	667
108.0	0	660	660
109.0	0	636	636
110.0	0	637	637
111.0	0	629	629
112.0	0	624	624
113.0	0	614	614
114.0	0	639	639
115.0	0	571	571
116.0	0	576	576
117.0	0	592	592
118.0	0	597	597
119.0	0	545	545
120.0	0	552	552
121.0	0	540	540
122.0	0	545	545
123.0	0	508	508
124.0	0	496	496
125.0	0	500	500
126.0	0	499	499
127.0	0	496	496
128.0	0	488	488
129.0	0	492	492
130.0	0	461	461
131.0	0	460	460
132.0	0	468	468
133.0	0	429	429
134.0	0	426	426
135.0	0	386	386
136.0	0	393	393
137.0	0	406	406
138.0	0	419	419
139.0	0	381	381
140.0	0	370	370
141.0	0	433	433
142.0	0	399	399
143.0	0	394	394
144.0	0	361	361
145.0	0	358	358
146.0	0	382	382
147.0	0	378	378
148.0	0	332	332
149.0	0	321	321
150.0	0	336	336
151.0	0	357	357
152.0	0	336	336
153.0	0	335	335
154.0	0	322	322
155.0	0	286	286
156.0	0	325	325
157.0	0	326	326
158.0	0	303	303
159.0	0	316	316
160.0	0	271	271
161.0	0	303	303
162.0	0	261	261
163.0	0	298	298
164.0	0	310	310
165.0	0	288	288
166.0	0	267	267
167.0	0	296	296
168.0	0	278	278
169.0	0	275	275
170.0	0	237	237
171.0	0	278	278
172.0	0	278	278
173.0	0	224	224
174.0	0	228	228
175.0	0	247	247
176.0	0	248	248
177.0	0	241	241
178.0	0	218	218
179.0	0	238	238
180.0	0	240	240
181.0	0	211	211
182.0	0	235	235
183.0	0	228	228
184.0	0	221	221
185.0	0	218	218
186.0	0	218	218
187.0	0	226	226
188.0	0	207	207
189.0	0	226	226
190.0	0	243	243
191.0	0	184	184
192.0	0	217	217
193.0	0	185	185
194.0	0	169	169
195.0	0	196	196
196.0	0	205	205
197.0	0	189	189
198.0	0	182	182
199.0	0	177	177
200.0	0	171	171
201.0	0	163	163
202.0	0	196	196
203.0	0	191	191
204.0	0	165	165
205.0	0	174	174
206.0	0	178	178
207.0	0	164	164
208.0	0	190	190
209.0	0	160	160
210.0	0	180	180
211.0	0	148	148
212.0	0	163	163
213.0	0	164	164
214.0	0	181	181
215.0	0	158	158
216.0	0	147	147
217.0	0	163	163
218.0	0	157	157
219.0	0	195	195
220.0	0	178	178
221.0	0	143	143
222.0	0	163	163
223.0	0	146	146
224.0	0	158	158
225.0	0	153	153
226.0	0	142	142
227.0	0	139	139
228.0	0	129	129
229.0	0	147	147
230.0	0	151	151
231.0	0	117	117
232.0	0	123	123
233.0	0	113	113
234.0	0	137	137
235.0	0	110	110
236.0	0	116	116
237.0	0	102	102
238.0	0	135	135
239.0	0	131	131
240.0	0	123	123
241.0	0	117	117
242.0	0	114	114
243.0	0	125	125
244.0	0	120	120
245.0	0	127	127
246.0	0	128	128
247.0	0	108	108
248.0	0	126	126
249.0	0	102	102
250.0	0	97	97
251.0	0	107	107
252.0	0	114	114
253.0	0	107	107
254.0	0	135	135
255.0	0	118	118
256.0	0	108	108
257.0	0	109	109
258.0	0	109	109
259.0	0	101	101
260.0	0	85	85
261.0	0	90	90
262.0	0	108	108
263.0	0	109	109
264.0	0	88	88
265.0	0	95	95
266.0	0	106	106
267.0	0	88	88
268.0	0	79	79
269.0	0	77	77
270.0	0	88	88
271.0	0	90	90
272.0	0	90	90
273.0	0	90	90
274.0	0	87	87
275.0	0	91	91
276.0	0	84	84
277.0	0	88	88
278.0	0	102	102
279.0	0	91	91
280.0	0	80	80
281.0	0	84	84
282.0	0	87	87
283.0	0	81	81
284.0	0	79	79
285.0	0	71	71
286.0	0	80	80
287.0	0	78	78
288.0	0	61	61
289.0	0	63	63
290.0	0	70	70
291.0	0	75	75
292.0	0	84	84
293.0	0	90	90
294.0	0	78	78
295.0	0	87	87
296.0	0	70	70
297.0	0	91	91
298.0	0	59	59
299.0	0	69	69
300.0	0	56	56
301.0	0	68	68
302.0	0	75	75
303.0	0	56	56
304.0	0	58	58
305.0	0	74	74
306.0	0	68	68
307.0	0	76	76
308.0	0	69	69
309.0	0	58	58
310.0	0	65	65
311.0	0	59	59
312.0	0	74	74
313.0	0	79	79
314.0	0	57	57
315.0	0	49	49
316.0	0	63	63
317.0	0	56	56
318.0	0	56	56
319.0	0	61	61
320.0	0	66	66
321.0	0	50	50
322.0	0	51	51
323.0	0	78	78
324.0	0	72	72
325.0	0	49	49
326.0	0	57	57
327.0	0	54	54
328.0	0	69	69
329.0	0	51	51
330.0	0	48	48
331.0	0	57	57
332.0	0	61	61
333.0	0	49	49
334.0	0	73	73
335.0	0	52	52
336.0	0	70	70
337.0	0	55	55
338.0	0	53	53
339.0	0	54	54
340.0	0	53	53
341.0	0	45	45
342.0	0	62	62
343.0	0	51	51
344.0	0	51	51
345.0	0	53	53
346.0	0	52	52
347.0	0	38	38
348.0	0	50	50
349.0	0	52	52
350.0	0	52	52
351.0	0	50	50
352.0	0	62	62
353.0	0	42	42
354.0	0	45	45
355.0	0	48	48
356.0	0	58	58
357.0	0	58	58
358.0	0	37	37
359.0	0	34	34
360.0	0	39	39
361.0	0	43	43
362.0	0	41	41
363.0	0	47	47
364.0	0	60	60
365.0	0	47	47
366.0	0	34	34
367.0	0	37	37
368.0	0	43	43
369.0	0	54	54
370.0	0	30	30
371.0	0	50	50
372.0	0	46	46
373.0	0	41	41
374.0	0	48	48
375.0	0	37	37
376.0	0	53	53
377.0	0	42	42
378.0	0	37	37
379.0	0	52	52
380.0	0	40	40
381.0	0	31	31
382.0	0	39	39
383.0	0	47	47
384.0	0	37	37
385.0	0	47	47
386.0	0	42	42
387.0	0	40	40
388.0	0	43	43
389.0	0	33	33
390.0	0	44	44
391.0	0	40	40
392.0	0	43	43
393.0	0	43	43
394.0	0	33	33
395.0	0	40	40
396.0	0	36	36
397.0	0	39	39
398.0	0	35	35
399.0	0	39	39
400.0	0	34	34
401.0	0	41	41
402.0	0	36	36
403.0	0	47	47
404.0	0	37	37
405.0	0	23	23
406.0	0	24	24
407.0	0	32	32
408.0	0	39	39
409.0	0	33	33
410.0	0	49	49
411.0	0	52	52
412.0	0	31	31
413.0	0	34	34
414.0	0	26	26
415.0	0	35	35
416.0	0	36	36
417.0	0	26	26
418.0	0	25	25
419.0	0	33	33
420.0	0	36	36
421.0	0	22	22
422.0	0	30	30
423.0	0	38	38
424.0	0	29	29
425.0	0	36	36
426.0	0	37	37
427.0	0	17	17
428.0	0	31	31
429.0	0	36	36
430.0	0	31	31
431.0	0	25	25
432.0	0	27	27
433.0	0	30	30
434.0	0	33	33
435.0	0	27	27
436.0	0	23	23
437.0	0	23	23
438.0	0	26	26
439.0	0	35	35
440.0	0	33	33
441.0	0	33	33
442.0	0	28	28
443.0	0	32	32
444.0	0	24	24
445.0	0	24	24
446.0	0	35	35
447.0	0	29	29
448.0	0	27	27
449.0	0	27	27
450.0	0	33	33
451.0	0	24	24
452.0	0	19	19
453.0	0	23	23
454.0	0	23	23
455.0	0	29	29
456.0	0	28	28
457.0	0	30	30
458.0	0	28	28
459.0	0	26	26
460.0	0	23	23
461.0	0	34	34
462.0	0	31	31
463.0	0	28	28
464.0	0	27	27
465.0	0	25	25
466.0	0	26	26
467.0	0	19	19
468.0	0	13	13
469.0	0	29	29
470.0	0	24	24
471.0	0	20	20
472.0	0	18	18
473.0	0	30	30
474.0	0	27	27
475.0	0	18	18
476.0	0	22	22
477.0	0	24	24
478.0	0	21	21
479.0	0	22	22
480.0	0	29	29
481.0	0	20	20
482.0	0	20	20
483.0	0	26	26
484.0	0	23	23
485.0	0	25	25
486.0	0	17	17
487.0	0	19	19
488.0	0	22	22
489.0	0	25	25
490.0	0	16	16
491.0	0	18	18
492.0	0	20	20
493.0	0	24	24
494.0	0	17	17
495.0	0	18	18
496.0	0	22	22
497.0	0	25	25
498.0	0	16	16
499.0	0	15	15
500.0	0	27	27
501.0	0	15	15
502.0	0	18	18
503.0	0	16	16
504.0	0	31	31
505.0	0	19	19
506.0	0	19	19
507.0	0	18	18
508.0	0	15	15
509.0	0	19	19
510.0	0	17	17
511.0	0	19	19
512.0	0	11	11
513.0	0	18	18
514.0	0	16	16
515.0	0	18	18
516.0	0	18	18
517.0	0	14	14
518.0	0	20	20
519.0	0	23	23
520.0	0	16	16
521.0	0	18	18
522.0	0	12	12
523.0	0	13	13
524.0	0	15	15
525.0	0	17	17
526.0	0	22	22
527.0	0	19	19
528.0	0	22	22
529.0	0	21	21
530.0	0	16	16
531.0	0	12	12
532.0	0	11	11
533.0	0	15	15
534.0	0	19	19
535.0	0	19	19
536.0	0	17	17
537.0	0	16	16
538.0	0	12	12
539.0	0	16	16
540.0	0	17	17
541.0	0	10	10
542.0	0	13	13
543.0	0	11	11
544.0	0	15	15
545.0	0	16	16
546.0	0	24	24
547.0	0	16	16
548.0	0	18	18
549.0	0	16	16
550.0	0	14	14
551.0	0	21	21
552.0	0	15	15
553.0	0	18	18
554.0	0	11	11
555.0	0	16	16
556.0	0	12	12
557.0	0	21	21
558.0	0	12	12
559.0	0	24	24
560.0	0	12	12
561.0	0	19	19
562.0	0	25	25
563.0	0	18	18
564.0	0	14	14
565.0	0	14	14
566.0	0	13	13
567.0	0	17	17
568.0	0	12	12
569.0	0	18	18
570.0	0	14	14
571.0	0	21	21
572.0	0	22	22
573.0	0	16	16
574.0	0	20	20
575.0	0	19	19
576.0	0	22	22
577.0	0	19	19
578.0	0	16	16
579.0	0	18	18
580.0	0	14	14
581.0	0	15	15
582.0	0	15	15
583.0	0	12	12
584.0	0	15	15
585.0	0	19	19
586.0	0	11	11
587.0	0	14	14
588.0	0	16	16
589.0	0	15	15
590.0	0	13	13
591.0	0	13	13
592.0	0	7	7
593.0	0	16	16
594.0	0	17	17
595.0	0	6	6
596.0	0	12	12
597.0	0	10	10
598.0	0	17	17
599.0	0	7	7
600.0	0	11	11
601.0	0	18	18
602.0	0	10	10
603.0	0	13	13
604.0	0	12	12
605.0	0	13	13
606.0	0	9	9
607.0	0	11	11
608.0	0	14	14
609.0	0	13	13
610.0	0	8	8
611.0	0	9	9
612.0	0	10	10
613.0	0	14	14
614.0	0	8	8
615.0	0	12	12
616.0	0	14	14
617.0	0	15	15
618.0	0	8	8
619.0	0	12	12
620.0	0	13	13
621.0	0	11	11
622.0	0	9	9
623.0	0	13	13
624.0	0	7	7
625.0	0	7	7
626.0	0	13	13
627.0	0	9	9
628.0	0	12	12
629.0	0	14	14
630.0	0	8	8
631.0	0	22	22
632.0	0	12	12
633.0	0	10	10
634.0	0	9	9
635.0	0	15	15
636.0	0	9	9
637.0	0	15	15
638.0	0	9	9
639.0	0	10	10
640.0	0	8	8
641.0	0	6	6
642.0	0	15	15
643.0	0	9	9
644.0	0	12	12
645.0	0	11	11
646.0	0	12	12
647.0	0	5	5
648.0	0	12	12
649.0	0	6	6
650.0	0	10	10
651.0	0	16	16
652.0	0	13	13
653.0	0	9	9
654.0	0	13	13
655.0	0	11	11
656.0	0	11	11
657.0	0	9	9
658.0	0	6	6
659.0	0	7	7
660.0	0	10	10
661.0	0	11	11
662.0	0	9	9
663.0	0	4	4
664.0	0	11	11
665.0	0	9	9
666.0	0	11	11
667.0	0	8	8
668.0	0	11	11
669.0	0	10	10
670.0	0	7	7
671.0	0	15	15
672.0	0	13	13
673.0	0	6	6
674.0	0	7	7
675.0	0	7	7
676.0	0	13	13
677.0	0	18	18
678.0	0	6	6
679.0	0	7	7
680.0	0	6	6
681.0	0	7	7
682.0	0	6	6
683.0	0	7	7
684.0	0	13	13
685.0	0	16	16
686.0	0	5	5
687.0	0	12	12
688.0	0	10	10
689.0	0	6	6
690.0	0	9	9
691.0	0	13	13
692.0	0	12	12
693.0	0	12	12
694.0	0	6	6
695.0	0	14	14
696.0	0	6	6
697.0	0	5	5
698.0	0	11	11
699.0	0	6	6
700.0	0	7	7
701.0	0	4	4
702.0	0	9	9
703.0	0	10	10
704.0	0	7	7
705.0	0	11	11
706.0	0	10	10
707.0	0	14	14
708.0	0	5	5
709.0	0	7	7
710.0	0	6	6
711.0	0	8	8
712.0	0	6	6
713.0	0	6	6
714.0	0	11	11
715.0	0	9	9
716.0	0	9	9
717.0	0	10	10
718.0	0	9	9
719.0	0	9	9
720.0	0	8	8
721.0	0	9	9
722.0	0	4	4
723.0	0	6	6
724.0	0	6	6
725.0	0	14	14
726.0	0	14	14
727.0	0	10	10
728.0	0	8	8
729.0	0	10	10
730.0	0	7	7
731.0	0	9	9
732.0	0	2	2
733.0	0	7	7
734.0	0	4	4
735.0	0	8	8
736.0	0	5	5
737.0	0	2	2
738.0	0	8	8
739.0	0	3	3
740.0	0	10	10
741.0	0	7	7
742.0	0	7	7
743.0	0	3	3
744.0	0	7	7
745.0	0	10	10
746.0	0	7	7
747.0	0	8	8
748.0	0	8	8
749.0	0	6	6
750.0	0	6	6
751.0	0	8	8
752.0	0	3	3
753.0	0	6	6
754.0	0	7	7
755.0	0	5	5
756.0	0	6	6
757.0	0	9	9
758.0	0	12	12
759.0	0	5	5
760.0	0	7	7
761.0	0	6	6
762.0	0	4	4
763.0	0	13	13
764.0	0	5	5
765.0	0	8	8
766.0	0	4	4
767.0	0	7	7
768.0	0	3	3
769.0	0	4	4
770.0	0	4	4
771.0	0	3	3
772.0	0	4	4
773.0	0	4	4
774.0	0	9	9
775.0	0	10	10
776.0	0	6	6
777.0	0	9	9
778.0	0	9	9
779.0	0	6	6
780.0	0	4	4
781.0	0	5	5
782.0	0	4	4
783.0	0	4	4
784.0	0	3	3
785.0	0	1	1
786.0	0	3	3
787.0	0	4	4
788.0	0	9	9
789.0	0	4	4
790.0	0	2	2
791.0	0	5	5
792.0	0	4	4
793.0	0	3	3
794.0	0	7	7
795.0	0	7	7
796.0	0	4	4
797.0	0	4	4
798.0	0	7	7
799.0	0	5	5
800.0	0	5	5
801.0	0	8	8
802.0	0	8	8
803.0	0	3	3
804.0	0	4	4
805.0	0	6	6
806.0	0	4	4
807.0	0	4	4
808.0	0	6	6
809.0	0	3	3
810.0	0	2	2
811.0	0	7	7
812.0	0	5	5
813.0	0	8	8
814.0	0	5	5
815.0	0	2	2
816.0	0	5	5
818.0	0	6	6
819.0	0	6	6
820.0	0	5	5
821.0	0	6	6
822.0	0	7	7
823.0	0	4	4
824.0	0	2	2
825.0	0	7	7
826.0	0	3	3
827.0	0	3	3
828.0	0	4	4
829.0	0	4	4
830.0	0	7	7
831.0	0	3	3
832.0	0	4	4
833.0	0	9	9
834.0	0	3	3
835.0	0	4	4
836.0	0	7	7
837.0	0	5	5
838.0	0	4	4
839.0	0	8	8
840.0	0	4	4
841.0	0	5	5
842.0	0	5	5
843.0	0	4	4
844.0	0	4	4
845.0	0	3	3
846.0	0	7	7
847.0	0	11	11
848.0	0	2	2
849.0	0	7	7
850.0	0	3	3
851.0	0	5	5
852.0	0	3	3
853.0	0	6	6
854.0	0	3	3
855.0	0	11	11
856.0	0	4	4
857.0	0	4	4
858.0	0	3	3
859.0	0	8	8
860.0	0	8	8
861.0	0	4	4
862.0	0	7	7
863.0	0	3	3
864.0	0	3	3
865.0	0	3	3
866.0	0	4	4
867.0	0	5	5
868.0	0	3	3
869.0	0	4	4
870.0	0	2	2
871.0	0	9	9
872.0	0	5	5
873.0	0	4	4
874.0	0	3	3
875.0	0	4	4
876.0	0	3	3
877.0	0	2	2
878.0	0	6	6
879.0	0	5	5
880.0	0	1	1
881.0	0	3	3
882.0	0	2	2
883.0	0	5	5
884.0	0	6	6
885.0	0	4	4
886.0	0	7	7
887.0	0	3	3
888.0	0	8	8
889.0	0	6	6
890.0	0	3	3
891.0	0	8	8
892.0	0	5	5
893.0	0	2	2
894.0	0	5	5
895.0	0	4	4
896.0	0	4	4
897.0	0	3	3
898.0	0	4	4
899.0	0	3	3
900.0	0	1	1
901.0	0	5	5
902.0	0	4	4
903.0	0	6	6
904.0	0	3	3
905.0	0	2	2
906.0	0	1	1
907.0	0	4	4
908.0	0	4	4
909.0	0	4	4
910.0	0	2	2
911.0	0	3	3
912.0	0	6	6
913.0	0	3	3
914.0	0	3	3
915.0	0	6	6
916.0	0	2	2
917.0	0	5	5
918.0	0	4	4
919.0	0	6	6
920.0	0	2	2
921.0	0	6	6
922.0	0	2	2
923.0	0	2	2
924.0	0	3	3
925.0	0	7	7
926.0	0	2	2
927.0	0	1	1
928.0	0	1	1
929.0	0	2	2
930.0	0	4	4
931.0	0	5	5
932.0	0	4	4
933.0	0	5	5
934.0	0	5	5
935.0	0	1	1
937.0	0	4	4
938.0	0	7	7
939.0	0	2	2
940.0	0	4	4
941.0	0	7	7
942.0	0	4	4
944.0	0	5	5
945.0	0	3	3
946.0	0	2	2
947.0	0	3	3
949.0	0	7	7
950.0	0	2	2
951.0	0	3	3
952.0	0	1	1
953.0	0	4	4
954.0	0	4	4
955.0	0	7	7
956.0	0	2	2
957.0	0	2	2
958.0	0	1	1
959.0	0	3	3
960.0	0	5	5
961.0	0	4	4
962.0	0	4	4
963.0	0	4	4
964.0	0	5	5
965.0	0	1	1
966.0	0	2	2
967.0	0	1	1
968.0	0	4	4
969.0	0	5	5
970.0	0	4	4
971.0	0	4	4
972.0	0	1	1
973.0	0	5	5
974.0	0	5	5
975.0	0	2	2
976.0	0	7	7
977.0	0	4	4
978.0	0	2	2
979.0	0	3	3
980.0	0	3	3
981.0	0	2	2
982.0	0	5	5
983.0	0	3	3
984.0	0	2	2
985.0	0	3	3
986.0	0	3	3
987.0	0	3	3
988.0	0	6	6
989.0	0	5	5
990.0	0	3	3
991.0	0	2	2
992.0	0	1	1
993.0	0	1	1
995.0	0	3	3
996.0	0	4	4
997.0	0	5	5
998.0	0	3	3
999.0	0	2	2
1000.0	0	2	2
1001.0	0	3	3
1002.0	0	3	3
1003.0	0	1	1
1004.0	0	1	1
1005.0	0	2	2
1006.0	0	3	3
1007.0	0	5	5
1008.0	0	2	2
1009.0	0	8	8
1010.0	0	2	2
1011.0	0	2	2
1012.0	0	1	1
1013.0	0	2	2
1014.0	0	4	4
1015.0	0	4	4
1016.0	0	7	7
1017.0	0	2	2
1018.0	0	4	4
1019.0	0	7	7
1020.0	0	3	3
1021.0	0	2	2
1022.0	0	4	4
1023.0	0	2	2
1024.0	0	1	1
1025.0	0	2	2
1026.0	0	4	4
1027.0	0	2	2
1028.0	0	2	2
1029.0	0	2	2
1030.0	0	3	3
1031.0	0	2	2
1032.0	0	3	3
1033.0	0	2	2
1035.0	0	3	3
1036.0	0	2	2
1037.0	0	2	2
1038.0	0	2	2
1039.0	0	8	8
1040.0	0	2	2
1041.0	0	1	1
1042.0	0	1	1
1043.0	0	5	5
1044.0	0	4	4
1045.0	0	1	1
1046.0	0	3	3
1047.0	0	5	5
1048.0	0	5	5
1049.0	0	5	5
1050.0	0	4	4
1051.0	0	1	1
1052.0	0	3	3
1053.0	0	2	2
1054.0	0	2	2
1055.0	0	3	3
1056.0	0	2	2
1057.0	0	3	3
1058.0	0	5	5
1059.0	0	3	3
1060.0	0	3	3
1061.0	0	2	2
1062.0	0	5	5
1063.0	0	1	1
1064.0	0	3	3
1065.0	0	2	2
1066.0	0	1	1
1067.0	0	3	3
1068.0	0	2	2
1069.0	0	4	4
1070.0	0	2	2
1071.0	0	3	3
1072.0	0	4	4
1073.0	0	2	2
1074.0	0	4	4
1075.0	0	5	5
1076.0	0	3	3
1077.0	0	3	3
1079.0	0	1	1
1080.0	0	1	1
1081.0	0	6	6
1082.0	0	4	4
1083.0	0	3	3
1084.0	0	4	4
1085.0	0	4	4
1086.0	0	3	3
1087.0	0	1	1
1088.0	0	2	2
1089.0	0	2	2
1090.0	0	2	2
1091.0	0	4	4
1092.0	0	1	1
1093.0	0	2	2
1095.0	0	3	3
1097.0	0	1	1
1098.0	0	2	2
1099.0	0	4	4
1100.0	0	1	1
1101.0	0	2	2
1102.0	0	2	2
1103.0	0	1	1
1104.0	0	5	5
1105.0	0	2	2
1108.0	0	1	1
1109.0	0	3	3
1110.0	0	3	3
1112.0	0	5	5
1113.0	0	3	3
1114.0	0	6	6
1115.0	0	3	3
1116.0	0	3	3
1117.0	0	3	3
1118.0	0	4	4
1119.0	0	6	6
1120.0	0	2	2
1121.0	0	1	1
1122.0	0	1	1
1123.0	0	2	2
1124.0	0	2	2
1125.0	0	2	2
1126.0	0	1	1
1127.0	0	2	2
1128.0	0	3	3
1129.0	0	3	3
1130.0	0	2	2
1131.0	0	1	1
1132.0	0	2	2
1133.0	0	1	1
1134.0	0	2	2
1135.0	0	2	2
1136.0	0	1	1
1138.0	0	1	1
1139.0	0	1	1
1140.0	0	4	4
1141.0	0	1	1
1143.0	0	1	1
1144.0	0	1	1
1145.0	0	1	1
1146.0	0	1	1
1147.0	0	4	4
1148.0	0	3	3
1149.0	0	1	1
1150.0	0	2	2
1151.0	0	1	1
1152.0	0	3	3
1153.0	0	2	2
1154.0	0	1	1
1155.0	0	1	1
1156.0	0	1	1
1157.0	0	2	2
1158.0	0	1	1
1159.0	0	2	2
1160.0	0	1	1
1161.0	0	1	1
1162.0	0	2	2
1163.0	0	2	2
1164.0	0	1	1
1165.0	0	3	3
1166.0	0	1	1
1167.0	0	1	1
1168.0	0	2	2
1169.0	0	1	1
1170.0	0	1	1
1171.0	0	1	1
1172.0	0	2	2
1173.0	0	3	3
1175.0	0	1	1
1176.0	0	1	1
1178.0	0	3	3
1179.0	0	1	1
1180.0	0	1	1
1181.0	0	1	1
1183.0	0	4	4
1184.0	0	1	1
1185.0	0	2	2
1186.0	0	1	1
1187.0	0	2	2
1188.0	0	2	2
1189.0	0	5	5
1190.0	0	2	2
1191.0	0	2	2
1192.0	0	2	2
1193.0	0	1	1
1195.0	0	2	2
1196.0	0	1	1
1198.0	0	1	1
1199.0	0	1	1
1200.0	0	2	2
1201.0	0	1	1
1202.0	0	1	1
1204.0	0	2	2
1205.0	0	1	1
1206.0	0	2	2
1207.0	0	1	1
1208.0	0	1	1
1209.0	0	1	1
1210.0	0	2	2
1211.0	0	2	2
1213.0	0	2	2
1214.0	0	1	1
1215.0	0	2	2
1216.0	0	1	1
1217.0	0	1	1
1218.0	0	3	3
1219.0	0	3	3
1220.0	0	2	2
1221.0	0	3	3
1222.0	0	1	1
1223.0	0	3	3
1224.0	0	3	3
1225.0	0	1	1
1226.0	0	1	1
1228.0	0	2	2
1229.0	0	1	1
1230.0	0	2	2
1231.0	0	1	1
1232.0	0	2	2
1233.0	0	1	1
1234.0	0	2	2
1235.0	0	2	2
1237.0	0	4	4
1238.0	0	2	2
1239.0	0	3	3
1241.0	0	1	1
1244.0	0	1	1
1245.0	0	4	4
1246.0	0	1	1
1247.0	0	1	1
1248.0	0	4	4
1249.0	0	3	3
1250.0	0	1	1
1252.0	0	4	4
1253.0	0	2	2
1254.0	0	4	4
1256.0	0	3	3
1257.0	0	2	2
1258.0	0	1	1
1259.0	0	1	1
1260.0	0	1	1
1262.0	0	1	1
1263.0	0	3	3
1265.0	0	1	1
1266.0	0	1	1
1267.0	0	1	1
1269.0	0	1	1
1270.0	0	1	1
1271.0	0	1	1
1272.0	0	2	2
1273.0	0	1	1
1274.0	0	1	1
1275.0	0	1	1
1276.0	0	2	2
1277.0	0	3	3
1278.0	0	1	1
1280.0	0	1	1
1281.0	0	3	3
1282.0	0	2	2
1283.0	0	3	3
1284.0	0	2	2
1286.0	0	1	1
1287.0	0	1	1
1290.0	0	1	1
1291.0	0	1	1
1292.0	0	2	2
1293.0	0	1	1
1294.0	0	1	1
1295.0	0	1	1
1296.0	0	3	3
1298.0	0	1	1
1299.0	0	1	1
1305.0	0	1	1
1306.0	0	1	1
1307.0	0	2	2
1309.0	0	1	1
1310.0	0	6	6
1311.0	0	3	3
1312.0	0	4	4
1313.0	0	4	4
1314.0	0	1	1
1315.0	0	1	1
1316.0	0	1	1
1317.0	0	1	1
1318.0	0	2	2
1320.0	0	1	1
1321.0	0	1	1
1322.0	0	3	3
1323.0	0	1	1
1324.0	0	1	1
1325.0	0	1	1
1326.0	0	2	2
1327.0	0	1	1
1328.0	0	1	1
1330.0	0	1	1
1331.0	0	1	1
1332.0	0	2	2
1335.0	0	2	2
1336.0	0	1	1
1339.0	0	2	2
1342.0	0	1	1
1343.0	0	2	2
1345.0	0	2	2
1346.0	0	1	1
1347.0	0	3	3
1349.0	0	1	1
1350.0	0	1	1
1353.0	0	1	1
1355.0	0	3	3
1356.0	0	1	1
1357.0	0	1	1
1360.0	0	1	1
1363.0	0	2	2
1365.0	0	1	1
1368.0	0	2	2
1371.0	0	2	2
1372.0	0	2	2
1373.0	0	1	1
1374.0	0	1	1
1375.0	0	2	2
1376.0	0	2	2
1378.0	0	2	2
1379.0	0	1	1
1380.0	0	4	4
1381.0	0	3	3
1382.0	0	1	1
1383.0	0	2	2
1384.0	0	3	3
1386.0	0	1	1
1388.0	0	1	1
1391.0	0	1	1
1392.0	0	2	2
1393.0	0	1	1
1394.0	0	2	2
1395.0	0	1	1
1396.0	0	2	2
1397.0	0	1	1
1399.0	0	2	2
1400.0	0	1	1
1401.0	0	2	2
1402.0	0	2	2
1403.0	0	1	1
1404.0	0	1	1
1405.0	0	2	2
1406.0	0	2	2
1407.0	0	1	1
1408.0	0	1	1
1409.0	0	1	1
1410.0	0	4	4
1411.0	0	2	2
1412.0	0	3	3
1416.0	0	2	2
1417.0	0	2	2
1418.0	0	2	2
1420.0	0	2	2
1421.0	0	2	2
1425.0	0	1	1
1427.0	0	2	2
1428.0	0	1	1
1429.0	0	2	2
1431.0	0	1	1
1432.0	0	1	1
1433.0	0	2	2
1438.0	0	1	1
1440.0	0	2	2
1441.0	0	1	1
1442.0	0	1	1
1443.0	0	2	2
1446.0	0	2	2
1447.0	0	1	1
1448.0	0	1	1
1449.0	0	1	1
1452.0	0	1	1
1453.0	0	2	2
1454.0	0	1	1
1455.0	0	2	2
1456.0	0	1	1
1457.0	0	3	3
1458.0	0	3	3
1459.0	0	3	3
1460.0	0	1	1
1461.0	0	2	2
1463.0	0	2	2
1464.0	0	2	2
1468.0	0	3	3
1469.0	0	2	2
1471.0	0	1	1
1473.0	0	2	2
1475.0	0	1	1
1478.0	0	3	3
1479.0	0	1	1
1480.0	0	1	1
1481.0	0	2	2
1482.0	0	2	2
1485.0	0	1	1
1486.0	0	4	4
1488.0	0	2	2
1490.0	0	1	1
1493.0	0	2	2
1494.0	0	2	2
1495.0	0	1	1
1496.0	0	1	1
1498.0	0	1	1
1499.0	0	1	1
1500.0	0	2	2
1501.0	0	1	1
1503.0	0	3	3
1509.0	0	2	2
1510.0	0	1	1
1511.0	0	1	1
1512.0	0	1	1
1513.0	0	2	2
1515.0	0	1	1
1517.0	0	1	1
1518.0	0	1	1
1519.0	0	1	1
1521.0	0	2	2
1522.0	0	4	4
1523.0	0	1	1
1524.0	0	1	1
1529.0	0	1	1
1531.0	0	1	1
1532.0	0	1	1
1533.0	0	1	1
1534.0	0	2	2
1536.0	0	1	1
1537.0	0	2	2
1539.0	0	3	3
1540.0	0	2	2
1542.0	0	2	2
1543.0	0	1	1
1544.0	0	2	2
1546.0	0	1	1
1548.0	0	1	1
1549.0	0	3	3
1555.0	0	1	1
1556.0	0	1	1
1559.0	0	2	2
1561.0	0	1	1
1562.0	0	1	1
1563.0	0	1	1
1570.0	0	1	1
1571.0	0	2	2
1572.0	0	1	1
1573.0	0	1	1
1574.0	0	2	2
1575.0	0	2	2
1576.0	0	1	1
1577.0	0	1	1
1580.0	0	1	1
1584.0	0	1	1
1587.0	0	1	1
1588.0	0	1	1
1589.0	0	2	2
1590.0	0	1	1
1591.0	0	1	1
1592.0	0	1	1
1593.0	0	1	1
1596.0	0	1	1
1599.0	0	1	1
1600.0	0	1	1
1601.0	0	1	1
1602.0	0	1	1
1604.0	0	2	2
1605.0	0	1	1
1607.0	0	1	1
1610.0	0	1	1
1612.0	0	1	1
1617.0	0	2	2
1620.0	0	2	2
1623.0	0	1	1
1624.0	0	2	2
1625.0	0	1	1
1626.0	0	1	1
1627.0	0	1	1
1628.0	0	1	1
1629.0	0	1	1
1630.0	0	1	1
1637.0	0	1	1
1639.0	0	1	1
1640.0	0	1	1
1642.0	0	1	1
1645.0	0	1	1
1649.0	0	1	1
1651.0	0	1	1
1652.0	0	1	1
1655.0	0	1	1
1656.0	0	1	1
1657.0	0	1	1
1658.0	0	1	1
1660.0	0	2	2
1661.0	0	2	2
1662.0	0	1	1
1664.0	0	1	1
1667.0	0	1	1
1669.0	0	1	1
1671.0	0	1	1
1674.0	0	1	1
1681.0	0	2	2
1682.0	0	1	1
1686.0	0	1	1
1687.0	0	1	1
1688.0	0	1	1
1690.0	0	1	1
1692.0	0	2	2
1693.0	0	1	1
1696.0	0	1	1
1699.0	0	1	1
1702.0	0	1	1
1703.0	0	2	2
1704.0	0	2	2
1706.0	0	1	1
1710.0	0	1	1
1715.0	0	1	1
1716.0	0	1	1
1721.0	0	1	1
1722.0	0	1	1
1726.0	0	1	1
1727.0	0	1	1
1729.0	0	1	1
1735.0	0	1	1
1737.0	0	1	1
1745.0	0	2	2
1747.0	0	1	1
1749.0	0	1	1
1750.0	0	2	2
1758.0	0	1	1
1760.0	0	1	1
1762.0	0	1	1
1774.0	0	1	1
1778.0	0	1	1
1781.0	0	1	1
1785.0	0	1	1
1786.0	0	1	1
1787.0	0	1	1
1789.0	0	1	1
1791.0	0	1	1
1794.0	0	2	2
1804.0	0	1	1
1809.0	0	1	1
1810.0	0	1	1
1814.0	0	1	1
1821.0	0	1	1
1822.0	0	2	2
1823.0	0	1	1
1824.0	0	1	1
1828.0	0	2	2
1829.0	0	1	1
1834.0	0	2	2
1838.0	0	1	1
1839.0	0	1	1
1841.0	0	1	1
1844.0	0	1	1
1845.0	0	2	2
1848.0	0	1	1
1850.0	0	1	1
1854.0	0	1	1
1855.0	0	1	1
1856.0	0	1	1
1858.0	0	1	1
1859.0	0	1	1
1860.0	0	1	1
1864.0	0	1	1
1873.0	0	1	1
1876.0	0	1	1
1890.0	0	1	1
1892.0	0	1	1
1900.0	0	1	1
1916.0	0	1	1
1917.0	0	1	1
1921.0	0	1	1
1922.0	0	1	1
1925.0	0	2	2
1928.0	0	2	2
1931.0	0	1	1
1932.0	0	1	1
1938.0	0	1	1
1947.0	0	1	1
1948.0	0	1	1
1954.0	0	1	1
1970.0	0	1	1
1974.0	0	1	1
1976.0	0	1	1
1983.0	0	1	1
1985.0	0	1	1
1988.0	0	1	1
1990.0	0	1	1
1996.0	0	1	1
2002.0	0	1	1
2003.0	0	1	1
2008.0	0	2	2
2009.0	0	1	1
2012.0	0	1	1
2013.0	0	1	1
2014.0	0	1	1
2015.0	0	1	1
2022.0	0	1	1
2025.0	0	1	1
2026.0	0	1	1
2037.0	0	1	1
2040.0	0	1	1
2042.0	0	1	1
2051.0	0	1	1
2053.0	0	1	1
2055.0	0	1	1
2058.0	0	1	1
2061.0	0	1	1
2065.0	0	1	1
2072.0	0	1	1
2073.0	0	1	1
2083.0	0	1	1
2093.0	0	1	1
2100.0	0	2	2
2106.0	0	1	1
2111.0	0	1	1
2112.0	0	1	1
2118.0	0	2	2
2122.0	0	1	1
2125.0	0	1	1
2129.0	0	1	1
2138.0	0	2	2
2144.0	0	1	1
2150.0	0	1	1
2153.0	0	1	1
2156.0	0	1	1
2160.0	0	2	2
2162.0	0	1	1
2163.0	0	1	1
2166.0	0	1	1
2168.0	0	1	1
2174.0	0	1	1
2178.0	0	1	1
2186.0	0	2	2
2188.0	0	2	2
2190.0	0	2	2
2193.0	0	2	2
2194.0	0	1	1
2200.0	0	1	1
2202.0	0	1	1
2211.0	0	1	1
2217.0	0	1	1
2220.0	0	1	1
2222.0	0	1	1
2228.0	0	2	2
2230.0	0	1	1
2234.0	0	1	1
2240.0	0	1	1
2244.0	0	1	1
2246.0	0	1	1
2256.0	0	1	1
2257.0	0	1	1
2258.0	0	1	1
2264.0	0	1	1
2274.0	0	1	1
2278.0	0	1	1
2281.0	0	1	1
2285.0	0	1	1
2294.0	0	1	1
2295.0	0	1	1
2298.0	0	1	1
2306.0	0	1	1
2308.0	0	1	1
2311.0	0	1	1
2314.0	0	1	1
2317.0	0	1	1
2324.0	0	1	1
2325.0	0	1	1
2327.0	0	1	1
2330.0	0	1	1
2331.0	0	1	1
2335.0	0	1	1
2338.0	0	1	1
2342.0	0	1	1
2347.0	0	1	1
2352.0	0	1	1
2353.0	0	1	1
2355.0	0	1	1
2357.0	0	1	1
2359.0	0	1	1
2370.0	0	1	1
2375.0	0	1	1
2377.0	0	2	2
2382.0	0	1	1
2383.0	0	1	1
2390.0	0	1	1
2392.0	0	1	1
2393.0	0	1	1
2396.0	0	1	1
2422.0	0	1	1
2423.0	0	1	1
2424.0	0	1	1
2428.0	0	1	1
2431.0	0	1	1
2437.0	0	1	1
2442.0	0	1	1
2444.0	0	1	1
2450.0	0	1	1
2463.0	0	1	1
2479.0	0	2	2
2482.0	0	1	1
2483.0	0	1	1
2503.0	0	1	1
2515.0	0	1	1
2516.0	0	1	1
2526.0	0	1	1
2543.0	0	1	1
2552.0	0	1	1
2555.0	0	2	2
2557.0	0	1	1
2559.0	0	1	1
2562.0	0	1	1
2563.0	0	1	1
2571.0	0	1	1
2583.0	0	1	1
2595.0	0	1	1
2598.0	0	1	1
2603.0	0	1	1
2634.0	0	1	1
2641.0	0	1	1
2647.0	0	1	1
2652.0	0	1	1
2654.0	0	1	1
2663.0	0	1	1
2676.0	0	1	1
2681.0	0	1	1
2688.0	0	1	1
2694.0	0	1	1
2707.0	0	1	1
2709.0	0	1	1
2725.0	0	1	1
2743.0	0	1	1
2747.0	0	2	2
2752.0	0	1	1
2773.0	0	1	1
2784.0	0	1	1
2807.0	0	1	1
2819.0	0	1	1
2827.0	0	1	1
2830.0	0	1	1
2831.0	0	1	1
2861.0	0	1	1
2888.0	0	1	1
2891.0	0	1	1
2930.0	0	1	1
2932.0	0	1	1
2942.0	0	1	1
2949.0	0	1	1
2954.0	0	1	1
2959.0	0	1	1
2971.0	0	1	1
2973.0	0	1	1
2980.0	0	1	1
2982.0	0	1	1
2992.0	0	1	1
3011.0	0	1	1
3046.0	0	1	1
3051.0	0	1	1
3052.0	0	1	1
3060.0	0	1	1
3064.0	0	1	1
3101.0	0	1	1
3111.0	0	1	1
3115.0	0	1	1
3147.0	0	1	1
3164.0	0	2	2
3173.0	0	1	1
3194.0	0	1	1
3216.0	0	1	1
3241.0	0	1	1
3272.0	0	1	1
3283.0	0	1	1
3314.0	0	1	1
3378.0	0	1	1
3384.0	0	1	1
3401.0	0	1	1
3410.0	0	1	1
3432.0	0	1	1
3481.0	0	1	1
3520.0	0	1	1
3570.0	0	1	1
3571.0	0	1	1
3589.0	0	1	1
3621.0	0	1	1
3719.0	0	1	1
3744.0	0	1	1
3751.0	0	1	1
3883.0	0	1	1
3994.0	0	1	1
4091.0	0	1	1
4155.0	0	1	1
4167.0	0	1	1
4197.0	0	1	1
4277.0	0	1	1
4406.0	0	1	1
4407.0	0	1	1
4457.0	0	1	1
4552.0	0	1	1
4610.0	0	1	1
4753.0	0	1	1
5143.0	0	1	1
5235.0	0	1	1
5290.0	0	1	1
5717.0	0	1	1
5911.0	0	1	1
6301.0	0	1	1
6828.0	0	1	1
7306.0	0	1	1
8595.0	0	1	1
11634.0	0	1	1

