metric	value
total_lines	9995290
barcodes	1000
read_q50	10005.000
read_q75	10182.750
read_q90	10343.300
read_q95	10438.000
read_q99	10569.400
depth_outlier_cut_q75_1.5iqr	10736.250

rank	barcode	reads	fragments	depth_ratio_to_median	shared_exact_read_frac	top_exact_partner	top_exact_partner_reads	top_exact_partner_frac	mean_fragment_len	multi_coord_sum	depth_outlier
1	GCCGCGATAAGCAAAA-1	10001	10001	0.999600	0.344366	GCTAAGTTTGAGCGTC-1	11	0.001100	310.424	7633	0
2	ACTCTAAAAACATCAA-1	10204	10204	1.019890	0.341043	GAGGCTACTCCATCAG-1	17	0.001666	305.099	7703	0
3	CCCACATGAGTAATTT-1	10086	10086	1.008096	0.341463	TCGCGCGCCGCGAATT-1	11	0.001091	309.472	7612	0
4	CCTCGTATTGGGGATA-1	10133	10133	1.012794	0.339978	AGAGGGAACTCAGCTA-1	12	0.001184	303.583	7584	0
5	CCGTAATCATGTAAAA-1	10992	10992	1.098651	0.335608	GTCACGGCATCAACCC-1	14	0.001274	307.088	8174	1
6	CCAGGTTCGGCTTGCA-1	10263	10263	1.025787	0.339082	AGGCCTAGGCGGCGTA-1	11	0.001072	307.713	7695	0
7	CACTGGTCCACGAATA-1	10017	10017	1.001199	0.340022	CCTGTAAAGCTTTGGA-1	12	0.001198	308.889	7539	0
8	GAGAGCTGGACCTCAC-1	10168	10168	1.016292	0.339005	GATTCCAGTAATGGTC-1	12	0.001180	309.048	7584	0
9	TTCGAGACGTAGAAAA-1	10226	10226	1.022089	0.338744	CCTGTGGATCGTTGTC-1	11	0.001076	300.800	7682	0
10	AAACAGCGCAATACAG-1	10304	10304	1.029885	0.337830	GACGGACGTGATTTCC-1	12	0.001165	310.353	7697	0
11	TGACCCTTTAAAAAAC-1	10399	10399	1.039380	0.337244	CTGTTACCGTAATACT-1	13	0.001250	307.528	7770	0
12	ACTACTGGCGGCACAG-1	9833	9833	0.982809	0.339978	AATCTATAAGTCAGAG-1	12	0.001220	308.055	7403	0
13	ATGGACCTCGTTACCC-1	10246	10246	1.024088	0.337790	TCCCCAAGAACGAACG-1	13	0.001269	307.396	7699	0
14	CAGGAAGTCGAAAAAC-1	10095	10095	1.008996	0.338484	GGGCGAGATGTTCAGT-1	12	0.001189	306.726	7611	0
15	CGTGCATAAGCGGAAT-1	10414	10414	1.040880	0.336566	TACCCAGATTCGAACT-1	11	0.001056	307.997	7720	0
16	ACCGGGCCGAGCACAC-1	10163	10163	1.015792	0.337696	CCCGGTCCGGACCTTC-1	11	0.001082	303.488	7593	0
17	TGTGTAGAAGTGGCAC-1	10175	10175	1.016992	0.337494	CAAAACGATGATACAA-1	12	0.001179	306.114	7600	0
18	CGGCGGTTGCTGTGTG-1	10569	10569	1.056372	0.335510	TTACCACTACTTTCTG-1	12	0.001135	310.999	7842	0
19	TCTATGAAAAGGCGTG-1	9857	9857	0.985207	0.338845	GGTGCCGTCCCCGCGT-1	13	0.001319	309.252	7422	0
20	AAGACTGGGAAAACGC-1	9810	9810	0.980510	0.338634	GACGTTTGAGCACACA-1	13	0.001325	311.223	7314	0
21	GAACTTGTCAGAAAGT-1	10122	10122	1.011694	0.337088	CGTTCAGAGTATTAGG-1	13	0.001284	307.868	7556	0
22	ATCTGACCACTTTGAA-1	10166	10166	1.016092	0.336907	ACCGCAGACCGGTAAT-1	12	0.001180	308.297	7566	0
23	GCGGGTCCAGTGCAGA-1	10107	10107	1.010195	0.337192	TTTCAAGCACTACGTT-1	11	0.001088	309.936	7514	0
24	CGTAGGCAAAGCGGCT-1	9928	9928	0.992304	0.338034	ACTTCCTGTGATAATA-1	11	0.001108	308.974	7439	0
25	GTACTGAATATATCCA-1	10006	10006	1.000100	0.337597	AGATAAACCAGTCAAA-1	12	0.001199	308.184	7476	0
26	TCATGCAAGAACTGCC-1	10074	10074	1.006897	0.337304	TATCGACACGCCAATG-1	11	0.001092	307.676	7487	0
27	TACGTTCACACTCCAT-1	10330	10330	1.032484	0.335915	GGTGACGTCAGCTCCG-1	12	0.001162	312.590	7688	0
28	CTCGCGATCGGGCCGT-1	10254	10254	1.024888	0.336161	TAGCAGGTACCACCTG-1	13	0.001268	307.442	7644	0
29	AGCAATAGACGCTGGA-1	10304	10304	1.029885	0.335889	ATCAGCTCGTTAACGA-1	13	0.001262	303.418	7634	0
30	TGACACACAAGCACTA-1	10321	10321	1.031584	0.335723	CGTGGGACGCCTCGGC-1	13	0.001260	303.798	7679	0
31	TGAGAGCGCTGGTATT-1	10069	10069	1.006397	0.336975	TCGTGCTGTTTCAGGC-1	12	0.001192	306.866	7493	0
32	AAACTAGGGCGTGACG-1	10286	10286	1.028086	0.335893	AACACTCGCAACGAGA-1	12	0.001167	309.824	7618	0
33	GCGTTACGCCTACGGA-1	10061	10061	1.005597	0.337044	CTATCCCAGACATAGT-1	11	0.001093	305.187	7520	0
34	TCGTAACTCTGATTCC-1	9518	9518	0.951324	0.339462	GCATGCACGTCAATAA-1	12	0.001261	308.175	7123	0
35	CCCCCGTCTGGTACGT-1	10308	10308	1.030285	0.335468	ACGTGCGGCCAAGTCT-1	12	0.001164	309.013	7681	0
36	CAGCTGGTCGTTACTA-1	10027	10027	1.002199	0.336890	CGTGGGACGCCTCGGC-1	11	0.001097	309.165	7419	0
37	CATCACGGAACGCCAG-1	9652	9652	0.964718	0.338686	CGACGGCTTTCTGAGT-1	11	0.001140	305.669	7213	0
38	CATCATTGTAGAGAGG-1	10248	10248	1.024288	0.335675	TCAACTTAAGGTACTA-1	10	0.000976	306.355	7603	0
39	AACTATTGAGACATTT-1	10372	10372	1.036682	0.334651	CGTTCAGAGTATTAGG-1	18	0.001735	303.969	7677	0
40	TTTGAACCATAATGTC-1	10380	10380	1.037481	0.334875	AAGCAAGCCTACGTCG-1	12	0.001156	307.032	7676	0
41	AAAGCTTACGGCTCAT-1	9687	9687	0.968216	0.338288	AGTTTCGTGTGGACTG-1	11	0.001136	304.542	7242	0
42	AACTATCAGATCATAT-1	10459	10459	1.045377	0.334353	GCTCGAGAATAGGAAC-1	13	0.001243	309.959	7736	0
43	GGGATGTTGTAACCCC-1	10066	10066	1.006097	0.336380	GTATTCCCTGTTCGCG-1	11	0.001093	301.684	7452	0
44	GTAGTGAAGCGAGTCT-1	10315	10315	1.030985	0.335046	ATTCAGCAGTGCCAGC-1	11	0.001066	309.557	7651	0
45	AATGATCTTCCTTAGT-1	10234	10234	1.022889	0.335255	TCTGCAAAACGCTAAC-1	12	0.001173	306.048	7598	0
46	TCCACAACACTACAAT-1	10041	10041	1.003598	0.336122	CGTGGGACGCCTCGGC-1	13	0.001295	306.739	7461	0
47	GGTTCATAAGAAGAAT-1	10113	10113	1.010795	0.335805	TAGTTCCCAGAACTTC-1	12	0.001187	308.637	7550	0
48	AGTTCGACTATCCTTT-1	10501	10501	1.049575	0.333683	GTGGGTGAAGGTGAAC-1	15	0.001428	306.983	7769	0
49	TTTGGTTAGTCAGATT-1	10122	10122	1.011694	0.335606	TTTCCACACCAATCTC-1	12	0.001186	306.122	7469	0
50	GAATTAGCGCCATAGC-1	9825	9825	0.982009	0.337099	TTGTCTCAAACAGGAT-1	11	0.001120	307.861	7294	0
51	CCATGTATTGATATGA-1	10331	10331	1.032584	0.334430	TCAACTTAAGGTACTA-1	13	0.001258	306.739	7686	0
52	AGGCGAGTGGCTCGGG-1	10251	10251	1.024588	0.334894	AGCACGTTTTAATGCA-1	11	0.001073	309.125	7602	0
53	TGGCATGAGCTACGAG-1	10613	10613	1.060770	0.332988	GGGTCATATCGTGTGT-1	13	0.001225	308.542	7879	0
54	TTACCACTACTTTCTG-1	10066	10066	1.006097	0.335684	CACGGTTGACCTAGTG-1	13	0.001291	304.076	7453	0
55	CGCGCACCACCTGTTT-1	10070	10070	1.006497	0.335650	AGCGTCGCTGAGTACG-1	11	0.001092	305.469	7469	0
56	GAACAGTCCGTCAGTC-1	10119	10119	1.011394	0.335112	CGTGTGGATCTGGCAG-1	15	0.001482	307.347	7504	0
57	AGCGTGGGTTTTTTGT-1	10162	10162	1.015692	0.335072	CCCCTATGAAGTCACA-1	11	0.001082	307.249	7517	0
58	GGGCGGCTGGCCTTAT-1	10221	10221	1.021589	0.334605	GGATGGGTACAGTGGC-1	12	0.001174	307.452	7593	0
59	AACAAATGTCTGCAAC-1	10474	10474	1.046877	0.333397	CGTGGATTAAGCCAAG-1	11	0.001050	306.839	7673	0
60	AAGATTTTACGTCTGA-1	10073	10073	1.006797	0.335253	AACCGAGCGTACCTCT-1	12	0.001191	307.148	7467	0
61	AATTGCTTACCGCCAC-1	9862	9862	0.985707	0.336240	TCCCTCAGCCCATGGC-1	12	0.001217	310.657	7373	0
62	GTCCAAAAGATTATAG-1	9782	9782	0.977711	0.336536	CCATGTATTGATATGA-1	12	0.001227	303.206	7238	0
63	GCATGCACGTCAATAA-1	10339	10339	1.033383	0.333688	TCGTAACTCTGATTCC-1	12	0.001161	306.069	7604	0
64	CGGAAGTTTCAGGCTC-1	10222	10222	1.021689	0.334279	GCGACACGCCGGGCAC-1	11	0.001076	307.353	7510	0
65	TGTCCCGCACCCACTG-1	10559	10559	1.055372	0.332607	GGCCCGAGCGAGGCCG-1	11	0.001042	303.106	7816	0
66	CCTGACGTTACCTGGC-1	9896	9896	0.989105	0.335691	ACTCTAAAAACATCAA-1	13	0.001314	306.397	7310	0
67	CCATTTCTGATGACTC-1	10191	10191	1.018591	0.334216	TGAGGGTCTTCCCTGA-1	13	0.001276	305.465	7550	0
68	TTAGGCGGATAGAACG-1	9810	9810	0.980510	0.336188	TGACCCTTTAAAAAAC-1	11	0.001121	309.907	7243	0
69	AATCTTAGGGTATTCT-1	10096	10096	1.009095	0.334687	GGTAGCTCTAAGTGCT-1	12	0.001189	310.835	7469	0
70	TAATGAGAATAGAGAG-1	10276	10276	1.027086	0.333690	GTCTGGATACCGATTT-1	14	0.001362	303.875	7578	0
71	CCCGGTCCGGACCTTC-1	10188	10188	1.018291	0.334217	AATGATTAGCGGAAGG-1	12	0.001178	302.154	7480	0
72	GGGTATTTAGGGCTCC-1	10560	10560	1.055472	0.332292	TATCAGAAAGCTGGGA-1	13	0.001231	302.180	7710	0
73	GATACGCCGTCTTTGT-1	10151	10151	1.014593	0.334351	AAAGAGCATCGAAACC-1	12	0.001182	307.081	7484	0
74	ACCATCATTTCACAAT-1	9975	9975	0.997001	0.335238	TTGCTTCGTTGTCCCT-1	11	0.001103	303.235	7408	0
75	GTCCTGCGCGCGATGC-1	10068	10068	1.006297	0.334724	TAATACAACGTAAGAT-1	11	0.001093	308.642	7483	0
76	AAGGTCTTGAGCCTGC-1	9935	9935	0.993003	0.335279	TTTTCCGGTGGTACAT-1	12	0.001208	310.444	7396	0
77	TCAAAGAGAACGTCAT-1	9981	9981	0.997601	0.335037	ACGACGTCATATAAAT-1	12	0.001202	302.992	7404	0
78	GAAAAGCACTACAATC-1	10083	10083	1.007796	0.334523	CCACGATTCATCCACA-1	12	0.001190	302.310	7466	0
79	ACGCCTTCTACTTATT-1	9936	9936	0.993103	0.335246	GAGAATATGCCGACGC-1	12	0.001208	306.651	7346	0
80	CATTACATCCGAGTGG-1	10413	10413	1.040780	0.332853	TAGCGGTGTTGGATCC-1	12	0.001152	307.784	7664	0
81	TATTTGTCAACGCGGG-1	10182	10182	1.017691	0.333923	TATGCACGACGCACTT-1	12	0.001179	305.470	7548	0
82	GCGAGCTACTTGACCG-1	9757	9757	0.975212	0.336066	GGAACTCTCTTCGTAT-1	11	0.001127	306.831	7236	0
83	GTTCCCCCGATGAGCG-1	9797	9797	0.979210	0.335919	CAGATATCCAAGTCGC-1	10	0.001021	306.307	7243	0
84	TGATCGGAGTGGAGAG-1	10047	10047	1.004198	0.334528	CACGCCGTACTTAGGG-1	12	0.001194	301.293	7431	0
85	AATGGCCGGCGTTGAT-1	9726	9726	0.972114	0.336109	GCGTAACTATAACCAA-1	12	0.001234	309.584	7185	0
86	GGCACTTAGAAACAAC-1	9865	9865	0.986007	0.335428	GGAACTCTCTTCGTAT-1	11	0.001115	308.470	7292	0
87	GAAGTAGGAGGCGAAA-1	9848	9848	0.984308	0.335500	ATCGATCCGTACTCTG-1	11	0.001117	304.307	7278	0
88	AGATCGGGCTATATCG-1	9995	9995	0.999000	0.334667	AGTAGTCGGTGACCTC-1	13	0.001301	307.176	7410	0
89	GCTGTCAGGGTACCCA-1	10313	10313	1.030785	0.333172	CTCCTGTCTTTAGCCC-1	11	0.001067	304.061	7586	0
90	TTGTCTCAAACAGGAT-1	9926	9926	0.992104	0.335080	GAATTAGCGCCATAGC-1	11	0.001108	306.982	7282	0
91	CATTCCGATCGTTTCT-1	10550	10550	1.054473	0.331943	AACACTCGCAACGAGA-1	12	0.001137	303.359	7719	0
92	GGTTCCTCTATTGGTG-1	9731	9731	0.972614	0.336039	ATGCAGCGAACTTAGT-1	11	0.001130	309.359	7222	0
93	TTAAAGAGCAACAGGT-1	9963	9963	0.995802	0.334939	CTGGTTGGAACCGGAA-1	10	0.001004	305.790	7350	0
94	CTTTTATGAAACCATT-1	10086	10086	1.008096	0.334226	TGGCGGTCTTTGCTGA-1	12	0.001190	307.292	7413	0
95	TCGGGCCGTTACTAAT-1	9850	9850	0.984508	0.335228	TTGCCGCATTTCGGTA-1	15	0.001523	303.363	7309	0
96	CGCACGCGTACTGCAG-1	10909	10909	1.090355	0.330094	TACACTAGTTTCGATA-1	12	0.001100	306.358	7950	1
97	TACAATGCACGTGGCA-1	10069	10069	1.006397	0.334293	ATGGTAGGAGTGAAAC-1	11	0.001092	307.072	7397	0
98	AGATAATAGCCCCGGG-1	10205	10205	1.019990	0.333562	AGTAAATCGTCATCCG-1	12	0.001176	306.262	7495	0
99	GACTATAATGATTTTT-1	10199	10199	1.019390	0.333562	GTGAAGGACCAATTGA-1	12	0.001177	306.703	7578	0
100	ATATTATTCACCGTGA-1	10220	10220	1.021489	0.333464	GATTTTGGGCGCGGCC-1	11	0.001076	308.877	7523	0
101	AGGCACATTCGCGTAT-1	9641	9641	0.963618	0.336272	ACAAGCAGTCAGTCTC-1	12	0.001245	302.018	7161	0
102	GTTGAATACAAACAAG-1	10104	10104	1.009895	0.333927	TTGTGGTCTTCGGGGG-1	12	0.001188	303.889	7404	0
103	TGTCTGATTAAGCCAG-1	10313	10313	1.030785	0.332881	GTCGACGCGCAGATGC-1	12	0.001164	306.295	7569	0
104	GAAGACAAAGTTCTGA-1	10054	10054	1.004898	0.334195	ACGAATCCTTGAGAAG-1	11	0.001094	307.804	7417	0
105	TACAAGAGATCTGGTT-1	10104	10104	1.009895	0.333828	CGAGTTCTTTACGCAG-1	13	0.001287	306.004	7462	0
106	TAGCCTATCTCCACAA-1	10027	10027	1.002199	0.334198	GGACATTACTCTCGCG-1	13	0.001296	303.738	7358	0
107	TGCCCCACAGGCTAGC-1	9964	9964	0.995902	0.334605	ACTTTCGAGACCCAAG-1	11	0.001104	307.721	7367	0
108	TTCTGAGAATCGGCGG-1	10299	10299	1.029385	0.332848	ATAGGGCATCCTAAGT-1	13	0.001262	311.594	7515	0
109	CCTTAACCATTAACGG-1	10374	10374	1.036882	0.332466	CTTGTCAGGGGATACG-1	13	0.001253	305.446	7638	0
110	AAGCCTGGCACGAGGG-1	10037	10037	1.003198	0.334263	CATGTACCTGGATCTC-1	10	0.000996	303.558	7412	0
111	GCGACACGCCGGGCAC-1	10461	10461	1.045577	0.331899	CCGCAGATCTTACTGT-1	13	0.001243	307.528	7640	0
112	CCAAAAGGCTTTCAGT-1	10255	10255	1.024988	0.333008	GTTATCCCACGGTCCA-1	11	0.001073	308.711	7553	0
113	GTGGGTGAAGGTGAAC-1	9597	9597	0.959220	0.336043	AGTTCGACTATCCTTT-1	15	0.001563	306.738	7113	0
114	TGAGGGTCTTCCCTGA-1	10448	10448	1.044278	0.331930	CTAGACACTCCATTGT-1	13	0.001244	312.619	7666	0
115	AAGCGCAGTATACCCC-1	10165	10165	1.015992	0.333301	ACGTGCGGCCAAGTCT-1	13	0.001279	302.155	7493	0
116	GATTGTTCGGGATATC-1	10101	10101	1.009595	0.333630	TGGCATGAGCTACGAG-1	12	0.001188	308.584	7445	0
117	CTCAGATTTCCGGATG-1	10438	10438	1.043278	0.331864	TTCTCAACCACACACT-1	14	0.001341	307.484	7650	0
118	TTTCGCGGGGAATCTA-1	9935	9935	0.993003	0.334373	ATCCACCATTTAAAGA-1	13	0.001309	310.254	7286	0
119	ATCCTAAGTATCCGCG-1	10224	10224	1.021889	0.332942	TGTAGTTATACTACTT-1	13	0.001272	306.860	7525	0
120	ATCAGCTCGTTAACGA-1	9936	9936	0.993103	0.334340	AGCAATAGACGCTGGA-1	13	0.001308	307.246	7357	0
121	GTGAAGGACCAATTGA-1	9673	9673	0.966817	0.335573	GACTATAATGATTTTT-1	12	0.001241	305.963	7218	0
122	CTCTGTTGTGTCATTA-1	9895	9895	0.989005	0.334512	ATGCTAGCCTAACGTC-1	11	0.001112	309.247	7296	0
123	TTACGTGGCAATTAAT-1	9361	9361	0.935632	0.337143	GTGAAGGACCAATTGA-1	11	0.001175	310.595	6961	0
124	GAGGTTCGAATGTTCT-1	9890	9890	0.988506	0.334479	TTAACTAGACCGCCAA-1	12	0.001213	308.984	7276	0
125	TCGCGTGGACCGCCGG-1	10078	10078	1.007296	0.333499	GCAGGGTAAATACGAG-1	13	0.001290	306.025	7382	0
126	GTTTATCATCGATACA-1	10140	10140	1.013493	0.333235	AACTGGATCTACTCGG-1	12	0.001183	307.268	7474	0
127	TGGTGACGCCTGTGTT-1	9893	9893	0.988806	0.334479	ACTACTGGCGGCACAG-1	11	0.001112	306.185	7327	0
128	CGACAGGAAGGCTTCT-1	10557	10557	1.055172	0.331060	AGAGGCGAACTAGTTA-1	13	0.001231	305.884	7741	0
129	TTGCTGCTGTGCTCAG-1	10146	10146	1.014093	0.333038	AAGGTGGGTAAGAGCG-1	13	0.001281	304.991	7466	0
130	CAACCTGGTAGAATCG-1	10005	10005	1.000000	0.333833	CACGGTTTTCATACAA-1	11	0.001099	305.081	7356	0
131	ACTGACGGGACATATG-1	10069	10069	1.006397	0.333499	ACTTCTTACGCTCTCA-1	11	0.001092	307.752	7420	0
132	AGTGCGACCAAACCCT-1	10261	10261	1.025587	0.332424	TGAGACAACGCCAGTC-1	12	0.001169	307.311	7514	0
133	GCCCAGATGCAAGCGC-1	10388	10388	1.038281	0.331825	CCCGGTCCGGACCTTC-1	11	0.001059	303.863	7612	0
134	ATAAGGGGTCCGACCT-1	10358	10358	1.035282	0.331917	CCCTTGAACGTATCGT-1	12	0.001159	308.341	7595	0
135	AGTGCAGGATAGTCGA-1	9503	9503	0.949825	0.335894	TTCAGTAAGGAGTCTA-1	16	0.001684	306.511	7004	0
136	GCGACGCGGTGCTCTC-1	10331	10331	1.032584	0.332107	TTTATGATGTTAGCGA-1	10	0.000968	305.672	7526	0
137	GCGAATCATTTAACTG-1	10285	10285	1.027986	0.332134	CCGTACGCGTCGCACG-1	13	0.001264	307.759	7553	0
138	TTTCCACACCAATCTC-1	10495	10495	1.048976	0.331110	TTTGGTTAGTCAGATT-1	12	0.001143	308.198	7666	0
139	CACGGACAGCCCGCCT-1	10778	10778	1.077261	0.329746	TACGCTAGCCAACCAG-1	11	0.001021	305.765	7827	1
140	ACTTTCACGGAGGCGT-1	9736	9736	0.973113	0.334840	TGTAGTTATACTACTT-1	12	0.001233	306.339	7235	0
141	TAGAAAGACGTTATAG-1	10214	10214	1.020890	0.332485	AACCTGCCCCTGCCTG-1	11	0.001077	307.913	7457	0
142	CAAGTTCCCGTTAGTG-1	9969	9969	0.996402	0.333634	CTCGAGTGAACGTTCT-1	12	0.001204	304.681	7341	0
143	GTGGCGTGACGGCGGT-1	9913	9913	0.990805	0.333905	TCATAGGACAGCCTCA-1	12	0.001211	302.472	7303	0
144	AATGACAATCGATTGA-1	9980	9980	0.997501	0.333567	AGTAGTCGGTGACCTC-1	12	0.001202	305.302	7359	0
145	CCGCAGATCTTACTGT-1	10000	10000	0.999500	0.333400	GCGACACGCCGGGCAC-1	13	0.001300	307.445	7344	0
146	GATATCCGTAGAACTC-1	9701	9701	0.969615	0.334914	CAGATGCATGCGAAGC-1	12	0.001237	307.110	7204	0
147	AAGCAAGCCTACGTCG-1	9827	9827	0.982209	0.334283	TTTGAACCATAATGTC-1	12	0.001221	311.196	7245	0
148	AGGGCTGACTAGTGTG-1	9954	9954	0.994903	0.333635	GCACTTCGGCGATATG-1	12	0.001206	306.817	7363	0
149	GATTCCAGTAATGGTC-1	10122	10122	1.011694	0.332642	CTTGGGCTTCAGCGCT-1	15	0.001482	307.938	7404	0
150	ATCTAGAGCGCCTCGA-1	10059	10059	1.005397	0.333135	CGCTTGCAAGGGGCGA-1	11	0.001094	305.623	7425	0
151	TGTATCCGAGGATCGG-1	10256	10256	1.025087	0.332098	ATCAATCTACAACATA-1	12	0.001170	308.365	7547	0
152	GAGTCTCCTATCACAT-1	9919	9919	0.991404	0.333804	GATTGTTCGGGATATC-1	11	0.001109	305.870	7342	0
153	ACTTCCTGTGATAATA-1	10065	10065	1.005997	0.333035	CGTAGGCAAAGCGGCT-1	11	0.001093	305.300	7376	0
154	ACAAGCAGTCAGTCTC-1	10150	10150	1.014493	0.332512	ACCGCAGACCGGTAAT-1	13	0.001281	310.478	7439	0
155	GGACCCCTCTGTGTTC-1	10310	10310	1.030485	0.331814	CCTCCGCAGTCACGAC-1	11	0.001067	307.289	7539	0
156	GAGGATAGCTCGACTC-1	9307	9307	0.930235	0.336521	TTCAGTAAGGAGTCTA-1	15	0.001612	311.370	6996	0
157	CACACACAGGCCGAGA-1	10075	10075	1.006997	0.332903	TCACAATGCGCTCCGC-1	11	0.001092	306.265	7426	0
158	AGAGGGAACTCAGCTA-1	9932	9932	0.992704	0.333468	AGCACGTTTTAATGCA-1	13	0.001309	306.865	7310	0
159	TGGCGGTCTTTGCTGA-1	10121	10121	1.011594	0.332576	CTTTTATGAAACCATT-1	12	0.001186	308.413	7390	0
160	GGTCTTAGGCTCCGCA-1	10068	10068	1.006297	0.332837	CGAACCGAAAACAGTT-1	12	0.001192	307.042	7407	0
161	CCGTGTTAGCCCTTGG-1	10123	10123	1.011794	0.332609	GGTATTCTACGACAAC-1	11	0.001087	306.847	7458	0
162	GTCACTTATTGGCAGA-1	10381	10381	1.037581	0.331182	CGCCACATAAGGAATG-1	14	0.001349	309.857	7549	0
163	GTTGGGCCGAGCTTCC-1	10203	10203	1.019790	0.332059	GGACGCCAGAGATCGT-1	14	0.001372	310.907	7490	0
164	TGCTTTACCGTGTGAT-1	9856	9856	0.985107	0.333908	GGCTGGGTAGGTCTGA-1	11	0.001116	306.660	7243	0
165	TTCTGCAAATATAGGG-1	10188	10188	1.018291	0.332254	GGATGCTGGAGCTAGC-1	11	0.001080	307.544	7519	0
166	CCAAAAAATTACTGTG-1	9813	9813	0.980810	0.334047	CTCAGATTTCCGGATG-1	12	0.001223	304.729	7283	0
167	CCTGCACGACCTGCTT-1	10058	10058	1.005297	0.332770	AATGGGCCCGAGGAGT-1	13	0.001293	306.624	7387	0
168	TTATCCAGAGTTTGTA-1	9856	9856	0.985107	0.333807	CTCCAGGAAACCAATA-1	12	0.001218	305.737	7254	0
169	CCGTACGCGTCGCACG-1	9886	9886	0.988106	0.333603	GCGAATCATTTAACTG-1	13	0.001315	307.763	7249	0
170	AATCGGGTGTCCCGGT-1	9811	9811	0.980610	0.334013	GTCGACTGTTCATGGG-1	12	0.001223	307.962	7221	0
171	TAATATGTGAAAAGTT-1	10266	10266	1.026087	0.331677	ACGCTTCCGGTTGGTG-1	13	0.001266	304.027	7543	0
172	TGTGACATTCACCTAA-1	9967	9967	0.996202	0.333300	AATGACAAATTAGTTA-1	10	0.001003	313.051	7340	0
173	CACCTTTTACGCCAAT-1	10304	10304	1.029885	0.331619	AAAGAGCATCGAAACC-1	10	0.000970	303.163	7521	0
174	GTACTTAAGATCTTAA-1	10189	10189	1.018391	0.332123	TAAAAGGGTCGTCCAA-1	10	0.000981	306.117	7504	0
175	AAAATTTGATATAATG-1	10454	10454	1.044878	0.330687	GGCTATCATAACGAGT-1	12	0.001148	304.024	7643	0
176	TATCAGAAAGCTGGGA-1	10371	10371	1.036582	0.331019	GGGTATTTAGGGCTCC-1	13	0.001253	305.587	7570	0
177	GTTATCCCACGGTCCA-1	9548	9548	0.954323	0.335149	CCAAAAGGCTTTCAGT-1	11	0.001152	306.716	7099	0
178	CCCATATACAGTAACC-1	10367	10367	1.036182	0.331050	AGTCACTTCCTTGTCT-1	12	0.001158	306.510	7573	0
179	TAGATCCCTGAGAAAG-1	10163	10163	1.015792	0.332087	AGGCCTAGGCGGCGTA-1	11	0.001082	306.937	7478	0
180	GTCTCGCTGTATCCGC-1	10427	10427	1.042179	0.330776	CCATAGTTTATGATCG-1	11	0.001055	311.814	7607	0
181	GAGGCTACTCCATCAG-1	9931	9931	0.992604	0.332897	ACTCTAAAAACATCAA-1	17	0.001712	306.156	7338	0
182	ACTTCATCATGACTTC-1	10484	10484	1.047876	0.330408	CCTGTAATCGGCTCGC-1	12	0.001145	308.038	7651	0
183	GACGTGGCTCAGGCAT-1	10211	10211	1.020590	0.331799	CCCTTACCATAATTTT-1	11	0.001077	306.132	7496	0
184	AGGGAGATCCCTACTT-1	9941	9941	0.993603	0.333065	GCAGAACAAGCCTCTT-1	12	0.001207	306.807	7323	0
185	ATAGCATAGTTAACGA-1	9872	9872	0.986707	0.333367	CTGGAATAAATTAGTA-1	12	0.001216	305.090	7301	0
186	CTGGTTGGAACCGGAA-1	10010	10010	1.000500	0.332667	GCGCTCTACCAATATT-1	12	0.001199	309.284	7300	0
187	GATGCGTGTAGGGGTG-1	9914	9914	0.990905	0.333165	AATGACAAATTAGTTA-1	11	0.001110	308.392	7311	0
188	GGGTGATAGGGCTAGA-1	10305	10305	1.029985	0.331198	TCCCGAAAGGTACAGT-1	11	0.001067	307.393	7542	0
189	AGCGTGGGCAACTCGT-1	9545	9545	0.954023	0.334940	TCGGGCTTCGGTGGGC-1	11	0.001152	304.355	7097	0
190	ATCATACTCAGGTTCC-1	10363	10363	1.035782	0.330889	AATCTTAGGGTATTCT-1	11	0.001061	309.639	7588	0
191	GAGAGTGTACTAGAGA-1	10317	10317	1.031184	0.331104	TCAAGGTGCACAGACA-1	11	0.001066	309.296	7559	0
192	CAGCCCCAATTTCACA-1	10104	10104	1.009895	0.332146	TTGCTTCGTTGTCCCT-1	11	0.001089	309.348	7441	0
193	GAATGTGGGCTTACGA-1	9949	9949	0.994403	0.332797	GAAGCATATGAGACCA-1	13	0.001307	307.129	7301	0
194	CGCGGGACCGAGCGTC-1	10069	10069	1.006397	0.332307	TGAGGTACGACCTATG-1	10	0.000993	308.243	7436	0
195	TACACTAGTTTCGATA-1	10147	10147	1.014193	0.331724	GCGTGTCTAGTCCAGT-1	14	0.001380	304.712	7452	0
196	GAATTGGAGATGAATA-1	9566	9566	0.956122	0.334518	CGAGCGATACACATCG-1	15	0.001568	310.560	7083	0
197	GTTAGGGTTATATGAC-1	9765	9765	0.976012	0.333743	CGGCCGGGGGCCACAG-1	11	0.001126	307.928	7222	0
198	GCAATTCTGCTTTAGC-1	10258	10258	1.025287	0.331254	CTCAAAGTGAATAATC-1	12	0.001170	306.701	7557	0
199	GAGAGGCGGACATAAT-1	10439	10439	1.043378	0.330396	GTCACGGCATCAACCC-1	11	0.001054	305.741	7590	0
200	ATCAATCTACAACATA-1	10014	10014	1.000900	0.332435	TGTATCCGAGGATCGG-1	12	0.001198	307.501	7391	0
