metric	value
barcodes	1000
configs	4
simulated_doublets_per_config	8000

rank	barcode	reads	aggregate_rank_sum	5kb_4096_sim_neighbor_frac	5kb_4096_margin	5kb_4096_nearest_sim	5kb_4096_nearest_real	10kb_4096_sim_neighbor_frac	10kb_4096_margin	10kb_4096_nearest_sim	10kb_4096_nearest_real	25kb_4096_sim_neighbor_frac	25kb_4096_margin	25kb_4096_nearest_sim	25kb_4096_nearest_real	50kb_4096_sim_neighbor_frac	50kb_4096_margin	50kb_4096_nearest_sim	50kb_4096_nearest_real
1	AAAATTTGATATAATG-1	10454	395.500	1.000000	0.047240	0.895995	0.848755	1.000000	0.047131	0.895128	0.847997	1.000000	0.045494	0.893933	0.848439	1.000000	0.045970	0.891995	0.846025
2	AACCTCTCCCCCGGTT-1	9768	436.000	1.000000	0.046950	0.886908	0.839958	1.000000	0.046187	0.888544	0.842357	1.000000	0.046971	0.886297	0.839326	1.000000	0.046732	0.885024	0.838293
3	AAAAAAACTCGGGTAC-1	9935	490.000	1.000000	0.045932	0.892770	0.846838	1.000000	0.047330	0.888021	0.840691	1.000000	0.046340	0.889167	0.842827	1.000000	0.045618	0.886453	0.840835
4	AAACACAATAAGTGGT-1	9833	541.500	1.000000	0.047417	0.885509	0.838092	1.000000	0.047168	0.887792	0.840624	1.000000	0.046767	0.885619	0.838852	1.000000	0.043666	0.885101	0.841435
5	AACCTGCCCCTGCCTG-1	9784	580.500	1.000000	0.044578	0.886759	0.842182	1.000000	0.047985	0.889232	0.841248	1.000000	0.047179	0.887632	0.840452	1.000000	0.046524	0.883762	0.837238
6	AACGCAATAACTAGGT-1	10042	619.000	1.000000	0.047948	0.886791	0.838843	1.000000	0.046103	0.890793	0.844689	1.000000	0.046154	0.891472	0.845318	1.000000	0.044782	0.884637	0.839856
7	AACTGGATCTACTCGG-1	10401	652.500	1.000000	0.046420	0.896927	0.850507	1.000000	0.047190	0.895362	0.848172	1.000000	0.044978	0.892776	0.847797	1.000000	0.046345	0.889367	0.843023
8	AATCGAGAGCCCATAT-1	9992	659.000	1.000000	0.047412	0.889760	0.842348	1.000000	0.048258	0.891641	0.843383	1.000000	0.046875	0.891012	0.844138	1.000000	0.043804	0.885137	0.841333
9	AATCCGAGCTGCGCCG-1	9557	676.000	1.000000	0.046313	0.886188	0.839876	1.000000	0.046215	0.886356	0.840142	1.000000	0.046829	0.885698	0.838868	1.000000	0.046056	0.879493	0.833437
10	AACAATAAAAACACGC-1	10227	708.500	1.000000	0.047249	0.891667	0.844418	1.000000	0.047694	0.891958	0.844264	1.000000	0.046153	0.893769	0.847616	1.000000	0.042411	0.885718	0.843306
11	AACAAATGTCTGCAAC-1	10474	749.500	1.000000	0.046548	0.894151	0.847604	1.000000	0.045966	0.893827	0.847861	1.000000	0.045900	0.895204	0.849304	1.000000	0.044850	0.889922	0.845072
12	AACACATACGCCAGTT-1	9880	771.000	1.000000	0.046862	0.890593	0.843731	1.000000	0.045779	0.889517	0.843738	1.000000	0.045067	0.888193	0.843126	1.000000	0.045335	0.885809	0.840474
13	ACGGCTCATAATAGGT-1	10024	771.000	1.000000	0.046676	0.889418	0.842742	1.000000	0.048947	0.892515	0.843568	1.000000	0.048403	0.889555	0.841151	1.000000	0.044891	0.884297	0.839406
14	AACACTCGCAACGAGA-1	9442	778.000	1.000000	0.044475	0.884988	0.840513	1.000000	0.047287	0.887488	0.840201	1.000000	0.045658	0.884633	0.838975	1.000000	0.045846	0.881785	0.835939
15	AAAGAGCATCGAAACC-1	9894	811.000	1.000000	0.047030	0.888395	0.841365	1.000000	0.046998	0.891025	0.844027	1.000000	0.042603	0.890039	0.847436	1.000000	0.045225	0.883578	0.838353
16	AATGATTAGCGGAAGG-1	9722	821.500	1.000000	0.046761	0.885604	0.838843	1.000000	0.045899	0.888190	0.842291	1.000000	0.045388	0.881769	0.836381	1.000000	0.046270	0.884264	0.837993
17	AAAAAAGCCAGCACCT-1	9698	834.500	1.000000	0.046585	0.891474	0.844889	1.000000	0.046215	0.884694	0.838479	1.000000	0.044070	0.885186	0.841116	1.000000	0.045141	0.878981	0.833840
18	AACCGAGCGTACCTCT-1	10089	839.000	1.000000	0.047810	0.892162	0.844352	1.000000	0.048082	0.895889	0.847807	1.000000	0.043449	0.889443	0.845994	1.000000	0.044060	0.889192	0.845131
19	ACATCACTTCCATTTC-1	10525	871.500	1.000000	0.046468	0.897935	0.851467	1.000000	0.045811	0.892336	0.846525	1.000000	0.046438	0.895022	0.848584	1.000000	0.045605	0.891844	0.846239
20	AATCCGCGTTGAACCT-1	10181	889.500	1.000000	0.048037	0.892713	0.844675	1.000000	0.042389	0.895363	0.852974	1.000000	0.047681	0.892272	0.844591	1.000000	0.044955	0.887251	0.842295
21	ACGACGATCAGACAGT-1	10434	891.000	1.000000	0.046482	0.897798	0.851316	1.000000	0.046205	0.893356	0.847151	1.000000	0.045922	0.890989	0.845068	1.000000	0.046853	0.889132	0.842280
22	AAGGTCAAGAAGTTAT-1	9884	894.500	1.000000	0.046375	0.890193	0.843818	1.000000	0.045034	0.889641	0.844607	1.000000	0.046784	0.889451	0.842667	1.000000	0.045090	0.886285	0.841196
23	AAGCTATAGAACCTCA-1	9880	919.000	1.000000	0.045359	0.887251	0.841893	1.000000	0.045315	0.886361	0.841046	1.000000	0.046017	0.887194	0.841177	1.000000	0.046428	0.883793	0.837365
24	AGAAGCGCACGATACA-1	9740	937.000	1.000000	0.047709	0.888704	0.840995	1.000000	0.045705	0.889507	0.843802	1.000000	0.046048	0.887061	0.841013	1.000000	0.046302	0.883633	0.837331
25	AAGGTCTTGAGCCTGC-1	9935	939.000	1.000000	0.045690	0.891546	0.845856	1.000000	0.048093	0.885852	0.837758	1.000000	0.045544	0.888654	0.843110	1.000000	0.044284	0.884309	0.840025
26	AGGCGAGTGGCTCGGG-1	10251	941.500	1.000000	0.047276	0.893059	0.845784	1.000000	0.047036	0.895323	0.848287	1.000000	0.045881	0.894981	0.849100	1.000000	0.047070	0.890516	0.843446
27	ACCACGGAGATCCGCG-1	10008	944.000	1.000000	0.046772	0.891949	0.845177	1.000000	0.047450	0.887378	0.839929	1.000000	0.043967	0.886409	0.842442	1.000000	0.045907	0.884203	0.838296
28	AACCTATTCACCAATC-1	10110	951.500	1.000000	0.046591	0.892298	0.845707	1.000000	0.045394	0.890625	0.845231	1.000000	0.043983	0.890157	0.846174	1.000000	0.045850	0.887550	0.841700
29	AAAAGGCGTAAGGTCT-1	10166	959.500	1.000000	0.044911	0.889606	0.844695	1.000000	0.044609	0.892676	0.848067	1.000000	0.046934	0.891744	0.844810	1.000000	0.044969	0.884453	0.839484
30	AAGCAAGCCTACGTCG-1	9827	964.500	1.000000	0.046187	0.888959	0.842772	1.000000	0.047104	0.889414	0.842310	1.000000	0.045513	0.887749	0.842236	1.000000	0.043679	0.884395	0.840716
31	AAGCGCAGTATACCCC-1	10165	970.000	1.000000	0.046636	0.890757	0.844121	1.000000	0.043235	0.892623	0.849387	1.000000	0.045367	0.887140	0.841772	1.000000	0.046324	0.887608	0.841284
32	ACAAGCAGTCAGTCTC-1	10150	975.500	1.000000	0.048249	0.895543	0.847294	1.000000	0.047329	0.889294	0.841965	1.000000	0.044615	0.890279	0.845663	1.000000	0.043804	0.885795	0.841991
33	AAGCTCATAACGTGTA-1	9885	979.000	1.000000	0.046999	0.889685	0.842687	1.000000	0.046030	0.890401	0.844371	1.000000	0.043215	0.886330	0.843115	1.000000	0.045414	0.881858	0.836444
34	ACACAATTTACAGTTC-1	9581	986.500	1.000000	0.046642	0.881081	0.834439	1.000000	0.046410	0.887426	0.841016	1.000000	0.044798	0.886852	0.842054	1.000000	0.045339	0.880100	0.834761
35	AAGGGGATACGAGTGA-1	9915	988.500	1.000000	0.044441	0.887806	0.843365	1.000000	0.047353	0.890742	0.843389	1.000000	0.045536	0.888133	0.842598	1.000000	0.045035	0.883454	0.838418
36	AATGACAAATTAGTTA-1	10139	1015.000	1.000000	0.046974	0.896927	0.849953	1.000000	0.043407	0.891207	0.847800	1.000000	0.045129	0.893207	0.848078	1.000000	0.046860	0.887241	0.840381
37	ACGTGCGGCCAAGTCT-1	10433	1021.000	1.000000	0.046326	0.898235	0.851909	1.000000	0.047249	0.894241	0.846992	1.000000	0.046739	0.894813	0.848073	1.000000	0.044272	0.888559	0.844287
38	AATGATCTTCCTTAGT-1	10234	1023.000	1.000000	0.046299	0.893875	0.847576	1.000000	0.047770	0.893632	0.845862	1.000000	0.044330	0.887978	0.843647	1.000000	0.044590	0.887429	0.842838
39	ACGAATCCTTGAGAAG-1	9875	1023.500	1.000000	0.047397	0.891836	0.844440	1.000000	0.047294	0.889788	0.842495	1.000000	0.044104	0.889805	0.845701	1.000000	0.045051	0.883717	0.838666
40	AACTGGGTTAGGTAAA-1	10004	1031.000	1.000000	0.046108	0.890287	0.844179	1.000000	0.046627	0.890035	0.843408	1.000000	0.045223	0.887210	0.841987	1.000000	0.043914	0.884164	0.840250
41	AAACAGCGCAATACAG-1	10304	1049.500	1.000000	0.046033	0.890720	0.844687	1.000000	0.043851	0.890827	0.846977	1.000000	0.046221	0.891868	0.845647	1.000000	0.044310	0.889008	0.844698
42	AAAGCTTACGGCTCAT-1	9687	1061.000	1.000000	0.045978	0.886751	0.840773	1.000000	0.045258	0.887301	0.842043	1.000000	0.044169	0.882996	0.838827	1.000000	0.045223	0.880685	0.835462
43	AAACCGTTACCCTTCT-1	10067	1077.000	1.000000	0.047185	0.889875	0.842690	1.000000	0.045753	0.888260	0.842507	1.000000	0.041751	0.889693	0.847942	1.000000	0.044396	0.887034	0.842638
44	ACATGAAGGGACCTAA-1	9520	1094.500	1.000000	0.047211	0.887118	0.839907	1.000000	0.044162	0.885477	0.841316	1.000000	0.047033	0.885678	0.838645	1.000000	0.044239	0.881661	0.837422
45	AAGATTTTACGTCTGA-1	10073	1100.000	1.000000	0.046137	0.893983	0.847846	1.000000	0.046674	0.891934	0.845261	1.000000	0.045979	0.887764	0.841785	1.000000	0.041049	0.885721	0.844671
46	AACCCTCTTACTTGGA-1	10154	1113.500	1.000000	0.047964	0.895748	0.847784	1.000000	0.042670	0.891313	0.848643	1.000000	0.044127	0.893457	0.849330	1.000000	0.044786	0.890144	0.845358
47	AAACCAGCTTCGTCGT-1	9387	1118.500	1.000000	0.046183	0.883961	0.837778	1.000000	0.047096	0.883206	0.836110	1.000000	0.042515	0.878153	0.835638	1.000000	0.043771	0.877947	0.834175
48	AGTCTGCGTGAGTTGT-1	10503	1127.500	1.000000	0.046809	0.895986	0.849176	1.000000	0.047580	0.895929	0.848350	1.000000	0.045087	0.892422	0.847335	1.000000	0.047062	0.892952	0.845890
49	AATCTTAGGGTATTCT-1	10096	1132.500	1.000000	0.046919	0.891697	0.844778	1.000000	0.043831	0.891451	0.847621	1.000000	0.044730	0.889006	0.844276	1.000000	0.045495	0.886631	0.841136
50	AAACTAGGGCGTGACG-1	10286	1135.500	1.000000	0.044574	0.896112	0.851539	1.000000	0.046642	0.895423	0.848781	1.000000	0.043916	0.892963	0.849048	1.000000	0.044767	0.886381	0.841614
51	AATGCCCTTCGTAAAC-1	9834	1146.000	1.000000	0.047142	0.891053	0.843911	1.000000	0.045191	0.888237	0.843046	1.000000	0.046130	0.886495	0.840364	1.000000	0.043065	0.887391	0.844327
52	AAGTCAACCATTGTTG-1	10067	1147.000	1.000000	0.047417	0.890140	0.842724	1.000000	0.047551	0.890317	0.842766	1.000000	0.042514	0.892363	0.849849	1.000000	0.043155	0.885909	0.842754
53	AATTGCTTACCGCCAC-1	9862	1154.000	1.000000	0.044586	0.889361	0.844774	1.000000	0.045820	0.888772	0.842952	1.000000	0.045201	0.886203	0.841002	1.000000	0.046290	0.887886	0.841596
54	ACCGCAGACCGGTAAT-1	9747	1187.500	1.000000	0.045586	0.886940	0.841354	1.000000	0.046416	0.884657	0.838241	1.000000	0.044340	0.891854	0.847513	1.000000	0.046050	0.883782	0.837731
55	AGCGACATCGTTTTTA-1	10330	1194.000	1.000000	0.046480	0.895689	0.849209	1.000000	0.046161	0.896289	0.850128	1.000000	0.045247	0.890997	0.845750	1.000000	0.046250	0.889287	0.843037
56	AACCATCGCCCAAGTC-1	9895	1197.000	1.000000	0.046132	0.890734	0.844601	1.000000	0.043514	0.893109	0.849595	1.000000	0.043873	0.888129	0.844256	1.000000	0.045713	0.885286	0.839572
57	ACCTATAATTTGTAAC-1	9132	1207.000	1.000000	0.046378	0.879160	0.832782	1.000000	0.043679	0.879803	0.836123	1.000000	0.048451	0.883721	0.835270	1.000000	0.044705	0.872948	0.828243
58	ACACCTGTAAAGAGTT-1	10305	1213.000	1.000000	0.046308	0.896363	0.850055	1.000000	0.045918	0.896491	0.850572	1.000000	0.043225	0.889538	0.846314	1.000000	0.045638	0.891703	0.846065
59	ACGCCTTCTACTTATT-1	9936	1220.500	1.000000	0.046720	0.890007	0.843288	1.000000	0.044198	0.888044	0.843846	1.000000	0.045551	0.890977	0.845426	1.000000	0.045462	0.886101	0.840640
60	AGATAATAGCCCCGGG-1	10205	1220.500	1.000000	0.046177	0.896131	0.849954	1.000000	0.045107	0.890152	0.845045	1.000000	0.045939	0.894011	0.848072	1.000000	0.047007	0.894495	0.847487
61	AATCTATAAGTCAGAG-1	9791	1222.000	1.000000	0.045879	0.889006	0.843128	1.000000	0.045862	0.887430	0.841568	1.000000	0.046185	0.885148	0.838963	1.000000	0.043052	0.886110	0.843059
62	ACATTATCGTAGGCCT-1	10173	1224.500	1.000000	0.046916	0.895717	0.848801	1.000000	0.045529	0.892763	0.847235	1.000000	0.046959	0.890098	0.843138	1.000000	0.040742	0.886753	0.846010
63	ACCGGTGGAGGACGGT-1	10030	1230.500	1.000000	0.045862	0.890303	0.844440	1.000000	0.045976	0.890882	0.844905	1.000000	0.044843	0.887346	0.842503	1.000000	0.045416	0.886831	0.841415
64	AACTATCAGATCATAT-1	10459	1244.000	1.000000	0.045193	0.895081	0.849888	1.000000	0.043024	0.892402	0.849378	1.000000	0.044618	0.892206	0.847588	1.000000	0.046111	0.889522	0.843411
65	AATACGGAGTTCACAT-1	9989	1247.500	1.000000	0.046009	0.890285	0.844276	1.000000	0.042928	0.887418	0.844490	1.000000	0.046886	0.885405	0.838519	1.000000	0.044082	0.885802	0.841720
66	AATTGGTCAAGGCGTC-1	10174	1248.500	1.000000	0.043064	0.890799	0.847735	1.000000	0.045110	0.892358	0.847248	1.000000	0.046704	0.890265	0.843562	1.000000	0.045351	0.885329	0.839978
67	AAGACTGGGAAAACGC-1	9810	1259.000	1.000000	0.041151	0.886039	0.844888	1.000000	0.046170	0.882995	0.836825	1.000000	0.046487	0.882927	0.836439	1.000000	0.043380	0.880459	0.837079
68	AACATGGAGCGCCGGG-1	9969	1260.000	1.000000	0.046918	0.879259	0.832341	1.000000	0.043205	0.880133	0.836928	1.000000	0.039183	0.877254	0.838071	1.000000	0.045274	0.873255	0.827981
69	AAGGGGATACACTTCT-1	10180	1260.000	1.000000	0.046607	0.893809	0.847203	1.000000	0.044019	0.891066	0.847047	1.000000	0.044435	0.891290	0.846855	1.000000	0.044580	0.884830	0.840249
70	AATGGTTTGGCTCTAG-1	10023	1272.000	1.000000	0.045892	0.892271	0.846378	1.000000	0.047012	0.890724	0.843711	1.000000	0.041721	0.889547	0.847826	1.000000	0.045045	0.885539	0.840493
71	AACTATTGAGACATTT-1	10372	1276.000	1.000000	0.045873	0.890430	0.844558	1.000000	0.043771	0.895061	0.851290	1.000000	0.045983	0.892084	0.846101	1.000000	0.043749	0.892876	0.849127
72	ATATCTCCCATCCAGT-1	10071	1276.500	1.000000	0.047594	0.893790	0.846196	1.000000	0.045915	0.894120	0.848205	1.000000	0.046565	0.888141	0.841576	1.000000	0.045192	0.886493	0.841301
73	AACTGATACCCTTATT-1	9496	1279.000	1.000000	0.045964	0.884449	0.838484	1.000000	0.046760	0.882581	0.835821	1.000000	0.039595	0.881912	0.842317	1.000000	0.044155	0.877660	0.833505
74	ACTGCCCATAAACAGA-1	9989	1284.000	1.000000	0.047119	0.893405	0.846286	1.000000	0.041937	0.889848	0.847911	1.000000	0.045877	0.891349	0.845472	1.000000	0.045601	0.880748	0.835147
75	ACACCAGAAGCGCCCG-1	9313	1291.500	1.000000	0.046405	0.879795	0.833390	1.000000	0.047143	0.885702	0.838559	1.000000	0.042333	0.879803	0.837470	1.000000	0.044363	0.877034	0.832671
76	AAGGTGGGTAAGAGCG-1	9956	1293.000	1.000000	0.043760	0.887320	0.843560	1.000000	0.046100	0.887907	0.841806	1.000000	0.046259	0.886571	0.840312	1.000000	0.043457	0.884582	0.841124
77	ACCAAAAGTTATCGGT-1	10091	1293.500	1.000000	0.046480	0.891873	0.845393	1.000000	0.041071	0.888750	0.847680	1.000000	0.045215	0.894311	0.849096	1.000000	0.045766	0.889224	0.843458
78	ACTTCCTGTGATAATA-1	10065	1300.500	1.000000	0.045464	0.887801	0.842337	1.000000	0.047374	0.891675	0.844301	1.000000	0.046877	0.891982	0.845105	1.000000	0.043237	0.884299	0.841063
79	ACTCTGTATACGAGCG-1	9562	1313.000	1.000000	0.046876	0.884531	0.837656	1.000000	0.044841	0.886289	0.841449	1.000000	0.045528	0.883476	0.837948	1.000000	0.044665	0.880211	0.835546
80	ACCAAAAACTACGAGG-1	9723	1313.500	1.000000	0.043883	0.889896	0.846013	1.000000	0.045511	0.887902	0.842392	1.000000	0.046330	0.884228	0.837898	1.000000	0.044983	0.886194	0.841211
81	AAGTAATAACTATAGA-1	10028	1314.500	1.000000	0.044834	0.889328	0.844494	1.000000	0.045472	0.888986	0.843514	1.000000	0.044520	0.890592	0.846072	1.000000	0.045009	0.882717	0.837708
82	ACTTTCGAGACCCAAG-1	10501	1317.000	1.000000	0.043992	0.896036	0.852045	1.000000	0.048043	0.899129	0.851086	1.000000	0.046845	0.893424	0.846579	1.000000	0.044109	0.891323	0.847214
83	ACCAAGCAGAGCACCC-1	9907	1319.500	1.000000	0.047675	0.886303	0.838628	1.000000	0.044667	0.890395	0.845728	1.000000	0.043518	0.887571	0.844053	1.000000	0.044816	0.885523	0.840707
84	AATAGCCGAAGGTCGC-1	9884	1327.000	1.000000	0.045601	0.891602	0.846001	1.000000	0.044747	0.889303	0.844556	1.000000	0.044105	0.887780	0.843676	1.000000	0.045288	0.885268	0.839981
85	AATTGCCGCGCCCATT-1	9760	1338.000	1.000000	0.045253	0.888664	0.843411	1.000000	0.045695	0.886127	0.840432	1.000000	0.046809	0.886630	0.839821	1.000000	0.042622	0.880807	0.838185
86	AGAGTTTCGGGTCGGG-1	10301	1339.000	1.000000	0.047112	0.893905	0.846793	1.000000	0.045032	0.891234	0.846202	1.000000	0.043567	0.889291	0.845724	1.000000	0.047057	0.891038	0.843982
87	AGAGCCCTTGGTTGTT-1	9970	1344.000	1.000000	0.046962	0.890296	0.843334	1.000000	0.045864	0.889082	0.843218	1.000000	0.046163	0.887956	0.841793	1.000000	0.043254	0.885967	0.842712
88	ACTACCAACGACTCTG-1	10193	1346.500	1.000000	0.044536	0.890843	0.846307	1.000000	0.045156	0.892678	0.847522	1.000000	0.045618	0.893343	0.847725	1.000000	0.046513	0.891825	0.845312
89	AAATCCGGTAGTGCCG-1	9950	1351.500	1.000000	0.045365	0.886491	0.841126	1.000000	0.044610	0.887718	0.843108	1.000000	0.046046	0.889525	0.843478	1.000000	0.039903	0.881271	0.841369
90	ACGACGTCATATAAAT-1	10009	1357.000	1.000000	0.045552	0.891892	0.846339	1.000000	0.046542	0.889149	0.842607	1.000000	0.044674	0.887728	0.843054	1.000000	0.044628	0.887120	0.842492
91	ACGAACCGTCCCCTTA-1	10433	1361.500	1.000000	0.046178	0.893470	0.847292	1.000000	0.044949	0.895681	0.850732	1.000000	0.045879	0.890978	0.845099	1.000000	0.044219	0.889859	0.845640
92	AGCCGGTTAAGGCGCC-1	10151	1385.000	1.000000	0.044161	0.891113	0.846952	1.000000	0.047717	0.895027	0.847310	1.000000	0.045618	0.893200	0.847582	1.000000	0.045075	0.884813	0.839738
93	AACCAGTCACGACTAC-1	9951	1394.500	1.000000	0.046862	0.889556	0.842693	1.000000	0.043553	0.888317	0.844764	1.000000	0.044273	0.888125	0.843853	1.000000	0.042408	0.884316	0.841908
94	AGAGATAGTAACACTC-1	9825	1401.500	1.000000	0.043246	0.888075	0.844829	1.000000	0.045472	0.892226	0.846754	1.000000	0.047784	0.888375	0.840591	1.000000	0.045346	0.881214	0.835868
95	AGATATACCTCAGTAA-1	9757	1412.500	1.000000	0.046450	0.888091	0.841641	1.000000	0.044832	0.885088	0.840256	1.000000	0.047853	0.886954	0.839102	1.000000	0.043855	0.882422	0.838566
96	AGTGAGACACATACGA-1	10202	1412.500	1.000000	0.043702	0.894438	0.850735	1.000000	0.049685	0.891569	0.841883	1.000000	0.045612	0.890414	0.844802	1.000000	0.046296	0.888152	0.841857
97	AAATAAGATTCCTGCG-1	9796	1413.000	1.000000	0.042199	0.886944	0.844746	1.000000	0.046901	0.892113	0.845212	1.000000	0.039662	0.884313	0.844652	1.000000	0.044256	0.882796	0.838541
98	CAAAACGATGATACAA-1	10061	1414.500	1.000000	0.047296	0.891376	0.844080	1.000000	0.046974	0.893622	0.846648	1.000000	0.045583	0.888690	0.843107	1.000000	0.045634	0.886177	0.840542
99	ATCGCTACTATAGGAA-1	9844	1415.500	1.000000	0.044908	0.886670	0.841761	1.000000	0.046585	0.888465	0.841880	1.000000	0.048389	0.885143	0.836753	1.000000	0.046608	0.886411	0.839802
100	AATGACAATCGATTGA-1	9980	1417.500	1.000000	0.044302	0.892590	0.848288	1.000000	0.045127	0.885335	0.840208	1.000000	0.044585	0.887961	0.843376	1.000000	0.045127	0.887282	0.842155
