target	reads	nearest_exo_distance	nearest_endo_distance	exo_strict	endo_strict	tie	mean_exo_distance	mean_endo_distance
mix	1965	50:1965	50:1965	0	0	1965	50.0000	50.0000
endo	395	50:395	50:395	0	0	395	50.0000	50.0000
exo	777	50:777	50:777	0	0	777	50.0000	50.0000

# mix read-level classification using nearest unique reference sequence
read_number	d_exo	d_endo	classification
1	50	50	tie
2	50	50	tie
3	50	50	tie
4	50	50	tie
5	50	50	tie
6	50	50	tie
7	50	50	tie
8	50	50	tie
9	50	50	tie
10	50	50	tie
11	50	50	tie
12	50	50	tie
13	50	50	tie
14	50	50	tie
15	50	50	tie
16	50	50	tie
17	50	50	tie
18	50	50	tie
19	50	50	tie
20	50	50	tie
21	50	50	tie
22	50	50	tie
23	50	50	tie
24	50	50	tie
25	50	50	tie
26	50	50	tie
27	50	50	tie
28	50	50	tie
29	50	50	tie
30	50	50	tie
31	50	50	tie
32	50	50	tie
33	50	50	tie
34	50	50	tie
35	50	50	tie
36	50	50	tie
37	50	50	tie
38	50	50	tie
39	50	50	tie
40	50	50	tie
41	50	50	tie
42	50	50	tie
43	50	50	tie
44	50	50	tie
45	50	50	tie
46	50	50	tie
47	50	50	tie
48	50	50	tie
49	50	50	tie
50	50	50	tie
51	50	50	tie
52	50	50	tie
53	50	50	tie
54	50	50	tie
55	50	50	tie
56	50	50	tie
57	50	50	tie
58	50	50	tie
59	50	50	tie
60	50	50	tie
61	50	50	tie
62	50	50	tie
63	50	50	tie
64	50	50	tie
65	50	50	tie
66	50	50	tie
67	50	50	tie
68	50	50	tie
69	50	50	tie
70	50	50	tie
71	50	50	tie
72	50	50	tie
73	50	50	tie
74	50	50	tie
75	50	50	tie
76	50	50	tie
77	50	50	tie
78	50	50	tie
79	50	50	tie
80	50	50	tie
81	50	50	tie
82	50	50	tie
83	50	50	tie
84	50	50	tie
85	50	50	tie
86	50	50	tie
87	50	50	tie
88	50	50	tie
89	50	50	tie
90	50	50	tie
91	50	50	tie
92	50	50	tie
93	50	50	tie
94	50	50	tie
95	50	50	tie
96	50	50	tie
97	50	50	tie
98	50	50	tie
99	50	50	tie
100	50	50	tie
101	50	50	tie
102	50	50	tie
103	50	50	tie
104	50	50	tie
105	50	50	tie
106	50	50	tie
107	50	50	tie
108	50	50	tie
109	50	50	tie
110	50	50	tie
111	50	50	tie
112	50	50	tie
113	50	50	tie
114	50	50	tie
115	50	50	tie
116	50	50	tie
117	50	50	tie
118	50	50	tie
119	50	50	tie
120	50	50	tie
121	50	50	tie
122	50	50	tie
123	50	50	tie
124	50	50	tie
125	50	50	tie
126	50	50	tie
127	50	50	tie
128	50	50	tie
129	50	50	tie
130	50	50	tie
131	50	50	tie
132	50	50	tie
133	50	50	tie
134	50	50	tie
135	50	50	tie
136	50	50	tie
137	50	50	tie
138	50	50	tie
139	50	50	tie
140	50	50	tie
141	50	50	tie
142	50	50	tie
143	50	50	tie
144	50	50	tie
145	50	50	tie
146	50	50	tie
147	50	50	tie
148	50	50	tie
149	50	50	tie
150	50	50	tie
151	50	50	tie
152	50	50	tie
153	50	50	tie
154	50	50	tie
155	50	50	tie
156	50	50	tie
157	50	50	tie
158	50	50	tie
159	50	50	tie
160	50	50	tie
161	50	50	tie
162	50	50	tie
163	50	50	tie
164	50	50	tie
165	50	50	tie
166	50	50	tie
167	50	50	tie
168	50	50	tie
169	50	50	tie
170	50	50	tie
171	50	50	tie
172	50	50	tie
173	50	50	tie
174	50	50	tie
175	50	50	tie
176	50	50	tie
177	50	50	tie
178	50	50	tie
179	50	50	tie
180	50	50	tie
181	50	50	tie
182	50	50	tie
183	50	50	tie
184	50	50	tie
185	50	50	tie
186	50	50	tie
187	50	50	tie
188	50	50	tie
189	50	50	tie
190	50	50	tie
191	50	50	tie
192	50	50	tie
193	50	50	tie
194	50	50	tie
195	50	50	tie
196	50	50	tie
197	50	50	tie
198	50	50	tie
199	50	50	tie
200	50	50	tie
201	50	50	tie
202	50	50	tie
203	50	50	tie
204	50	50	tie
205	50	50	tie
206	50	50	tie
207	50	50	tie
208	50	50	tie
209	50	50	tie
210	50	50	tie
211	50	50	tie
212	50	50	tie
213	50	50	tie
214	50	50	tie
215	50	50	tie
216	50	50	tie
217	50	50	tie
218	50	50	tie
219	50	50	tie
220	50	50	tie
221	50	50	tie
222	50	50	tie
223	50	50	tie
224	50	50	tie
225	50	50	tie
226	50	50	tie
227	50	50	tie
228	50	50	tie
229	50	50	tie
230	50	50	tie
231	50	50	tie
232	50	50	tie
233	50	50	tie
234	50	50	tie
235	50	50	tie
236	50	50	tie
237	50	50	tie
238	50	50	tie
239	50	50	tie
240	50	50	tie
241	50	50	tie
242	50	50	tie
243	50	50	tie
244	50	50	tie
245	50	50	tie
246	50	50	tie
247	50	50	tie
248	50	50	tie
249	50	50	tie
250	50	50	tie
251	50	50	tie
252	50	50	tie
253	50	50	tie
254	50	50	tie
255	50	50	tie
256	50	50	tie
257	50	50	tie
258	50	50	tie
259	50	50	tie
260	50	50	tie
261	50	50	tie
262	50	50	tie
263	50	50	tie
264	50	50	tie
265	50	50	tie
266	50	50	tie
267	50	50	tie
268	50	50	tie
269	50	50	tie
270	50	50	tie
271	50	50	tie
272	50	50	tie
273	50	50	tie
274	50	50	tie
275	50	50	tie
276	50	50	tie
277	50	50	tie
278	50	50	tie
279	50	50	tie
280	50	50	tie
281	50	50	tie
282	50	50	tie
283	50	50	tie
284	50	50	tie
285	50	50	tie
286	50	50	tie
287	50	50	tie
288	50	50	tie
289	50	50	tie
290	50	50	tie
291	50	50	tie
292	50	50	tie
293	50	50	tie
294	50	50	tie
295	50	50	tie
296	50	50	tie
297	50	50	tie
298	50	50	tie
299	50	50	tie
300	50	50	tie
301	50	50	tie
302	50	50	tie
303	50	50	tie
304	50	50	tie
305	50	50	tie
306	50	50	tie
307	50	50	tie
308	50	50	tie
309	50	50	tie
310	50	50	tie
311	50	50	tie
312	50	50	tie
313	50	50	tie
314	50	50	tie
315	50	50	tie
316	50	50	tie
317	50	50	tie
318	50	50	tie
319	50	50	tie
320	50	50	tie
321	50	50	tie
322	50	50	tie
323	50	50	tie
324	50	50	tie
325	50	50	tie
326	50	50	tie
327	50	50	tie
328	50	50	tie
329	50	50	tie
330	50	50	tie
331	50	50	tie
332	50	50	tie
333	50	50	tie
334	50	50	tie
335	50	50	tie
336	50	50	tie
337	50	50	tie
338	50	50	tie
339	50	50	tie
340	50	50	tie
341	50	50	tie
342	50	50	tie
343	50	50	tie
344	50	50	tie
345	50	50	tie
346	50	50	tie
347	50	50	tie
348	50	50	tie
349	50	50	tie
350	50	50	tie
351	50	50	tie
352	50	50	tie
353	50	50	tie
354	50	50	tie
355	50	50	tie
356	50	50	tie
357	50	50	tie
358	50	50	tie
359	50	50	tie
360	50	50	tie
361	50	50	tie
362	50	50	tie
363	50	50	tie
364	50	50	tie
365	50	50	tie
366	50	50	tie
367	50	50	tie
368	50	50	tie
369	50	50	tie
370	50	50	tie
371	50	50	tie
372	50	50	tie
373	50	50	tie
374	50	50	tie
375	50	50	tie
376	50	50	tie
377	50	50	tie
378	50	50	tie
379	50	50	tie
380	50	50	tie
381	50	50	tie
382	50	50	tie
383	50	50	tie
384	50	50	tie
385	50	50	tie
386	50	50	tie
387	50	50	tie
388	50	50	tie
389	50	50	tie
390	50	50	tie
391	50	50	tie
392	50	50	tie
393	50	50	tie
394	50	50	tie
395	50	50	tie
396	50	50	tie
397	50	50	tie
398	50	50	tie
399	50	50	tie
400	50	50	tie
401	50	50	tie
402	50	50	tie
403	50	50	tie
404	50	50	tie
405	50	50	tie
406	50	50	tie
407	50	50	tie
408	50	50	tie
409	50	50	tie
410	50	50	tie
411	50	50	tie
412	50	50	tie
413	50	50	tie
414	50	50	tie
415	50	50	tie
416	50	50	tie
417	50	50	tie
418	50	50	tie
419	50	50	tie
420	50	50	tie
421	50	50	tie
422	50	50	tie
423	50	50	tie
424	50	50	tie
425	50	50	tie
426	50	50	tie
427	50	50	tie
428	50	50	tie
429	50	50	tie
430	50	50	tie
431	50	50	tie
432	50	50	tie
433	50	50	tie
434	50	50	tie
435	50	50	tie
436	50	50	tie
437	50	50	tie
438	50	50	tie
439	50	50	tie
440	50	50	tie
441	50	50	tie
442	50	50	tie
443	50	50	tie
444	50	50	tie
445	50	50	tie
446	50	50	tie
447	50	50	tie
448	50	50	tie
449	50	50	tie
450	50	50	tie
451	50	50	tie
452	50	50	tie
453	50	50	tie
454	50	50	tie
455	50	50	tie
456	50	50	tie
457	50	50	tie
458	50	50	tie
459	50	50	tie
460	50	50	tie
461	50	50	tie
462	50	50	tie
463	50	50	tie
464	50	50	tie
465	50	50	tie
466	50	50	tie
467	50	50	tie
468	50	50	tie
469	50	50	tie
470	50	50	tie
471	50	50	tie
472	50	50	tie
473	50	50	tie
474	50	50	tie
475	50	50	tie
476	50	50	tie
477	50	50	tie
478	50	50	tie
479	50	50	tie
480	50	50	tie
481	50	50	tie
482	50	50	tie
483	50	50	tie
484	50	50	tie
485	50	50	tie
486	50	50	tie
487	50	50	tie
488	50	50	tie
489	50	50	tie
490	50	50	tie
491	50	50	tie
492	50	50	tie
493	50	50	tie
494	50	50	tie
495	50	50	tie
496	50	50	tie
497	50	50	tie
498	50	50	tie
499	50	50	tie
500	50	50	tie
501	50	50	tie
502	50	50	tie
503	50	50	tie
504	50	50	tie
505	50	50	tie
506	50	50	tie
507	50	50	tie
508	50	50	tie
509	50	50	tie
510	50	50	tie
511	50	50	tie
512	50	50	tie
513	50	50	tie
514	50	50	tie
515	50	50	tie
516	50	50	tie
517	50	50	tie
518	50	50	tie
519	50	50	tie
520	50	50	tie
521	50	50	tie
522	50	50	tie
523	50	50	tie
524	50	50	tie
525	50	50	tie
526	50	50	tie
527	50	50	tie
528	50	50	tie
529	50	50	tie
530	50	50	tie
531	50	50	tie
532	50	50	tie
533	50	50	tie
534	50	50	tie
535	50	50	tie
536	50	50	tie
537	50	50	tie
538	50	50	tie
539	50	50	tie
540	50	50	tie
541	50	50	tie
542	50	50	tie
543	50	50	tie
544	50	50	tie
545	50	50	tie
546	50	50	tie
547	50	50	tie
548	50	50	tie
549	50	50	tie
550	50	50	tie
551	50	50	tie
552	50	50	tie
553	50	50	tie
554	50	50	tie
555	50	50	tie
556	50	50	tie
557	50	50	tie
558	50	50	tie
559	50	50	tie
560	50	50	tie
561	50	50	tie
562	50	50	tie
563	50	50	tie
564	50	50	tie
565	50	50	tie
566	50	50	tie
567	50	50	tie
568	50	50	tie
569	50	50	tie
570	50	50	tie
571	50	50	tie
572	50	50	tie
573	50	50	tie
574	50	50	tie
575	50	50	tie
576	50	50	tie
577	50	50	tie
578	50	50	tie
579	50	50	tie
580	50	50	tie
581	50	50	tie
582	50	50	tie
583	50	50	tie
584	50	50	tie
585	50	50	tie
586	50	50	tie
587	50	50	tie
588	50	50	tie
589	50	50	tie
590	50	50	tie
591	50	50	tie
592	50	50	tie
593	50	50	tie
594	50	50	tie
595	50	50	tie
596	50	50	tie
597	50	50	tie
598	50	50	tie
599	50	50	tie
600	50	50	tie
601	50	50	tie
602	50	50	tie
603	50	50	tie
604	50	50	tie
605	50	50	tie
606	50	50	tie
607	50	50	tie
608	50	50	tie
609	50	50	tie
610	50	50	tie
611	50	50	tie
612	50	50	tie
613	50	50	tie
614	50	50	tie
615	50	50	tie
616	50	50	tie
617	50	50	tie
618	50	50	tie
619	50	50	tie
620	50	50	tie
621	50	50	tie
622	50	50	tie
623	50	50	tie
624	50	50	tie
625	50	50	tie
626	50	50	tie
627	50	50	tie
628	50	50	tie
629	50	50	tie
630	50	50	tie
631	50	50	tie
632	50	50	tie
633	50	50	tie
634	50	50	tie
635	50	50	tie
636	50	50	tie
637	50	50	tie
638	50	50	tie
639	50	50	tie
640	50	50	tie
641	50	50	tie
642	50	50	tie
643	50	50	tie
644	50	50	tie
645	50	50	tie
646	50	50	tie
647	50	50	tie
648	50	50	tie
649	50	50	tie
650	50	50	tie
651	50	50	tie
652	50	50	tie
653	50	50	tie
654	50	50	tie
655	50	50	tie
656	50	50	tie
657	50	50	tie
658	50	50	tie
659	50	50	tie
660	50	50	tie
661	50	50	tie
662	50	50	tie
663	50	50	tie
664	50	50	tie
665	50	50	tie
666	50	50	tie
667	50	50	tie
668	50	50	tie
669	50	50	tie
670	50	50	tie
671	50	50	tie
672	50	50	tie
673	50	50	tie
674	50	50	tie
675	50	50	tie
676	50	50	tie
677	50	50	tie
678	50	50	tie
679	50	50	tie
680	50	50	tie
681	50	50	tie
682	50	50	tie
683	50	50	tie
684	50	50	tie
685	50	50	tie
686	50	50	tie
687	50	50	tie
688	50	50	tie
689	50	50	tie
690	50	50	tie
691	50	50	tie
692	50	50	tie
693	50	50	tie
694	50	50	tie
695	50	50	tie
696	50	50	tie
697	50	50	tie
698	50	50	tie
699	50	50	tie
700	50	50	tie
701	50	50	tie
702	50	50	tie
703	50	50	tie
704	50	50	tie
705	50	50	tie
706	50	50	tie
707	50	50	tie
708	50	50	tie
709	50	50	tie
710	50	50	tie
711	50	50	tie
712	50	50	tie
713	50	50	tie
714	50	50	tie
715	50	50	tie
716	50	50	tie
717	50	50	tie
718	50	50	tie
719	50	50	tie
720	50	50	tie
721	50	50	tie
722	50	50	tie
723	50	50	tie
724	50	50	tie
725	50	50	tie
726	50	50	tie
727	50	50	tie
728	50	50	tie
729	50	50	tie
730	50	50	tie
731	50	50	tie
732	50	50	tie
733	50	50	tie
734	50	50	tie
735	50	50	tie
736	50	50	tie
737	50	50	tie
738	50	50	tie
739	50	50	tie
740	50	50	tie
741	50	50	tie
742	50	50	tie
743	50	50	tie
744	50	50	tie
745	50	50	tie
746	50	50	tie
747	50	50	tie
748	50	50	tie
749	50	50	tie
750	50	50	tie
751	50	50	tie
752	50	50	tie
753	50	50	tie
754	50	50	tie
755	50	50	tie
756	50	50	tie
757	50	50	tie
758	50	50	tie
759	50	50	tie
760	50	50	tie
761	50	50	tie
762	50	50	tie
763	50	50	tie
764	50	50	tie
765	50	50	tie
766	50	50	tie
767	50	50	tie
768	50	50	tie
769	50	50	tie
770	50	50	tie
771	50	50	tie
772	50	50	tie
773	50	50	tie
774	50	50	tie
775	50	50	tie
776	50	50	tie
777	50	50	tie
778	50	50	tie
779	50	50	tie
780	50	50	tie
781	50	50	tie
782	50	50	tie
783	50	50	tie
784	50	50	tie
785	50	50	tie
786	50	50	tie
787	50	50	tie
788	50	50	tie
789	50	50	tie
790	50	50	tie
791	50	50	tie
792	50	50	tie
793	50	50	tie
794	50	50	tie
795	50	50	tie
796	50	50	tie
797	50	50	tie
798	50	50	tie
799	50	50	tie
800	50	50	tie
801	50	50	tie
802	50	50	tie
803	50	50	tie
804	50	50	tie
805	50	50	tie
806	50	50	tie
807	50	50	tie
808	50	50	tie
809	50	50	tie
810	50	50	tie
811	50	50	tie
812	50	50	tie
813	50	50	tie
814	50	50	tie
815	50	50	tie
816	50	50	tie
817	50	50	tie
818	50	50	tie
819	50	50	tie
820	50	50	tie
821	50	50	tie
822	50	50	tie
823	50	50	tie
824	50	50	tie
825	50	50	tie
826	50	50	tie
827	50	50	tie
828	50	50	tie
829	50	50	tie
830	50	50	tie
831	50	50	tie
832	50	50	tie
833	50	50	tie
834	50	50	tie
835	50	50	tie
836	50	50	tie
837	50	50	tie
838	50	50	tie
839	50	50	tie
840	50	50	tie
841	50	50	tie
842	50	50	tie
843	50	50	tie
844	50	50	tie
845	50	50	tie
846	50	50	tie
847	50	50	tie
848	50	50	tie
849	50	50	tie
850	50	50	tie
851	50	50	tie
852	50	50	tie
853	50	50	tie
854	50	50	tie
855	50	50	tie
856	50	50	tie
857	50	50	tie
858	50	50	tie
859	50	50	tie
860	50	50	tie
861	50	50	tie
862	50	50	tie
863	50	50	tie
864	50	50	tie
865	50	50	tie
866	50	50	tie
867	50	50	tie
868	50	50	tie
869	50	50	tie
870	50	50	tie
871	50	50	tie
872	50	50	tie
873	50	50	tie
874	50	50	tie
875	50	50	tie
876	50	50	tie
877	50	50	tie
878	50	50	tie
879	50	50	tie
880	50	50	tie
881	50	50	tie
882	50	50	tie
883	50	50	tie
884	50	50	tie
885	50	50	tie
886	50	50	tie
887	50	50	tie
888	50	50	tie
889	50	50	tie
890	50	50	tie
891	50	50	tie
892	50	50	tie
893	50	50	tie
894	50	50	tie
895	50	50	tie
896	50	50	tie
897	50	50	tie
898	50	50	tie
899	50	50	tie
900	50	50	tie
901	50	50	tie
902	50	50	tie
903	50	50	tie
904	50	50	tie
905	50	50	tie
906	50	50	tie
907	50	50	tie
908	50	50	tie
909	50	50	tie
910	50	50	tie
911	50	50	tie
912	50	50	tie
913	50	50	tie
914	50	50	tie
915	50	50	tie
916	50	50	tie
917	50	50	tie
918	50	50	tie
919	50	50	tie
920	50	50	tie
921	50	50	tie
922	50	50	tie
923	50	50	tie
924	50	50	tie
925	50	50	tie
926	50	50	tie
927	50	50	tie
928	50	50	tie
929	50	50	tie
930	50	50	tie
931	50	50	tie
932	50	50	tie
933	50	50	tie
934	50	50	tie
935	50	50	tie
936	50	50	tie
937	50	50	tie
938	50	50	tie
939	50	50	tie
940	50	50	tie
941	50	50	tie
942	50	50	tie
943	50	50	tie
944	50	50	tie
945	50	50	tie
946	50	50	tie
947	50	50	tie
948	50	50	tie
949	50	50	tie
950	50	50	tie
951	50	50	tie
952	50	50	tie
953	50	50	tie
954	50	50	tie
955	50	50	tie
956	50	50	tie
957	50	50	tie
958	50	50	tie
959	50	50	tie
960	50	50	tie
961	50	50	tie
962	50	50	tie
963	50	50	tie
964	50	50	tie
965	50	50	tie
966	50	50	tie
967	50	50	tie
968	50	50	tie
969	50	50	tie
970	50	50	tie
971	50	50	tie
972	50	50	tie
973	50	50	tie
974	50	50	tie
975	50	50	tie
976	50	50	tie
977	50	50	tie
978	50	50	tie
979	50	50	tie
980	50	50	tie
981	50	50	tie
982	50	50	tie
983	50	50	tie
984	50	50	tie
985	50	50	tie
986	50	50	tie
987	50	50	tie
988	50	50	tie
989	50	50	tie
990	50	50	tie
991	50	50	tie
992	50	50	tie
993	50	50	tie
994	50	50	tie
995	50	50	tie
996	50	50	tie
997	50	50	tie
998	50	50	tie
999	50	50	tie
1000	50	50	tie
1001	50	50	tie
1002	50	50	tie
1003	50	50	tie
1004	50	50	tie
1005	50	50	tie
1006	50	50	tie
1007	50	50	tie
1008	50	50	tie
1009	50	50	tie
1010	50	50	tie
1011	50	50	tie
1012	50	50	tie
1013	50	50	tie
1014	50	50	tie
1015	50	50	tie
1016	50	50	tie
1017	50	50	tie
1018	50	50	tie
1019	50	50	tie
1020	50	50	tie
1021	50	50	tie
1022	50	50	tie
1023	50	50	tie
1024	50	50	tie
1025	50	50	tie
1026	50	50	tie
1027	50	50	tie
1028	50	50	tie
1029	50	50	tie
1030	50	50	tie
1031	50	50	tie
1032	50	50	tie
1033	50	50	tie
1034	50	50	tie
1035	50	50	tie
1036	50	50	tie
1037	50	50	tie
1038	50	50	tie
1039	50	50	tie
1040	50	50	tie
1041	50	50	tie
1042	50	50	tie
1043	50	50	tie
1044	50	50	tie
1045	50	50	tie
1046	50	50	tie
1047	50	50	tie
1048	50	50	tie
1049	50	50	tie
1050	50	50	tie
1051	50	50	tie
1052	50	50	tie
1053	50	50	tie
1054	50	50	tie
1055	50	50	tie
1056	50	50	tie
1057	50	50	tie
1058	50	50	tie
1059	50	50	tie
1060	50	50	tie
1061	50	50	tie
1062	50	50	tie
1063	50	50	tie
1064	50	50	tie
1065	50	50	tie
1066	50	50	tie
1067	50	50	tie
1068	50	50	tie
1069	50	50	tie
1070	50	50	tie
1071	50	50	tie
1072	50	50	tie
1073	50	50	tie
1074	50	50	tie
1075	50	50	tie
1076	50	50	tie
1077	50	50	tie
1078	50	50	tie
1079	50	50	tie
1080	50	50	tie
1081	50	50	tie
1082	50	50	tie
1083	50	50	tie
1084	50	50	tie
1085	50	50	tie
1086	50	50	tie
1087	50	50	tie
1088	50	50	tie
1089	50	50	tie
1090	50	50	tie
1091	50	50	tie
1092	50	50	tie
1093	50	50	tie
1094	50	50	tie
1095	50	50	tie
1096	50	50	tie
1097	50	50	tie
1098	50	50	tie
1099	50	50	tie
1100	50	50	tie
1101	50	50	tie
1102	50	50	tie
1103	50	50	tie
1104	50	50	tie
1105	50	50	tie
1106	50	50	tie
1107	50	50	tie
1108	50	50	tie
1109	50	50	tie
1110	50	50	tie
1111	50	50	tie
1112	50	50	tie
1113	50	50	tie
1114	50	50	tie
1115	50	50	tie
1116	50	50	tie
1117	50	50	tie
1118	50	50	tie
1119	50	50	tie
1120	50	50	tie
1121	50	50	tie
1122	50	50	tie
1123	50	50	tie
1124	50	50	tie
1125	50	50	tie
1126	50	50	tie
1127	50	50	tie
1128	50	50	tie
1129	50	50	tie
1130	50	50	tie
1131	50	50	tie
1132	50	50	tie
1133	50	50	tie
1134	50	50	tie
1135	50	50	tie
1136	50	50	tie
1137	50	50	tie
1138	50	50	tie
1139	50	50	tie
1140	50	50	tie
1141	50	50	tie
1142	50	50	tie
1143	50	50	tie
1144	50	50	tie
1145	50	50	tie
1146	50	50	tie
1147	50	50	tie
1148	50	50	tie
1149	50	50	tie
1150	50	50	tie
1151	50	50	tie
1152	50	50	tie
1153	50	50	tie
1154	50	50	tie
1155	50	50	tie
1156	50	50	tie
1157	50	50	tie
1158	50	50	tie
1159	50	50	tie
1160	50	50	tie
1161	50	50	tie
1162	50	50	tie
1163	50	50	tie
1164	50	50	tie
1165	50	50	tie
1166	50	50	tie
1167	50	50	tie
1168	50	50	tie
1169	50	50	tie
1170	50	50	tie
1171	50	50	tie
1172	50	50	tie
1173	50	50	tie
1174	50	50	tie
1175	50	50	tie
1176	50	50	tie
1177	50	50	tie
1178	50	50	tie
1179	50	50	tie
1180	50	50	tie
1181	50	50	tie
1182	50	50	tie
1183	50	50	tie
1184	50	50	tie
1185	50	50	tie
1186	50	50	tie
1187	50	50	tie
1188	50	50	tie
1189	50	50	tie
1190	50	50	tie
1191	50	50	tie
1192	50	50	tie
1193	50	50	tie
1194	50	50	tie
1195	50	50	tie
1196	50	50	tie
1197	50	50	tie
1198	50	50	tie
1199	50	50	tie
1200	50	50	tie
1201	50	50	tie
1202	50	50	tie
1203	50	50	tie
1204	50	50	tie
1205	50	50	tie
1206	50	50	tie
1207	50	50	tie
1208	50	50	tie
1209	50	50	tie
1210	50	50	tie
1211	50	50	tie
1212	50	50	tie
1213	50	50	tie
1214	50	50	tie
1215	50	50	tie
1216	50	50	tie
1217	50	50	tie
1218	50	50	tie
1219	50	50	tie
1220	50	50	tie
1221	50	50	tie
1222	50	50	tie
1223	50	50	tie
1224	50	50	tie
1225	50	50	tie
1226	50	50	tie
1227	50	50	tie
1228	50	50	tie
1229	50	50	tie
1230	50	50	tie
1231	50	50	tie
1232	50	50	tie
1233	50	50	tie
1234	50	50	tie
1235	50	50	tie
1236	50	50	tie
1237	50	50	tie
1238	50	50	tie
1239	50	50	tie
1240	50	50	tie
1241	50	50	tie
1242	50	50	tie
1243	50	50	tie
1244	50	50	tie
1245	50	50	tie
1246	50	50	tie
1247	50	50	tie
1248	50	50	tie
1249	50	50	tie
1250	50	50	tie
1251	50	50	tie
1252	50	50	tie
1253	50	50	tie
1254	50	50	tie
1255	50	50	tie
1256	50	50	tie
1257	50	50	tie
1258	50	50	tie
1259	50	50	tie
1260	50	50	tie
1261	50	50	tie
1262	50	50	tie
1263	50	50	tie
1264	50	50	tie
1265	50	50	tie
1266	50	50	tie
1267	50	50	tie
1268	50	50	tie
1269	50	50	tie
1270	50	50	tie
1271	50	50	tie
1272	50	50	tie
1273	50	50	tie
1274	50	50	tie
1275	50	50	tie
1276	50	50	tie
1277	50	50	tie
1278	50	50	tie
1279	50	50	tie
1280	50	50	tie
1281	50	50	tie
1282	50	50	tie
1283	50	50	tie
1284	50	50	tie
1285	50	50	tie
1286	50	50	tie
1287	50	50	tie
1288	50	50	tie
1289	50	50	tie
1290	50	50	tie
1291	50	50	tie
1292	50	50	tie
1293	50	50	tie
1294	50	50	tie
1295	50	50	tie
1296	50	50	tie
1297	50	50	tie
1298	50	50	tie
1299	50	50	tie
1300	50	50	tie
1301	50	50	tie
1302	50	50	tie
1303	50	50	tie
1304	50	50	tie
1305	50	50	tie
1306	50	50	tie
1307	50	50	tie
1308	50	50	tie
1309	50	50	tie
1310	50	50	tie
1311	50	50	tie
1312	50	50	tie
1313	50	50	tie
1314	50	50	tie
1315	50	50	tie
1316	50	50	tie
1317	50	50	tie
1318	50	50	tie
1319	50	50	tie
1320	50	50	tie
1321	50	50	tie
1322	50	50	tie
1323	50	50	tie
1324	50	50	tie
1325	50	50	tie
1326	50	50	tie
1327	50	50	tie
1328	50	50	tie
1329	50	50	tie
1330	50	50	tie
1331	50	50	tie
1332	50	50	tie
1333	50	50	tie
1334	50	50	tie
1335	50	50	tie
1336	50	50	tie
1337	50	50	tie
1338	50	50	tie
1339	50	50	tie
1340	50	50	tie
1341	50	50	tie
1342	50	50	tie
1343	50	50	tie
1344	50	50	tie
1345	50	50	tie
1346	50	50	tie
1347	50	50	tie
1348	50	50	tie
1349	50	50	tie
1350	50	50	tie
1351	50	50	tie
1352	50	50	tie
1353	50	50	tie
1354	50	50	tie
1355	50	50	tie
1356	50	50	tie
1357	50	50	tie
1358	50	50	tie
1359	50	50	tie
1360	50	50	tie
1361	50	50	tie
1362	50	50	tie
1363	50	50	tie
1364	50	50	tie
1365	50	50	tie
1366	50	50	tie
1367	50	50	tie
1368	50	50	tie
1369	50	50	tie
1370	50	50	tie
1371	50	50	tie
1372	50	50	tie
1373	50	50	tie
1374	50	50	tie
1375	50	50	tie
1376	50	50	tie
1377	50	50	tie
1378	50	50	tie
1379	50	50	tie
1380	50	50	tie
1381	50	50	tie
1382	50	50	tie
1383	50	50	tie
1384	50	50	tie
1385	50	50	tie
1386	50	50	tie
1387	50	50	tie
1388	50	50	tie
1389	50	50	tie
1390	50	50	tie
1391	50	50	tie
1392	50	50	tie
1393	50	50	tie
1394	50	50	tie
1395	50	50	tie
1396	50	50	tie
1397	50	50	tie
1398	50	50	tie
1399	50	50	tie
1400	50	50	tie
1401	50	50	tie
1402	50	50	tie
1403	50	50	tie
1404	50	50	tie
1405	50	50	tie
1406	50	50	tie
1407	50	50	tie
1408	50	50	tie
1409	50	50	tie
1410	50	50	tie
1411	50	50	tie
1412	50	50	tie
1413	50	50	tie
1414	50	50	tie
1415	50	50	tie
1416	50	50	tie
1417	50	50	tie
1418	50	50	tie
1419	50	50	tie
1420	50	50	tie
1421	50	50	tie
1422	50	50	tie
1423	50	50	tie
1424	50	50	tie
1425	50	50	tie
1426	50	50	tie
1427	50	50	tie
1428	50	50	tie
1429	50	50	tie
1430	50	50	tie
1431	50	50	tie
1432	50	50	tie
1433	50	50	tie
1434	50	50	tie
1435	50	50	tie
1436	50	50	tie
1437	50	50	tie
1438	50	50	tie
1439	50	50	tie
1440	50	50	tie
1441	50	50	tie
1442	50	50	tie
1443	50	50	tie
1444	50	50	tie
1445	50	50	tie
1446	50	50	tie
1447	50	50	tie
1448	50	50	tie
1449	50	50	tie
1450	50	50	tie
1451	50	50	tie
1452	50	50	tie
1453	50	50	tie
1454	50	50	tie
1455	50	50	tie
1456	50	50	tie
1457	50	50	tie
1458	50	50	tie
1459	50	50	tie
1460	50	50	tie
1461	50	50	tie
1462	50	50	tie
1463	50	50	tie
1464	50	50	tie
1465	50	50	tie
1466	50	50	tie
1467	50	50	tie
1468	50	50	tie
1469	50	50	tie
1470	50	50	tie
1471	50	50	tie
1472	50	50	tie
1473	50	50	tie
1474	50	50	tie
1475	50	50	tie
1476	50	50	tie
1477	50	50	tie
1478	50	50	tie
1479	50	50	tie
1480	50	50	tie
1481	50	50	tie
1482	50	50	tie
1483	50	50	tie
1484	50	50	tie
1485	50	50	tie
1486	50	50	tie
1487	50	50	tie
1488	50	50	tie
1489	50	50	tie
1490	50	50	tie
1491	50	50	tie
1492	50	50	tie
1493	50	50	tie
1494	50	50	tie
1495	50	50	tie
1496	50	50	tie
1497	50	50	tie
1498	50	50	tie
1499	50	50	tie
1500	50	50	tie
1501	50	50	tie
1502	50	50	tie
1503	50	50	tie
1504	50	50	tie
1505	50	50	tie
1506	50	50	tie
1507	50	50	tie
1508	50	50	tie
1509	50	50	tie
1510	50	50	tie
1511	50	50	tie
1512	50	50	tie
1513	50	50	tie
1514	50	50	tie
1515	50	50	tie
1516	50	50	tie
1517	50	50	tie
1518	50	50	tie
1519	50	50	tie
1520	50	50	tie
1521	50	50	tie
1522	50	50	tie
1523	50	50	tie
1524	50	50	tie
1525	50	50	tie
1526	50	50	tie
1527	50	50	tie
1528	50	50	tie
1529	50	50	tie
1530	50	50	tie
1531	50	50	tie
1532	50	50	tie
1533	50	50	tie
1534	50	50	tie
1535	50	50	tie
1536	50	50	tie
1537	50	50	tie
1538	50	50	tie
1539	50	50	tie
1540	50	50	tie
1541	50	50	tie
1542	50	50	tie
1543	50	50	tie
1544	50	50	tie
1545	50	50	tie
1546	50	50	tie
1547	50	50	tie
1548	50	50	tie
1549	50	50	tie
1550	50	50	tie
1551	50	50	tie
1552	50	50	tie
1553	50	50	tie
1554	50	50	tie
1555	50	50	tie
1556	50	50	tie
1557	50	50	tie
1558	50	50	tie
1559	50	50	tie
1560	50	50	tie
1561	50	50	tie
1562	50	50	tie
1563	50	50	tie
1564	50	50	tie
1565	50	50	tie
1566	50	50	tie
1567	50	50	tie
1568	50	50	tie
1569	50	50	tie
1570	50	50	tie
1571	50	50	tie
1572	50	50	tie
1573	50	50	tie
1574	50	50	tie
1575	50	50	tie
1576	50	50	tie
1577	50	50	tie
1578	50	50	tie
1579	50	50	tie
1580	50	50	tie
1581	50	50	tie
1582	50	50	tie
1583	50	50	tie
1584	50	50	tie
1585	50	50	tie
1586	50	50	tie
1587	50	50	tie
1588	50	50	tie
1589	50	50	tie
1590	50	50	tie
1591	50	50	tie
1592	50	50	tie
1593	50	50	tie
1594	50	50	tie
1595	50	50	tie
1596	50	50	tie
1597	50	50	tie
1598	50	50	tie
1599	50	50	tie
1600	50	50	tie
1601	50	50	tie
1602	50	50	tie
1603	50	50	tie
1604	50	50	tie
1605	50	50	tie
1606	50	50	tie
1607	50	50	tie
1608	50	50	tie
1609	50	50	tie
1610	50	50	tie
1611	50	50	tie
1612	50	50	tie
1613	50	50	tie
1614	50	50	tie
1615	50	50	tie
1616	50	50	tie
1617	50	50	tie
1618	50	50	tie
1619	50	50	tie
1620	50	50	tie
1621	50	50	tie
1622	50	50	tie
1623	50	50	tie
1624	50	50	tie
1625	50	50	tie
1626	50	50	tie
1627	50	50	tie
1628	50	50	tie
1629	50	50	tie
1630	50	50	tie
1631	50	50	tie
1632	50	50	tie
1633	50	50	tie
1634	50	50	tie
1635	50	50	tie
1636	50	50	tie
1637	50	50	tie
1638	50	50	tie
1639	50	50	tie
1640	50	50	tie
1641	50	50	tie
1642	50	50	tie
1643	50	50	tie
1644	50	50	tie
1645	50	50	tie
1646	50	50	tie
1647	50	50	tie
1648	50	50	tie
1649	50	50	tie
1650	50	50	tie
1651	50	50	tie
1652	50	50	tie
1653	50	50	tie
1654	50	50	tie
1655	50	50	tie
1656	50	50	tie
1657	50	50	tie
1658	50	50	tie
1659	50	50	tie
1660	50	50	tie
1661	50	50	tie
1662	50	50	tie
1663	50	50	tie
1664	50	50	tie
1665	50	50	tie
1666	50	50	tie
1667	50	50	tie
1668	50	50	tie
1669	50	50	tie
1670	50	50	tie
1671	50	50	tie
1672	50	50	tie
1673	50	50	tie
1674	50	50	tie
1675	50	50	tie
1676	50	50	tie
1677	50	50	tie
1678	50	50	tie
1679	50	50	tie
1680	50	50	tie
1681	50	50	tie
1682	50	50	tie
1683	50	50	tie
1684	50	50	tie
1685	50	50	tie
1686	50	50	tie
1687	50	50	tie
1688	50	50	tie
1689	50	50	tie
1690	50	50	tie
1691	50	50	tie
1692	50	50	tie
1693	50	50	tie
1694	50	50	tie
1695	50	50	tie
1696	50	50	tie
1697	50	50	tie
1698	50	50	tie
1699	50	50	tie
1700	50	50	tie
1701	50	50	tie
1702	50	50	tie
1703	50	50	tie
1704	50	50	tie
1705	50	50	tie
1706	50	50	tie
1707	50	50	tie
1708	50	50	tie
1709	50	50	tie
1710	50	50	tie
1711	50	50	tie
1712	50	50	tie
1713	50	50	tie
1714	50	50	tie
1715	50	50	tie
1716	50	50	tie
1717	50	50	tie
1718	50	50	tie
1719	50	50	tie
1720	50	50	tie
1721	50	50	tie
1722	50	50	tie
1723	50	50	tie
1724	50	50	tie
1725	50	50	tie
1726	50	50	tie
1727	50	50	tie
1728	50	50	tie
1729	50	50	tie
1730	50	50	tie
1731	50	50	tie
1732	50	50	tie
1733	50	50	tie
1734	50	50	tie
1735	50	50	tie
1736	50	50	tie
1737	50	50	tie
1738	50	50	tie
1739	50	50	tie
1740	50	50	tie
1741	50	50	tie
1742	50	50	tie
1743	50	50	tie
1744	50	50	tie
1745	50	50	tie
1746	50	50	tie
1747	50	50	tie
1748	50	50	tie
1749	50	50	tie
1750	50	50	tie
1751	50	50	tie
1752	50	50	tie
1753	50	50	tie
1754	50	50	tie
1755	50	50	tie
1756	50	50	tie
1757	50	50	tie
1758	50	50	tie
1759	50	50	tie
1760	50	50	tie
1761	50	50	tie
1762	50	50	tie
1763	50	50	tie
1764	50	50	tie
1765	50	50	tie
1766	50	50	tie
1767	50	50	tie
1768	50	50	tie
1769	50	50	tie
1770	50	50	tie
1771	50	50	tie
1772	50	50	tie
1773	50	50	tie
1774	50	50	tie
1775	50	50	tie
1776	50	50	tie
1777	50	50	tie
1778	50	50	tie
1779	50	50	tie
1780	50	50	tie
1781	50	50	tie
1782	50	50	tie
1783	50	50	tie
1784	50	50	tie
1785	50	50	tie
1786	50	50	tie
1787	50	50	tie
1788	50	50	tie
1789	50	50	tie
1790	50	50	tie
1791	50	50	tie
1792	50	50	tie
1793	50	50	tie
1794	50	50	tie
1795	50	50	tie
1796	50	50	tie
1797	50	50	tie
1798	50	50	tie
1799	50	50	tie
1800	50	50	tie
1801	50	50	tie
1802	50	50	tie
1803	50	50	tie
1804	50	50	tie
1805	50	50	tie
1806	50	50	tie
1807	50	50	tie
1808	50	50	tie
1809	50	50	tie
1810	50	50	tie
1811	50	50	tie
1812	50	50	tie
1813	50	50	tie
1814	50	50	tie
1815	50	50	tie
1816	50	50	tie
1817	50	50	tie
1818	50	50	tie
1819	50	50	tie
1820	50	50	tie
1821	50	50	tie
1822	50	50	tie
1823	50	50	tie
1824	50	50	tie
1825	50	50	tie
1826	50	50	tie
1827	50	50	tie
1828	50	50	tie
1829	50	50	tie
1830	50	50	tie
1831	50	50	tie
1832	50	50	tie
1833	50	50	tie
1834	50	50	tie
1835	50	50	tie
1836	50	50	tie
1837	50	50	tie
1838	50	50	tie
1839	50	50	tie
1840	50	50	tie
1841	50	50	tie
1842	50	50	tie
1843	50	50	tie
1844	50	50	tie
1845	50	50	tie
1846	50	50	tie
1847	50	50	tie
1848	50	50	tie
1849	50	50	tie
1850	50	50	tie
1851	50	50	tie
1852	50	50	tie
1853	50	50	tie
1854	50	50	tie
1855	50	50	tie
1856	50	50	tie
1857	50	50	tie
1858	50	50	tie
1859	50	50	tie
1860	50	50	tie
1861	50	50	tie
1862	50	50	tie
1863	50	50	tie
1864	50	50	tie
1865	50	50	tie
1866	50	50	tie
1867	50	50	tie
1868	50	50	tie
1869	50	50	tie
1870	50	50	tie
1871	50	50	tie
1872	50	50	tie
1873	50	50	tie
1874	50	50	tie
1875	50	50	tie
1876	50	50	tie
1877	50	50	tie
1878	50	50	tie
1879	50	50	tie
1880	50	50	tie
1881	50	50	tie
1882	50	50	tie
1883	50	50	tie
1884	50	50	tie
1885	50	50	tie
1886	50	50	tie
1887	50	50	tie
1888	50	50	tie
1889	50	50	tie
1890	50	50	tie
1891	50	50	tie
1892	50	50	tie
1893	50	50	tie
1894	50	50	tie
1895	50	50	tie
1896	50	50	tie
1897	50	50	tie
1898	50	50	tie
1899	50	50	tie
1900	50	50	tie
1901	50	50	tie
1902	50	50	tie
1903	50	50	tie
1904	50	50	tie
1905	50	50	tie
1906	50	50	tie
1907	50	50	tie
1908	50	50	tie
1909	50	50	tie
1910	50	50	tie
1911	50	50	tie
1912	50	50	tie
1913	50	50	tie
1914	50	50	tie
1915	50	50	tie
1916	50	50	tie
1917	50	50	tie
1918	50	50	tie
1919	50	50	tie
1920	50	50	tie
1921	50	50	tie
1922	50	50	tie
1923	50	50	tie
1924	50	50	tie
1925	50	50	tie
1926	50	50	tie
1927	50	50	tie
1928	50	50	tie
1929	50	50	tie
1930	50	50	tie
1931	50	50	tie
1932	50	50	tie
1933	50	50	tie
1934	50	50	tie
1935	50	50	tie
1936	50	50	tie
1937	50	50	tie
1938	50	50	tie
1939	50	50	tie
1940	50	50	tie
1941	50	50	tie
1942	50	50	tie
1943	50	50	tie
1944	50	50	tie
1945	50	50	tie
1946	50	50	tie
1947	50	50	tie
1948	50	50	tie
1949	50	50	tie
1950	50	50	tie
1951	50	50	tie
1952	50	50	tie
1953	50	50	tie
1954	50	50	tie
1955	50	50	tie
1956	50	50	tie
1957	50	50	tie
1958	50	50	tie
1959	50	50	tie
1960	50	50	tie
1961	50	50	tie
1962	50	50	tie
1963	50	50	tie
1964	50	50	tie
1965	50	50	tie
