0.000	24927
0.013	228
0.026	945
0.039	167
0.052	505
0.066	149
0.079	432
0.092	128
0.105	343
0.118	148
0.131	346
0.144	143
0.157	377
0.170	171
0.184	448
0.197	183
0.210	515
0.223	233
0.236	633
0.249	271
0.262	759
0.275	301
0.288	918
0.302	356
0.315	1058
0.328	407
0.341	1123
0.354	413
0.367	1403
0.380	500
0.393	1550
0.406	588
0.420	1732
0.433	601
0.446	1907
0.459	673
0.472	1985
0.485	785
0.498	2250
0.511	832
0.524	2334
0.538	843
0.551	2511
0.564	958
0.577	2537
0.590	918
0.603	2648
0.616	971
0.629	2645
0.642	1057
0.656	2819
0.669	1082
0.682	2760
0.695	1070
0.708	2855
0.721	1123
0.734	2892
0.747	1134
0.760	2917
0.774	1093
0.787	2958
0.800	1152
0.813	2834
0.826	1102
0.839	2888
0.852	1187
0.865	2797
0.878	1172
0.892	2860
0.905	1148
0.918	2760
0.931	1129
0.944	2721
0.957	1168
0.970	2686
0.983	1140
0.996	2666
1.009	1144
1.023	2502
1.036	1143
1.049	2558
1.062	1134
1.075	2576
1.088	1129
1.101	2337
1.114	1149
1.127	2405
1.141	1070
1.154	2345
1.167	1094
1.180	2200
1.193	1084
1.206	2136
1.219	1010
1.232	2114
1.245	1069
1.259	2030
1.272	992
1.285	2068
1.298	993
1.311	1924
1.324	947
1.337	1927
1.350	957
1.363	1836
1.377	889
1.390	1776
1.403	895
1.416	1725
1.429	869
1.442	1783
1.455	872
1.468	1662
1.481	841
1.495	1654
1.508	790
1.521	1496
1.534	810
1.547	1544
1.560	825
1.573	1458
1.586	819
1.599	1428
1.613	740
1.626	1359
1.639	723
1.652	1341
1.665	757
1.678	1232
1.691	711
1.704	1182
1.717	685
1.731	1174
1.744	708
1.757	1217
1.770	641
1.783	1131
1.796	690
1.809	1102
1.822	603
1.835	1078
1.849	663
1.862	1033
1.875	599
1.888	1026
1.901	605
1.914	1040
1.927	574
1.940	1036
1.953	574
1.967	927
1.980	549
1.993	887
10.003	15
10.016	20
10.029	9
10.042	26
10.056	12
10.069	15
10.082	15
10.095	13
10.108	14
10.121	20
10.134	14
10.147	21
10.160	12
10.174	17
10.187	12
10.200	13
10.213	19
10.226	24
10.239	19
10.252	20
10.265	21
10.278	19
10.292	13
10.305	18
10.318	13
10.331	15
10.344	6
10.357	14
10.370	18
10.383	14
10.396	18
10.410	12
10.423	14
10.436	19
10.449	9
10.462	11
10.475	18
10.488	19
10.501	8
10.514	19
10.528	15
10.541	12
10.554	9
10.567	14
10.580	18
10.593	13
10.606	16
10.619	16
10.632	9
10.646	19
10.659	8
10.672	21
10.685	12
10.698	14
10.711	11
10.724	28
10.737	13
10.750	11
10.764	14
10.777	18
10.790	16
10.803	15
10.816	15
10.829	19
10.842	20
10.855	13
10.868	6
10.882	16
10.895	11
10.908	14
10.921	19
10.934	14
10.947	12
10.960	14
10.973	13
10.986	19
100.005	1
100.019	1
100.071	1
100.084	1
100.110	1
100.189	1
100.215	1
100.241	1
100.373	1
100.530	1
100.609	1
100.635	1
100.687	1
100.700	1
100.740	2
100.766	2
100.884	1
100.910	1
101.002	1
101.015	1
101.028	1
101.225	1
101.238	1
101.343	1
101.474	1
101.500	1
101.552	1
101.670	1
101.723	1
101.749	2
101.893	1
101.920	1
101.946	1
101.972	1
102.038	1
102.064	1
102.156	1
102.182	1
102.287	1
102.365	1
102.457	1
102.536	1
102.588	1
102.614	1
102.693	1
102.706	1
102.732	1
102.785	1
102.811	1
102.824	1
102.877	1
102.955	1
102.968	1
102.995	1
103.217	1
103.231	1
103.296	1
103.427	1
103.440	2
103.493	1
103.532	1
103.676	1
103.834	1
103.912	1
103.952	1
103.991	1
104.083	1
104.148	2
104.161	1
104.240	1
104.476	1
104.528	1
104.542	1
104.568	1
104.673	1
104.843	1
104.856	1
104.922	1
105.027	1
105.171	1
105.289	1
105.315	1
105.459	1
105.512	1
105.525	1
105.564	1
105.708	1
105.722	1
105.774	1
105.800	1
105.813	1
105.866	3
105.892	2
106.062	1
106.102	1
106.128	1
106.154	1
106.246	1
106.351	1
106.456	1
106.731	1
106.797	2
106.941	1
107.164	1
107.203	1
107.242	2
107.334	1
107.465	1
107.583	1
107.806	1
107.872	1
107.885	1
108.186	1
108.199	1
108.212	1
108.265	1
108.344	1
108.776	1
108.986	2
109.038	1
109.065	1
109.091	1
109.209	2
109.274	1
109.314	1
109.366	1
109.379	1
109.524	1
109.537	1
109.615	1
109.825	1
109.838	1
109.891	1
109.930	1
11.000	15
11.013	13
11.026	13
11.039	21
11.052	10
11.065	20
11.078	12
11.091	14
11.104	15
11.118	13
11.131	9
11.144	21
11.157	18
11.170	14
11.183	9
11.196	21
11.209	9
11.222	12
11.236	17
11.249	16
11.262	14
11.275	17
11.288	17
11.301	16
11.314	15
11.327	14
11.340	11
11.354	14
11.367	15
11.380	16
11.393	17
11.406	23
11.419	12
11.432	18
11.445	11
11.458	21
11.472	20
11.485	8
11.498	13
11.511	13
11.524	13
11.537	13
11.550	19
11.563	17
11.576	9
11.590	9
11.603	9
11.616	12
11.629	12
11.642	9
11.655	10
11.668	21
11.681	10
11.694	16
11.708	11
11.721	17
11.734	8
11.747	13
11.760	12
11.773	14
11.786	15
11.799	11
11.812	12
11.825	9
11.839	10
11.852	13
11.865	8
11.878	13
11.891	8
11.904	19
11.917	21
11.930	13
11.943	14
11.957	8
11.970	14
11.983	17
11.996	14
110.022	1
110.035	1
110.087	1
110.100	1
110.179	1
110.218	1
110.310	1
110.349	1
110.546	1
110.625	1
110.730	1
110.848	1
110.900	1
110.913	1
110.992	1
111.189	2
111.215	1
111.267	1
111.438	1
111.805	1
111.844	1
111.883	1
111.962	1
111.988	1
112.014	1
112.028	1
112.303	1
112.329	1
112.408	1
112.526	1
112.604	1
112.644	1
112.854	1
113.024	1
113.076	1
113.286	2
113.326	1
113.391	1
113.443	1
113.483	1
113.588	1
113.706	1
113.850	1
113.876	1
114.047	1
114.178	1
114.269	1
114.440	1
114.610	1
114.637	2
114.702	1
114.728	1
114.846	1
114.873	1
115.004	1
115.082	1
115.095	1
115.122	1
115.174	1
115.187	1
115.200	1
115.436	1
115.449	1
115.646	1
115.698	1
115.843	2
115.908	1
115.974	1
116.210	1
116.236	1
116.577	1
116.590	1
116.813	1
117.285	1
117.481	1
117.560	1
117.626	1
117.875	1
117.940	1
118.071	2
118.098	1
118.268	1
118.386	1
118.583	1
118.609	1
118.622	1
118.806	1
118.976	1
119.068	2
119.120	1
119.251	1
119.448	1
119.579	2
119.671	1
119.907	1
119.946	1
12.009	10
12.022	10
12.035	16
12.048	12
12.061	14
12.075	12
12.088	14
12.101	9
12.114	10
12.127	15
12.140	19
12.153	13
12.166	13
12.179	12
12.193	7
12.206	8
12.219	15
12.232	11
12.245	14
12.258	13
12.271	14
12.284	9
12.297	17
12.311	10
12.324	14
12.337	8
12.350	13
12.363	10
12.376	10
12.389	9
12.402	15
12.415	14
12.429	16
12.442	12
12.455	13
12.468	11
12.481	17
12.494	11
12.507	5
12.520	7
12.533	10
12.547	7
12.560	13
12.573	7
12.586	17
12.599	7
12.612	12
12.625	3
12.638	7
12.651	9
12.665	12
12.678	10
12.691	11
12.704	12
12.717	14
12.730	12
12.743	12
12.756	9
12.769	13
12.783	11
12.796	15
12.809	7
12.822	10
12.835	9
12.848	16
12.861	7
12.874	17
12.887	8
12.901	5
12.914	9
12.927	9
12.940	11
12.953	12
12.966	14
12.979	14
12.992	10
120.012	1
120.077	1
120.235	1
120.353	1
120.418	1
120.497	1
120.589	1
120.707	1
120.772	1
121.087	1
121.152	1
121.244	1
121.388	1
121.401	1
121.624	1
121.690	1
121.742	1
121.913	1
122.109	1
122.660	2
122.948	2
123.289	1
123.302	1
123.329	1
123.774	1
123.919	1
124.246	1
124.574	1
124.653	1
124.889	1
124.902	1
124.941	1
125.033	1
125.072	1
125.125	1
125.335	1
125.675	1
125.767	1
126.134	1
126.344	2
126.410	1
127.104	1
127.524	1
127.734	1
127.760	1
127.852	1
127.904	1
128.455	1
128.586	1
128.861	1
128.927	1
129.150	1
129.294	1
129.320	1
129.438	1
129.477	1
129.530	1
129.674	1
129.976	1
13.005	10
13.019	8
13.032	15
13.045	13
13.058	16
13.071	8
13.084	9
13.097	10
13.110	6
13.123	10
13.137	9
13.150	13
13.163	10
13.176	10
13.189	14
13.202	7
13.215	11
13.228	8
13.241	8
13.255	8
13.268	11
13.281	14
13.294	8
13.307	12
13.320	7
13.333	6
13.346	10
13.359	12
13.373	5
13.386	6
13.399	16
13.412	8
13.425	9
13.438	11
13.451	13
13.464	13
13.477	12
13.491	10
13.504	4
13.517	13
13.530	9
13.543	9
13.556	7
13.569	8
13.582	10
13.595	5
13.608	12
13.622	7
13.635	6
13.648	9
13.661	16
13.674	8
13.687	7
13.700	13
13.713	6
13.726	3
13.740	10
13.753	9
13.766	9
13.779	7
13.792	13
13.805	6
13.818	16
13.831	6
13.844	11
13.858	7
13.871	9
13.884	7
13.897	9
13.910	9
13.923	10
13.936	8
13.949	13
13.962	17
13.976	13
13.989	9
130.028	2
130.579	1
130.710	1
130.749	1
130.933	1
131.038	1
131.221	1
131.287	1
131.405	1
131.431	1
131.575	1
131.759	1
131.850	1
132.060	1
132.073	1
132.283	1
132.729	1
132.768	1
132.847	1
132.965	1
133.175	1
133.371	1
133.528	1
133.804	1
134.105	1
134.315	1
134.381	1
134.394	1
134.420	1
135.089	1
135.102	1
135.338	1
135.364	1
135.770	1
135.836	1
136.255	1
136.308	1
136.360	1
136.478	1
136.583	1
136.950	1
137.029	1
137.055	1
137.160	1
137.370	1
137.894	1
138.078	1
138.130	1
138.419	1
138.628	1
139.061	1
139.100	1
139.205	1
139.467	1
139.625	1
139.874	1
14.002	9
14.015	9
14.028	7
14.041	11
14.054	11
14.067	9
14.080	9
14.094	12
14.107	12
14.120	11
14.133	12
14.146	2
14.159	7
14.172	10
14.185	11
14.198	9
14.212	10
14.225	9
14.238	8
14.251	12
14.264	8
14.277	7
14.290	12
14.303	4
14.316	10
14.330	6
14.343	5
14.356	9
14.369	5
14.382	6
14.395	4
14.408	8
14.421	16
14.434	13
14.448	10
14.461	9
14.474	7
14.487	6
14.500	6
14.513	6
14.526	4
14.539	10
14.552	9
14.566	7
14.579	8
14.592	5
14.605	10
14.618	5
14.631	10
14.644	11
14.657	9
14.670	6
14.684	11
14.697	8
14.710	12
14.723	10
14.736	9
14.749	8
14.762	7
14.775	13
14.788	4
14.802	8
14.815	12
14.828	4
14.841	6
14.854	8
14.867	10
14.880	6
14.893	8
14.906	14
14.920	9
14.933	7
14.946	5
14.959	8
14.972	13
14.985	9
14.998	9
140.031	1
140.110	1
140.280	1
140.516	1
140.621	1
140.765	1
140.883	1
140.936	1
141.460	1
142.208	1
142.483	1
142.679	1
142.693	1
142.837	1
143.191	1
143.519	1
143.558	1
143.886	1
143.938	1
144.240	1
144.843	1
145.052	1
145.210	1
145.813	1
145.852	1
145.918	1
146.114	1
146.534	1
146.875	1
147.399	1
147.976	1
148.068	1
148.094	1
148.461	1
148.907	1
149.051	1
149.235	1
149.248	1
149.444	1
15.011	8
15.024	6
15.038	3
15.051	9
15.064	10
15.077	10
15.090	13
15.103	7
15.116	6
15.129	7
15.142	6
15.156	9
15.169	11
15.182	9
15.195	14
15.208	9
15.221	8
15.234	8
15.247	9
15.260	2
15.274	3
15.287	4
15.300	7
15.313	9
15.326	7
15.339	5
15.352	5
15.365	9
15.378	7
15.392	7
15.405	12
15.418	9
15.431	8
15.444	5
15.457	7
15.470	10
15.483	14
15.496	7
15.509	7
15.523	14
15.536	6
15.549	9
15.562	7
15.575	11
15.588	11
15.601	5
15.614	11
15.627	5
15.641	8
15.654	7
15.667	6
15.680	5
15.693	9
15.706	8
15.719	8
15.732	4
15.745	7
15.759	7
15.772	6
15.785	8
15.798	6
15.811	10
15.824	12
15.837	8
15.850	3
15.863	4
15.877	7
15.890	10
15.903	12
15.916	8
15.929	11
15.942	7
15.955	6
15.968	7
15.981	8
15.995	8
150.034	1
150.139	1
150.244	1
151.450	1
151.935	1
152.604	1
152.892	1
153.351	1
153.417	1
153.509	1
153.705	1
153.902	1
154.046	1
154.374	1
154.479	1
155.737	1
156.747	1
157.691	1
157.809	1
16.008	7
16.021	14
16.034	8
16.047	7
16.060	5
16.073	6
16.086	7
16.099	8
16.113	9
16.126	6
16.139	7
16.152	11
16.165	8
16.178	7
16.191	5
16.204	11
16.217	2
16.231	11
16.244	4
16.257	3
16.270	4
16.283	8
16.296	9
16.309	8
16.322	4
16.335	5
16.349	7
16.362	6
16.375	7
16.388	6
16.401	5
16.414	5
16.427	4
16.440	8
16.453	12
16.467	7
16.480	5
16.493	13
16.506	8
16.519	6
16.532	9
16.545	8
16.558	9
16.571	10
16.585	4
16.598	8
16.611	5
16.624	7
16.637	9
16.650	11
16.663	7
16.676	7
16.689	1
16.703	9
16.716	11
16.729	10
16.742	8
16.755	8
16.768	4
16.781	3
16.794	5
16.807	7
16.821	7
16.834	13
16.847	6
16.860	8
16.873	9
16.886	9
16.899	7
16.912	6
16.925	8
16.939	5
16.952	8
16.965	12
16.978	6
16.991	4
160.719	1
161.047	1
161.126	1
161.178	1
161.755	1
161.991	1
162.293	1
162.384	1
162.607	1
163.236	1
164.534	1
165.242	1
166.134	1
166.737	1
166.907	1
167.038	1
167.183	1
167.681	1
167.825	1
169.254	1
17.004	4
17.017	4
17.030	7
17.043	13
17.057	5
17.070	7
17.083	6
17.096	10
17.109	2
17.122	3
17.135	7
17.148	14
17.161	7
17.175	5
17.188	5
17.201	2
17.214	6
17.227	6
17.240	6
17.253	7
17.266	8
17.279	6
17.292	6
17.306	10
17.319	8
17.332	6
17.345	3
17.358	7
17.371	4
17.384	12
17.397	3
17.410	6
17.424	4
17.437	7
17.450	5
17.463	9
17.476	5
17.489	5
17.502	6
17.515	9
17.528	8
17.542	7
17.555	4
17.568	3
17.581	8
17.594	6
17.607	4
17.620	4
17.633	4
17.646	11
17.660	9
17.673	7
17.686	1
17.699	11
17.712	4
17.725	11
17.738	3
17.751	8
17.764	6
17.778	6
17.791	6
17.804	5
17.817	5
17.830	4
17.843	6
17.856	8
17.869	7
17.882	6
17.896	5
17.909	6
17.922	2
17.935	6
17.948	3
17.961	5
17.974	6
17.987	5
170.185	1
170.316	1
170.801	1
172.191	1
176.242	1
176.452	1
177.186	1
177.278	1
18.000	3
18.014	7
18.027	6
18.040	8
18.053	8
18.066	7
18.079	3
18.092	6
18.105	7
18.118	9
18.132	3
18.145	7
18.158	6
18.171	8
18.184	3
18.197	11
18.210	9
18.223	3
18.236	4
18.250	8
18.263	5
18.276	4
18.289	2
18.302	6
18.315	4
18.328	1
18.341	4
18.354	6
18.368	2
18.381	12
18.394	6
18.407	3
18.420	9
18.433	8
18.446	1
18.459	6
18.472	8
18.486	7
18.499	4
18.512	8
18.525	7
18.538	8
18.551	4
18.564	10
18.577	5
18.590	5
18.604	4
18.617	5
18.630	5
18.643	6
18.656	8
18.669	5
18.682	6
18.695	8
18.708	5
18.722	5
18.735	7
18.748	6
18.761	6
18.774	14
18.787	4
18.800	4
18.813	5
18.826	4
18.840	6
18.853	4
18.866	8
18.879	3
18.892	5
18.905	7
18.918	3
18.931	7
18.944	6
18.958	2
18.971	6
18.984	7
18.997	5
180.922	1
181.066	1
181.840	1
182.640	1
182.653	1
185.354	1
185.786	1
185.943	1
186.966	1
187.045	1
189.090	1
189.234	1
19.010	6
19.023	3
19.036	7
19.049	6
19.062	7
19.075	3
19.089	7
19.102	6
19.115	9
19.128	4
19.141	5
19.154	6
19.167	4
19.180	3
19.193	4
19.207	6
19.220	13
19.233	6
19.246	11
19.259	5
19.272	4
19.285	4
19.298	8
19.311	9
19.325	8
19.338	1
19.351	10
19.364	6
19.377	8
19.390	5
19.403	7
19.416	4
19.429	6
19.443	8
19.456	2
19.469	7
19.482	7
19.495	7
19.508	6
19.521	7
19.534	6
19.547	4
19.561	5
19.574	1
19.587	7
19.600	5
19.613	7
19.626	7
19.639	4
19.652	4
19.665	8
19.679	1
19.692	8
19.705	4
19.718	1
19.731	6
19.744	5
19.757	7
19.770	10
19.783	7
19.797	2
19.810	6
19.823	6
19.836	6
19.849	7
19.862	7
19.875	5
19.888	6
19.901	2
19.915	7
19.928	6
19.941	9
19.954	9
19.967	3
19.980	5
19.993	4
194.203	1
194.609	1
198.175	1
2.006	542
2.019	940
2.032	522
2.045	874
2.058	500
2.071	836
2.085	497
2.098	790
2.111	494
2.124	828
2.137	477
2.150	794
2.163	439
2.176	783
2.189	486
2.203	749
2.216	419
2.229	737
2.242	465
2.255	648
2.268	439
2.281	686
2.294	370
2.307	675
2.321	390
2.334	686
2.347	403
2.360	654
2.373	409
2.386	633
2.399	404
2.412	566
2.425	378
2.439	581
2.452	364
2.465	547
2.478	314
2.491	563
2.504	384
2.517	506
2.530	353
2.543	510
2.557	326
2.570	530
2.583	324
2.596	550
2.609	319
2.622	445
2.635	303
2.648	503
2.661	340
2.675	467
2.688	295
2.701	424
2.714	281
2.727	445
2.740	295
2.753	425
2.766	283
2.779	428
2.792	254
2.806	438
2.819	295
2.832	401
2.845	268
2.858	371
2.871	267
2.884	374
2.897	242
2.910	355
2.924	269
2.937	355
2.950	235
2.963	354
2.976	231
2.989	355
20.006	7
20.019	4
20.033	7
20.046	5
20.059	4
20.072	7
20.085	5
20.098	5
20.111	5
20.124	5
20.137	5
20.164	3
20.177	6
20.190	11
20.203	6
20.216	5
20.229	6
20.242	6
20.255	5
20.269	8
20.282	4
20.295	4
20.308	6
20.321	7
20.334	6
20.347	6
20.360	4
20.373	7
20.387	4
20.400	2
20.413	4
20.426	8
20.439	5
20.452	3
20.465	5
20.478	8
20.491	7
20.505	10
20.518	4
20.531	5
20.544	7
20.557	8
20.570	2
20.583	5
20.596	7
20.609	5
20.623	7
20.636	4
20.649	6
20.662	5
20.675	9
20.688	5
20.701	7
20.714	2
20.727	5
20.741	7
20.754	2
20.767	4
20.780	5
20.793	4
20.806	2
20.819	4
20.832	2
20.845	8
20.858	3
20.872	5
20.885	6
20.898	9
20.911	6
20.924	8
20.937	4
20.950	6
20.963	2
20.976	6
20.990	8
200.024	1
204.075	1
204.101	1
204.862	1
205.098	1
206.356	1
206.933	1
21.003	2
21.016	7
21.029	4
21.042	6
21.055	9
21.068	5
21.081	9
21.094	2
21.108	5
21.121	2
21.134	6
21.147	7
21.160	6
21.173	3
21.186	9
21.199	2
21.212	2
21.226	8
21.239	2
21.252	3
21.265	6
21.278	2
21.291	5
21.304	5
21.317	4
21.330	2
21.344	6
21.357	6
21.370	3
21.383	2
21.396	8
21.409	3
21.422	4
21.435	4
21.448	4
21.462	5
21.475	11
21.488	6
21.501	4
21.514	1
21.527	4
21.540	3
21.553	3
21.566	10
21.580	9
21.593	5
21.606	3
21.619	5
21.632	4
21.645	5
21.658	5
21.671	2
21.684	5
21.698	5
21.711	9
21.724	1
21.737	6
21.750	7
21.763	2
21.776	7
21.789	5
21.802	4
21.816	8
21.829	2
21.842	5
21.855	4
21.868	6
21.881	7
21.894	5
21.907	3
21.920	4
21.934	3
21.947	5
21.960	4
21.973	8
21.986	1
21.999	1
211.142	1
214.957	1
215.140	1
22.025	7
22.038	4
22.052	3
22.065	3
22.078	7
22.091	6
22.104	7
22.117	5
22.130	3
22.143	3
22.156	5
22.170	4
22.183	5
22.196	6
22.209	3
22.222	5
22.235	6
22.248	6
22.261	9
22.274	6
22.288	7
22.301	5
22.314	4
22.327	3
22.340	2
22.353	3
22.366	4
22.379	8
22.392	3
22.419	6
22.432	2
22.445	1
22.458	2
22.471	7
22.484	6
22.497	1
22.510	4
22.524	1
22.537	6
22.550	4
22.563	2
22.576	5
22.589	2
22.602	7
22.615	4
22.628	4
22.642	8
22.655	5
22.668	2
22.681	4
22.694	4
22.707	2
22.720	2
22.733	10
22.746	3
22.759	5
22.773	8
22.786	4
22.799	5
22.812	6
22.825	4
22.838	8
22.851	4
22.864	6
22.877	7
22.891	3
22.904	2
22.917	8
22.930	6
22.943	4
22.956	4
22.969	3
22.982	3
22.995	7
226.376	1
228.316	1
23.009	1
23.022	9
23.035	5
23.048	8
23.061	2
23.074	7
23.087	4
23.100	4
23.113	2
23.127	3
23.140	5
23.153	1
23.166	5
23.179	5
23.192	4
23.205	5
23.218	4
23.231	4
23.245	6
23.258	6
23.271	3
23.284	6
23.297	6
23.310	3
23.323	5
23.336	3
23.349	6
23.363	2
23.376	3
23.389	4
23.402	4
23.415	6
23.428	9
23.441	4
23.454	7
23.467	2
23.481	6
23.494	6
23.507	3
23.520	7
23.533	7
23.546	5
23.559	1
23.572	5
23.585	7
23.599	3
23.612	6
23.625	3
23.638	2
23.651	5
23.664	2
23.677	4
23.690	3
23.703	5
23.717	2
23.730	1
23.743	6
23.756	4
23.769	6
23.782	6
23.795	3
23.808	7
23.821	6
23.835	7
23.848	3
23.861	3
23.874	2
23.887	2
23.900	2
23.913	7
23.926	3
23.939	3
23.953	7
23.966	9
23.979	2
23.992	4
230.086	1
230.597	1
230.912	1
231.554	1
24.005	4
24.018	2
24.031	1
24.044	4
24.057	5
24.071	5
24.097	6
24.110	3
24.123	2
24.136	6
24.149	6
24.162	3
24.175	4
24.189	2
24.202	5
24.215	4
24.228	8
24.241	3
24.254	3
24.267	6
24.280	2
24.293	8
24.307	3
24.320	5
24.333	2
24.346	6
24.359	6
24.372	5
24.385	6
24.398	4
24.411	3
24.425	8
24.438	3
24.451	2
24.464	3
24.477	4
24.490	6
24.503	1
24.516	2
24.529	2
24.542	4
24.556	2
24.569	4
24.595	1
24.608	2
24.621	6
24.634	4
24.647	6
24.660	5
24.674	4
24.687	3
24.700	3
24.713	4
24.726	4
24.739	4
24.752	9
24.765	2
24.778	1
24.792	8
24.805	3
24.818	5
24.831	2
24.844	3
24.857	12
24.870	2
24.883	7
24.896	7
24.910	6
24.923	2
24.936	5
24.949	1
24.962	1
24.975	2
24.988	6
240.299	1
25.001	3
25.014	3
25.028	3
25.041	5
25.054	2
25.080	5
25.093	7
25.106	4
25.119	3
25.132	4
25.146	4
25.159	4
25.172	1
25.185	3
25.198	1
25.211	5
25.224	2
25.237	8
25.250	1
25.264	3
25.277	1
25.290	4
25.303	4
25.316	2
25.329	3
25.342	4
25.355	3
25.368	3
25.408	3
25.421	1
25.434	6
25.447	6
25.460	3
25.473	6
25.486	6
25.500	3
25.513	3
25.526	1
25.539	5
25.552	8
25.565	2
25.578	4
25.591	4
25.604	4
25.618	5
25.631	5
25.644	8
25.657	6
25.670	4
25.683	5
25.696	2
25.709	4
25.722	4
25.736	2
25.749	2
25.762	2
25.775	2
25.788	3
25.801	2
25.814	6
25.827	4
25.840	4
25.854	5
25.867	2
25.880	6
25.893	2
25.906	3
25.919	2
25.932	4
25.945	6
25.958	3
25.972	3
25.985	4
25.998	2
250.289	1
257.001	1
26.011	5
26.024	3
26.037	3
26.050	2
26.063	1
26.076	3
26.090	1
26.103	2
26.116	4
26.129	3
26.142	2
26.155	3
26.168	2
26.181	2
26.194	8
26.208	4
26.234	1
26.247	5
26.260	1
26.273	1
26.286	4
26.299	3
26.312	7
26.325	4
26.339	2
26.352	3
26.365	3
26.378	1
26.391	5
26.404	4
26.417	8
26.430	6
26.443	7
26.457	5
26.470	4
26.483	4
26.509	5
26.522	4
26.535	4
26.548	2
26.561	5
26.575	3
26.588	3
26.601	3
26.614	3
26.627	6
26.640	1
26.653	6
26.666	6
26.693	4
26.706	2
26.719	2
26.732	1
26.745	3
26.758	1
26.771	4
26.784	6
26.797	4
26.811	6
26.824	2
26.837	3
26.850	1
26.863	1
26.876	3
26.889	2
26.902	3
26.915	4
26.929	8
26.942	3
26.955	4
26.968	5
26.981	5
26.994	4
27.007	8
27.020	5
27.033	9
27.047	1
27.060	3
27.073	3
27.086	2
27.099	2
27.112	4
27.125	5
27.138	2
27.151	4
27.165	3
27.178	2
27.191	4
27.204	1
27.217	3
27.230	5
27.243	2
27.256	1
27.269	3
27.283	4
27.296	3
27.309	1
27.322	5
27.348	1
27.374	8
27.387	7
27.401	6
27.414	6
27.427	5
27.440	4
27.453	2
27.466	5
27.479	3
27.492	2
27.505	3
27.519	3
27.532	5
27.545	1
27.558	2
27.571	4
27.584	8
27.597	3
27.610	4
27.623	5
27.637	3
27.650	4
27.663	1
27.676	2
27.689	6
27.702	2
27.715	6
27.728	5
27.741	5
27.755	1
27.768	5
27.781	5
27.794	6
27.807	4
27.820	4
27.833	3
27.846	2
27.859	2
27.873	3
27.886	2
27.899	5
27.912	6
27.925	3
27.938	5
27.951	6
27.964	4
27.977	2
27.991	4
270.728	1
28.004	4
28.017	3
28.030	7
28.043	2
28.056	6
28.069	1
28.082	3
28.095	5
28.109	3
28.122	1
28.148	4
28.161	1
28.174	3
28.187	1
28.200	5
28.213	6
28.240	3
28.253	2
28.266	3
28.279	5
28.292	5
28.305	1
28.318	3
28.331	1
28.344	6
28.358	2
28.384	7
28.397	7
28.410	2
28.423	6
28.436	4
28.449	1
28.462	3
28.476	2
28.489	3
28.502	2
28.515	4
28.528	5
28.541	4
28.554	4
28.567	6
28.580	1
28.594	3
28.607	2
28.620	1
28.633	4
28.646	1
28.659	3
28.672	5
28.685	5
28.698	4
28.712	2
28.725	3
28.738	2
28.751	3
28.764	3
28.777	5
28.790	2
28.803	8
28.816	4
28.830	5
28.843	3
28.856	3
28.869	5
28.882	2
28.895	5
28.908	2
28.921	7
28.934	4
28.948	5
28.974	1
28.987	3
280.534	1
29.013	8
29.026	4
29.039	3
29.052	6
29.066	4
29.079	2
29.092	3
29.105	1
29.118	2
29.131	7
29.144	2
29.170	5
29.184	1
29.197	2
29.210	4
29.223	4
29.236	2
29.262	5
29.275	3
29.302	2
29.315	2
29.328	3
29.341	4
29.354	2
29.367	5
29.380	3
29.393	3
29.406	4
29.420	4
29.433	1
29.446	3
29.459	3
29.472	3
29.485	2
29.498	6
29.511	3
29.524	5
29.538	3
29.551	4
29.564	1
29.577	3
29.590	1
29.603	1
29.616	4
29.629	5
29.642	4
29.656	3
29.669	5
29.682	4
29.695	2
29.708	3
29.721	4
29.734	5
29.747	2
29.760	3
29.774	4
29.787	6
29.800	5
29.813	3
29.826	1
29.839	2
29.852	1
29.865	1
29.878	3
29.892	6
29.905	4
29.918	2
29.931	4
29.944	2
29.957	1
29.970	2
29.983	3
29.996	4
3.002	217
3.015	355
3.028	209
3.042	316
3.055	242
3.068	350
3.081	214
3.094	328
3.107	206
3.120	343
3.133	219
3.146	310
3.160	212
3.173	315
3.186	203
3.199	294
3.212	179
3.225	291
3.238	225
3.251	277
3.264	187
3.278	307
3.291	196
3.304	292
3.317	218
3.330	292
3.343	173
3.356	300
3.369	187
3.382	255
3.396	185
3.409	295
3.422	160
3.435	258
3.448	172
3.461	291
3.474	206
3.487	243
3.500	163
3.514	235
3.527	179
3.540	220
3.553	158
3.566	225
3.579	155
3.592	251
3.605	160
3.618	209
3.632	155
3.645	208
3.658	159
3.671	206
3.684	140
3.697	182
3.710	153
3.723	228
3.736	181
3.750	199
3.763	158
3.776	205
3.789	137
3.802	203
3.815	136
3.828	180
3.841	149
3.854	169
3.868	118
3.881	178
3.894	111
3.907	175
3.920	129
3.933	195
3.946	143
3.959	174
3.972	131
3.986	184
3.999	136
30.009	1
30.023	3
30.036	6
30.049	5
30.062	5
30.075	4
30.088	3
30.101	1
30.114	2
30.127	5
30.141	5
30.154	3
30.167	2
30.180	5
30.193	1
30.206	4
30.219	2
30.232	4
30.245	1
30.259	4
30.272	1
30.285	3
30.298	2
30.311	3
30.324	3
30.337	2
30.350	3
30.363	4
30.377	4
30.390	5
30.403	1
30.416	3
30.429	1
30.442	3
30.455	1
30.468	7
30.481	5
30.495	4
30.508	2
30.521	7
30.534	3
30.547	5
30.560	2
30.573	2
30.586	2
30.599	5
30.613	2
30.626	5
30.639	3
30.652	4
30.665	2
30.678	5
30.691	2
30.704	1
30.717	4
30.731	3
30.744	8
30.757	1
30.770	1
30.783	4
30.796	2
30.809	3
30.822	3
30.835	1
30.849	3
30.862	4
30.875	4
30.888	2
30.901	4
30.914	3
30.927	1
30.953	2
30.980	1
30.993	2
307.646	1
31.006	3
31.019	4
31.032	2
31.045	3
31.058	6
31.071	2
31.085	1
31.098	2
31.111	5
31.124	4
31.137	2
31.150	2
31.163	1
31.176	3
31.189	1
31.203	3
31.216	3
31.229	6
31.242	2
31.255	2
31.268	6
31.281	1
31.294	3
31.307	3
31.321	6
31.334	1
31.347	2
31.360	4
31.373	2
31.386	4
31.399	4
31.412	3
31.439	2
31.452	3
31.465	4
31.478	4
31.491	3
31.504	1
31.530	2
31.543	3
31.557	3
31.570	4
31.583	2
31.596	3
31.622	4
31.635	4
31.648	2
31.661	3
31.675	1
31.688	5
31.701	3
31.714	1
31.727	4
31.753	4
31.766	2
31.779	4
31.792	2
31.806	4
31.819	2
31.832	6
31.845	1
31.858	3
31.871	2
31.884	6
31.897	4
31.910	3
31.924	5
31.937	6
31.950	2
31.963	2
31.976	4
31.989	2
32.002	5
32.015	3
32.028	4
32.042	5
32.055	6
32.068	2
32.081	3
32.094	3
32.107	1
32.120	1
32.133	1
32.146	6
32.160	4
32.173	4
32.186	3
32.199	5
32.212	4
32.225	5
32.238	1
32.251	4
32.264	5
32.278	3
32.291	1
32.304	2
32.317	4
32.330	4
32.343	2
32.356	2
32.369	2
32.382	1
32.409	4
32.422	3
32.435	4
32.448	2
32.461	2
32.474	1
32.487	5
32.514	3
32.527	3
32.540	2
32.553	1
32.592	3
32.605	3
32.618	1
32.632	2
32.645	1
32.658	5
32.671	6
32.684	1
32.697	1
32.710	4
32.723	2
32.736	2
32.750	6
32.763	7
32.776	1
32.789	3
32.802	2
32.815	4
32.828	4
32.854	3
32.868	2
32.881	6
32.894	2
32.907	1
32.920	4
32.933	4
32.946	1
32.972	3
32.986	1
32.999	3
33.012	1
33.025	3
33.038	4
33.051	2
33.064	4
33.077	3
33.090	2
33.104	3
33.117	4
33.130	1
33.143	4
33.156	4
33.169	3
33.182	4
33.195	2
33.208	2
33.222	5
33.235	2
33.248	5
33.261	5
33.287	3
33.300	2
33.313	2
33.326	1
33.340	1
33.353	3
33.379	5
33.392	2
33.405	3
33.418	1
33.431	2
33.444	2
33.458	2
33.484	7
33.497	3
33.510	2
33.523	2
33.536	4
33.549	4
33.562	4
33.575	1
33.589	7
33.602	2
33.615	1
33.628	5
33.641	2
33.654	5
33.667	2
33.680	3
33.693	4
33.707	2
33.720	2
33.733	4
33.746	4
33.759	4
33.772	4
33.785	2
33.798	3
33.811	3
33.825	4
33.838	2
33.851	4
33.864	2
33.877	3
33.890	2
33.903	3
33.916	4
33.929	2
33.943	2
33.956	2
33.969	3
33.982	4
33.995	2
34.008	2
34.021	1
34.034	3
34.047	4
34.061	1
34.074	5
34.087	5
34.100	2
34.113	6
34.126	2
34.139	2
34.152	3
34.165	3
34.179	2
34.192	3
34.205	4
34.218	2
34.231	4
34.244	5
34.257	4
34.270	1
34.283	2
34.297	2
34.310	2
34.323	4
34.336	2
34.349	2
34.362	1
34.375	5
34.401	1
34.415	3
34.428	1
34.441	2
34.454	3
34.467	2
34.493	5
34.506	1
34.519	5
34.533	3
34.559	4
34.585	1
34.611	3
34.624	1
34.637	3
34.651	4
34.664	3
34.677	4
34.690	5
34.703	3
34.716	6
34.729	1
34.742	2
34.755	1
34.769	1
34.782	4
34.795	1
34.808	5
34.821	3
34.834	3
34.847	2
34.860	1
34.873	5
34.887	4
34.900	3
34.913	2
34.926	2
34.939	1
34.952	6
34.965	4
34.978	1
35.005	1
35.018	3
35.031	2
35.044	3
35.057	1
35.070	1
35.083	2
35.109	6
35.123	2
35.136	7
35.149	1
35.162	4
35.175	5
35.188	2
35.201	1
35.214	2
35.227	4
35.241	4
35.254	3
35.267	3
35.280	3
35.293	1
35.319	6
35.332	4
35.345	5
35.359	2
35.372	1
35.385	3
35.398	1
35.411	1
35.424	3
35.437	5
35.450	2
35.463	2
35.476	3
35.503	1
35.516	1
35.529	3
35.542	4
35.555	2
35.568	3
35.581	5
35.594	3
35.608	2
35.634	2
35.647	4
35.660	5
35.686	2
35.699	2
35.739	1
35.752	1
35.765	4
35.778	1
35.791	1
35.804	3
35.817	3
35.830	2
35.844	3
35.857	1
35.870	3
35.883	5
35.896	2
35.922	1
35.935	2
35.962	1
35.975	5
35.988	3
36.001	3
36.014	2
36.027	3
36.040	4
36.053	1
36.066	4
36.080	1
36.093	1
36.106	1
36.119	3
36.132	4
36.145	3
36.158	3
36.171	2
36.184	2
36.198	3
36.211	6
36.224	3
36.237	4
36.250	2
36.263	3
36.276	3
36.289	3
36.302	4
36.316	2
36.329	1
36.342	1
36.355	3
36.368	1
36.381	1
36.394	3
36.407	1
36.420	2
36.434	5
36.460	2
36.473	4
36.486	1
36.499	1
36.512	2
36.525	5
36.538	2
36.552	3
36.565	2
36.578	6
36.604	3
36.617	3
36.630	4
36.643	2
36.656	7
36.670	2
36.683	1
36.696	1
36.709	3
36.722	3
36.735	6
36.748	2
36.774	3
36.788	1
36.801	2
36.814	4
36.827	3
36.840	2
36.853	1
36.866	2
36.892	3
36.906	1
36.932	1
36.945	1
36.958	3
36.971	5
36.997	5
37.010	1
37.024	1
37.037	2
37.050	2
37.063	1
37.076	3
37.102	1
37.115	2
37.128	8
37.142	2
37.155	3
37.168	1
37.181	1
37.194	1
37.207	2
37.220	1
37.233	2
37.246	2
37.259	4
37.273	3
37.286	1
37.299	2
37.312	4
37.325	10
37.338	4
37.351	3
37.364	2
37.377	2
37.391	3
37.417	2
37.430	3
37.443	3
37.456	3
37.469	7
37.482	1
37.495	4
37.509	2
37.522	4
37.535	2
37.548	4
37.561	2
37.574	7
37.587	2
37.613	4
37.627	2
37.640	3
37.653	2
37.666	2
37.679	3
37.692	1
37.705	2
37.718	2
37.731	5
37.745	1
37.771	1
37.784	2
37.797	2
37.810	1
37.836	4
37.849	2
37.863	3
37.889	1
37.902	1
37.915	6
37.928	2
37.941	4
37.967	1
37.981	4
38.007	4
38.020	6
38.033	2
38.046	1
38.059	1
38.072	4
38.085	3
38.099	3
38.112	2
38.138	1
38.151	1
38.164	2
38.177	1
38.190	1
38.203	3
38.217	2
38.230	2
38.243	2
38.269	1
38.282	2
38.295	1
38.308	3
38.321	2
38.335	7
38.348	3
38.361	3
38.374	2
38.387	2
38.400	1
38.413	3
38.439	1
38.453	4
38.466	4
38.505	3
38.518	3
38.544	5
38.557	2
38.571	1
38.584	1
38.597	2
38.610	3
38.623	4
38.649	1
38.662	3
38.689	2
38.702	1
38.728	4
38.741	2
38.754	2
38.767	2
38.780	2
38.820	2
38.833	2
38.846	4
38.859	2
38.898	3
38.911	1
38.925	3
38.951	3
38.964	4
38.977	1
38.990	1
39.003	3
39.016	1
39.029	5
39.042	2
39.056	2
39.069	4
39.082	1
39.095	5
39.108	2
39.121	2
39.147	1
39.160	2
39.174	5
39.187	2
39.200	3
39.213	1
39.226	2
39.239	1
39.252	1
39.265	3
39.278	2
39.292	1
39.305	2
39.318	4
39.331	2
39.344	5
39.357	3
39.370	2
39.383	2
39.396	1
39.410	1
39.436	3
39.449	6
39.462	1
39.475	3
39.488	4
39.501	3
39.514	3
39.528	2
39.541	1
39.554	1
39.567	5
39.580	2
39.593	3
39.606	1
39.619	5
39.632	2
39.646	3
39.659	2
39.672	3
39.698	3
39.711	3
39.724	2
39.737	6
39.764	3
39.777	1
39.790	2
39.803	2
39.816	3
39.829	2
39.842	4
39.855	2
39.868	2
39.882	1
39.908	4
39.921	1
39.934	4
39.947	2
39.960	5
39.973	2
39.986	1
4.012	207
4.025	113
4.038	162
4.051	125
4.064	158
4.077	129
4.090	186
4.104	122
4.117	181
4.130	122
4.143	150
4.156	119
4.169	150
4.182	115
4.195	121
4.208	109
4.222	163
4.235	106
4.248	145
4.261	97
4.274	134
4.287	108
4.300	164
4.313	92
4.326	137
4.340	101
4.353	143
4.366	83
4.379	151
4.392	85
4.405	159
4.418	104
4.431	123
4.444	83
4.458	138
4.471	98
4.484	121
4.497	111
4.510	141
4.523	94
4.536	122
4.549	92
4.562	132
4.575	93
4.589	131
4.602	107
4.615	126
4.628	95
4.641	134
4.654	99
4.667	108
4.680	78
4.693	115
4.707	71
4.720	119
4.733	92
4.746	119
4.759	86
4.772	126
4.785	86
4.798	109
4.811	91
4.825	110
4.838	71
4.851	98
4.864	69
4.877	107
4.890	90
4.903	126
4.916	68
4.929	98
4.943	81
4.956	104
4.969	70
4.982	98
4.995	63
40.000	4
40.013	1
40.026	2
40.039	3
40.052	1
40.078	1
40.091	1
40.104	2
40.131	3
40.144	2
40.157	1
40.170	2
40.183	2
40.196	2
40.209	1
40.222	1
40.236	4
40.249	2
40.275	1
40.301	2
40.314	1
40.340	1
40.354	2
40.367	2
40.380	2
40.393	1
40.419	2
40.432	1
40.445	2
40.458	1
40.472	1
40.498	2
40.511	1
40.524	4
40.537	2
40.550	1
40.563	3
40.576	1
40.616	1
40.629	3
40.642	4
40.668	2
40.681	4
40.694	3
40.708	1
40.721	3
40.747	5
40.760	4
40.773	1
40.799	2
40.812	2
40.825	1
40.839	4
40.852	2
40.865	1
40.878	2
40.891	1
40.917	1
40.930	3
40.943	2
40.970	3
40.983	4
40.996	2
41.022	3
41.035	2
41.048	3
41.075	4
41.088	1
41.114	1
41.127	1
41.140	1
41.153	3
41.166	3
41.179	1
41.193	2
41.206	2
41.219	5
41.232	1
41.245	2
41.258	1
41.271	4
41.284	1
41.297	3
41.311	1
41.324	3
41.337	2
41.363	1
41.376	2
41.389	1
41.402	3
41.429	1
41.442	1
41.468	3
41.481	3
41.494	2
41.507	3
41.533	3
41.560	1
41.573	1
41.586	1
41.599	2
41.612	4
41.625	1
41.638	2
41.651	1
41.665	3
41.678	1
41.691	4
41.704	1
41.717	1
41.730	1
41.743	4
41.769	2
41.796	4
41.809	1
41.822	2
41.835	3
41.848	2
41.861	2
41.874	3
41.887	1
41.901	1
41.914	4
41.927	1
41.940	2
41.953	3
41.966	1
41.979	1
42.005	1
42.019	1
42.032	6
42.045	1
42.058	3
42.071	2
42.097	2
42.110	3
42.137	4
42.150	4
42.163	1
42.176	2
42.189	1
42.228	4
42.255	1
42.268	1
42.281	2
42.294	2
42.307	3
42.320	3
42.346	3
42.359	2
42.373	4
42.386	2
42.425	1
42.438	2
42.451	5
42.464	2
42.477	4
42.491	4
42.504	1
42.530	4
42.556	3
42.569	2
42.582	1
42.595	2
42.609	3
42.622	2
42.648	5
42.661	2
42.687	2
42.700	5
42.713	2
42.740	2
42.753	2
42.766	2
42.779	4
42.792	1
42.818	2
42.831	1
42.844	3
42.858	1
42.884	2
42.910	4
42.923	1
42.936	2
42.949	2
42.962	2
42.976	1
42.989	2
43.015	4
43.028	3
43.041	3
43.054	1
43.080	3
43.094	2
43.120	2
43.133	2
43.146	1
43.159	1
43.172	1
43.185	4
43.198	1
43.212	2
43.225	1
43.251	2
43.264	1
43.277	1
43.290	2
43.303	1
43.316	2
43.330	3
43.343	2
43.369	6
43.382	1
43.395	2
43.408	1
43.434	5
43.448	1
43.461	4
43.474	4
43.487	1
43.500	1
43.513	5
43.526	3
43.539	1
43.552	2
43.566	3
43.579	4
43.592	1
43.605	1
43.618	1
43.631	3
43.657	1
43.670	3
43.684	2
43.697	4
43.710	2
43.723	1
43.736	5
43.749	1
43.762	1
43.775	2
43.788	2
43.802	4
43.815	4
43.841	1
43.854	2
43.867	3
43.880	4
43.893	3
43.906	1
43.920	2
43.933	5
43.946	1
43.972	2
43.985	1
43.998	3
44.011	2
44.024	3
44.038	2
44.051	1
44.077	3
44.090	3
44.103	1
44.129	1
44.142	2
44.156	4
44.169	3
44.182	2
44.195	3
44.208	2
44.221	2
44.247	2
44.260	3
44.274	2
44.287	3
44.313	4
44.326	4
44.339	3
44.352	1
44.365	1
44.378	1
44.392	2
44.405	1
44.418	1
44.431	3
44.444	2
44.457	2
44.470	1
44.496	3
44.509	3
44.523	1
44.549	2
44.575	1
44.588	2
44.614	2
44.627	2
44.641	1
44.667	2
44.680	3
44.693	1
44.732	2
44.745	1
44.759	2
44.772	1
44.785	2
44.811	1
44.824	3
44.837	1
44.850	2
44.863	2
44.877	3
44.890	1
44.903	2
44.916	2
44.929	2
44.942	2
44.955	1
44.968	1
44.981	1
44.995	3
45.008	1
45.021	1
45.034	2
45.073	1
45.086	1
45.099	2
45.139	4
45.152	2
45.178	4
45.191	2
45.204	1
45.231	1
45.257	1
45.270	2
45.283	1
45.296	2
45.335	4
45.349	1
45.362	4
45.375	3
45.388	1
45.401	1
45.414	3
45.427	2
45.440	2
45.467	3
45.480	3
45.519	3
45.532	1
45.545	1
45.571	2
45.585	1
45.598	1
45.611	2
45.624	1
45.637	1
45.650	5
45.663	1
45.676	2
45.689	1
45.703	3
45.716	1
45.729	2
45.755	4
45.768	1
45.781	5
45.794	3
45.807	1
45.821	1
45.847	1
45.873	1
45.886	3
45.899	3
45.912	2
45.925	4
45.939	2
45.952	1
45.965	3
45.978	1
45.991	4
46.004	1
46.017	2
46.030	2
46.043	2
46.057	2
46.096	1
46.122	3
46.135	3
46.148	3
46.161	2
46.188	2
46.201	1
46.214	1
46.227	1
46.240	1
46.253	3
46.279	2
46.292	2
46.332	2
46.345	1
46.358	2
46.371	6
46.384	1
46.397	1
46.410	1
46.437	3
46.450	1
46.463	1
46.476	1
46.489	2
46.502	1
46.515	3
46.528	2
46.542	2
46.555	4
46.568	3
46.581	1
46.594	2
46.620	1
46.633	2
46.646	3
46.660	1
46.686	2
46.699	1
46.712	1
46.725	1
46.738	3
46.751	3
46.764	1
46.778	2
46.804	3
46.830	2
46.843	2
46.856	1
46.882	1
46.896	4
46.922	3
46.935	2
46.948	1
46.961	1
46.974	1
47.000	1
47.027	2
47.053	1
47.092	2
47.118	4
47.132	2
47.145	2
47.158	1
47.184	1
47.210	3
47.223	4
47.236	1
47.250	4
47.276	1
47.289	1
47.302	1
47.328	2
47.341	1
47.354	2
47.368	1
47.381	1
47.394	1
47.407	1
47.420	1
47.433	4
47.446	4
47.472	3
47.499	3
47.525	3
47.551	2
47.564	1
47.590	2
47.604	2
47.617	1
47.643	2
47.656	1
47.669	2
47.682	1
47.695	5
47.708	1
47.722	1
47.735	1
47.761	1
47.774	2
47.787	2
47.813	2
47.826	1
47.840	2
47.866	1
47.879	3
47.892	2
47.905	1
47.918	2
47.931	2
47.944	1
47.958	2
47.984	1
47.997	4
48.010	1
48.023	2
48.049	3
48.062	3
48.089	1
48.102	2
48.141	2
48.154	1
48.167	3
48.180	2
48.207	1
48.220	1
48.233	1
48.259	2
48.272	4
48.285	4
48.298	3
48.311	1
48.325	1
48.338	4
48.364	1
48.377	2
48.390	1
48.403	4
48.416	2
48.429	5
48.443	5
48.482	2
48.495	1
48.521	1
48.534	1
48.547	1
48.574	3
48.587	3
48.600	2
48.613	3
48.626	3
48.639	5
48.652	2
48.665	3
48.718	2
48.744	2
48.757	1
48.783	1
48.810	1
48.823	2
48.862	1
48.875	4
48.888	2
48.915	2
48.928	2
48.941	1
48.954	5
48.967	2
48.980	1
48.993	1
49.006	2
49.019	1
49.033	1
49.046	1
49.059	2
49.072	4
49.098	2
49.111	1
49.124	1
49.137	1
49.151	1
49.164	3
49.177	3
49.190	2
49.216	5
49.269	2
49.282	1
49.321	2
49.334	3
49.373	3
49.387	1
49.400	2
49.413	1
49.426	6
49.439	4
49.452	3
49.465	2
49.478	1
49.505	1
49.518	2
49.531	3
49.544	3
49.557	1
49.570	2
49.583	1
49.596	2
49.623	3
49.636	1
49.662	1
49.675	4
49.688	1
49.714	3
49.727	1
49.741	4
49.767	1
49.780	1
49.793	1
49.819	1
49.845	1
49.872	2
49.885	1
49.898	2
49.911	1
49.924	3
49.937	1
49.950	1
49.976	2
49.990	2
5.008	104
5.021	76
5.034	90
5.047	73
5.061	104
5.074	76
5.087	93
5.100	70
5.113	82
5.126	64
5.139	103
5.152	76
5.165	93
5.179	75
5.192	84
5.205	68
5.218	101
5.231	69
5.244	97
5.257	66
5.270	82
5.283	69
5.297	86
5.310	66
5.323	86
5.336	67
5.349	86
5.362	68
5.375	90
5.388	74
5.401	91
5.415	53
5.428	82
5.441	50
5.454	78
5.467	49
5.480	68
5.493	58
5.506	75
5.519	67
5.533	88
5.546	52
5.559	82
5.572	61
5.585	69
5.598	55
5.611	80
5.624	44
5.637	68
5.651	56
5.664	69
5.677	51
5.690	92
5.703	45
5.716	77
5.729	49
5.742	61
5.755	55
5.769	72
5.782	69
5.795	51
5.808	45
5.821	64
5.834	51
5.847	73
5.860	43
5.873	67
5.887	46
5.900	66
5.913	57
5.926	61
5.939	52
5.952	56
5.965	63
5.978	51
5.991	44
50.003	3
50.016	2
50.029	1
50.042	1
50.055	2
50.068	1
50.147	2
50.160	3
50.173	2
50.186	2
50.199	1
50.212	1
50.226	1
50.239	1
50.252	2
50.265	1
50.278	1
50.291	3
50.304	1
50.317	1
50.330	2
50.344	2
50.357	1
50.370	1
50.383	3
50.422	3
50.435	2
50.448	1
50.462	2
50.488	1
50.501	4
50.514	1
50.527	2
50.540	1
50.553	2
50.566	2
50.606	1
50.632	1
50.645	4
50.658	1
50.671	3
50.684	1
50.698	1
50.711	1
50.724	1
50.737	2
50.750	1
50.763	1
50.789	1
50.802	1
50.816	3
50.829	2
50.881	1
50.894	1
50.920	3
50.934	1
50.973	4
50.986	2
51.012	3
51.025	2
51.052	1
51.065	1
51.078	3
51.091	1
51.104	1
51.130	1
51.143	3
51.156	1
51.170	4
51.196	2
51.222	3
51.235	2
51.248	1
51.261	1
51.274	1
51.288	2
51.301	1
51.314	1
51.327	3
51.340	1
51.366	1
51.379	2
51.392	1
51.406	1
51.445	1
51.458	3
51.471	3
51.484	2
51.497	2
51.524	2
51.550	1
51.576	3
51.589	2
51.602	1
51.642	1
51.668	1
51.681	1
51.720	2
51.733	2
51.786	1
51.812	1
51.838	2
51.851	1
51.864	1
51.877	1
51.891	3
51.904	1
51.930	3
51.943	4
51.969	1
51.982	1
51.995	1
52.009	3
52.022	1
52.048	2
52.074	1
52.087	2
52.100	2
52.113	1
52.140	2
52.153	1
52.166	1
52.179	2
52.192	1
52.218	3
52.231	2
52.245	2
52.258	3
52.271	1
52.284	2
52.297	1
52.310	1
52.336	3
52.349	2
52.363	2
52.376	2
52.389	2
52.415	1
52.428	1
52.454	1
52.467	1
52.481	1
52.494	1
52.533	1
52.546	2
52.559	1
52.572	2
52.585	1
52.599	2
52.612	2
52.625	1
52.638	2
52.651	1
52.664	1
52.677	1
52.690	1
52.717	2
52.756	1
52.782	3
52.795	1
52.808	2
52.821	1
52.835	1
52.848	2
52.900	1
52.926	1
52.953	1
52.979	1
52.992	1
53.031	3
53.084	1
53.149	2
53.162	1
53.175	1
53.189	3
53.202	1
53.241	1
53.267	1
53.280	1
53.293	3
53.307	1
53.320	1
53.333	1
53.359	3
53.385	1
53.398	2
53.411	2
53.425	1
53.451	2
53.477	2
53.490	1
53.529	1
53.542	2
53.556	2
53.569	1
53.582	1
53.595	3
53.608	2
53.621	1
53.647	3
53.700	1
53.713	3
53.752	1
53.765	1
53.778	2
53.792	1
53.805	1
53.831	1
53.844	2
53.857	1
53.910	3
53.936	1
53.949	1
53.962	1
53.988	2
54.014	1
54.028	2
54.041	1
54.067	1
54.080	1
54.106	2
54.119	4
54.132	3
54.146	1
54.185	1
54.211	2
54.224	1
54.237	3
54.250	2
54.264	4
54.277	2
54.316	1
54.329	2
54.342	2
54.355	2
54.368	4
54.447	2
54.486	2
54.500	1
54.513	4
54.539	1
54.565	2
54.604	2
54.618	1
54.631	2
54.670	2
54.709	1
54.722	1
54.736	1
54.762	1
54.788	3
54.801	3
54.814	3
54.827	1
54.840	3
54.867	1
54.880	1
54.893	4
54.919	3
54.945	1
54.958	1
54.972	2
54.985	1
54.998	1
55.011	2
55.024	1
55.050	1
55.090	1
55.103	1
55.116	1
55.129	1
55.142	1
55.155	3
55.208	1
55.221	1
55.234	2
55.260	1
55.273	1
55.286	2
55.299	2
55.312	1
55.325	2
55.339	2
55.365	2
55.378	1
55.391	2
55.417	1
55.483	4
55.509	1
55.535	1
55.561	1
55.588	3
55.601	1
55.614	2
55.640	2
55.653	3
55.666	2
55.706	2
55.719	3
55.732	1
55.745	1
55.758	2
55.771	1
55.784	2
55.811	1
55.824	1
55.850	2
55.876	2
55.889	1
55.902	1
55.929	2
55.942	2
55.981	3
55.994	1
56.007	1
56.020	1
56.033	2
56.047	3
56.060	3
56.073	1
56.099	1
56.112	3
56.125	1
56.217	1
56.230	2
56.243	5
56.269	3
56.283	2
56.296	2
56.322	2
56.335	1
56.374	2
56.387	4
56.401	1
56.427	2
56.440	1
56.453	1
56.479	1
56.492	2
56.519	2
56.532	1
56.545	3
56.623	1
56.637	1
56.663	1
56.689	1
56.702	2
56.715	1
56.728	1
56.741	1
56.768	1
56.781	2
56.794	1
56.807	1
56.820	1
56.833	2
56.846	1
56.859	1
56.899	1
56.925	2
56.951	1
56.964	3
56.977	3
56.991	2
57.030	1
57.056	1
57.082	1
57.095	1
57.109	1
57.122	2
57.135	2
57.148	2
57.161	1
57.174	2
57.187	1
57.200	3
57.213	1
57.226	1
57.240	1
57.279	7
57.292	1
57.318	1
57.331	2
57.358	1
57.410	1
57.423	2
57.449	1
57.476	1
57.489	3
57.502	2
57.541	1
57.554	1
57.567	1
57.607	3
57.620	2
57.633	1
57.646	2
57.672	2
57.685	1
57.738	1
57.751	1
57.764	2
57.777	2
57.790	1
57.803	2
57.843	1
57.856	1
57.895	3
57.908	2
57.921	2
57.961	1
57.974	1
58.000	1
58.013	1
58.039	2
58.052	3
58.066	1
58.092	1
58.105	3
58.118	1
58.131	2
58.144	1
58.184	1
58.210	1
58.223	3
58.236	1
58.249	1
58.262	1
58.288	1
58.302	3
58.328	1
58.354	1
58.367	1
58.393	1
58.406	1
58.420	3
58.485	1
58.498	2
58.511	2
58.524	2
58.551	1
58.577	1
58.590	1
58.603	1
58.616	1
58.629	6
58.642	1
58.669	2
58.695	1
58.708	1
58.734	1
58.747	2
58.760	1
58.787	1
58.813	2
58.826	1
58.839	1
58.852	1
58.905	1
58.918	2
58.931	2
58.957	1
59.009	1
59.036	2
59.062	2
59.075	2
59.088	1
59.101	1
59.114	1
59.167	1
59.180	1
59.193	2
59.206	3
59.219	2
59.232	2
59.285	2
59.298	1
59.311	1
59.337	1
59.350	2
59.363	1
59.377	3
59.390	2
59.403	1
59.416	1
59.429	1
59.455	3
59.481	2
59.495	1
59.508	1
59.521	2
59.534	1
59.547	1
59.560	2
59.586	1
59.613	3
59.626	2
59.639	1
59.652	2
59.691	1
59.717	1
59.757	1
59.783	1
59.796	1
59.809	2
59.835	2
59.849	1
59.862	3
59.875	2
59.901	1
59.914	3
59.927	3
59.953	1
59.967	1
59.980	1
59.993	2
6.005	73
6.018	37
6.031	51
6.044	42
6.057	51
6.070	42
6.083	65
6.096	62
6.109	56
6.123	36
6.136	61
6.149	45
6.162	65
6.175	40
6.188	40
6.201	46
6.214	62
6.227	55
6.241	58
6.254	51
6.267	69
6.280	43
6.293	62
6.306	40
6.319	63
6.332	52
6.345	56
6.358	39
6.372	43
6.385	31
6.398	55
6.411	43
6.424	52
6.437	35
6.450	51
6.463	39
6.476	43
6.490	30
6.503	47
6.516	42
6.529	37
6.542	43
6.555	48
6.568	40
6.581	50
6.594	35
6.608	53
6.621	32
6.634	62
6.647	42
6.660	47
6.673	36
6.686	53
6.699	34
6.712	39
6.726	39
6.739	39
6.752	38
6.765	38
6.778	39
6.791	42
6.804	45
6.817	46
6.830	43
6.844	38
6.857	29
6.870	42
6.883	39
6.896	54
6.909	24
6.922	55
6.935	36
6.948	42
6.962	36
6.975	48
6.988	32
60.019	2
60.032	2
60.058	1
60.071	1
60.098	2
60.124	2
60.137	2
60.176	3
60.203	3
60.216	1
60.229	1
60.242	2
60.281	2
60.294	1
60.307	1
60.321	1
60.360	2
60.373	1
60.399	1
60.412	2
60.425	4
60.452	1
60.465	1
60.478	1
60.491	1
60.504	2
60.517	2
60.557	1
60.570	2
60.583	3
60.596	1
60.622	2
60.661	2
60.675	2
60.701	3
60.714	1
60.727	1
60.740	1
60.753	3
60.766	1
60.779	1
60.806	3
60.819	1
60.832	2
60.845	1
60.858	2
60.871	3
60.884	1
60.897	2
60.910	3
60.924	2
60.950	1
60.963	1
61.015	2
61.028	1
61.055	1
61.081	3
61.094	1
61.120	2
61.133	1
61.146	1
61.160	1
61.173	2
61.199	2
61.225	2
61.238	2
61.251	1
61.278	2
61.291	2
61.304	2
61.317	1
61.330	1
61.356	3
61.382	1
61.396	1
61.409	2
61.435	1
61.448	1
61.487	3
61.514	1
61.527	1
61.592	1
61.618	1
61.632	1
61.645	3
61.723	1
61.736	1
61.750	1
61.789	2
61.802	2
61.815	2
61.881	1
61.907	2
61.920	1
61.933	1
61.946	2
61.959	2
61.972	3
61.986	2
62.025	2
62.064	1
62.077	3
62.104	1
62.117	3
62.130	5
62.156	1
62.169	2
62.182	1
62.248	3
62.274	1
62.287	1
62.300	1
62.313	1
62.340	2
62.353	2
62.379	2
62.431	2
62.444	4
62.458	2
62.471	1
62.497	1
62.536	2
62.562	2
62.575	1
62.615	2
62.628	1
62.667	1
62.680	1
62.693	2
62.720	3
62.733	1
62.746	1
62.772	1
62.785	2
62.811	1
62.851	1
62.864	1
62.890	1
62.916	1
62.929	1
62.956	1
62.969	2
63.021	1
63.034	2
63.061	1
63.074	1
63.087	1
63.113	1
63.139	1
63.152	2
63.165	1
63.179	1
63.218	3
63.231	3
63.244	1
63.257	1
63.270	3
63.297	2
63.310	1
63.349	3
63.375	1
63.401	1
63.415	1
63.480	1
63.493	2
63.506	1
63.519	1
63.533	1
63.546	1
63.559	1
63.572	1
63.598	1
63.611	1
63.624	2
63.651	1
63.703	1
63.742	4
63.755	1
63.769	1
63.782	1
63.821	1
63.834	1
63.847	2
63.860	2
63.873	1
63.926	1
63.978	1
63.991	1
64.005	1
64.031	2
64.044	1
64.070	1
64.083	1
64.096	2
64.109	2
64.123	2
64.136	2
64.149	2
64.162	1
64.214	3
64.227	1
64.254	1
64.267	1
64.293	1
64.306	1
64.319	2
64.345	2
64.359	1
64.463	1
64.476	2
64.490	1
64.516	1
64.568	2
64.581	1
64.608	1
64.634	1
64.660	1
64.673	1
64.712	1
64.752	2
64.765	2
64.778	1
64.791	1
64.817	1
64.857	3
64.896	1
64.909	1
64.922	1
64.948	1
64.962	2
65.027	1
65.040	1
65.132	1
65.171	1
65.211	1
65.263	4
65.289	1
65.329	1
65.355	2
65.381	2
65.394	1
65.407	3
65.420	1
65.447	1
65.473	2
65.499	2
65.538	1
65.552	1
65.591	1
65.630	1
65.670	3
65.696	1
65.709	1
65.722	1
65.735	1
65.748	2
65.774	1
65.801	1
65.827	1
65.840	2
65.853	1
65.866	2
65.906	1
65.932	1
65.945	1
65.958	2
65.971	1
65.997	1
66.010	1
66.024	2
66.063	1
66.076	2
66.102	1
66.115	2
66.128	2
66.168	1
66.181	1
66.194	2
66.207	1
66.246	1
66.273	2
66.286	2
66.325	3
66.338	3
66.377	2
66.404	1
66.417	1
66.430	2
66.456	1
66.469	1
66.522	1
66.535	1
66.548	1
66.561	1
66.574	5
66.613	1
66.627	1
66.640	2
66.666	1
66.679	1
66.731	1
66.849	2
66.863	2
66.876	1
66.902	2
66.915	1
66.928	1
66.941	1
66.981	4
67.033	2
67.046	1
67.059	1
67.085	1
67.099	1
67.125	1
67.138	1
67.151	1
67.164	1
67.203	1
67.230	1
67.243	1
67.256	2
67.269	2
67.335	2
67.348	1
67.387	1
67.400	1
67.453	1
67.466	1
67.479	1
67.492	1
67.531	1
67.557	2
67.623	1
67.649	2
67.662	1
67.675	3
67.689	2
67.715	2
67.728	1
67.741	3
67.780	2
67.820	1
67.859	2
67.885	1
67.938	1
67.951	1
67.977	1
68.016	1
68.042	2
68.056	1
68.069	1
68.095	1
68.108	1
68.121	1
68.147	1
68.160	2
68.187	1
68.200	2
68.226	1
68.239	1
68.252	2
68.265	1
68.278	2
68.305	1
68.344	1
68.370	1
68.410	2
68.449	1
68.501	2
68.514	2
68.593	1
68.632	1
68.646	2
68.698	1
68.737	1
68.842	2
68.855	2
68.921	1
68.947	1
68.986	2
69.013	1
69.065	1
69.144	2
69.157	1
69.196	1
69.209	1
69.249	1
69.262	1
69.301	4
69.367	1
69.380	1
69.445	1
69.485	1
69.511	1
69.550	2
69.590	1
69.603	2
69.616	1
69.629	2
69.655	2
69.668	1
69.734	2
69.760	1
69.773	1
69.786	3
69.799	2
69.826	1
69.852	1
69.878	1
69.891	1
69.917	1
69.930	1
69.943	2
69.957	1
69.970	1
7.001	42
7.014	30
7.027	48
7.040	28
7.053	45
7.066	33
7.080	27
7.093	27
7.106	33
7.119	24
7.132	40
7.145	35
7.158	41
7.171	26
7.184	45
7.198	30
7.211	37
7.224	27
7.237	34
7.250	31
7.263	27
7.276	32
7.289	42
7.302	24
7.316	31
7.329	41
7.342	38
7.355	31
7.368	31
7.381	32
7.394	31
7.407	28
7.420	30
7.434	27
7.447	26
7.460	28
7.473	38
7.486	21
7.499	29
7.512	29
7.525	45
7.538	22
7.552	43
7.565	32
7.578	35
7.591	33
7.604	42
7.617	26
7.630	29
7.643	23
7.656	33
7.670	30
7.683	16
7.696	25
7.709	31
7.722	20
7.735	27
7.748	38
7.761	27
7.774	30
7.788	30
7.801	21
7.814	27
7.827	23
7.840	28
7.853	29
7.866	40
7.879	24
7.892	30
7.906	28
7.919	32
7.932	29
7.945	34
7.958	25
7.971	29
7.984	23
7.997	31
70.035	1
70.048	1
70.061	1
70.075	1
70.166	1
70.193	3
70.206	3
70.219	1
70.232	1
70.258	2
70.284	1
70.297	2
70.337	1
70.376	1
70.429	1
70.455	1
70.481	1
70.520	1
70.586	1
70.651	1
70.678	1
70.691	3
70.704	2
70.717	1
70.835	1
70.887	1
70.901	1
70.927	1
70.940	1
70.953	1
70.979	1
71.019	1
71.032	1
71.058	2
71.071	1
71.084	1
71.097	1
71.110	2
71.176	1
71.202	1
71.228	1
71.241	1
71.255	2
71.281	1
71.294	1
71.346	1
71.386	1
71.399	1
71.412	2
71.425	2
71.438	1
71.477	2
71.504	4
71.556	2
71.609	1
71.648	1
71.661	1
71.687	2
71.726	1
71.766	1
71.792	1
71.844	1
71.858	1
71.910	3
71.936	1
71.962	1
71.976	1
72.002	1
72.028	2
72.067	1
72.080	2
72.107	2
72.120	1
72.159	1
72.185	1
72.198	1
72.212	1
72.225	2
72.290	2
72.316	1
72.330	1
72.356	1
72.395	5
72.434	1
72.448	2
72.500	1
72.539	2
72.579	3
72.592	1
72.605	1
72.631	1
72.644	2
72.657	2
72.670	1
72.684	1
72.736	1
72.788	2
72.802	2
72.815	1
72.828	1
72.854	1
72.880	1
72.906	1
72.920	2
72.985	2
72.998	1
73.064	1
73.077	1
73.182	1
73.195	2
73.221	1
73.234	1
73.260	1
73.287	1
73.300	1
73.313	1
73.352	1
73.365	1
73.444	1
73.470	1
73.509	2
73.523	1
73.536	1
73.549	1
73.562	1
73.588	1
73.601	1
73.614	1
73.641	1
73.654	1
73.680	1
73.693	1
73.759	1
73.863	2
73.890	1
73.942	3
73.995	2
74.008	1
74.060	1
74.113	1
74.165	1
74.178	1
74.204	1
74.231	1
74.270	1
74.283	1
74.309	1
74.388	2
74.440	1
74.467	1
74.519	1
74.545	1
74.585	1
74.598	1
74.624	1
74.637	1
74.663	1
74.716	1
74.768	1
74.781	1
74.834	1
74.886	2
74.912	3
74.925	1
74.939	1
74.952	1
74.991	1
75.004	1
75.017	1
75.030	2
75.043	1
75.070	2
75.083	2
75.148	1
75.161	2
75.188	1
75.253	1
75.279	1
75.306	2
75.319	1
75.332	1
75.345	1
75.437	1
75.489	1
75.555	1
75.568	2
75.620	1
75.673	1
75.699	1
75.738	1
75.751	1
75.764	1
75.778	1
75.804	1
75.817	1
75.856	1
75.882	1
75.909	1
75.935	1
75.948	1
75.961	1
76.040	1
76.079	1
76.092	1
76.145	1
76.171	1
76.197	2
76.210	1
76.223	1
76.250	1
76.263	1
76.315	1
76.341	1
76.354	2
76.381	2
76.394	2
76.446	2
76.512	1
76.551	1
76.590	1
76.604	1
76.708	1
76.722	2
76.735	2
76.748	2
76.774	1
76.800	1
76.826	1
76.840	1
76.892	1
76.918	1
77.049	1
77.076	1
77.089	1
77.102	1
77.141	1
77.193	1
77.207	1
77.233	1
77.272	1
77.338	1
77.364	1
77.377	1
77.521	1
77.574	1
77.587	1
77.600	2
77.652	1
77.665	1
77.692	1
77.718	1
77.731	1
77.783	1
77.888	1
77.901	3
77.928	1
77.967	3
77.993	1
78.006	1
78.033	1
78.046	1
78.059	1
78.098	1
78.124	1
78.151	1
78.164	2
78.216	1
78.229	1
78.242	1
78.255	1
78.334	3
78.347	2
78.360	1
78.373	1
78.387	1
78.400	2
78.426	1
78.465	1
78.478	1
78.491	2
78.531	1
78.544	1
78.557	2
78.596	1
78.623	1
78.688	1
78.741	2
78.754	1
78.832	1
78.872	1
78.937	1
79.003	1
79.016	1
79.042	1
79.068	1
79.081	1
79.108	1
79.147	1
79.186	1
79.199	1
79.212	2
79.291	1
79.317	1
79.330	1
79.357	1
79.396	1
79.435	1
79.448	1
79.462	1
79.488	1
79.501	1
79.580	1
79.658	1
79.684	1
79.711	1
79.737	1
79.750	1
79.776	1
79.789	1
79.816	1
79.894	1
79.960	1
79.999	1
8.010	21
8.024	34
8.037	25
8.050	26
8.063	29
8.076	19
8.089	31
8.102	28
8.115	21
8.128	19
8.142	24
8.155	41
8.168	22
8.181	36
8.194	17
8.207	21
8.220	19
8.233	34
8.246	16
8.259	33
8.273	23
8.286	26
8.299	21
8.312	35
8.325	22
8.338	26
8.351	18
8.364	25
8.377	17
8.391	23
8.404	24
8.417	18
8.430	22
8.443	36
8.456	27
8.469	35
8.482	23
8.495	26
8.509	26
8.522	15
8.535	21
8.548	25
8.561	17
8.574	23
8.587	12
8.600	25
8.613	20
8.627	28
8.640	16
8.653	23
8.666	18
8.679	38
8.692	20
8.705	29
8.718	17
8.731	28
8.745	18
8.758	23
8.771	21
8.784	22
8.797	17
8.810	25
8.823	18
8.836	26
8.849	20
8.863	23
8.876	17
8.889	28
8.902	22
8.915	29
8.928	20
8.941	38
8.954	23
8.967	25
8.981	19
8.994	24
80.065	1
80.078	1
80.130	1
80.156	2
80.183	2
80.196	1
80.222	1
80.248	3
80.288	2
80.340	3
80.445	2
80.484	1
80.510	1
80.524	1
80.628	1
80.642	1
80.655	1
80.694	1
80.720	1
80.746	1
80.759	1
80.851	3
80.864	1
80.877	1
80.891	1
80.904	1
80.943	3
81.022	1
81.035	1
81.048	1
81.100	1
81.113	1
81.127	2
81.192	1
81.218	2
81.231	1
81.284	1
81.336	1
81.363	1
81.389	1
81.428	1
81.481	1
81.520	1
81.546	1
81.572	2
81.638	2
81.651	1
81.703	2
81.730	2
81.743	1
81.795	1
81.874	1
81.887	1
81.926	1
81.992	3
82.031	2
82.084	1
82.110	2
82.123	2
82.136	2
82.254	3
82.280	1
82.307	1
82.333	1
82.346	3
82.359	1
82.411	1
82.425	2
82.438	1
82.490	1
82.516	1
82.529	2
82.542	1
82.556	1
82.608	2
82.634	1
82.660	1
82.713	1
82.726	1
82.739	2
82.765	2
82.818	1
82.844	1
82.857	1
82.870	1
82.883	1
82.910	1
82.975	1
83.041	1
83.067	1
83.119	1
83.146	1
83.198	1
83.237	1
83.250	1
83.316	1
83.342	1
83.395	2
83.447	1
83.552	1
83.578	1
83.591	2
83.657	2
83.696	1
83.722	1
83.775	1
83.867	1
83.932	1
83.998	1
84.050	1
84.116	1
84.168	2
84.221	1
84.299	2
84.326	2
84.417	1
84.509	2
84.561	1
84.601	1
84.640	2
84.653	3
84.666	1
84.889	1
84.902	2
85.007	1
85.086	1
85.112	1
85.243	1
85.283	1
85.296	1
85.361	1
85.387	1
85.401	1
85.414	1
85.479	2
85.492	2
85.532	2
85.637	1
85.650	2
85.663	1
85.702	1
85.715	1
85.794	2
85.807	1
85.846	1
85.859	1
85.873	1
85.899	1
85.912	1
85.925	1
85.951	1
85.977	1
86.109	1
86.226	1
86.240	1
86.253	1
86.318	1
86.371	1
86.384	1
86.423	1
86.449	1
86.462	2
86.489	1
86.646	1
86.725	1
86.856	1
86.882	1
86.895	1
86.921	1
86.948	1
86.974	1
87.039	3
87.092	1
87.170	1
87.184	1
87.236	2
87.249	1
87.275	1
87.328	1
87.393	1
87.420	1
87.433	1
87.459	1
87.472	1
87.498	1
87.577	1
87.616	1
87.642	1
87.682	1
87.708	1
87.760	1
87.826	1
88.036	1
88.075	1
88.259	1
88.272	1
88.324	2
88.363	1
88.429	3
88.442	1
88.481	1
88.586	1
88.665	1
88.809	1
88.914	1
88.927	2
88.940	1
89.032	1
89.085	1
89.124	1
89.189	1
89.229	1
89.268	2
89.281	1
89.360	2
89.373	1
89.425	1
89.465	1
89.491	1
89.517	1
89.543	1
89.557	1
89.570	1
89.583	1
89.596	1
89.688	1
89.701	1
89.727	1
89.740	2
89.753	1
89.792	1
89.806	1
89.832	1
89.858	1
89.871	1
89.897	1
89.910	1
89.924	1
89.937	1
89.963	1
9.007	17
9.020	25
9.033	20
9.046	20
9.059	22
9.072	31
9.085	18
9.099	16
9.112	20
9.125	18
9.138	19
9.151	23
9.164	16
9.177	26
9.190	21
9.203	27
9.217	19
9.230	29
9.243	14
9.256	21
9.269	18
9.282	27
9.295	16
9.308	20
9.321	16
9.335	21
9.348	25
9.361	20
9.374	20
9.387	18
9.400	17
9.413	20
9.426	16
9.439	21
9.453	21
9.466	20
9.479	14
9.492	19
9.505	9
9.518	22
9.531	20
9.544	21
9.557	15
9.571	23
9.584	18
9.597	20
9.610	14
9.623	21
9.636	22
9.649	15
9.662	15
9.675	18
9.689	17
9.702	22
9.715	12
9.728	28
9.741	13
9.754	8
9.767	21
9.780	24
9.793	18
9.807	18
9.820	21
9.833	19
9.846	24
9.859	16
9.872	14
9.885	19
9.898	20
9.911	18
9.925	13
9.938	22
9.951	12
9.964	19
9.977	24
9.990	15
90.055	1
90.068	1
90.081	2
90.173	1
90.212	1
90.291	1
90.304	1
90.369	1
90.474	1
90.540	1
90.710	1
90.750	1
90.789	1
90.802	2
90.815	1
90.907	1
90.972	1
90.999	1
91.077	1
91.090	1
91.130	1
91.208	1
91.222	1
91.287	1
91.300	1
91.326	1
91.340	1
91.418	2
91.444	1
91.458	1
91.484	1
91.536	1
91.562	2
91.589	1
91.654	1
91.667	1
91.733	1
91.772	1
91.811	1
91.851	1
91.890	1
92.034	2
92.087	1
92.126	1
92.139	1
92.205	1
92.270	1
92.375	1
92.401	1
92.454	1
92.546	1
92.742	1
92.834	1
92.860	1
92.873	2
92.926	1
93.031	1
93.109	1
93.345	1
93.424	1
93.463	2
93.476	1
93.581	1
93.594	1
93.673	1
93.712	1
93.739	1
93.804	1
93.830	1
93.844	1
93.857	1
94.001	1
94.027	1
94.053	1
94.119	1
94.250	1
94.263	1
94.407	1
94.434	1
94.473	1
94.486	1
94.552	1
94.630	1
94.656	1
94.670	1
94.683	3
94.879	2
94.945	1
95.063	1
95.115	2
95.259	1
95.286	1
95.299	1
95.312	2
95.364	2
95.377	1
95.404	1
95.443	1
95.548	1
95.627	1
95.640	1
95.731	1
95.849	1
95.876	1
95.889	1
96.007	1
96.112	1
96.125	1
96.177	1
96.308	1
96.321	1
96.335	1
96.348	1
96.361	1
96.400	2
96.466	1
96.531	1
96.584	1
96.610	1
96.662	1
96.689	1
96.702	2
96.793	1
96.898	1
96.911	1
97.016	1
97.029	2
97.069	1
97.082	1
97.095	1
97.134	1
97.292	2
97.370	1
97.436	1
97.462	1
97.580	1
97.593	1
97.606	1
97.685	1
97.790	1
97.842	1
97.882	1
97.934	1
97.947	1
97.986	1
98.039	1
98.104	1
98.131	1
98.236	1
98.249	2
98.340	1
98.406	1
98.485	1
98.511	1
98.550	1
98.590	1
98.668	1
98.708	1
98.734	1
98.773	1
98.786	1
98.799	1
99.075	1
99.127	1
99.324	2
99.389	1
99.612	1
99.809	1
99.835	1
99.874	1
99.914	1
