ENSG00000006327	2808.89052630245	0.594559099038884	0.117737657523873	5.04986349773714	4.42125879060101e-07	4.75782283187002e-05
ENSG00000006756	420.435874101663	0.640725401140871	0.141868121112573	4.51634515292165	6.2916085440255e-06	0.000423447930789518
ENSG00000007541	232.201974993379	0.635188695377235	0.17845610910369	3.55935528667256	0.000371766317416866	0.00988670501605544
ENSG00000008735	141.435022752992	0.773119422120404	0.20469190189316	3.77699076011291	0.000158734617962309	0.0052465570632209
ENSG00000008853	280.448569492902	0.661260269604979	0.150237622936214	4.40142926040389	1.07540129864702e-05	0.000637979522556319
ENSG00000009413	1013.65427586374	0.645376838383103	0.148334882445207	4.35080965275647	1.35635760960593e-05	0.000765404729128029
ENSG00000010072	284.784344321518	0.673716745503502	0.16407243226103	4.10621538438374	4.02194483787968e-05	0.00178379035908772
ENSG00000012124	203.019041497166	1.1089795679367	0.224909363267136	4.93078434720171	8.19001079892234e-07	7.68794247003471e-05
ENSG00000020256	453.052583043843	-0.608367931862774	0.121045364749257	-5.02594984221822	5.00946818180578e-07	5.30850666410899e-05
ENSG00000021355	2888.10772003366	-0.556946934087117	0.128800432712062	-4.32410763193778	1.53150515895057e-05	0.000850414184662073
ENSG00000023572	129.489404227602	0.751340976754985	0.20999204204988	3.57794976143199	0.00034629999109494	0.00943375766165785
ENSG00000023839	1205.66472769468	0.679905425861979	0.1676763278631	4.05486829612043	5.01625579031822e-05	0.00212286098017072
ENSG00000024526	2039.20323707731	-0.505319367801255	0.166399286649433	-3.03678806547922	0.00239113511141072	0.0344690940982385
ENSG00000026103	490.01603439737	1.14766990628479	0.141740633320265	8.09697176738031	5.63441419199005e-16	6.01668752409276e-13
ENSG00000029534	50.9359897967334	1.73582165046398	0.453494427092632	3.82765817342541	0.000129368248355077	0.00452227327627254
ENSG00000033100	554.940332834662	0.750402008394942	0.147709442392878	5.08025753965695	3.76923526219781e-07	4.25402633413252e-05
ENSG00000034510	21579.1216850194	-0.513964203289611	0.156218597234265	-3.29003212414507	0.00100175945411674	0.0194223809246489
ENSG00000043355	480.043028934993	-0.631330765519264	0.12277938636011	-5.14199316542909	2.71839008677833e-07	3.22535822091084e-05
ENSG00000048028	739.089718778215	-0.516749958872692	0.12478923567191	-4.1409818410244	3.45822340605759e-05	0.0015843913307885
ENSG00000048392	2401.21849432558	0.710300062662083	0.144752387769405	4.90700066235601	9.24797208815916e-07	8.55868990185503e-05
ENSG00000049283	445.619917058623	0.623837418828033	0.134213053409527	4.64811285474971	3.34985632790431e-06	0.000254113145049004
ENSG00000050405	3114.2815217481	0.749327723855275	0.144044914100035	5.20204221396451	1.97110437199484e-07	2.53359915666966e-05
ENSG00000053747	503.020878421894	1.016020910195	0.185736500695825	5.47022748026734	4.49458317278779e-08	7.5173257354988e-06
ENSG00000055163	2345.35568208971	0.727664146435448	0.11468611007665	6.34483239469117	2.22667729229143e-10	6.86905203813103e-08
ENSG00000058262	5922.84360507958	0.545449200478568	0.166607080130366	3.27386567276594	0.00106087028875775	0.0200779463836756
ENSG00000059728	582.901548220561	-0.598409356230677	0.150301850854703	-3.98138381415649	6.85152100733189e-05	0.00271750898925089
ENSG00000059804	313.548245523814	-0.680138788973896	0.186641074054881	-3.64410027330803	0.000268328800907486	0.00776029252957858
ENSG00000061656	166.014830812578	-0.904891346047728	0.279483941924181	-3.23772213823008	0.00120488097293344	0.0219100909296919
ENSG00000063438	910.515544462312	2.12786157546213	0.185765951449275	11.4545295241747	2.23171720222188e-30	1.5490349100622e-26
ENSG00000064042	325.407359009403	-0.611947543633254	0.190914970900285	-3.20534078992096	0.00134902654468077	0.0238016657743054
ENSG00000065357	1318.06744637339	0.528433984475591	0.137158087196535	3.85273661419901	0.000116805013644736	0.00421165506341876
ENSG00000065457	303.891911362232	0.626586049432218	0.171893917106375	3.64519035914728	0.000267193950050565	0.00774360420584958
ENSG00000065618	368.952658038983	1.26199609191968	0.219232623975869	5.75642470099973	8.59140779954605e-09	1.78008840407908e-06
ENSG00000067191	246.045196294661	0.542399584389707	0.156514410848831	3.46549293095816	0.000529260440356256	0.0126457718296481
ENSG00000067992	385.828644070669	-0.685264963348971	0.23178844185356	-2.95642421972839	0.00311228700333512	0.0412259238361624
ENSG00000069696	161.673393209918	-0.836376375475408	0.225130008734977	-3.71508169957027	0.00020313805030076	0.00623914137593962
ENSG00000069998	1286.46870198034	-0.509619803056476	0.146531187939962	-3.47789306987181	0.000505371484174284	0.012243572326889
ENSG00000071575	538.068255519649	-0.814154148104398	0.129820238460168	-6.27139618414892	3.57824845612229e-10	1.05687755463595e-07
ENSG00000072682	1648.95272181562	-0.682570753212292	0.189137686738088	-3.60885641029063	0.000307549770329698	0.00867765429210744
ENSG00000072952	266.647223184281	0.906941406829368	0.163117132614585	5.56006222211065	2.69678487587306e-08	4.67959595585872e-06
ENSG00000074410	106.490583946046	-0.765191039318653	0.26615517985871	-2.87498082781954	0.00404052031848786	0.0494189454284128
ENSG00000075643	367.58920382654	0.681105477338159	0.203737568726663	3.34305293616191	0.000828620912889125	0.0171174337987006
ENSG00000076554	2789.80750960238	-0.557733687756346	0.136827361076065	-4.07618537235612	4.57805276161757e-05	0.00198570249625624
ENSG00000076864	747.789878075149	-0.56673524954044	0.124493013825365	-4.55234580741567	5.305104072638e-06	0.000371946741092731
ENSG00000078114	957.759235600449	-0.693617614993413	0.138945604380974	-4.99200833364679	5.97546762550412e-07	6.19040608785435e-05
ENSG00000078237	217.124458583053	0.980215262033251	0.227036014955802	4.31744391842006	1.57846496607746e-05	0.000869533756312989
ENSG00000081019	628.599184533091	-0.67369274975258	0.119292355732448	-5.64740922095254	1.62883793958132e-08	2.9752010891142e-06
ENSG00000081059	594.926102244597	0.561876231274633	0.126082407666545	4.45642054013314	8.3339470929338e-06	0.000523492549973335
ENSG00000081692	195.507771306094	0.903424822735856	0.19011949448826	4.75187894417447	2.01535026154885e-06	0.000166176636491602
ENSG00000083444	10268.9429309324	-0.73358849535559	0.168150138502036	-4.36269932270504	1.28467450062342e-05	0.000739993834757441
ENSG00000085117	244.094427017332	0.68214693316707	0.203906627913837	3.34538872103422	0.000821673233280374	0.0170755506353266
ENSG00000087074	1963.61594966589	-0.645666303727559	0.0911647211254867	-7.0824140715443	1.41664605869607e-12	8.19411691117451e-10
ENSG00000087088	1210.44183738785	0.812151843449948	0.115230893584736	7.04803909945145	1.81456658371938e-12	9.3295604871083e-10
ENSG00000087095	265.271547660603	0.519417963916678	0.156668217910811	3.31540098459775	0.000915117537101512	0.0183314020924144
ENSG00000087448	851.951555925086	0.631930485255812	0.143877443808934	4.39214423419281	1.12238196339513e-05	0.000661012127587063
ENSG00000088836	478.130088139203	0.542681612280825	0.14112204971009	3.84547711286554	0.000120318095168297	0.00430317588628646
ENSG00000089116	82.5099811215744	0.728704068904624	0.234571210796203	3.10653667358066	0.00189292827173845	0.0295254272677227
ENSG00000089356	169.424945538326	0.817071014360508	0.238265212884379	3.42925013882325	0.000605251431769011	0.0136626746553418
ENSG00000089486	195.536497935629	0.612524998784453	0.165495050484833	3.7011680832146	0.000214609251124504	0.00651904950571196
ENSG00000091428	73.6899133064935	-1.92299127968047	0.292814011180036	-6.56727890831059	5.12430133541871e-11	1.87198818784954e-08
ENSG00000091879	81.1130448054045	0.918905944163384	0.283149605409101	3.24530187084573	0.001173261771647	0.0215724767072895
ENSG00000094841	230.489964973266	-0.758232037025791	0.164887989957744	-4.59846734271006	4.25610413018307e-06	0.000307725195495841
ENSG00000095370	38.4473593970353	-1.31785070425554	0.344345835100581	-3.82711381965926	0.000129654571672415	0.00452227327627254
ENSG00000099194	24224.5945295759	-0.514476594257993	0.0853618823499579	-6.02700620106753	1.67024597389813e-09	4.14042046600961e-07
ENSG00000099250	290.727942311485	0.9074894002414	0.232510096725391	3.90301072092022	9.5003492785884e-05	0.00352630611458193
ENSG00000099625	498.675828114934	0.63749549120717	0.139256221063859	4.5778600506101	4.69756787913498e-06	0.000334418652811035
ENSG00000099814	3216.64183206002	0.500738229529294	0.106915550637914	4.68349296750217	2.82027134598142e-06	0.000222448902414284
ENSG00000099994	165.653503165388	-1.68301426715118	0.512752774018755	-3.28231138363305	0.00102959840488427	0.0197962396905864
ENSG00000100027	165.266026598697	-0.816621295504764	0.245078691826467	-3.33207791105311	0.000862001202059136	0.0175458954354618
ENSG00000100033	106.418426655759	0.718246402813118	0.226908013028469	3.1653637666952	0.00154889175009505	0.0260311322939702
ENSG00000100060	108.68440288893	0.647552508348886	0.218530728409563	2.96321031399879	0.00304448476225713	0.0406594747224984
ENSG00000100167	332.415673639621	-0.524599723801299	0.180707882672911	-2.90302623240208	0.00369575679094613	0.0463036965450489
ENSG00000100197	34.7798651718899	1.26526380866991	0.385097566438695	3.28556687691073	0.00101777378309221	0.0196232439678972
ENSG00000100298	37.9825579784163	1.10689937667946	0.3574242822816	3.09687794464783	0.00195570380367301	0.0301005743824343
ENSG00000100299	334.846370817929	0.629194578163433	0.158401600835589	3.97214784979666	7.12274867184947e-05	0.00277999678014572
ENSG00000100505	182.830036102152	-0.6393606374531	0.202994547710782	-3.14964438534593	0.00163469309761587	0.0268486681350963
ENSG00000100647	404.894355858875	0.832790829531594	0.131642941300558	6.32613356480863	2.51380248961411e-10	7.5862187306137e-08
ENSG00000100867	155.003898468526	-1.00881343405614	0.195552287606846	-5.15879126959811	2.48549212247757e-07	3.05341607471094e-05
ENSG00000100916	151.749743832477	0.587958907783838	0.195744559942264	3.00370497119951	0.00266713822745542	0.0370622751486849
ENSG00000101187	3328.29899920714	-0.621001669342443	0.138354228870901	-4.4884906981911	7.17295556195995e-06	0.000471919284886862
ENSG00000101236	714.304708863996	-0.806060781883486	0.188830927161906	-4.26869048411949	1.96623877953865e-05	0.00102666617379436
ENSG00000101265	338.982311842672	-0.632073415676552	0.197483365417817	-3.20064130130287	0.00137122117374879	0.0239304147050011
ENSG00000101665	239.020438732947	0.74224243698986	0.176281853411227	4.21054364148515	2.54756903204716e-05	0.00123224227536162
ENSG00000102678	131.17861118587	0.810818313697128	0.207355967903736	3.9102723779503	9.21921022671408e-05	0.00344962469992574
ENSG00000102760	55.5591464735954	0.86616935088853	0.28301005990246	3.0605602895779	0.00220923277274956	0.0329415352860466
ENSG00000103042	287.933379617028	0.521968644854487	0.146933095209931	3.55242393899566	0.000381699352020702	0.0100736699710102
ENSG00000103044	6940.70934769014	0.812543957565887	0.122902548320808	6.61128649216398	3.80994325538752e-11	1.52029332055621e-08
ENSG00000103064	844.430379303657	0.616267223364774	0.145356615379982	4.23969161467998	2.23827064647447e-05	0.00112578525776662
ENSG00000103089	389.376645731665	-0.723101105935928	0.166918831278413	-4.33205229390702	1.4772584180039e-05	0.000826907312852019
ENSG00000103489	292.424844298237	-0.532293847620142	0.157057417080762	-3.38916720721587	0.000701052476970693	0.015350174267046
ENSG00000104142	539.342163666496	0.503561505168677	0.12784986937922	3.93869393542395	8.19263587257082e-05	0.00314171743599525
ENSG00000104228	590.197824358966	0.660242579926086	0.128129122791661	5.15294700799321	2.56424443759468e-07	3.10025524576712e-05
ENSG00000104267	417.642668727595	0.602667901689633	0.133936981064786	4.49963779158288	6.8069345819041e-06	0.00044997078983806
ENSG00000104450	166.492550003183	0.775254121559604	0.192390005410148	4.02959665137945	5.58726399799594e-05	0.00230840472679106
ENSG00000104765	3295.76160159687	-0.673454451317972	0.187699524543325	-3.58793903690749	0.000333302193543059	0.00919861043889611
ENSG00000104812	2288.69609047356	-0.574882473873281	0.154840831959091	-3.71273175556926	0.000205034164773472	0.00628318824588375
ENSG00000104953	203.494120825578	-0.59333677965445	0.165140003723877	-3.59293185342626	0.000326978122724818	0.00907822059933184
ENSG00000105173	423.645948883152	0.556407607458248	0.12683501419066	4.38686123866276	1.14998101725286e-05	0.000673588037194267
ENSG00000105516	1225.64398228555	-0.825394097065446	0.192059518985746	-4.29759535702422	1.72660989894334e-05	0.000925436240043688
ENSG00000105519	96.3856890616054	0.789435458021751	0.25221083158458	3.13006167523384	0.00174769605401227	0.0281129972442623
ENSG00000105613	786.833348245398	-0.509375240522561	0.120772433265063	-4.21764492733717	2.46867150540319e-05	0.00120399259681468
ENSG00000105784	146.751811506521	-0.98444161896571	0.207258686142206	-4.74982080263819	2.03596980137359e-06	0.000166254898721577
ENSG00000105855	224.947934245931	0.929186735396789	0.210698490150823	4.41003034588267	1.0335613444399e-05	0.000615789638777458
ENSG00000105928	172.09634968493	0.590343913611249	0.195432114509648	3.02071087493711	0.00252182036700982	0.0356496031922916
ENSG00000106031	166.117353096125	-0.780590601701003	0.232342570872379	-3.35965380244401	0.000780401987529433	0.016514543278786
ENSG00000106333	132.166837947992	-0.705486091327965	0.210920729933194	-3.34479257468632	0.00082344128685142	0.0170867144156523
ENSG00000106688	501.009068758225	-0.534564577704402	0.140807368310419	-3.79642474764475	0.000146797896469755	0.00493425762419645
ENSG00000107738	524.911414011257	0.616329909705646	0.145584197611114	4.23349456753535	2.30087742993783e-05	0.00114894893821572
ENSG00000107796	272.484123584526	1.11979597857216	0.159909296867069	7.00269465572749	2.51085668885638e-12	1.20192112257601e-09
ENSG00000107957	772.238926291766	-0.708919310583677	0.116866317646808	-6.06607040298953	1.3107769009625e-09	3.43324621493613e-07
ENSG00000108244	313.934168049806	0.791380680042741	0.23824928188414	3.32164980219159	0.000894869313137706	0.018082351972311
ENSG00000108797	478.403926482468	-0.516969443396882	0.176244056180845	-2.93325888316153	0.00335424076188878	0.0431543746585172
ENSG00000108852	401.565026763238	-0.525967882175859	0.158834328177898	-3.31142447737596	0.000928222911289995	0.0184343211080511
ENSG00000108932	98.85153132894	0.768314375840398	0.238997559447206	3.21473732877224	0.0013056393567248	0.0232072798336155
ENSG00000109063	86.5300620316269	0.972610223990689	0.256448793236896	3.79260986848253	0.000149072259985978	0.00498655689909721
ENSG00000109066	360.377013133779	0.526368199595415	0.160112118471744	3.28749756495357	0.00101082063258482	0.0195434707820926
ENSG00000109099	671.920375964525	-0.549216479619867	0.132773820069948	-4.13648172004488	3.52671435655969e-05	0.00161045554926847
ENSG00000109501	689.181881761427	0.525090833459568	0.170504944855248	3.07962231773013	0.0020726324271111	0.0313765358267789
ENSG00000109680	257.824830543742	0.864015855165091	0.256500021168817	3.36848258814151	0.000755831709377602	0.0160680793102295
ENSG00000110400	1133.5521648104	0.614737364385743	0.105525701793959	5.82547525328027	5.69502982453584e-09	1.23528756287823e-06
ENSG00000110925	727.177999748816	0.526817625239967	0.116605036783276	4.51796628836127	6.24364217018973e-06	0.000422801173690604
ENSG00000111640	110586.346716917	-0.597199414100588	0.168788586779436	-3.53815044900503	0.00040294039835134	0.0104368085651469
ENSG00000111845	344.935377163668	0.52428140223011	0.163922635172644	3.19834659611185	0.00138218048642132	0.0239755597906926
ENSG00000112305	144.042440992397	-0.561402117714557	0.186185003157652	-3.0152918236878	0.00256732110426388	0.035999547039789
ENSG00000114019	3182.42109162457	0.74708434568899	0.145400657099671	5.13810845556818	2.77517708608488e-07	3.26483121262969e-05
ENSG00000114423	349.024293239373	-0.665636271306437	0.160634515507224	-4.14379356270104	3.41607282410302e-05	0.00157547916758133
ENSG00000114480	1446.12391237144	-0.656038954408336	0.177141182410868	-3.703480723566	0.000212661347665078	0.00648827434788267
ENSG00000114648	541.669129406199	0.564958207716446	0.117729562957112	4.79877945289118	1.59635458742077e-06	0.000137643443370032
ENSG00000114812	244.461705261933	1.0438799392808	0.157914986209661	6.61039185916692	3.83304035581812e-11	1.52029332055621e-08
ENSG00000114999	1008.52203874021	0.504774298275037	0.12253204649263	4.11952883122209	3.79647920829083e-05	0.00170558978542049
ENSG00000115129	388.783878572259	1.31608936373397	0.204229581905395	6.44416617541536	1.16237673682902e-10	3.84193187158581e-08
ENSG00000115295	868.836296366526	0.504272227628084	0.170160865694719	2.96350295098277	0.00304159145482533	0.0406594747224984
ENSG00000115548	2925.23138387032	-0.837492671903238	0.146507781140904	-5.71636991142321	1.08823708294977e-08	2.15812959792981e-06
ENSG00000115641	2208.03162131279	0.806980745398916	0.174576775449712	4.62249771380027	3.79146991940497e-06	0.000282974115167633
ENSG00000115884	577.425156714067	0.554486609856566	0.121102356352887	4.57866078378208	4.67962383945208e-06	0.000334418652811035
ENSG00000115946	497.009482218192	0.526227511979665	0.122912853296664	4.28130580216503	1.8579982477953e-05	0.000984455407476883
ENSG00000115998	185.759087517995	0.608063917268733	0.173961646584	3.49539067495042	0.000473368329211943	0.011671934540178
ENSG00000116260	6118.83761530139	-0.657740060202353	0.171359930030831	-3.83835392605502	0.000123861863988409	0.00437519184704095
ENSG00000116455	412.151319919389	0.541274864482748	0.12808619946419	4.22586404114578	2.38025679207084e-05	0.00118009731384026
ENSG00000116990	128.912208818239	-0.761159575696567	0.242949620019635	-3.13299348085027	0.00173033285306024	0.0279633069454974
ENSG00000117000	1544.6000514002	-0.558739848107015	0.102348995668114	-5.45916297917404	4.78384478800571e-08	7.87361126343953e-06
ENSG00000117461	66.9117562375336	1.01424593576069	0.294842789156171	3.43995503048735	0.000581810849130611	0.0133420204227594
ENSG00000117525	1688.55030061144	0.569910017687371	0.11044200232341	5.16026516812408	2.46600309048226e-07	3.05341607471094e-05
ENSG00000118894	236.476202578096	0.554620159861544	0.190602627661009	2.90982431180302	0.00361631977410109	0.0457627630848417
ENSG00000119125	2812.81256055195	1.27652756339568	0.0888334533037299	14.3698968791759	7.99502005172417e-47	1.10986868358035e-42
ENSG00000119737	64.70391328673	0.785389796296119	0.265877695241565	2.95395142335105	0.00313733385188251	0.0414390756725338
ENSG00000119950	2323.1323149892	-0.641121199909717	0.121995470940927	-5.25528689684031	1.47793896474398e-07	2.05167487085759e-05
ENSG00000120451	887.29946016984	0.679076291592131	0.149450306048345	4.54382670432577	5.52420785291523e-06	0.000383435267070846
ENSG00000121039	427.103563748335	0.632029032824995	0.178823981684947	3.53436394196002	0.000408757820846072	0.010508103831454
ENSG00000123384	1452.32151976309	-0.803204449122035	0.147840107812178	-5.43292656511356	5.54372262505738e-08	8.74522244102802e-06
ENSG00000123643	229.357175398817	0.563107118343853	0.16839692319295	3.34392759479722	0.000826012924809627	0.0170889887067172
ENSG00000124098	378.925256179948	0.628951999632716	0.19488836959136	3.22724234879431	0.00124989548932479	0.0225046033499438
ENSG00000124541	586.904138240603	0.665701359211842	0.127456838666216	5.22295520725398	1.76089997163736e-07	2.32807746726379e-05
ENSG00000124762	9965.90481142717	1.20011286715204	0.138500955321937	8.66501508500391	4.51453218978448e-18	7.83384198232352e-15
ENSG00000125629	1083.28367960911	-0.74348714519619	0.146508395096071	-5.0747067750531	3.88094001636155e-07	4.31001674457048e-05
ENSG00000125637	479.817632825562	0.630173020994841	0.179087516317911	3.51879926614301	0.000433504577533867	0.010982503187363
ENSG00000126016	288.065324324623	-0.674961086100128	0.152426856125748	-4.42809819250817	9.50676225847576e-06	0.000576300758393714
ENSG00000126368	2305.29122754912	-1.00840426626977	0.133918585968775	-7.52997994247709	5.07481176812526e-14	3.35469223643404e-11
ENSG00000126870	797.127622441423	-0.694241398365245	0.138710047114024	-5.00498278826594	5.5867022628916e-07	5.87534854647433e-05
ENSG00000127081	228.705421993439	-0.635651358419305	0.166207525730137	-3.82444390304793	0.000131067583209857	0.0045487004752981
ENSG00000127220	169.37462015463	0.596711095488668	0.173568517985465	3.43789935187807	0.000586245556965141	0.0134073489650578
ENSG00000127311	181.019610695725	-0.781654268617826	0.219897262282979	-3.55463392541895	0.000378505688398391	0.0100084113644695
ENSG00000127415	725.157242669698	0.645818969158723	0.169286621330831	3.81494393403139	0.000136213856146509	0.00464599693126741
ENSG00000127419	234.030406497808	0.638708537047826	0.158462166074295	4.03066897841323	5.5618326986102e-05	0.00230840472679106
ENSG00000127528	944.678474094183	-0.548485732605182	0.131640105550752	-4.16655494395452	3.09237386238348e-05	0.00144539844975109
ENSG00000128510	1921.42491546907	0.795762005707399	0.172240192407189	4.62007150936152	3.83607806791384e-06	0.000284772383629839
ENSG00000128805	145.421184753819	-0.685489604996516	0.22230932940766	-3.08349454709343	0.00204584859430115	0.031095471696525
ENSG00000129474	1113.00181186931	0.876402793266415	0.111894054109426	7.83243399519102	4.78514423974794e-15	3.90749249036358e-12
ENSG00000129534	1093.56385901873	-0.541029893175718	0.152914237995616	-3.5381263397541	0.000402977192833793	0.0104368085651469
ENSG00000129757	426.202498263067	-0.961101444319145	0.179791932701197	-5.34563164141762	9.0102284023028e-08	1.3595651160953e-05
ENSG00000130270	532.939265916308	-0.785172728844476	0.181806873825796	-4.3187186068488	1.56937724481332e-05	0.000867971908864483
ENSG00000130518	463.542467288839	0.674755476644734	0.128262480459641	5.26073933878935	1.43477310476773e-07	2.01187073135208e-05
ENSG00000132274	25.2904329774107	2.05055962761907	0.454107120158802	4.51558572105627	6.31419980358956e-06	0.000423447930789518
ENSG00000132646	2720.29841288905	0.507186152762088	0.0860214138668783	5.89604529805776	3.72316803967382e-09	8.47295388963146e-07
ENSG00000132773	306.908033703432	0.526019334117854	0.151543114102557	3.47108700539089	0.000518356016602179	0.0124927399695685
ENSG00000134504	399.94574849652	0.534364626020569	0.131116457669353	4.07549620786827	4.59163305934485e-05	0.00198570249625624
ENSG00000134574	1784.3096123216	0.584297767767319	0.101126961967586	5.77786335512187	7.5655210563816e-09	1.59128126219226e-06
ENSG00000134668	284.445510724195	0.903089698108458	0.240175572528862	3.76012301584057	0.00016982982365921	0.00548273863264456
ENSG00000134824	416.126229589845	0.678845451400538	0.155876117037423	4.35503183106337	1.33047583255381e-05	0.000760068539403783
ENSG00000134954	666.667353143327	0.574815109347667	0.11542044121705	4.98018464742062	6.35236351895949e-07	6.48408164486733e-05
ENSG00000134955	131.894399166797	0.9968833423115	0.216748160305158	4.59927014332208	4.23973701763595e-06	0.000307725195495841
ENSG00000135245	410.8644341271	-0.830705066716192	0.217661185090221	-3.81650530098815	0.000135355168615959	0.00464171997987583
ENSG00000135406	50.468818369409	-0.950427938331559	0.298843947585915	-3.18034862679733	0.00147097967894136	0.0251170232510012
ENSG00000135480	703.260779808098	1.41036613737464	0.450929489050858	3.12768663753452	0.00176187917450371	0.0282429638573447
ENSG00000135763	566.796872708131	0.621400739438166	0.136987509921328	4.53618537774019	5.72808359825318e-06	0.000393649784707676
ENSG00000135766	2675.7714397958	-0.530568732920203	0.12855476675469	-4.12718054969243	3.6723806025672e-05	0.00166601266421039
ENSG00000135932	2907.55666538821	0.636118303538479	0.0923972081622796	6.88460524068268	5.79480010457012e-12	2.51385672036383e-09
ENSG00000136003	1166.97142898896	0.521597423981657	0.135008023832048	3.86345499457522	0.000111794498006548	0.00405203974236787
ENSG00000136048	702.592631473525	0.613230584107062	0.148914648037862	4.11800042633246	3.82173989414449e-05	0.00171139978098432
ENSG00000136279	787.40320658916	0.516111188773137	0.106783654936049	4.83324146455023	1.34327692865794e-06	0.000120244714562231
ENSG00000136378	604.736654837827	0.699080258687567	0.127466429848352	5.48442644482372	4.1481303294371e-08	7.02248112600559e-06
ENSG00000136542	2163.96480763452	1.05595868740021	0.320461010005163	3.29512375743683	0.000983783437305979	0.0192079911064439
ENSG00000137801	1056.25085397481	2.65615316566058	0.880733535012616	3.01584197724745	0.00256266776853978	0.0359706309028001
ENSG00000137825	261.491428276437	-0.654552029666375	0.173395330574284	-3.77491151289082	0.000160064471398318	0.00526543836955319
ENSG00000137878	27.5746946766587	1.31125234150233	0.434289659397963	3.01930362173501	0.00253356483625443	0.035772464021781
ENSG00000137968	196.239021456443	0.907927569616966	0.266970707319613	3.40085089758559	0.000671764577394988	0.0149173210296558
ENSG00000138061	194.484880522775	1.12263315213125	0.19724458641284	5.69157903163708	1.25869871436947e-08	2.39359665107904e-06
ENSG00000138100	57.1357253499683	1.00024733639845	0.316997696410044	3.15537730313536	0.00160290669940343	0.0265215146616429
ENSG00000138131	86.7974185637574	1.18779920300503	0.234836663288239	5.05798024198259	4.23720323358471e-07	4.59537931942367e-05
ENSG00000138193	108.276523796039	-1.02226293183376	0.249957909040235	-4.08974029171133	4.31856465579308e-05	0.00189716185290252
ENSG00000138347	42.9572245347025	1.7319358490567	0.348395928213995	4.97117132779145	6.65496068599077e-07	6.69450465528434e-05
ENSG00000138617	267.925238427643	-0.59373444069825	0.163903736773302	-3.62245823302647	0.000291816590210487	0.00833538663642383
ENSG00000138623	1171.01252151545	1.29626553530168	0.363361466704024	3.5674270776696	0.000360503658712755	0.00971037489279455
ENSG00000138641	510.608468126277	-0.716518152049181	0.222646805120791	-3.2181829497192	0.00129005504468467	0.0230088267398907
ENSG00000138678	950.470836916448	0.583446847472114	0.117249808422087	4.97610064633767	6.48779229782074e-07	6.57398048747063e-05
ENSG00000138685	91.260934009984	0.808241984831895	0.238033855141635	3.3954917225996	0.00068505445236539	0.015167345945353
ENSG00000138764	1170.04443716877	-0.718385965547816	0.120104253185049	-5.98135325350196	2.21291368941136e-09	5.2964944545532e-07
ENSG00000139625	387.27181942546	0.668393298192476	0.158401086168755	4.21962572580085	2.44708226897631e-05	0.00120036735187029
ENSG00000139832	194.31086672545	-0.695179625969971	0.161576497140752	-4.30247986725686	1.68897021990569e-05	0.000916388755797344
ENSG00000140465	297.916074990376	2.03299360246219	0.200094904253412	10.1601468065748	2.98626454879827e-24	8.29106489328353e-21
ENSG00000140853	194.402153180573	0.840764763641241	0.232332280677357	3.61880304015447	0.000295968782366151	0.0084193414688666
ENSG00000140950	1568.13371367771	0.505660583742516	0.0997184018584837	5.07088535634705	3.95969260338516e-07	4.36257561271372e-05
ENSG00000141574	120.931609512041	1.15614469377363	0.290833979180427	3.97527378689264	7.02983364281776e-05	0.00276453684503105
ENSG00000141622	184.048444600838	-0.857177066553345	0.241548498347222	-3.54867478961168	0.000387174938081259	0.0101602315509339
ENSG00000141837	246.194814350573	0.504943595554347	0.15297430784898	3.30083922362204	0.000963961043880819	0.0189274500864972
ENSG00000141854	110.307878734545	-0.710273112318339	0.217802555662033	-3.26108713536162	0.00110985928634552	0.0207244491225608
ENSG00000141933	219.900644260083	0.507409271078513	0.176019183499183	2.88269301670103	0.00394291489861735	0.0485674752640692
ENSG00000142089	4568.57288002313	-0.528183803447131	0.112190103201791	-4.70793580158415	2.50237879335785e-06	0.000198502985196536
ENSG00000142279	348.482850220823	0.528135613260731	0.171237736655856	3.08422444476796	0.00204083567473357	0.031095471696525
ENSG00000142910	3507.51501205217	0.713982996947924	0.101302051575623	7.0480605855739	1.81428648734659e-12	9.3295604871083e-10
ENSG00000143590	263.608346772365	-0.639937057567514	0.196109029588001	-3.26316977301828	0.0011017349841778	0.020640060796702
ENSG00000143643	231.434259904859	0.511354021622881	0.164243070406741	3.11339784598847	0.00184946522444164	0.0291091567411552
ENSG00000143816	542.971793812635	0.922813390969151	0.160898971667613	5.73535915988021	9.73059226520985e-09	1.95768234529918e-06
ENSG00000144134	177.343188929343	0.66847831964525	0.19102036505669	3.49951336050929	0.000466108245507238	0.0115544904716634
ENSG00000144320	1111.85730104028	-0.613823380571915	0.144852448299943	-4.23757684302914	2.25945100041263e-05	0.00113233569630788
ENSG00000144452	44.267154125893	2.28856682622044	0.525007481358756	4.3591127888263	1.30590798098342e-05	0.000749116305455034
ENSG00000145358	145.40565401292	-0.75674239803781	0.232317387146271	-3.25736445013197	0.0011245195157178	0.0208525251243839
ENSG00000145632	3049.53249315089	0.509900978978702	0.105519597128209	4.83228701450746	1.34973476920083e-06	0.000120244714562231
ENSG00000146070	107.970527462942	1.07320909053204	0.29069978653376	3.69181244791661	0.000222661640281705	0.00669045214370266
ENSG00000146072	2322.59643593208	0.709632595354238	0.165343490785503	4.29186895706001	1.77175504881983e-05	0.000945980907219878
ENSG00000146278	902.562591149418	-0.670664707437758	0.12812476423449	-5.23446588522362	1.65462627188823e-07	2.2519139123875e-05
ENSG00000146373	1350.35187029678	-0.600816310189224	0.119233722167123	-5.03897973886193	4.68020021827787e-07	4.99773380231795e-05
ENSG00000146674	55.248494073498	-1.0924203720689	0.353290337348155	-3.09213204150658	0.0019872443261812	0.0304827908685608
ENSG00000146826	358.827579984436	0.654631536761604	0.15397190188273	4.25162986724806	2.12220390336741e-05	0.00108310421274068
ENSG00000147036	100.570360497891	-1.22917232642141	0.2351410471368	-5.22738305960806	1.71926068054032e-07	2.31716279293794e-05
ENSG00000147509	103.796994266378	0.84682951619045	0.214215482515266	3.95316671907737	7.71236604152295e-05	0.00296573588333578
ENSG00000147883	338.3465458607	0.736755196457461	0.217665372175726	3.38480663733073	0.000712284116722008	0.0154592070603923
ENSG00000148219	137.136608377453	0.790805398741712	0.207273524475458	3.81527453032404	0.000136031614646129	0.00464599693126741
ENSG00000150347	158.017527345733	-1.20364889306753	0.18903550680492	-6.36731645504923	1.92364029216989e-10	6.069085121796e-08
ENSG00000151006	306.278381353346	-0.770903883103817	0.230411506633469	-3.3457698982462	0.000820544582814704	0.0170755506353266
ENSG00000151092	914.731856752642	-0.700940048344886	0.145508891846374	-4.81716298880847	1.45613741384931e-06	0.00012713270175507
ENSG00000151093	317.474217837067	-0.538537908782712	0.161579391123228	-3.33296161743794	0.00085926795623304	0.017515943859658
ENSG00000151640	187.493660368397	-0.944784596636215	0.258023973358898	-3.66161556361303	0.000250629760113402	0.00729400907734644
ENSG00000151689	610.559241468598	0.657546806406453	0.126143625912973	5.21268357118651	1.8612823134245e-07	2.41479636214569e-05
ENSG00000152022	619.234715993953	-0.593640876197706	0.112202507832283	-5.29079864315569	1.21783386466099e-07	1.76103851137749e-05
ENSG00000152229	866.892464225194	0.58131395663294	0.103187644704313	5.63356163713891	1.76525385348492e-08	3.14169923000996e-06
ENSG00000152284	579.007475724886	-0.70722299788481	0.158956269975466	-4.44916704445799	8.62039529234112e-06	0.000539046520037294
ENSG00000152763	44.5141197655537	1.37676328484277	0.35939371619832	3.83079398105851	0.000127730421772908	0.00448899674696583
ENSG00000153037	197.307576542775	0.676482000416673	0.220502588785423	3.06790956125679	0.00215561845338486	0.0323505895890688
ENSG00000153292	5268.89570971205	0.833718914713842	0.0809554618907315	10.2984887645894	7.15768942760702e-25	2.48407611585102e-21
ENSG00000153814	83.1324134470651	-0.799765276905463	0.278273353414769	-2.87402752398433	0.00405273642719114	0.0495247245442495
ENSG00000154065	213.664773621943	0.818233917921761	0.203046534311956	4.02978519527275	5.58278452581546e-05	0.00230840472679106
ENSG00000154237	837.756197600203	0.567376797580501	0.110301941149835	5.14385142877743	2.6916242734566e-07	3.2211317382866e-05
ENSG00000154743	341.3263333052	0.502648617956569	0.144585259501875	3.47648591349003	0.00050803091567481	0.0122865595320518
ENSG00000155034	472.029741474118	0.727951422630557	0.219989046555529	3.30903485436403	0.000936181818402823	0.0184865945989587
ENSG00000155066	701.556579919688	0.724116150910137	0.137907035744762	5.25075567754447	1.51476487907607e-07	2.08197683676574e-05
ENSG00000155252	940.084319959127	0.55545841977293	0.129169797142424	4.30021902999873	1.70629381608158e-05	0.000921664231706009
ENSG00000156398	255.865694105872	0.515665713744776	0.156220098247654	3.3008922637297	0.000963778834772513	0.0189274500864972
ENSG00000156515	2295.35725124118	-0.538665602286146	0.143653347139576	-3.74976019015254	0.000177003758296426	0.00563570223089676
ENSG00000156869	418.378093617711	-0.533515501726194	0.173495602258345	-3.07509524611326	0.00210435339504295	0.0316839846312216
ENSG00000157379	310.763968572312	0.568345448704458	0.14558402420187	3.90389983942452	9.46549666020113e-05	0.00352630611458193
ENSG00000157514	233.368845159171	-0.932445546838555	0.181707352389288	-5.1315785221552	2.87322313786866e-07	3.35177173108343e-05
ENSG00000158062	389.360363413582	0.587863880188811	0.144767632858248	4.06074112411874	4.89171876119082e-05	0.00210237894250313
ENSG00000158079	373.074879483653	-0.555048478806234	0.164169054012319	-3.38095679569783	0.000722338996182771	0.0155948832737313
ENSG00000158483	172.116465496538	0.914738694332178	0.206825253773632	4.42276113599429	9.74474584133088e-06	0.000588158964214588
ENSG00000158825	635.276524207875	-0.513496844605417	0.157984682149585	-3.25029514012771	0.0011528529520333	0.0212817881384658
ENSG00000159388	1259.38909485873	0.784786743922817	0.0986857783665135	7.95237932874343	1.82963017154044e-15	1.81420900295174e-12
ENSG00000159792	403.896819309361	0.715861275549555	0.147136425096313	4.86528930603667	1.14289504904542e-06	0.000105070656098335
ENSG00000160326	183.736678512397	0.656912914810749	0.19843643318255	3.31044508447916	0.000931477276935144	0.0184600183844877
ENSG00000160606	154.089023319955	0.545381239491691	0.186698352063379	2.92118935954266	0.00348697818347015	0.044531951373443
ENSG00000160613	687.502692035254	0.713796015150979	0.130834673849542	5.45570982178497	4.87775946301541e-08	7.87361126343953e-06
ENSG00000160818	525.828174779239	0.716165863729444	0.122805277812061	5.83171893332997	5.48592707338566e-09	1.20881967671015e-06
ENSG00000161048	146.570237540201	0.555722915772054	0.18391615003738	3.0216102047542	0.00251434096191721	0.0355801031940212
ENSG00000161091	2251.51821868343	0.539126610742457	0.152165723566132	3.54302268676264	0.000395568671078242	0.0103025971705594
ENSG00000161326	685.379286300675	0.524828196217736	0.11809136079822	4.4442556396187	8.81966858509186e-06	0.000544153952436646
ENSG00000161509	218.064380997378	0.850729158560636	0.221295791237406	3.84430790031598	0.000120893141885299	0.00430317588628646
ENSG00000161513	2653.58441531388	0.787096264818079	0.0940079208454737	8.3726590029778	5.63324380294326e-17	7.10915367931439e-14
ENSG00000161980	138.046943692465	0.67027143229929	0.215200275792311	3.11464021052727	0.00184169403152257	0.0290197463627654
ENSG00000162069	601.374236923945	0.658713167344746	0.191842506064432	3.43361427484433	0.000595591088157373	0.013531907505402
ENSG00000162409	167.765951489774	-0.588765405113817	0.192890825521449	-3.05232456505998	0.00227076423870989	0.0335705528879347
ENSG00000162433	2203.62004409744	-0.543065681226496	0.163674476434383	-3.31796192697285	0.000906768434789258	0.0182426597692029
ENSG00000162636	859.818831009109	-0.630319788152588	0.183818385054126	-3.42903561015938	0.000605730046943347	0.0136626746553418
ENSG00000162643	57.096380645064	1.70609140259192	0.318966514641022	5.34881037438059	8.85342427453112e-08	1.35058500856089e-05
ENSG00000162775	1428.03589817519	-0.587800097239886	0.160489448904471	-3.66254667364312	0.00024972023485429	0.00728280735346061
ENSG00000163032	330.015764471865	-0.789183886583791	0.167000412678439	-4.72564033780786	2.29391346464517e-06	0.000185140155326769
ENSG00000163235	2633.95996283781	0.570069599253868	0.103882582099476	5.48763409353822	4.07352768244362e-08	6.98132238119534e-06
ENSG00000163389	297.153446792003	0.531851257761286	0.163919953095603	3.24457912363539	0.0011762433385257	0.0215891714453546
ENSG00000163406	49.6367715157102	-1.33229856633402	0.384879985195061	-3.46159482847307	0.00053698490622693	0.0127841071665122
ENSG00000163516	1865.29142784573	-0.525699663107355	0.134011691040097	-3.92278956430796	8.75295979091192e-05	0.00330186379938694
ENSG00000163644	162.641661133363	-0.651226291083045	0.177536104243985	-3.66813439923226	0.000244326749485188	0.00717070599651878
ENSG00000163872	2906.15594911109	-0.884482691387045	0.304449849750305	-2.90518353716533	0.00367037803548915	0.0461286803372305
ENSG00000163964	273.862047506802	0.523108651159293	0.17927303467303	2.91794386207259	0.00352347778242358	0.0449154440547329
ENSG00000164023	1255.87299121065	0.549002749453496	0.120237706353654	4.56597822848283	4.97170369079117e-06	0.000350341069216056
ENSG00000164045	453.93999724813	0.53473353445953	0.132730617931062	4.02871276269701	5.60830907439493e-05	0.00231022393385016
ENSG00000164105	277.332391848182	-0.749344669779119	0.230056530152335	-3.25721973326699	0.00112509302104621	0.0208525251243839
ENSG00000164124	508.719173722931	-0.677194837984445	0.137471170312904	-4.92608622188241	8.38929901543019e-07	7.81612408940953e-05
ENSG00000164142	595.005547499517	-0.695099243004156	0.174586007820542	-3.98141438527338	6.85063968768031e-05	0.00271750898925089
ENSG00000164171	3399.4640613199	0.655947526692844	0.136331904810887	4.81140146616995	1.49875619307305e-06	0.000130035834201501
ENSG00000164484	677.804754007371	0.654249485146128	0.146389735498566	4.46923059815583	7.85014633840523e-06	0.000506863867301122
ENSG00000164543	643.687364526747	0.777494797699278	0.110604225104063	7.02952167485252	2.0724275922883e-12	1.02747999414808e-09
ENSG00000164603	222.092442087995	-0.691320411722859	0.174621347032843	-3.95896849651971	7.52741640975167e-05	0.00291137201858192
ENSG00000164849	66.6532658708694	-0.978704044901125	0.330956717400773	-2.95719649562502	0.00310450209555505	0.0411832690980368
ENSG00000164920	201.721061110847	-1.22470638110589	0.230053264597103	-5.32357749085084	1.01746079666362e-07	1.50259476375366e-05
ENSG00000164938	1288.45268057075	0.863649363540039	0.113680309597776	7.59717638521402	3.02661882228173e-14	2.10077612454575e-11
ENSG00000164983	477.109544820589	-0.527984203046755	0.153710387716638	-3.43492857502958	0.000592710026265547	0.0134885255485546
ENSG00000165025	197.389686107087	0.598744724397295	0.197986563412752	3.02416847929757	0.002493175532068	0.0353165946287429
ENSG00000165030	439.868011432553	-0.545374217400017	0.136734721401409	-3.98855690647127	6.64764571933385e-05	0.00266712768427146
ENSG00000165271	836.273255750837	0.58277531210315	0.123534439658694	4.71751289529677	2.38745272423758e-06	0.000190474820217621
ENSG00000165272	110.122873653134	1.11441350461334	0.340304763029928	3.27475141602804	0.00105754988005068	0.0200779463836756
ENSG00000165288	1511.73205481535	-0.594002598103666	0.100412351686728	-5.91563276953088	3.30602098212336e-09	7.64903054563942e-07
ENSG00000165434	425.542325043733	-0.617407495082908	0.163606517414471	-3.77373410815173	0.000160822162870537	0.00527785641836594
ENSG00000165507	345.323708134659	-0.807736552506888	0.176258904021054	-4.58267091238922	4.59074215465709e-06	0.000330200427932382
ENSG00000165617	54.2034991587608	-1.09059696232994	0.305186291772585	-3.57354505012503	0.000352180618270447	0.00951161739850262
ENSG00000166016	395.530563809991	0.544484194604956	0.152224987335285	3.57683849502115	0.000347774891454541	0.00943375766165785
ENSG00000166147	107.914709718302	-0.910905510946503	0.28307122521197	-3.21793750058629	0.00129115948929368	0.0230088267398907
ENSG00000166922	40.6823162904131	-1.17845227322798	0.338610921807315	-3.48025476242192	0.000500937194700333	0.0122214589399473
ENSG00000166949	6170.454502616	0.747486949834554	0.0849613277760186	8.79796690330846	1.3931711105618e-18	2.76285733668841e-15
ENSG00000166979	244.33904489742	0.658647163048927	0.188522644234489	3.49372970935887	0.000476323004803006	0.0117239644550981
ENSG00000167114	785.258001666426	0.718967166422635	0.123116713431864	5.83972026527927	5.22885433829433e-09	1.17075735361616e-06
ENSG00000167196	840.986608742204	0.615214573160845	0.101799678795381	6.04338422714906	1.50914677912454e-09	3.80908647051033e-07
ENSG00000167207	251.997572429086	-0.694325694915494	0.224999656564156	-3.0858966876579	0.00202939321077911	0.0309923394411833
ENSG00000167355	570.996088199238	-0.509638783980507	0.175544646782098	-2.90318613140688	0.00369387026257472	0.0463036965450489
ENSG00000167397	373.37068732625	-0.62203376880005	0.202273780754774	-3.07520711027877	0.00210356423284516	0.0316839846312216
ENSG00000167601	2341.45000509158	0.600540645458557	0.125384291208441	4.789600353207	1.67113807423032e-06	0.000143202091027564
ENSG00000167619	154.498178108274	-1.11069929071607	0.245698580151592	-4.52057675722337	6.16713786486568e-06	0.000419667685490516
ENSG00000167754	67.3736153425587	1.2327719505171	0.257970759351924	4.77872745583291	1.76408123211113e-06	0.000148418034328283
ENSG00000167755	1044.18043011153	0.741272333020207	0.14311789255115	5.17945254647513	2.22538011366298e-07	2.7831285349432e-05
ENSG00000167771	362.002307933047	-0.78801555275836	0.169818344117236	-4.6403441091991	3.47829487237757e-06	0.000262422225099704
ENSG00000167772	1205.4546543813	-0.900301521541585	0.150199740166636	-5.99402848861631	2.04705487730848e-09	4.98547645733269e-07
ENSG00000168000	211.723626995596	-0.517989445740892	0.170098230577404	-3.04523711964882	0.00232496928137948	0.0340097192456374
ENSG00000168016	36.7595519051231	1.46143159918171	0.401715016026429	3.63798100862019	0.000274783681436655	0.00791399806162582
ENSG00000168575	1029.28195280648	0.575525588956059	0.189698681509665	3.03389345869932	0.00241419672064783	0.0346575789824542
ENSG00000168918	122.590893730213	0.984199539200685	0.218657471782954	4.50110179714156	6.76021174798617e-06	0.000449020380313608
ENSG00000169035	858.193740340636	0.855516580310008	0.204143126912677	4.19076847331706	2.78011238603333e-05	0.00131718498781279
ENSG00000169087	139.288876230649	0.64492175121079	0.210513903336124	3.06355894309296	0.00218721112678318	0.0327186043771596
ENSG00000169126	333.057992507905	-0.851768018728664	0.140869384361134	-6.04650913036622	1.48017848045108e-09	3.80515512326332e-07
ENSG00000169403	170.289533803875	1.09682043808084	0.17911301704252	6.12362214757657	9.14716715277562e-10	2.59066036499197e-07
ENSG00000169499	971.363347551645	-0.751807046840614	0.106289407936015	-7.07320758897435	1.5139274706432e-12	8.40653645898759e-10
ENSG00000169710	36414.9067170384	-0.540118534955624	0.138116099795646	-3.91061241777586	9.20623993131758e-05	0.00344962469992574
ENSG00000169715	3400.13963603231	0.538672876331393	0.126957857958875	4.2429266292905	2.20623582665671e-05	0.00111370784529631
ENSG00000169991	1226.09360217253	0.869380008275106	0.171239061368551	5.07699587539768	3.83449193100304e-07	4.29277556340195e-05
ENSG00000170345	309.319966201007	-1.55110340557147	0.210515387974097	-7.36812363456455	1.73046272361909e-13	1.09192197860364e-10
ENSG00000170379	59.8584042136024	-1.19307709351067	0.368518262944467	-3.2374978758935	0.00120582837273337	0.0219100909296919
ENSG00000170425	1287.130767269	0.827583550610531	0.14682008863545	5.6367187780781	1.7332080436499e-08	3.12472650155168e-06
ENSG00000170855	698.614510009222	0.601936985347043	0.115323279886885	5.2195617913179	1.79346971713582e-07	2.34876854842259e-05
ENSG00000170949	1037.17388991618	-0.628060777672785	0.131819500146769	-4.76455135221646	1.89274311183722e-06	0.000157335687895355
ENSG00000171435	1615.51796626138	-0.613446022694966	0.145752304382067	-4.20882555027682	2.56701476931683e-05	0.00123733677179362
ENSG00000171517	578.485085285816	-0.516227713403275	0.124466645170274	-4.1475184994105	3.36098320115183e-05	0.00155523895994632
ENSG00000171574	198.050897040981	0.567709159166843	0.184043497466838	3.0846466567999	0.0020379410802967	0.0310886792051415
ENSG00000171793	984.624298648658	0.58979611113199	0.119618728039293	4.9306335287084	8.19633687916105e-07	7.68794247003471e-05
ENSG00000171951	845.223209393618	-0.53025793719849	0.161816533860787	-3.27690826485431	0.00104950461665222	0.0199852168564693
ENSG00000172059	353.163099023945	-0.55114562713786	0.14637292019979	-3.76535240525077	0.000166314344256211	0.00542242309274514
ENSG00000172086	105.262206154026	1.17361055093989	0.251412134012762	4.66807441712543	3.04035784308906e-06	0.000233885808609715
ENSG00000172183	96.6578272717957	-0.707319127550904	0.2314119401062	-3.05653687197947	0.00223909939491682	0.0332796336190956
ENSG00000172197	526.324597107509	-0.834999208996526	0.146175394862198	-5.71231026797427	1.1145264600903e-08	2.17913469281318e-06
ENSG00000172508	70.3313106708451	0.901605598040073	0.272112375330609	3.31335756760289	0.000921830457417145	0.0183861111469156
ENSG00000172667	1323.89993299767	0.944193777767727	0.123952308889314	7.61739564376223	2.58845021904457e-14	1.8912034705672e-11
ENSG00000172831	895.133937071636	0.681610305482087	0.120100925429213	5.67531268427922	1.38435552163836e-08	2.59697612856537e-06
ENSG00000173156	527.401452593525	0.516571835327368	0.146150292077116	3.53452482363017	0.000408509061855595	0.010508103831454
ENSG00000173221	625.59639784969	-0.500538848236465	0.138254990716422	-3.62040347073715	0.000294143975669725	0.00838461328592838
ENSG00000173535	261.408604983684	0.924465915151596	0.160805231474237	5.74897910146478	8.97839136449472e-09	1.83291219002817e-06
ENSG00000173890	262.472331482819	-0.625856904871921	0.177044688590959	-3.53502220175547	0.00040774089827648	0.010508103831454
ENSG00000174307	800.266215854857	0.696387166291632	0.113780341850612	6.12045239946596	9.33100549269548e-10	2.59066036499197e-07
ENSG00000174808	136.345091516856	0.909439142092594	0.282806021206968	3.21577008230328	0.0013009501439703	0.0231535767930715
ENSG00000174840	987.361878588807	0.511575341797767	0.103434386067748	4.94589237918126	7.57958280704868e-07	7.30692836996179e-05
ENSG00000175197	364.967466723977	-1.23096454913562	0.156730571835026	-7.85401683107066	4.02920180587009e-15	3.49583621681804e-12
ENSG00000175283	213.46047638989	0.648845378994628	0.186540552295063	3.4783073761265	0.000504590949729182	0.012243572326889
ENSG00000175305	195.495321737284	0.64912958488115	0.171044079172925	3.7951011693593	0.00014758326325947	0.00494867357625112
ENSG00000175505	638.566801288854	0.828879366752771	0.190695605547958	4.34660968914839	1.38257925516955e-05	0.000777043126326465
ENSG00000176022	345.506753290464	0.608063322940025	0.157068110495936	3.87133531447021	0.000108240774613464	0.00395420640311606
ENSG00000176383	139.262566043114	-0.762601643030887	0.231651313608583	-3.29202382300945	0.000994691854079426	0.0193393729948608
ENSG00000176396	221.527629292592	0.681610541760711	0.173676394251869	3.92460094935081	8.68736242011568e-05	0.00329378452123687
ENSG00000176438	107.936552925465	-0.902050181638099	0.239843373453482	-3.76099688996849	0.000169237534410298	0.00548273863264456
ENSG00000176697	422.428089930238	0.816783924358583	0.169315163475147	4.8240447435086	1.40675837927667e-06	0.000123598859627334
ENSG00000177076	177.500290605923	1.00759492042624	0.192822336101123	5.22550935124973	1.73676342553048e-07	2.31824518011674e-05
ENSG00000177494	382.999318547216	1.22338728279262	0.148780895523052	8.22274444908872	1.98898351307534e-16	2.30092242737599e-13
ENSG00000178038	1303.64870574549	0.635273127583752	0.0966422551824039	6.57345098564525	4.91622618799096e-11	1.84451491734299e-08
ENSG00000178409	180.228112411592	0.665087958744407	0.20398424598819	3.26048688477106	0.00111221110764355	0.0207244491225608
ENSG00000178814	1016.20791709177	0.557803774875837	0.108841282268203	5.12492836588707	2.9765089041251e-07	3.41486748818716e-05
ENSG00000178826	98.8874331481902	0.747201750350414	0.214252903340444	3.48747549601755	0.000487603602823825	0.011959210626149
ENSG00000178896	378.566542956303	0.510236314825088	0.139054336851852	3.66933046733158	0.000243186547497777	0.00715236367026301
ENSG00000179041	523.052842615283	0.644653832878055	0.144610557293336	4.4578614794382	8.27813653604534e-06	0.000522350415424461
ENSG00000179094	4059.20654594484	-0.582509993941724	0.0890452560046692	-6.5417296785713	6.08113499694648e-11	2.11045790069028e-08
ENSG00000179163	648.117314930295	0.677946036190526	0.180289436647131	3.76032034265782	0.000169695910471903	0.00548273863264456
ENSG00000180008	1151.34284964407	0.542974516119062	0.109423647011486	4.9621314126193	6.9723793976164e-07	6.86457948919935e-05
ENSG00000180035	403.457064470481	0.590920105046333	0.130260032384555	4.53646520908128	5.72049211135241e-06	0.000393649784707676
ENSG00000180155	122.767797992136	1.73468162669078	0.334863489452041	5.18026503734207	2.21570859011404e-07	2.7831285349432e-05
ENSG00000180535	87.0952964015509	0.950706103883599	0.276292172565817	3.44094476168023	0.000579686862667947	0.0133420204227594
ENSG00000180626	96.4035633761055	0.953179677263067	0.224530284970431	4.24521653009345	2.18382431944889e-05	0.00110641785410911
ENSG00000180801	52.0827462482337	-0.889183884709418	0.303129686867156	-2.93334478024614	0.00335331280618393	0.0431543746585172
ENSG00000180921	4434.15810443945	0.702590250585185	0.0986140281625363	7.12464812234595	1.043469203812e-12	6.29801716839923e-10
ENSG00000181026	1600.67578683665	0.608714816010374	0.0922038308371143	6.60183867073506	4.06089304656609e-11	1.56592547978973e-08
ENSG00000181027	405.077177806067	0.645388047288701	0.129257980004538	4.99302284675995	5.94415228244351e-07	6.19040608785435e-05
ENSG00000181638	239.694698934931	0.529204652774884	0.159662536996329	3.31451987880571	0.000918006522418518	0.0183627760003082
ENSG00000181722	673.570797748426	-0.679575028016903	0.11101251858814	-6.12160715439804	9.26361883914055e-10	2.59066036499197e-07
ENSG00000181938	233.310149994602	0.524794705451471	0.172840095863477	3.03630186519912	0.00239499456919431	0.0344889155700783
ENSG00000181982	209.168704583119	0.545173668448833	0.188996318431731	2.88457295344491	0.00391944934513193	0.0485368383667452
ENSG00000182319	2417.33080932181	0.739417637072661	0.109686115273747	6.74121455780682	1.57068059692598e-11	6.60732971106861e-09
ENSG00000182372	912.538617509172	0.521685723898601	0.144704516911466	3.6051792648448	0.000311937529292116	0.00874811471037
ENSG00000182389	90.3306239662333	-0.77213376272544	0.258034328118176	-2.99236837345074	0.0027682201183169	0.0379352731317622
ENSG00000182473	2864.86162139147	0.573926573988398	0.140071245852984	4.09739037083158	4.17833941880458e-05	0.00184725184114157
ENSG00000182504	556.51177777182	-0.529214458343318	0.125293581840311	-4.22379542966385	2.40222116153103e-05	0.00118254021859482
ENSG00000182795	1335.06170612933	0.789234944239813	0.099632316714752	7.92147538332766	2.34708728819403e-15	2.17215104898064e-12
ENSG00000183087	1953.59868391443	0.662787599927672	0.12363425834923	5.36087334349912	8.28205719921441e-08	1.27746131154994e-05
ENSG00000183696	387.335324995657	-0.558811694734277	0.157666862350037	-3.54425582145255	0.000393723015515855	0.0102762473015079
ENSG00000183760	129.685085466685	0.966752974615353	0.25931091966075	3.72816145143495	0.000192881799788059	0.00597675255503982
ENSG00000184254	19009.0203975188	1.61912833982074	0.143308294940752	11.2982178769913	1.33907839502406e-29	6.19636209324134e-26
ENSG00000184319	218.790001749165	0.55733876091646	0.163190770358958	3.41525908414138	0.000637213702044446	0.0143135932229466
ENSG00000184857	164.020817281678	0.549930623093693	0.186610548463305	2.94694285838741	0.00320932502370361	0.0418327229850267
ENSG00000184886	236.391133105662	0.539720212845197	0.170963688134732	3.15692892879018	0.00159440201795555	0.0264841542928678
ENSG00000185088	1150.6317815416	0.827280298059147	0.11833517164474	6.99099250510888	2.72948344566889e-12	1.26302297309252e-09
ENSG00000185100	190.026752289679	0.550091672004303	0.190780684414889	2.88337193931029	0.00393442584268357	0.0485674752640692
ENSG00000185551	2535.69977426931	0.970858699629467	0.100025441423148	9.70611762183922	2.83947138608483e-22	6.56959029693826e-19
ENSG00000185920	315.032471697891	-0.921576591452578	0.159288193922566	-5.78559257128986	7.2257155073626e-09	1.54319050266473e-06
ENSG00000186166	594.152065967073	0.673347064628432	0.132959835443463	5.06428924481295	4.09926854388089e-07	4.48079101780744e-05
ENSG00000186314	264.24589843914	-0.663343720697159	0.182334345814331	-3.63806236139754	0.000274696920367135	0.00791399806162582
ENSG00000186352	125.622069946511	-1.99518098705975	0.231719057093224	-8.61034483778803	7.28411292003844e-18	1.12353395062193e-14
ENSG00000186480	1638.70498847273	-0.688960532097637	0.113273911469223	-6.0822525077615	1.18505738103792e-09	3.16364741607084e-07
ENSG00000186567	217.449490415298	0.750008796249732	0.202610751163088	3.70172259835326	0.000214140669931169	0.00651904950571196
ENSG00000187231	449.000011011929	-0.764373300502231	0.172597434326137	-4.42864810526606	9.48255918975974e-06	0.000576300758393714
ENSG00000187325	160.302138929039	0.814854491384624	0.240395405505484	3.38964253360506	0.000699838164848943	0.0153477936878879
ENSG00000187994	988.531297672387	0.731022521191078	0.128043683980962	5.70916501668109	1.13531774702025e-08	2.18895568946321e-06
ENSG00000188153	1403.43426019559	0.596431223855177	0.097910656268607	6.09158641750837	1.11797207374796e-09	3.04307614269985e-07
ENSG00000188177	509.324402876948	-0.582001457548468	0.124418722014196	-4.67776431172522	2.90019616841848e-06	0.000227460583107262
ENSG00000188549	897.559887933959	0.883936509428482	0.135731157131951	6.51240679079427	7.39561065256047e-11	2.5040455385084e-08
ENSG00000188613	33.3819825135495	1.24634367426391	0.373466119903905	3.33723357445275	0.000846168042092197	0.0173252282600647
ENSG00000188690	455.165554741167	0.566854469672972	0.169780887981366	3.33874134134101	0.000841588887351081	0.0172712604754472
ENSG00000188994	2898.45777472948	-0.771096054700089	0.155303842902465	-4.96508032440869	6.86726413667461e-07	6.84194029293028e-05
ENSG00000189433	163.805926021553	0.704230613012867	0.206924935472404	3.4033144019358	0.000665736257839759	0.0148113852694799
ENSG00000196072	834.242642277549	0.611531041118404	0.112254131358334	5.44773750167193	5.1014571581845e-08	8.14004922642727e-06
ENSG00000196110	226.059769260487	-0.518325768130882	0.170274049304429	-3.04406790258556	0.0023340245276557	0.0341062405188594
ENSG00000196159	190.628986406717	-0.710951570879965	0.216658663192742	-3.28143615585542	0.0010327990276614	0.0198029227928115
ENSG00000196421	69.7479546826653	-0.857283458623469	0.25808376058509	-3.32172569354988	0.00089462597256326	0.018082351972311
ENSG00000196562	357.02824653808	1.45761602641449	0.190327272787283	7.65847166865871	1.8815873621823e-14	1.45112198676749e-11
ENSG00000196584	391.945137605649	0.572423107690173	0.143101340708854	4.00012400201613	6.33093014606987e-05	0.00255933205311639
ENSG00000196968	1101.98855112003	-0.957813834004422	0.169111113533378	-5.66381365477423	1.48045177667113e-08	2.74021754183316e-06
ENSG00000196998	350.486330676765	0.505334661677804	0.172095605781446	2.93636005046843	0.003320886276257	0.0428842263134881
ENSG00000197191	89.5221460921312	1.07398579302707	0.255737142272083	4.19956907113804	2.67423445681808e-05	0.00128136211595507
ENSG00000197261	442.16920267825	0.630218524630579	0.212898039345769	2.96018942479333	0.00307449939588073	0.040920614202892
ENSG00000197362	234.435720769526	0.552229787433038	0.16551934010115	3.33634599494878	0.000848874454831669	0.0173550444506233
ENSG00000197444	291.506076520007	-0.695457548766851	0.178511218219304	-3.8958758766212	9.78444909760999e-05	0.00362207259661392
ENSG00000197558	157.401510461247	0.687813736358416	0.212520106444548	3.23646429444022	0.0012102036547796	0.0219321764172981
ENSG00000197774	1003.47064582312	0.54984306498922	0.115729415863028	4.75110896299684	2.02304074103736e-06	0.000166176636491602
ENSG00000197782	255.665697745191	0.516479577557844	0.166512131729308	3.10175344098929	0.00192378116351782	0.0298390280580496
ENSG00000197798	173.760118444481	0.73496970672539	0.233134849222341	3.15255187792387	0.00161850059381796	0.0267041027930855
ENSG00000197852	218.87475484072	1.27658730993523	0.18370196555509	6.94923054349355	3.67283916903203e-12	1.64472107562912e-09
ENSG00000197982	404.917155710857	0.78348557433272	0.193089852167053	4.05762170067271	4.95749848946224e-05	0.00211753827786815
ENSG00000198121	287.506468176401	0.685542487420883	0.199104342331163	3.44313177399539	0.000575019058589668	0.013292728700033
ENSG00000198223	52.2697341630035	0.991919987905701	0.309746100194349	3.20236473448197	0.00136304296931188	0.0238609867591268
ENSG00000198246	150.732947092286	0.624128128405408	0.181991242266383	3.42944045346898	0.000604827132896424	0.0136626746553418
ENSG00000198265	3823.93810246914	-0.708292349222655	0.132834334863972	-5.3321481223057	9.70577170831245e-08	1.44876906295477e-05
ENSG00000198520	77.8383015231279	1.25030979811549	0.283006949784048	4.41794732980781	9.96426936842571e-06	0.000596224083502094
ENSG00000198546	416.854090434649	-0.611760861920471	0.147093021630506	-4.15900669616536	3.19634530319732e-05	0.00148898206372434
ENSG00000198551	334.063740324737	-0.5036914829102	0.138984599626538	-3.62408125982055	0.000289990428702709	0.00830030336340415
ENSG00000198576	278.935476402216	0.573364353065406	0.148352003764407	3.86489119470166	0.000111138731772594	0.00403881642530666
ENSG00000198753	206.901959845819	0.857207507827858	0.183514133636563	4.67107078262156	2.99633657387171e-06	0.000233680586058916
ENSG00000198890	101.682087184495	0.867286285814318	0.217525306781449	3.98705924679235	6.68973245201137e-05	0.00267627855616201
ENSG00000198948	280.13365008975	0.560540374146783	0.144062150418423	3.89096214736982	9.98475099794321e-05	0.00367661308629835
ENSG00000203306	64.4178848743817	1.26386149314233	0.33846147200059	3.7341369629809	0.000188359974867435	0.00590076378150754
ENSG00000203867	139.720249242258	-0.613286204123734	0.210963314224078	-2.90707513000257	0.00364825564080004	0.0460828797139091
ENSG00000204175	131.996900272235	0.701482876031105	0.195977047377565	3.5794134334499	0.000344366296731235	0.00943375766165785
ENSG00000204822	32.9377301524627	1.1889884413896	0.362555527970717	3.27946576361575	0.00104003828689354	0.0198594380999396
ENSG00000204876	112.840018039486	1.04552249032962	0.354226319238726	2.95156636744715	0.00316166593500235	0.0415627334372184
ENSG00000204947	98.9946664797166	0.705827352034222	0.222750310772273	3.16869300692387	0.00153126041338675	0.0258915433113702
ENSG00000205129	172.411224699209	-1.33634830347227	0.299143632011036	-4.46724636753412	7.92328638060005e-06	0.00050921787747912
ENSG00000205189	1033.71533951349	-0.734968797933601	0.15360383185992	-4.78483374427704	1.71128924317005e-06	0.000145611032854156
ENSG00000205592	41.7732353615704	1.36535133121554	0.388018696583461	3.5187771703724	0.000433540681938837	0.010982503187363
ENSG00000205913	50.2083837074746	1.4241728854228	0.319290691812228	4.46042719673251	8.17964423753123e-06	0.000520281140491303
ENSG00000206075	1152.87796804111	0.753572241069369	0.114884111074222	6.55941221134153	5.4020284342224e-11	1.92284509548398e-08
ENSG00000206195	113.296853808468	0.743725070207767	0.238254216665163	3.12156099739877	0.00179894976291619	0.028573250124488
ENSG00000206417	199.469218659431	-0.696198645556841	0.172023809512047	-4.04710631354833	5.18546933805413e-05	0.00218135410154144
ENSG00000206712	41.3902470912693	1.40361606948209	0.365776613412283	3.83735869931086	0.000124364750513955	0.00438180575288
ENSG00000213347	697.859073453353	-0.505084154210843	0.125610970864343	-4.02101942796321	5.79468251172552e-05	0.00236593478316981
ENSG00000213390	1059.59333993445	-0.592993766334894	0.151044197413341	-3.92596191373132	8.6383824413675e-05	0.00328542534386476
ENSG00000213398	258.618988809918	0.725182357159347	0.171951832482114	4.21735753955851	2.4718188308038e-05	0.00120399259681468
ENSG00000213672	1518.44951712539	-0.553140389434974	0.159001327229639	-3.47884133467701	0.000503586653304528	0.012243572326889
ENSG00000213901	275.629511394843	0.501040801815865	0.156627494921132	3.19893261440566	0.00137937405947614	0.0239755597906926
ENSG00000214597	26.0747900320124	1.29331558050757	0.44922122599422	2.87901707593	0.00398916733906939	0.0488769823485978
ENSG00000214922	144.271561403971	-0.718578825825537	0.220560913544225	-3.25796087021308	0.00112215878537381	0.0208525251243839
ENSG00000218537	71.7366966503188	-0.925313375662064	0.283086374594936	-3.26866094133312	0.00108057703777862	0.0203535555474122
ENSG00000219891	40.8551973789814	-1.31994574916862	0.370363061813039	-3.56392385003808	0.000365351986617599	0.00976818904733977
ENSG00000222009	705.290649345257	0.703380880772839	0.167519469016704	4.19880080149192	2.68332234857144e-05	0.00128136211595507
ENSG00000223764	42.6205811410785	1.23884046670234	0.393560258848266	3.14777836138166	0.00164516382513187	0.0269618380894492
ENSG00000224870	321.182297802922	0.506315697148482	0.141458926642569	3.57924175706362	0.000344592578763861	0.00943375766165785
ENSG00000224877	604.744476939497	0.582448111809606	0.126134156200463	4.61768746352836	3.88040086448609e-06	0.000286530451068063
ENSG00000225339	49.150283825771	1.44933630607115	0.360652762174079	4.01864745838711	5.8533172817274e-05	0.00238286658372257
ENSG00000225614	584.241433544513	0.848413076701319	0.170907869272824	4.96415454894578	6.90009826401267e-07	6.84194029293028e-05
ENSG00000226180	44.252107868859	0.924874738758095	0.318335960520233	2.9053416938716	0.00366852371266347	0.0461286803372305
ENSG00000228705	53.0455521602277	-1.09736342489537	0.296825470697239	-3.69699885362829	0.000218163327169311	0.00658378979948776
ENSG00000229358	83.4315712247873	-0.729018777326602	0.232759327895447	-3.13207115658141	0.00173577800934895	0.0279994135540717
ENSG00000230439	139.475864166292	0.963699485638357	0.220530850433718	4.36990780991887	1.24299001890817e-05	0.000725007875734587
ENSG00000230487	40.110544098584	1.20867142475105	0.392894758672097	3.07632361611571	0.00209570253887358	0.0316223289615685
ENSG00000230606	90.4870889563853	0.887388287538785	0.258186419586979	3.43700605538564	0.000588182453574462	0.0134295210863827
ENSG00000232187	363.391730175284	0.554602373428677	0.157436500669663	3.52270516093568	0.000427166281341781	0.0108805914084158
ENSG00000233493	101.66361904138	0.820896911293237	0.251740778308237	3.26088175626482	0.00111066345714953	0.0207244491225608
ENSG00000233559	176.930899589687	0.613064122362438	0.169450204259418	3.61796036211248	0.00029693385771721	0.00842952108963254
ENSG00000233589	192.470359092738	0.795882524513204	0.227384966262183	3.50015455109519	0.000464988482883703	0.0115473526286075
ENSG00000234420	332.00256530795	0.753492237473911	0.164992406559146	4.56682979045949	4.95155752433381e-06	0.000350341069216056
ENSG00000234546	30.2122078751471	1.31785765041439	0.375728992468819	3.50746861921697	0.00045239170719939	0.0113359236089205
ENSG00000234975	229.182397755283	0.72666665090561	0.204617575795076	3.55134033859029	0.000383274454499433	0.0100769241995476
ENSG00000235523	25.2108689694468	3.50845408321865	0.54979213041777	6.38141924758487	1.75454235334607e-10	5.66431556956979e-08
ENSG00000235706	128.602267180009	-0.64867928806886	0.202833260085304	-3.19809131794289	0.00138340465295669	0.0239755597906926
ENSG00000235750	2388.44153489617	-0.628257271389139	0.105884972599982	-5.93339409703211	2.96735428518927e-09	6.98183257406737e-07
ENSG00000236017	48.5160620031009	0.966773169404575	0.300338928269121	3.21894059813083	0.0012866513607132	0.022987508609293
ENSG00000236333	173.500327495648	0.697491311593971	0.198692049857766	3.51041378904326	0.000447409862174621	0.0112517096136016
ENSG00000237172	112.226799894922	0.689006184003299	0.217475903969159	3.16819551696638	0.00153388327145905	0.0259043401148352
ENSG00000238227	772.341194208305	0.60104656362754	0.113188930168513	5.31011789521037	1.09554343330721e-07	1.60087725696534e-05
ENSG00000239521	144.952696008641	0.843620354944334	0.189162917803215	4.45975545704972	8.20532206430675e-06	0.000520281140491303
ENSG00000239653	96.2020317846236	-0.80134143778017	0.216650962121754	-3.69876703953814	0.000216649334148215	0.00655234434999024
ENSG00000240875	89.6345917199295	1.09630437023036	0.256348522561424	4.27661669073075	1.89755112345521e-05	0.00100158953215989
ENSG00000240891	356.756360416886	0.709774161907139	0.146714498601278	4.83779155212241	1.31289721592952e-06	0.000119121824519828
ENSG00000242265	247.385660973466	-0.724918713794546	0.157577312475535	-4.60040028863351	4.21679833944711e-06	0.000307725195495841
ENSG00000242498	186.144843187644	0.569376268959031	0.17681215488229	3.22023262110054	0.00128086614994832	0.0229432050239775
ENSG00000242612	190.12148205343	0.602688029242166	0.175051869455917	3.44291112751548	0.000575488398553511	0.013292728700033
ENSG00000242960	102.917893717573	0.702674530927595	0.222609931918633	3.15652821449329	0.00159659440246064	0.0264841542928678
ENSG00000243364	85.9383709974524	-0.768546470842903	0.230556327510609	-3.33344341116614	0.000857781187221059	0.0175113506485335
ENSG00000243477	327.382730888923	-0.693496433992138	0.149695388897326	-4.6327174076671	3.60897016903089e-06	0.000270809318305334
ENSG00000244041	101.34203586296	-1.04136731378218	0.260402395277367	-3.99906964247765	6.35919674751507e-05	0.00255933205311639
ENSG00000244045	147.339454890968	0.574459177086361	0.199406509549054	2.88084465439702	0.00396611065068436	0.0487234938520356
ENSG00000244509	1804.5894978813	0.54873671361371	0.0986597201304672	5.56191232742261	2.66834345719311e-08	4.67959595585872e-06
ENSG00000244694	57.8884882228255	1.27833008095613	0.296644469261482	4.30930023451517	1.63771913097294e-05	0.00089507153449474
ENSG00000247626	361.971034797278	0.733044782034913	0.143978538893225	5.09134755547521	3.55527652732886e-07	4.04543842232617e-05
ENSG00000248019	105.710063296407	-1.17220588764405	0.307150638619017	-3.81638759702541	0.000135419722795686	0.00464171997987583
ENSG00000249673	273.787625883621	0.789292997146264	0.18490779401348	4.26857613740566	1.96724681046895e-05	0.00102666617379436
ENSG00000250562	38.5887118074831	1.18494521133457	0.383491399945097	3.08988731299897	0.00200232448496186	0.0306463820289311
ENSG00000250588	104.179643057901	0.865077691485767	0.273597661666337	3.1618606906837	0.00156764540775656	0.0262119495498973
ENSG00000250899	121.678561395456	0.792330293313228	0.227799550842898	3.4781907619285	0.000504810531934212	0.012243572326889
ENSG00000251095	332.772783897609	1.33489774173064	0.159084050431641	8.39114756073078	4.81419624793248e-17	6.68306723137987e-14
ENSG00000253187	205.320066855156	0.572853656538357	0.179461038261065	3.19207813623042	0.00141253115855131	0.0243284833039818
ENSG00000253368	2019.97636498816	0.604515293122172	0.111866425168222	5.4039028440671	6.52062726130352e-08	1.01707132181366e-05
ENSG00000254470	490.516699944542	0.612170610189391	0.153004227775858	4.00100454143126	6.30741471696386e-05	0.00255933205311639
ENSG00000258301	138.461002785183	0.575936097672352	0.197517214383869	2.91587798799672	0.00354689177945746	0.0451310281232158
ENSG00000259976	526.384281425808	-0.519189361359587	0.122783009880832	-4.22851143544609	2.35242561625607e-05	0.00117047929766547
ENSG00000260565	121.053494453518	0.878689245097104	0.216638486630978	4.05601635592046	4.991676551947e-05	0.00212286098017072
ENSG00000260822	412.911966818541	-0.73931486608035	0.218794480342268	-3.37903801285944	0.00072739949645127	0.015655441565483
ENSG00000260912	130.52401256842	0.699206691455274	0.206247345129908	3.39013668764982	0.000698577826434181	0.0153443945989862
ENSG00000261373	523.152030869843	0.831805892564129	0.185888291975172	4.4747621473397	7.6496420638223e-06	0.000497183720310335
ENSG00000261490	322.087923990183	0.536997211374299	0.177974475819887	3.01727092551041	0.00255061738008307	0.035874032897987
ENSG00000262160	294.79289562637	0.511363383864707	0.145602582508161	3.51204885968313	0.000444666241423916	0.011203006830212
ENSG00000267106	49.4148779108771	0.97899426184683	0.326164881961391	3.00153178956499	0.00268624989890973	0.0371419532835308
ENSG00000267128	36.8646256027806	1.79332669093505	0.452984193870019	3.95891670217887	7.52904880183625e-05	0.00291137201858192
ENSG00000267858	39.958554896556	1.13040481074949	0.377927113981364	2.99106565507028	0.00278005714277181	0.0380599144536078
ENSG00000268223	200.803930956177	0.769015401825239	0.18021629496427	4.2671801791159	1.9795927181798e-05	0.00102923992935475
ENSG00000269968	215.44711772648	-1.30077234382527	0.246259369591147	-5.28212325884241	1.27695235449742e-07	1.82748995723022e-05
ENSG00000270127	31.5984062842444	1.61819752229029	0.46862001375992	3.4531122759928	0.000554158301102622	0.013036914761518
ENSG00000270172	192.628189072554	0.648873611526328	0.173107942716204	3.74837573218754	0.000177983485002348	0.00565392846407917
ENSG00000272216	54.6459001885119	1.55229471695862	0.485133734391888	3.19972536831398	0.00137558594371355	0.0239597039782077
ENSG00000272482	94.4166787143459	1.35947498492213	0.257753837730225	5.27431520280603	1.33252713045714e-07	1.88756547193939e-05
ENSG00000272720	82.3089659633817	0.937078147220986	0.243461224912768	3.84898312886062	0.000118609175253527	0.00425460612627769
ENSG00000272734	658.23317821551	-0.742439325241656	0.175731489526029	-4.22485080644403	2.39099126189027e-05	0.001181200736568
ENSG00000272870	36.0518420719142	-1.42059868046333	0.476628372493347	-2.98051639903824	0.00287762830078597	0.0390109727260848
ENSG00000272909	31.1345803549763	-1.28687219230346	0.40703295418741	-3.1615921489024	0.00156909163492038	0.0262119495498973
