offset_start	offset_end	signal_count	control_count	signal_per_million_peak_reads	control_per_million_peak_reads	signal_over_control
-5000	-4900	65401	16509	0.11236782068300713	0.04696949769050913	2.392357300123154
-4900	-4800	64620	16183	0.1110259563697179	0.04604200018932154	2.4114060187043744
-4800	-4700	65613	16218	0.11273206554141599	0.04614157814190303	2.4431775002303064
-4700	-4600	65407	16134	0.11237812949975455	0.04590259105570745	2.448187061235221
-4600	-4500	65492	16109	0.112524171070343	0.04583146394672067	2.4551729615521984
-4500	-4400	66310	16132	0.11392960642024132	0.04589690088698851	2.482294103054345
-4400	-4300	65690	16166	0.11286436202300788	0.045993633755210525	2.4539127006946195
-4300	-4200	66338	16257	0.11397771423172928	0.0462525364319224	2.4642478666978485
-4200	-4100	66791	16273	0.11475602989615952	0.04629805778167394	2.4786359384082663
-4100	-4000	67050	16104	0.11520102715242317	0.045817238524923316	2.5143598973071453
-4000	-3900	67761	16238	0.11642262193699249	0.04619847982909245	2.5200530919564583
-3900	-3800	67613	16206	0.11616833779055612	0.046107437129589375	2.5195140962629057
-3800	-3700	68435	16253	0.11758064568495272	0.046241156094484516	2.5427704585218476
-3700	-3600	68649	16170	0.11794832681561071	0.046005014092648414	2.5638146002537323
-3600	-3500	69097	16355	0.1187180517994181	0.046531354699150575	2.5513560171843714
-3500	-3400	69204	16275	0.1189018923647471	0.04630374795039288	2.567867562084426
-3400	-3300	69875	16424	0.12005476170433362	0.04672766551995408	2.5692437310626337
-3300	-3200	69344	16219	0.11914243142218692	0.0461444232262625	2.581946486534012
-3200	-3100	70101	16272	0.12044306046848645	0.046295212697314465	2.6016309992128672
-3100	-3000	71176	16153	0.12229005680239928	0.0459566476585374	2.6609873224658798
-3000	-2900	71461	16264	0.12277972559790175	0.046272452022438695	2.653408674741566
-2900	-2800	72161	16363	0.1239824208851008	0.046554115374026345	2.663189277446212
-2800	-2700	72539	16297	0.12463187634018828	0.04636633980630125	2.6879817742967633
-2700	-2600	73510	16524	0.12630018651714583	0.047012173955901196	2.6865421419485753
-2600	-2500	74353	16390	0.1277485752701584	0.046630932651732064	2.7395672358574044
-2500	-2400	74802	16422	0.12852001839009036	0.04672197535123514	2.750740254964259
-2400	-2300	75345	16328	0.1294529663057319	0.04645453742144485	2.786659247756763
-2300	-2200	76833	16284	0.13200955285909216	0.046329353709628124	2.849371775968851
-2200	-2100	77348	16349	0.13289439296324576	0.04651428419299374	2.857066281227716
-2100	-2000	78509	16356	0.1348891490038716	0.04653419978351005	2.8987099731254258
-2000	-1900	79925	16438	0.13732202975626281	0.04676749670098668	2.9362706888984644
-1900	-1800	80151	16490	0.13771032852041565	0.04691544108767918	2.9352879420456053
-1800	-1700	81432	16439	0.1399112608959899	0.04677034178534615	2.9914526076828074
-1700	-1600	82915	16522	0.14245925676872734	0.04700648378718225	3.0306299321110504
-1600	-1500	84140	16438	0.14456397352132566	0.04676749670098668	3.0911206226326784
-1500	-1400	85681	16452	0.14721162128928814	0.04680732788201927	3.1450550148973258
-1400	-1300	87173	16540	0.14977508038714668	0.047057695305652736	3.1827967649991384
-1300	-1200	89237	16463	0.1533213133482593	0.04683862380997346	3.2733949223250285
-1200	-1100	91016	16496	0.15637787751386947	0.046932511593836004	3.3319733422152447
-1100	-1000	92483	16479	0.15889838320861374	0.04688414515972499	3.3891709589089967
-1000	-900	93905	16199	0.1613415727777524	0.04608752153907307	3.5007647925039054
-900	-800	96074	16581	0.16506821003194488	0.04717434376439105	3.4991098308938113
-800	-700	99134	16551	0.1703257065731293	0.047088991233606915	3.6171024715341455
-700	-600	99772	16238	0.171421877420605	0.04619847982909245	3.710552339703956
-600	-500	102098	16344	0.17541826204635497	0.04650005877119639	3.7724309749693177
-500	-400	103218	16184	0.17734257450587346	0.04604484527368101	3.851518523990818
-400	-300	106537	16525	0.1830450683033215	0.04701501904026067	3.8933317914127263
-300	-200	107546	16280	0.1847786676530127	0.046317973372190235	3.9893513079299714
-200	-100	128344	16596	0.22051246277182102	0.04721702002978312	4.67019016940773
-100	0	138888	15716	0.23862849006928782	0.04471334579344851	5.33685157831003
0	100	140489	15744	0.24137922600472453	0.0447930081555137	5.3887701662432885
100	200	130475	16399	0.22417381085327984	0.0466565384109673	4.80476731639792
200	300	108059	16278	0.18566007148491717	0.04631228320347129	4.008873211221882
300	400	107062	16477	0.1839470897687208	0.046878454991006055	3.9239153637638498
400	500	103171	16127	0.17726182210801866	0.045882675465191154	3.863371529903442
500	600	102517	16514	0.17613816108254984	0.04698372311230648	3.748918761961924
600	700	100591	16467	0.17282903090662788	0.04685000414741134	3.688986459058348
700	800	98835	16667	0.16981198387188284	0.04741902101930557	3.581094257571192
800	900	97180	16672	0.16696846858571937	0.04743324644110292	3.520072546437262
900	1000	94019	16511	0.16153744029595338	0.04697518785922807	3.438782209451453
1000	1100	91670	16340	0.1575015385393383	0.04648867843375851	3.387954741792918
1100	1200	90669	16526	0.15578168427864364	0.04701786412462014	3.3132445971119964
1200	1300	89143	16301	0.1531598085525497	0.04637772014373913	3.3024436750633566
1300	1400	87707	16663	0.1506925650776671	0.04740764068186769	3.17865565360867
1400	1500	85525	16349	0.1469435920538552	0.04651428419299374	3.159106812095987
1500	1600	84643	16526	0.14542819599198442	0.04701786412462014	3.0930413088635667
1600	1700	82777	16376	0.14222215398353666	0.04659110147069947	3.052560456699619
1700	1800	80898	16413	0.1389937762054695	0.0466963695919999	2.9765435176203106
1800	1900	80233	16372	0.1378512156826304	0.04657972113326158	2.9594684624291108
1900	2000	79095	16511	0.13589597677286966	0.04697518785922807	2.8929309911460734
2000	2100	78145	16435	0.1342637474545281	0.04675896144790826	2.8714014019345657
2100	2200	76767	16460	0.13189615587487055	0.04683008855689504	2.8164831615602566
2200	2300	75767	16204	0.13017801975030047	0.04610174696087043	2.823711211221368
2300	2400	75423	16335	0.12958698092344836	0.046474453011961146	2.7883487061181014
2400	2500	74475	16314	0.12795818787735594	0.04641470624041225	2.7568457982816144
2500	2600	73426	16363	0.12615586308268192	0.046554115374026345	2.709875637612637
2600	2700	72596	16114	0.12472981009928878	0.045845689368518024	2.7206442266945174
2700	2800	71509	16306	0.12286219613188111	0.04639194556553649	2.648351877338652
2800	2900	72113	16170	0.12389995035112143	0.046005014092648414	2.6931836191073053
2900	3000	71142	16149	0.1222316401741639	0.04594526732109951	2.6603749918336264
3000	3100	70857	16272	0.12174197137866143	0.046295212697314465	2.629688131570536
3100	3200	69709	16420	0.11976955110765498	0.0467162851825162	2.563764448301624
3200	3300	69708	16246	0.11976783297153042	0.04622124050396822	2.5911860362390757
3300	3400	68852	16255	0.11829710844889844	0.04624684626320346	2.557949741602643
3400	3500	68893	16397	0.1183675520300058	0.04665084824224836	2.5373076051124985
3500	3600	67989	16189	0.11681435697339447	0.04605907069547836	2.536185711294913
3600	3700	67881	16084	0.1166287982719409	0.045760336837733895	2.548687495144682
3700	3800	67883	16093	0.11663223454419004	0.04578594259696913	2.547337194100066
3800	3900	67486	16219	0.11595013450273572	0.0461444232262625	2.5127659291392814
3900	4000	67184	16242	0.11543125739311556	0.04620986016653033	2.497978937333424
4000	4100	67567	16271	0.1160893035288259	0.04629236761295499	2.5077417620855953
4100	4200	66791	16060	0.11475602989615952	0.045692054813106585	2.5115095034693473
4200	4300	66646	16146	0.11450690015809686	0.045936732068021104	2.4927088846577083
4300	4400	66096	16142	0.11356192528958332	0.045925351730583215	2.472750256890437
4400	4500	65463	16139	0.11247434512273047	0.045916816477504806	2.449524025208346
4500	4600	65489	16161	0.1125190166619693	0.04597940833341317	2.447161038829677
4600	4700	65117	16058	0.11187987002362923	0.04568636464438764	2.4488678601258145
4700	4800	64621	16180	0.11102767450584247	0.04603346493624312	2.411890450992926
4800	4900	65087	16031	0.11182832593989213	0.04560954736668192	2.4518622173738884
4900	5000	64015	16217	0.10998648401435301	0.046138733057543554	2.3838210701880236
#summary_abs_0_500_-500_500	signal_count=1173789;control_count=162326;signal_rate=2.0167292835229773e-06;control_rate=4.6183116373551305e-07;ratio=4.3668107349246394
#summary_abs_0_1000_-1000_1000	signal_count=2157914;control_count=327070;signal_rate=3.7075899971154975e-06;control_rate=9.305417414522273e-07;ratio=3.9843349652744617
#summary_abs_0_2000_-2000_2000	signal_count=3864427;control_count=656204;signal_rate=6.639611629463941e-06;control_rate=1.866955737022403e-06;ratio=3.5563840629952046
#summary_abs_0_5000_-5000_5000	signal_count=8045952;control_count=1631103;signal_rate=1.3824040787756802e-05;control_rate=4.640625633986462e-06;ratio=2.978917473220407
#summary_flank_2_5kb_-5000_-2000	signal_count=2096828;control_count=488227;signal_rate=3.6026359338100102e-06;control_rate=1.3890470015715186e-06;ratio=2.593602613687021
#summary_flank_2_5kb_2000_5000	signal_count=2084697;control_count=486672;signal_rate=3.5817932244828504e-06;control_rate=1.3846228953925409e-06;ratio=2.58683662996011
#peaks	12993
#signal_total_canonical_reads	44795356
#control_total_canonical_reads	27051753
#signal_reads_in_summit_windows	8045952
#control_reads_in_summit_windows	1631103
#signal_malformed	0
#control_malformed	0
