barcode	array_row	array_col	B_Cell	Endothelial	Fibroblast_Stroma	Macrophage	T_Cell	Tumor_Core
Spot_0-1	0	0	0.925294	0.000000	0.000000	0.000000	0.000000	0.013841
Spot_1-1	1	0	0.004804	1.019143	0.010901	0.002675	0.000000	0.000000
Spot_2-1	2	0	1.098126	1.951064	0.000000	0.993597	0.021538	0.000000
Spot_3-1	3	0	0.947350	1.036462	0.006985	0.939863	0.982073	0.001144
Spot_4-1	4	0	0.001169	1.950298	0.000000	0.917274	0.000000	0.095259
Spot_5-1	5	0	0.000000	0.966668	0.000000	0.993005	0.000000	0.063368
Spot_6-1	6	0	1.049225	0.000000	0.030271	2.880477	0.001008	0.000000
Spot_7-1	7	0	0.975173	0.000000	0.000000	0.013984	0.000000	0.000000
Spot_8-1	8	0	0.948783	0.964329	0.000000	0.000000	0.000000	0.021977
Spot_9-1	9	0	0.971400	0.027660	0.000000	0.000000	0.000000	0.010036
Spot_10-1	10	0	0.000000	0.000000	0.007290	1.012639	0.000000	0.000000
Spot_11-1	11	0	0.046193	0.930043	0.004657	0.001398	0.023511	0.000000
Spot_12-1	12	0	0.983838	0.000000	0.014205	0.000000	0.000000	0.000000
Spot_13-1	13	0	0.009790	0.968955	0.000000	1.011273	0.025319	0.018697
Spot_14-1	14	0	1.025417	0.048038	0.000000	0.936508	0.000000	0.000052
Spot_15-1	15	0	1.036163	0.974757	0.000000	0.006026	0.003134	0.008080
Spot_16-1	16	0	0.961221	0.000000	0.000000	0.025523	1.012766	0.012246
Spot_17-1	17	0	2.032500	0.016282	0.000000	0.000000	0.000000	0.000000
Spot_18-1	18	0	0.011716	0.000000	1.010132	0.022721	0.881060	0.008041
Spot_19-1	19	0	1.083804	0.000000	0.000000	0.002115	1.026363	0.000000
Spot_20-1	20	0	0.000000	0.000000	0.000000	0.000000	0.975615	0.008500
Spot_21-1	21	0	0.000000	0.000000	0.006533	0.000000	1.030453	0.017779
Spot_22-1	22	0	0.000000	1.966395	0.000000	0.044791	0.000000	0.020944
Spot_23-1	23	0	1.016305	0.000000	0.002808	0.000000	0.011955	0.000000
Spot_24-1	24	0	0.000000	0.952612	0.000000	0.001261	1.989981	0.000000
Spot_25-1	25	0	0.000000	1.014074	0.025924	0.023354	0.000000	0.000000
Spot_26-1	26	0	0.000000	2.883933	0.000000	2.019316	0.000000	0.000000
Spot_27-1	27	0	0.007364	0.000000	0.000000	1.008248	0.000710	0.028042
Spot_28-1	28	0	1.045041	0.000000	0.000000	0.031894	1.011961	0.000000
Spot_29-1	29	0	0.004263	0.000000	0.000000	0.000000	1.051178	0.003173
Spot_30-1	0	1	1.020894	1.040883	0.048302	0.000000	0.927674	0.027361
Spot_31-1	1	1	0.966094	0.003631	0.028164	0.991575	0.009891	0.002615
Spot_32-1	2	1	0.000000	0.000000	0.000000	1.005162	0.000000	0.000000
Spot_33-1	3	1	2.032495	0.000000	0.000972	0.000000	0.019078	0.000000
Spot_34-1	4	1	1.031385	1.989137	0.010142	0.000000	0.019468	0.000000
Spot_35-1	5	1	0.000000	1.073629	0.004960	0.000000	0.003143	0.000000
Spot_36-1	6	1	0.000000	2.120763	0.009340	0.000000	0.011928	0.000000
Spot_37-1	7	1	2.028720	0.000000	0.000000	1.043874	0.000000	0.000000
Spot_38-1	8	1	0.023708	1.996846	0.010646	0.000000	0.000000	0.000000
Spot_39-1	9	1	1.944429	1.007071	0.023266	0.007327	0.013609	0.000000
Spot_40-1	10	1	0.000000	0.000000	0.017455	0.931866	0.036512	0.000000
Spot_41-1	11	1	0.910316	0.021255	0.000000	0.000000	1.984722	0.000000
Spot_42-1	12	1	0.006690	0.956600	1.037495	0.013819	0.984314	0.000000
Spot_43-1	13	1	1.019127	1.014537	0.000000	0.000000	0.015327	0.000000
Spot_44-1	14	1	0.046430	0.010976	0.026161	0.962281	1.943300	0.009387
Spot_45-1	15	1	0.030526	2.956449	0.015298	1.057862	0.000000	0.000000
Spot_46-1	16	1	0.000000	0.955634	0.000000	0.949906	0.043123	0.030912
Spot_47-1	17	1	0.913764	0.027396	0.000000	0.000000	0.000000	0.014688
Spot_48-1	18	1	0.975568	0.000000	0.002780	0.009108	0.000000	0.000000
Spot_49-1	19	1	2.037033	0.985427	0.001226	0.038538	0.000000	0.000000
Spot_50-1	20	1	0.000000	0.992833	0.000000	1.014516	0.000000	0.000000
Spot_51-1	21	1	0.000000	0.969986	0.000000	0.002920	0.024194	0.000000
Spot_52-1	22	1	1.001661	0.000000	1.021602	0.000000	0.003600	0.000000
Spot_53-1	23	1	2.035612	0.000000	0.000000	0.000000	0.008184	0.000000
Spot_54-1	24	1	0.972112	1.021214	0.000000	0.000000	0.000000	0.031285
Spot_55-1	25	1	0.902384	0.000000	0.007249	0.026957	0.000000	0.020292
Spot_56-1	26	1	0.955362	0.974077	0.000000	0.021626	0.030258	0.016895
Spot_57-1	27	1	0.006516	0.000000	0.000000	0.000000	2.048921	0.004347
Spot_58-1	28	1	0.960654	0.000000	0.017343	0.000000	0.004270	0.000000
Spot_59-1	29	1	1.047005	1.967713	0.000000	1.077678	0.040450	0.002650
Spot_60-1	0	2	1.941575	0.007566	0.000000	0.021353	0.003865	0.008323
Spot_61-1	1	2	0.007458	0.932728	0.016527	0.008530	0.019449	0.000000
Spot_62-1	2	2	1.908561	0.006308	0.000000	0.000000	1.048053	0.014954
Spot_63-1	3	2	0.000000	0.000000	0.015473	0.000000	0.991703	0.004526
Spot_64-1	4	2	0.946454	1.074423	0.000000	0.996089	0.000000	0.000000
Spot_65-1	5	2	0.971374	0.902529	0.000000	1.095319	0.047142	0.021188
Spot_66-1	6	2	0.950159	1.014461	0.000000	0.000000	0.026011	0.000000
Spot_67-1	7	2	0.000000	1.031393	0.015778	0.000000	0.008444	0.002211
Spot_68-1	8	2	0.030230	0.000000	0.000000	0.923925	0.995991	0.039666
Spot_69-1	9	2	0.034841	1.938214	1.018242	0.000000	0.000000	0.007586
Spot_70-1	10	2	1.000243	0.034529	0.956641	0.000000	1.036117	0.000000
Spot_71-1	11	2	0.000000	0.016764	0.000000	0.027065	0.952642	0.000000
Spot_72-1	12	2	0.000000	0.000000	0.000000	0.000000	1.013650	0.027381
Spot_73-1	13	2	0.015477	1.066152	0.020744	0.010216	0.896287	0.002819
Spot_74-1	14	2	1.002992	0.000000	0.932671	0.000000	0.022428	0.000000
Spot_75-1	15	2	0.995775	0.985279	1.064734	0.000000	0.000000	0.002971
Spot_76-1	16	2	0.974590	0.028693	0.983902	0.000000	0.027681	0.000000
Spot_77-1	17	2	0.865550	0.004109	1.036144	0.009562	0.000000	0.034685
Spot_78-1	18	2	1.011941	0.000000	0.000000	0.000980	0.000000	0.012516
Spot_79-1	19	2	0.941477	0.000000	0.000000	0.963750	0.000000	0.043986
Spot_80-1	20	2	0.000000	0.000000	0.923593	0.002142	2.087091	0.000000
Spot_81-1	21	2	1.958453	0.994037	0.000000	0.954591	0.000000	0.034301
Spot_82-1	22	2	0.000000	1.016412	0.000000	0.007975	2.007733	0.000000
Spot_83-1	23	2	1.017854	0.000000	0.006768	0.000000	0.995834	0.000000
Spot_84-1	24	2	0.000000	0.000000	0.000000	0.000000	0.974071	0.035497
Spot_85-1	25	2	1.066415	1.928718	0.000000	1.034094	0.027981	0.008396
Spot_86-1	26	2	0.980258	0.966933	0.000000	0.000000	2.044598	0.023249
Spot_87-1	27	2	0.962524	1.047720	0.038519	1.061670	0.000000	0.000000
Spot_88-1	28	2	0.004093	2.005820	0.000000	0.012820	0.007914	0.000000
Spot_89-1	29	2	1.020399	0.957391	0.038348	0.000000	0.978447	0.009561
Spot_90-1	0	3	0.930928	1.938154	0.007474	0.013942	0.000000	0.079576
Spot_91-1	1	3	1.022164	0.007102	0.008036	0.000000	0.982217	0.000000
Spot_92-1	2	3	1.914736	0.006339	0.000000	0.002741	0.000000	0.032751
Spot_93-1	3	3	0.000000	1.021615	0.000000	0.000000	0.000000	0.000000
Spot_94-1	4	3	0.001344	1.075042	0.004764	0.000000	1.987138	0.059107
Spot_95-1	5	3	0.003137	2.062426	0.017431	0.000000	0.991347	0.017024
Spot_96-1	6	3	0.978372	0.000000	0.000000	0.006598	0.000900	0.011648
Spot_97-1	7	3	0.009106	0.926450	0.022329	1.045932	0.964483	0.030351
Spot_98-1	8	3	1.010014	0.000000	0.000000	0.000000	0.000000	0.000000
Spot_99-1	9	3	0.992745	0.000000	1.055977	0.000000	0.000000	0.000000
Spot_100-1	10	3	0.040248	0.000000	0.000000	0.000000	0.965840	0.000000
Spot_101-1	11	3	0.032768	1.030410	0.978848	0.000000	0.957020	0.038929
Spot_102-1	12	3	0.994010	1.978717	0.940076	0.051529	0.072032	0.000000
Spot_103-1	13	3	1.044425	0.000000	0.000000	0.000000	1.021457	0.000000
Spot_104-1	14	3	0.036394	0.000000	0.000000	0.990751	0.000000	0.000000
Spot_105-1	15	3	0.013784	0.000000	0.968611	0.000000	0.000000	0.000000
Spot_106-1	16	3	0.012710	1.032685	0.000000	0.000000	0.003018	0.000000
Spot_107-1	17	3	0.011707	1.036584	0.000000	0.975093	0.000000	0.000000
Spot_108-1	18	3	0.000000	0.000000	1.953977	0.000000	0.000000	0.000000
Spot_109-1	19	3	0.998039	0.013850	0.918961	0.000000	0.023843	0.000000
Spot_110-1	20	3	0.049358	0.000000	0.000000	0.038173	1.955585	0.000000
Spot_111-1	21	3	1.017719	0.000000	1.018440	0.006484	0.012403	0.000000
Spot_112-1	22	3	0.971014	0.000000	0.000000	0.000000	1.009533	0.026429
Spot_113-1	23	3	0.000000	1.978879	0.059183	0.000000	0.987949	0.017990
Spot_114-1	24	3	0.000000	2.054083	1.012390	0.000000	0.964403	0.000000
Spot_115-1	25	3	0.000000	0.000000	0.000000	0.000000	0.945244	0.043713
Spot_116-1	26	3	0.000000	0.004897	0.000000	0.000000	1.031952	0.007615
Spot_117-1	27	3	0.000000	1.046192	0.001567	0.000000	2.017049	0.000000
Spot_118-1	28	3	0.000000	0.000000	0.000000	0.007979	0.998524	0.014973
Spot_119-1	29	3	0.008913	0.036453	0.010658	0.000000	0.915362	0.006065
Spot_120-1	0	4	1.005946	0.000000	0.000000	1.041354	0.010418	0.000000
Spot_121-1	1	4	0.059241	0.000000	0.000000	0.024176	1.957530	0.003078
Spot_122-1	2	4	0.000000	0.994222	0.000000	0.012017	0.955059	0.014800
Spot_123-1	3	4	1.004228	0.942418	0.009908	0.000000	1.036400	0.002832
Spot_124-1	4	4	0.009475	0.011913	0.000000	0.945055	1.013598	0.000000
Spot_125-1	5	4	1.942482	0.009442	0.003345	0.018631	0.004400	0.011516
Spot_126-1	6	4	0.000000	0.003269	0.000000	0.011157	1.010369	0.000000
Spot_127-1	7	4	2.007739	0.000000	0.008390	0.000000	0.989340	0.000000
Spot_128-1	8	4	0.000000	0.000000	0.991788	0.000000	0.025552	0.000000
Spot_129-1	9	4	0.978430	0.000000	0.000000	0.005834	0.000000	0.000000
Spot_130-1	10	4	0.978802	0.000000	0.000000	0.007661	0.023093	0.000000
Spot_131-1	11	4	1.032482	0.000000	0.961708	0.019020	0.004318	0.015973
Spot_132-1	12	4	0.000000	0.000000	1.003773	0.069158	0.923217	0.019893
Spot_133-1	13	4	0.000000	0.000000	0.974565	0.002703	0.007419	0.015385
Spot_134-1	14	4	0.000000	0.000000	1.939859	1.062322	0.000000	0.027685
Spot_135-1	15	4	0.000000	0.021681	3.029105	0.007973	0.000000	0.000000
Spot_136-1	16	4	2.027006	0.008057	0.000000	0.000000	0.888103	0.000000
Spot_137-1	17	4	0.000000	0.071031	0.000000	0.888888	2.005227	0.000000
Spot_138-1	18	4	0.005610	0.997441	0.928453	0.000000	0.006176	0.000000
Spot_139-1	19	4	0.021008	0.000000	0.996013	0.000000	0.010522	0.000000
Spot_140-1	20	4	0.000000	0.000000	1.978504	0.000000	0.000000	0.002690
Spot_141-1	21	4	0.000000	0.000000	1.009311	0.000000	1.028137	0.018854
Spot_142-1	22	4	0.992800	0.059868	1.003717	1.005068	0.000000	0.000000
Spot_143-1	23	4	0.000147	1.990648	1.013999	0.000000	0.000000	0.039118
Spot_144-1	24	4	0.000000	1.014003	0.000000	0.000000	0.047217	0.001132
Spot_145-1	25	4	0.993816	1.073525	0.000000	0.000460	0.003126	0.000000
Spot_146-1	26	4	2.891536	0.015352	0.011986	0.086494	0.000000	0.015270
Spot_147-1	27	4	1.047550	0.000000	0.000000	0.000000	0.000000	0.007368
Spot_148-1	28	4	0.000000	0.018072	0.000000	0.000000	0.997558	0.000000
Spot_149-1	29	4	0.000000	1.070818	0.000000	0.000000	0.991869	0.040725
Spot_150-1	0	5	0.052776	0.953451	0.000669	0.000000	0.000000	0.000000
Spot_151-1	1	5	0.000000	0.022675	0.015729	0.977904	0.985349	0.024874
Spot_152-1	2	5	0.006591	0.000000	0.005124	0.010092	0.957325	0.000000
Spot_153-1	3	5	1.021606	0.000000	0.000000	0.000000	0.972660	0.000000
Spot_154-1	4	5	0.960967	1.968045	0.000000	0.000000	0.029717	0.000000
Spot_155-1	5	5	0.003282	0.991460	1.083804	0.059800	0.950497	0.000000
Spot_156-1	6	5	1.050946	0.000000	0.000000	0.000000	0.000000	0.000000
Spot_157-1	7	5	0.070709	0.000000	0.000000	0.954776	2.963368	0.000000
Spot_158-1	8	5	0.000000	0.953556	0.922894	0.003885	1.053360	0.070180
Spot_159-1	9	5	1.062992	0.000000	0.977994	0.000000	0.000000	0.004728
Spot_160-1	10	5	0.000000	0.000000	0.009768	0.961050	1.007489	0.000000
Spot_161-1	11	5	0.009209	1.030880	0.939790	0.000000	0.000000	0.000000
Spot_162-1	12	5	0.052129	0.000000	1.945269	0.010486	0.000000	0.010357
Spot_163-1	13	5	0.000000	0.000000	1.982291	0.000000	1.057034	0.026996
Spot_164-1	14	5	0.015968	2.005239	0.997284	0.013832	0.000000	0.000000
Spot_165-1	15	5	0.032673	0.981967	2.964832	0.081951	0.000000	0.000000
Spot_166-1	16	5	0.000000	0.001135	1.975921	0.000000	0.014633	0.067963
Spot_167-1	17	5	1.043207	0.000000	0.916117	0.000000	0.000000	0.046037
Spot_168-1	18	5	0.003394	0.002934	0.000000	0.000000	1.031428	0.000000
Spot_169-1	19	5	0.000000	0.000000	0.953138	1.027883	0.000000	0.018539
Spot_170-1	20	5	0.000000	0.000000	2.006625	0.000000	0.000000	0.000000
Spot_171-1	21	5	0.036241	0.960019	0.000000	0.024156	0.000000	0.002117
Spot_172-1	22	5	0.000000	0.021651	1.888933	0.006935	0.000145	0.000000
Spot_173-1	23	5	1.005128	0.000000	1.010787	0.000000	0.000000	0.000000
Spot_174-1	24	5	0.000000	0.000000	1.021662	0.018349	0.000000	0.013260
Spot_175-1	25	5	0.919549	0.002448	0.027986	0.937916	0.035356	0.010895
Spot_176-1	26	5	1.013127	0.000000	0.000000	0.014420	0.001077	0.000000
Spot_177-1	27	5	0.022595	0.000000	0.008200	0.980551	0.000000	0.011675
Spot_178-1	28	5	0.013360	1.045395	0.000000	0.000000	1.001141	0.000000
Spot_179-1	29	5	0.046146	2.913417	0.000000	0.009210	0.000000	0.000929
Spot_180-1	0	6	0.911494	0.959769	0.026723	1.000399	0.000000	0.013020
Spot_181-1	1	6	0.923877	0.000000	0.000000	0.000000	1.060274	0.018893
Spot_182-1	2	6	0.000000	1.018549	0.000000	0.000000	2.903954	0.000000
Spot_183-1	3	6	0.000000	1.011305	0.000000	0.000000	1.979748	0.049580
Spot_184-1	4	6	0.000000	0.009058	1.962204	0.009147	0.026363	0.000000
Spot_185-1	5	6	0.000000	0.000000	0.000000	0.030199	0.941434	0.000000
Spot_186-1	6	6	0.000000	0.010476	0.953019	0.000000	0.000000	0.021031
Spot_187-1	7	6	0.984515	0.000000	0.000000	0.000000	0.001897	0.008576
Spot_188-1	8	6	0.000000	0.000000	0.990890	0.000000	0.017703	0.000000
Spot_189-1	9	6	2.003723	0.000000	0.919922	0.028509	0.000000	0.020201
Spot_190-1	10	6	0.000000	0.014839	2.036940	0.000000	1.036255	0.000000
Spot_191-1	11	6	0.000000	0.913478	0.976865	0.035387	0.056913	0.000000
Spot_192-1	12	6	0.001614	0.000000	1.008634	0.964681	0.011545	0.000000
Spot_193-1	13	6	0.000000	0.000000	2.097091	0.000000	0.000000	0.000000
Spot_194-1	14	6	0.030023	0.031099	1.909273	0.000000	0.013310	0.000000
Spot_195-1	15	6	0.012578	0.007978	0.956014	0.000000	0.006450	0.000000
Spot_196-1	16	6	0.020534	0.023079	1.861178	0.035293	0.000000	0.025843
Spot_197-1	17	6	0.000000	0.000000	1.013119	0.000000	1.024089	0.009476
Spot_198-1	18	6	0.000000	0.000000	2.008944	0.000000	0.000000	0.000000
Spot_199-1	19	6	0.947412	0.000000	0.981451	0.000000	0.021195	0.046303
Spot_200-1	20	6	0.000000	0.030794	1.023329	0.000000	2.034204	0.024144
Spot_201-1	21	6	0.067126	0.035573	1.917315	0.987633	0.000000	0.000000
Spot_202-1	22	6	0.000000	0.000000	0.976822	0.039547	0.000000	0.000000
Spot_203-1	23	6	0.000000	0.000000	1.023607	0.000000	0.000000	0.000000
Spot_204-1	24	6	0.031795	0.969533	0.000000	0.000000	1.011371	0.000000
Spot_205-1	25	6	1.061190	1.049677	1.816488	0.000000	0.014346	0.000000
Spot_206-1	26	6	0.000000	2.993730	0.000000	1.052800	0.000000	0.000000
Spot_207-1	27	6	0.963884	0.000000	0.017609	0.000000	1.009333	0.003870
Spot_208-1	28	6	1.056636	0.000000	0.005364	0.986657	0.000000	0.000000
Spot_209-1	29	6	0.000000	0.008717	0.013195	0.019649	1.941980	0.000000
Spot_210-1	0	7	1.008256	0.988210	0.021702	0.000000	0.043478	0.000000
Spot_211-1	1	7	1.975882	1.046688	0.014305	0.000000	0.002338	0.001966
Spot_212-1	2	7	0.000000	0.931202	0.037700	0.037363	1.978394	0.000000
Spot_213-1	3	7	1.001690	0.992101	0.000000	0.000000	0.000000	0.031691
Spot_214-1	4	7	0.000000	0.000000	0.046120	1.883284	0.055546	0.000000
Spot_215-1	5	7	0.030077	0.922398	0.036519	0.000000	0.000000	0.002750
Spot_216-1	6	7	1.055907	0.000000	1.015599	0.000000	0.007975	0.000000
Spot_217-1	7	7	0.000000	0.910947	0.999709	0.031065	0.033889	0.000000
Spot_218-1	8	7	0.062261	0.000000	0.925889	0.000000	0.000000	0.000000
Spot_219-1	9	7	0.000000	1.114431	2.002097	0.000000	0.000000	0.000000
Spot_220-1	10	7	0.009861	0.969661	0.970330	0.000000	0.000000	0.000000
Spot_221-1	11	7	0.009850	0.001847	0.940247	0.034020	0.000000	0.009673
Spot_222-1	12	7	0.000000	0.065484	2.025111	0.881891	0.000000	0.000000
Spot_223-1	13	7	1.006946	0.000000	1.017606	0.011671	0.000000	0.004153
Spot_224-1	14	7	0.022062	0.005023	1.948959	0.000000	0.000000	0.000000
Spot_225-1	15	7	0.987290	0.000000	1.962113	0.059078	0.000000	0.000000
Spot_226-1	16	7	0.000000	0.018257	1.944282	0.000000	0.000000	0.000000
Spot_227-1	17	7	0.010910	0.000000	1.007919	0.000000	0.000000	0.000000
Spot_228-1	18	7	0.000000	0.004256	1.965554	0.000000	0.000000	0.023189
Spot_229-1	19	7	0.000000	0.000000	1.959618	0.000000	0.000000	0.003234
Spot_230-1	20	7	0.000000	0.000000	1.015001	0.000000	0.000000	0.015980
Spot_231-1	21	7	0.025477	0.000000	0.986839	0.015348	0.007279	0.946438
Spot_232-1	22	7	0.082126	1.080077	1.831633	0.000000	0.000000	0.000000
Spot_233-1	23	7	0.000000	0.999444	0.968687	0.000000	0.035099	0.009400
Spot_234-1	24	7	0.000000	0.959354	0.979443	0.000000	0.000000	0.044848
Spot_235-1	25	7	0.000000	1.945097	0.000000	0.000000	0.000000	0.000000
Spot_236-1	26	7	0.000000	0.000000	0.000000	0.000000	1.017570	0.000000
Spot_237-1	27	7	0.948185	0.912396	1.058478	0.000000	0.000794	0.047250
Spot_238-1	28	7	0.000000	0.000000	0.000000	0.000000	1.043781	0.000000
Spot_239-1	29	7	0.000000	0.000000	0.000000	1.010347	0.010875	0.000000
Spot_240-1	0	8	0.000000	1.021572	0.003570	0.000000	1.919291	0.017395
Spot_241-1	1	8	0.002460	1.954726	0.026802	0.000000	0.993983	0.000000
Spot_242-1	2	8	0.977016	0.014375	0.014052	0.000000	1.012629	0.022176
Spot_243-1	3	8	1.998184	0.012885	0.046923	0.009792	0.000000	0.000000
Spot_244-1	4	8	0.956848	0.000000	0.000000	0.000000	1.027722	0.030445
Spot_245-1	5	8	0.013236	0.000000	1.015504	0.000000	1.965189	0.000000
Spot_246-1	6	8	0.000000	0.000000	0.962025	0.000000	0.018525	0.040110
Spot_247-1	7	8	0.029235	0.000283	2.019193	0.000000	0.000000	0.000000
Spot_248-1	8	8	0.000000	0.000000	2.036824	0.006999	0.000000	0.000000
Spot_249-1	9	8	0.000000	0.001169	0.964923	0.000000	0.000000	0.032556
Spot_250-1	10	8	0.000000	0.000000	1.992973	0.038048	0.000000	0.000000
Spot_251-1	11	8	0.006797	0.000000	0.020829	0.006562	0.924220	0.000000
Spot_252-1	12	8	0.000000	0.053847	0.924073	0.000000	0.000000	0.006783
Spot_253-1	13	8	0.000000	1.023383	0.961483	0.982358	0.000000	0.000000
Spot_254-1	14	8	0.897849	0.010878	0.999038	0.991655	0.010441	0.030703
Spot_255-1	15	8	0.044455	0.000000	0.993376	0.000000	0.000000	0.000000
Spot_256-1	16	8	0.007822	0.000000	1.052138	0.955355	0.000000	0.000000
Spot_257-1	17	8	0.000799	0.980621	0.000000	0.000000	0.000000	0.037617
Spot_258-1	18	8	0.000000	1.026350	0.000000	0.000000	0.000000	0.000000
Spot_259-1	19	8	0.000000	0.973042	2.067232	0.000000	0.011587	0.000000
Spot_260-1	20	8	0.000000	0.010368	1.001706	0.000000	0.000000	0.008107
Spot_261-1	21	8	0.000000	0.000000	2.022886	0.000000	0.000000	0.000000
Spot_262-1	22	8	0.002310	0.000000	1.017076	0.000000	0.000000	0.000000
Spot_263-1	23	8	0.000000	0.023150	1.004382	1.954209	0.000000	0.000000
Spot_264-1	24	8	0.014589	0.933402	0.000000	1.063563	0.981386	0.000000
Spot_265-1	25	8	0.010301	0.000000	0.963450	0.000000	0.000000	0.007256
Spot_266-1	26	8	1.933356	0.000000	1.967281	0.000000	0.000000	0.000000
Spot_267-1	27	8	2.023974	0.000000	0.000000	0.005764	0.000000	0.000000
Spot_268-1	28	8	0.000000	0.000000	0.000000	0.000000	3.030683	0.019998
Spot_269-1	29	8	1.045578	1.026386	1.016282	0.000000	0.000000	0.000000
Spot_270-1	0	9	0.997987	0.005087	0.000000	0.005674	0.000000	0.000000
Spot_271-1	1	9	0.000000	0.000000	0.014504	1.059035	1.985711	0.000181
Spot_272-1	2	9	0.000000	1.023415	0.010813	0.992482	0.000000	0.000000
Spot_273-1	3	9	0.000000	0.000000	0.000000	0.018807	1.001631	0.000000
Spot_274-1	4	9	0.000000	0.962998	0.000000	0.000000	1.134381	0.000000
Spot_275-1	5	9	0.000000	0.000000	0.972704	0.000000	0.000000	0.003596
Spot_276-1	6	9	0.917021	0.015915	2.094689	0.000000	0.038497	0.000000
Spot_277-1	7	9	0.003767	0.000000	0.928075	0.000000	0.000000	0.012720
Spot_278-1	8	9	0.000000	0.000000	1.015931	0.995636	0.008671	0.000000
Spot_279-1	9	9	0.000000	0.002552	0.991892	0.969718	0.971402	0.000000
Spot_280-1	10	9	0.000000	0.000000	1.053311	0.000000	0.000000	0.019688
Spot_281-1	11	9	0.000000	0.024088	0.000000	1.044366	0.000000	0.932909
Spot_282-1	12	9	0.000000	1.054571	0.988586	0.000000	0.000000	0.000000
Spot_283-1	13	9	0.000000	0.000000	1.951393	0.000000	0.026974	0.000000
Spot_284-1	14	9	0.000811	1.100173	1.979651	1.090556	0.000000	0.000000
Spot_285-1	15	9	0.007443	0.963414	0.916107	0.030872	0.000000	0.974641
Spot_286-1	16	9	0.000000	0.000000	0.989956	0.961078	0.000000	0.000000
Spot_287-1	17	9	0.000000	0.956139	2.000450	0.062464	0.026458	0.000000
Spot_288-1	18	9	0.000000	0.044621	0.932857	0.978830	0.001212	1.068006
Spot_289-1	19	9	0.034256	0.000000	0.957916	0.967491	0.004221	0.000000
Spot_290-1	20	9	0.006435	0.000000	2.023680	0.000000	0.000000	0.000000
Spot_291-1	21	9	0.035628	0.000000	0.968386	0.000000	0.024342	0.025399
Spot_292-1	22	9	0.925640	0.000000	1.972168	0.000000	1.029749	0.052937
Spot_293-1	23	9	0.004569	0.000000	1.031826	0.981955	0.029566	0.008890
Spot_294-1	24	9	0.930540	0.000000	1.039982	1.115414	0.000000	0.000000
Spot_295-1	25	9	0.000000	0.006135	0.000000	0.003686	1.944722	0.016528
Spot_296-1	26	9	0.000000	0.949285	0.002022	0.010733	0.000000	0.000000
Spot_297-1	27	9	0.926650	0.000000	0.039046	0.000000	0.942009	0.010011
Spot_298-1	28	9	0.000000	0.027705	0.000000	0.923957	0.001289	0.007316
Spot_299-1	29	9	0.000000	1.065466	0.000000	0.000000	0.000000	0.000000
Spot_300-1	0	10	1.048547	0.011996	0.000000	0.000000	1.939357	0.000000
Spot_301-1	1	10	0.000000	0.911735	0.000000	0.029132	2.014160	0.009599
Spot_302-1	2	10	0.000000	0.006849	2.010017	0.031150	0.975654	0.006779
Spot_303-1	3	10	0.000000	0.950458	1.014975	0.032373	0.000000	0.003145
Spot_304-1	4	10	0.000000	0.994902	1.962473	0.000000	0.027498	0.020472
Spot_305-1	5	10	0.003558	0.000000	2.034242	0.011988	0.013863	0.000000
Spot_306-1	6	10	0.000000	0.000000	0.994768	0.001259	0.046416	0.000000
Spot_307-1	7	10	0.000000	0.000000	0.988787	0.025632	0.000000	0.000000
Spot_308-1	8	10	0.000000	0.000000	1.034739	0.000000	0.000000	0.016214
Spot_309-1	9	10	0.022828	0.000000	2.977222	0.041281	0.983501	0.050857
Spot_310-1	10	10	0.000000	0.000000	2.989248	0.000000	0.000000	0.039295
Spot_311-1	11	10	0.000440	0.017944	0.000000	0.000000	0.992811	0.000000
Spot_312-1	12	10	0.032347	0.000000	2.011600	0.000000	0.000000	0.000000
Spot_313-1	13	10	0.000000	0.000000	1.035446	1.017329	0.000000	0.035927
Spot_314-1	14	10	1.023876	0.006651	0.000000	0.000000	0.002334	0.982759
Spot_315-1	15	10	0.935153	0.000000	0.000000	0.000000	1.080725	0.022125
Spot_316-1	16	10	0.000000	0.026896	0.012738	0.886405	0.000000	0.038248
Spot_317-1	17	10	0.000000	0.000000	0.000000	1.068243	0.012200	0.000000
Spot_318-1	18	10	0.036539	0.051822	1.026134	0.997053	0.000000	1.002960
Spot_319-1	19	10	0.000000	1.059457	0.000000	0.015030	0.000000	0.000000
Spot_320-1	20	10	0.000000	0.000000	1.980945	1.066733	0.011172	0.000000
Spot_321-1	21	10	0.039307	0.001076	0.965179	0.003065	0.000000	0.000000
Spot_322-1	22	10	1.011118	0.000000	2.936357	0.000000	0.023297	0.000000
Spot_323-1	23	10	0.000000	0.000000	1.012121	0.000000	0.000000	0.022213
Spot_324-1	24	10	0.031541	0.057249	2.047326	0.888167	1.014580	0.000000
Spot_325-1	25	10	0.009992	0.000000	2.913539	0.029885	0.000000	0.002384
Spot_326-1	26	10	0.000000	0.000000	1.028904	0.000000	3.020683	0.000625
Spot_327-1	27	10	0.000000	0.050876	0.000000	0.000000	3.064218	0.000000
Spot_328-1	28	10	0.996017	0.000000	0.962281	0.000000	0.030510	0.017174
Spot_329-1	29	10	3.094568	0.000000	0.000000	0.000000	0.000000	0.000000
Spot_330-1	0	11	0.012910	1.019525	0.004402	0.012331	1.903690	0.032939
Spot_331-1	1	11	0.016957	0.939339	0.000000	1.876917	1.132618	0.000000
Spot_332-1	2	11	0.027951	0.000000	2.953194	0.020042	0.043735	0.008483
Spot_333-1	3	11	0.000000	0.000000	0.955488	0.000000	0.021951	0.000000
Spot_334-1	4	11	0.000000	0.000000	1.934496	0.000522	0.049659	0.000307
Spot_335-1	5	11	0.003454	0.018229	0.939432	0.000000	0.012362	0.012277
Spot_336-1	6	11	0.017886	0.030763	2.973916	0.008608	0.000000	0.000000
Spot_337-1	7	11	0.000000	0.000000	3.080338	0.000000	0.000000	0.000000
Spot_338-1	8	11	0.011284	0.068090	1.968055	0.000000	0.017345	0.000000
Spot_339-1	9	11	0.000000	0.001484	0.943392	0.000000	0.011409	0.000000
Spot_340-1	10	11	0.000000	0.051464	1.939745	1.024949	0.000000	0.000000
Spot_341-1	11	11	0.000000	0.000000	0.968526	0.015977	1.036470	0.000000
Spot_342-1	12	11	0.000000	0.000000	0.003602	1.001461	0.977313	0.000000
Spot_343-1	13	11	0.037343	0.939518	1.018445	1.892358	0.007322	0.031975
Spot_344-1	14	11	0.000000	0.021960	0.000000	0.000000	0.004464	0.953533
Spot_345-1	15	11	1.047475	0.000000	0.005477	0.000000	0.000000	0.969619
Spot_346-1	16	11	0.000000	0.000000	0.000000	0.951248	0.012166	0.021591
Spot_347-1	17	11	0.000000	0.002733	0.001331	0.000000	0.006091	0.999951
Spot_348-1	18	11	0.993058	1.014204	0.009410	0.023770	0.000000	1.035351
Spot_349-1	19	11	0.000000	0.000000	0.032702	0.993249	0.000000	0.955218
Spot_350-1	20	11	0.011568	0.000000	0.952638	1.085250	0.000000	0.010724
Spot_351-1	21	11	0.000000	0.001124	0.000000	1.049255	0.005371	0.997812
Spot_352-1	22	11	0.044472	0.015532	2.037634	0.898526	0.000000	0.000000
Spot_353-1	23	11	0.028916	0.007526	1.989355	0.005735	0.000000	0.024182
Spot_354-1	24	11	0.000000	0.022025	0.938894	0.000000	0.043920	0.000000
Spot_355-1	25	11	0.000000	0.000000	0.997152	0.000016	0.986469	0.048550
Spot_356-1	26	11	0.037001	0.000000	1.036610	0.000000	0.886462	0.000000
Spot_357-1	27	11	0.013042	0.000000	0.938205	0.022327	0.009446	0.000000
Spot_358-1	28	11	0.000000	0.964378	0.000000	0.000000	0.000000	0.000000
Spot_359-1	29	11	0.000000	0.000000	0.000000	0.000000	1.061674	0.021189
Spot_360-1	0	12	0.029390	0.000000	0.000000	0.000000	1.939222	0.011882
Spot_361-1	1	12	0.000000	0.000000	0.011719	0.000000	0.962284	0.016903
Spot_362-1	2	12	0.950397	0.019398	0.018532	0.000000	1.042577	0.000000
Spot_363-1	3	12	1.051115	0.000000	0.931992	0.000000	1.068900	0.000000
Spot_364-1	4	12	0.032119	0.028712	2.857733	0.000000	0.000000	0.034815
Spot_365-1	5	12	0.000000	0.000000	1.029966	0.000000	0.000000	0.000000
Spot_366-1	6	12	0.000000	0.985699	0.002881	0.000000	0.000000	0.000000
Spot_367-1	7	12	0.839498	0.050636	2.045521	0.000000	0.000000	0.007662
Spot_368-1	8	12	0.000000	0.008569	1.005429	0.021026	0.005158	0.000000
Spot_369-1	9	12	0.059374	0.009819	1.924363	0.061446	0.941595	0.006861
Spot_370-1	10	12	0.005134	0.000000	1.014639	0.000000	0.008734	0.000000
Spot_371-1	11	12	0.027170	0.988269	0.024844	0.000000	0.020874	0.000000
Spot_372-1	12	12	0.000000	1.080654	0.000000	0.984279	0.000000	0.966943
Spot_373-1	13	12	0.000000	0.000000	0.000000	3.102650	0.023807	0.000000
Spot_374-1	14	12	0.000000	0.001503	0.027006	0.990579	0.000000	0.000000
Spot_375-1	15	12	0.059926	0.932789	0.000000	1.018017	0.000000	0.024338
Spot_376-1	16	12	0.000000	0.031825	0.000000	2.017163	0.013332	0.936002
Spot_377-1	17	12	0.000000	0.000000	0.007837	1.998727	2.054085	0.024230
Spot_378-1	18	12	1.004551	0.000000	0.035290	0.000000	0.000000	0.934003
Spot_379-1	19	12	0.008770	0.044156	0.932486	1.022100	0.000000	0.016144
Spot_380-1	20	12	0.000000	0.000000	1.001103	0.016247	0.000000	0.002797
Spot_381-1	21	12	1.012229	0.026352	1.876242	0.041252	0.000000	0.000000
Spot_382-1	22	12	0.008762	0.000000	2.994506	0.000000	0.000000	0.000000
Spot_383-1	23	12	0.948783	0.000000	1.953799	0.000000	0.000000	0.000000
Spot_384-1	24	12	0.000000	0.026538	0.000000	0.990646	0.000000	0.000000
Spot_385-1	25	12	0.000000	0.960901	0.954159	0.048081	0.000000	0.029700
Spot_386-1	26	12	0.000000	1.995828	0.985561	0.014449	0.000000	0.000000
Spot_387-1	27	12	0.000000	1.929500	0.030595	0.000000	0.016749	0.000000
Spot_388-1	28	12	0.004605	0.000000	0.000000	0.011056	0.967295	0.000000
Spot_389-1	29	12	0.000000	0.029418	0.000000	1.005907	1.036594	0.023480
Spot_390-1	0	13	1.947909	0.000000	0.000000	0.000000	0.923742	0.000000
Spot_391-1	1	13	1.033517	0.000000	0.031470	1.022393	0.911335	0.041091
Spot_392-1	2	13	0.018937	0.004915	0.021291	0.969122	0.019845	0.000000
Spot_393-1	3	13	0.000000	0.000000	0.041372	0.000000	1.966268	0.000000
Spot_394-1	4	13	0.922186	0.000000	2.013268	1.063936	0.000000	0.093449
Spot_395-1	5	13	0.000000	1.003916	0.926176	0.000000	0.000000	0.030314
Spot_396-1	6	13	0.000000	0.000000	0.998029	1.009969	0.003943	0.012026
Spot_397-1	7	13	0.004232	1.040433	0.964281	0.000000	0.002806	0.000000
Spot_398-1	8	13	0.063128	0.982528	1.950523	0.000000	0.023060	0.000000
Spot_399-1	9	13	0.000968	0.000000	0.013170	0.000000	0.000000	0.930551
Spot_400-1	10	13	0.002809	0.000066	0.023624	0.960378	0.000000	0.000000
Spot_401-1	11	13	0.028749	0.036778	0.000000	0.918224	0.981071	0.009181
Spot_402-1	12	13	0.000000	0.005579	0.970242	1.012993	0.000000	1.028051
Spot_403-1	13	13	0.000000	0.000000	0.000000	2.002400	0.000000	1.056329
Spot_404-1	14	13	0.000000	0.000000	0.026835	1.012363	0.006918	0.933516
Spot_405-1	15	13	0.039859	0.000000	0.000000	0.874312	0.008706	2.107366
Spot_406-1	16	13	0.000000	0.000000	0.000000	1.012014	0.000000	1.049204
Spot_407-1	17	13	0.001339	0.000000	0.000000	0.000000	0.000000	0.998089
Spot_408-1	18	13	0.007165	0.000000	0.000000	2.015082	0.000000	0.000000
Spot_409-1	19	13	0.000000	0.000000	0.002095	1.011802	0.009336	1.004689
Spot_410-1	20	13	0.001873	0.889183	0.000000	1.026907	0.036858	0.000000
Spot_411-1	21	13	0.000000	0.000000	0.975193	0.000000	0.000000	1.938989
Spot_412-1	22	13	0.000000	0.000000	1.021932	1.938127	0.000000	0.039873
Spot_413-1	23	13	0.000000	0.003094	2.024630	0.000000	0.009459	0.000000
Spot_414-1	24	13	0.058086	0.000000	2.824614	0.008241	0.000000	0.074656
Spot_415-1	25	13	0.006391	0.000000	0.964119	0.054600	0.942220	0.000000
Spot_416-1	26	13	0.041555	0.000000	0.948935	0.000000	0.000000	0.006863
Spot_417-1	27	13	0.000000	0.044133	2.041643	0.000000	0.000000	0.000000
Spot_418-1	28	13	0.992902	0.018117	0.990681	0.000000	1.027410	0.014115
Spot_419-1	29	13	0.997624	0.965273	1.031078	0.012201	0.000405	0.036350
Spot_420-1	0	14	0.970020	0.000000	0.005636	0.000000	0.011400	0.000000
Spot_421-1	1	14	0.004391	0.000000	0.000000	1.114258	0.965700	0.000000
Spot_422-1	2	14	0.963331	0.039616	1.055149	0.984032	1.990511	0.006185
Spot_423-1	3	14	0.000109	0.000000	0.000000	0.000000	1.070970	0.000000
Spot_424-1	4	14	0.000000	1.010478	0.000000	0.000000	0.000000	0.000000
Spot_425-1	5	14	0.988639	0.010238	1.057194	0.923202	0.016180	0.000000
Spot_426-1	6	14	0.000000	0.006652	2.943767	0.021801	0.073996	0.000000
Spot_427-1	7	14	0.000000	0.015001	0.975924	0.019054	0.000000	0.000000
Spot_428-1	8	14	0.000000	0.010873	1.932176	0.000000	0.018103	0.000165
Spot_429-1	9	14	0.004601	0.010855	1.008939	0.968041	0.000000	0.000000
Spot_430-1	10	14	0.000000	0.000000	0.966511	0.017285	0.000000	0.000000
Spot_431-1	11	14	0.040341	0.002732	0.005261	0.913435	0.000000	0.000000
Spot_432-1	12	14	0.033732	0.000975	0.016655	0.033375	0.990709	0.923803
Spot_433-1	13	14	0.010580	0.026426	0.000000	1.942343	0.000000	1.007150
Spot_434-1	14	14	0.018253	0.962670	0.019789	0.000000	0.024445	0.000000
Spot_435-1	15	14	0.000000	0.000000	0.000000	0.002817	1.026322	0.019143
Spot_436-1	16	14	0.006187	0.024169	0.005738	0.016672	0.006215	0.915657
Spot_437-1	17	14	0.000000	0.016963	0.000000	1.053232	0.005910	0.948503
Spot_438-1	18	14	0.000922	0.000000	0.000000	1.933217	0.025826	1.012788
Spot_439-1	19	14	0.000000	0.031910	0.014562	0.953827	0.000000	0.984394
Spot_440-1	20	14	0.000000	0.000000	0.000000	2.018814	0.023763	0.937524
Spot_441-1	21	14	0.001282	0.000000	0.000000	0.000000	0.000000	1.037657
Spot_442-1	22	14	0.000000	0.019627	1.984532	0.000000	0.000000	0.000000
Spot_443-1	23	14	0.053274	0.968010	2.878069	0.000000	0.000000	0.046178
Spot_444-1	24	14	0.978023	0.000000	0.000000	0.022757	0.000000	0.000000
Spot_445-1	25	14	0.000000	0.000000	1.980098	0.023903	0.000000	0.031333
Spot_446-1	26	14	0.015130	0.000000	0.959881	0.000000	0.014675	0.000000
Spot_447-1	27	14	0.030976	0.000000	1.951938	0.000000	0.000000	0.037380
Spot_448-1	28	14	0.919829	0.000000	0.017086	0.000000	0.002235	0.000000
Spot_449-1	29	14	0.039242	0.000000	0.906715	0.015292	1.012436	0.000000
Spot_450-1	0	15	0.945518	1.979958	0.017411	0.000000	0.000000	0.034479
Spot_451-1	1	15	0.000000	0.948261	0.001495	1.051969	0.006691	0.025036
Spot_452-1	2	15	0.000000	1.029681	0.000424	0.018685	0.009357	0.000000
Spot_453-1	3	15	0.012896	0.035837	0.001223	0.961233	0.003617	0.000000
Spot_454-1	4	15	0.018168	0.957197	0.908358	0.000000	0.019626	0.069123
Spot_455-1	5	15	0.000000	0.000000	0.965862	0.015742	0.000000	0.000000
Spot_456-1	6	15	0.000000	0.000000	1.914651	0.028009	0.011809	0.000000
Spot_457-1	7	15	0.000000	0.000000	0.000450	1.010944	0.005231	0.000000
Spot_458-1	8	15	0.991354	0.000000	0.000000	0.000000	1.045552	0.000000
Spot_459-1	9	15	0.953146	0.000000	0.000000	0.000000	0.000000	0.015919
Spot_460-1	10	15	0.000000	0.000000	1.022511	0.000000	0.000000	0.000000
Spot_461-1	11	15	0.958664	0.000000	0.000000	1.003548	0.000000	0.026271
Spot_462-1	12	15	1.081266	0.000000	0.000000	0.988911	1.047291	1.054582
Spot_463-1	13	15	0.000000	0.001379	0.000000	0.030935	0.023662	0.912339
Spot_464-1	14	15	0.000000	0.039896	0.002191	1.011756	0.000000	1.997010
Spot_465-1	15	15	0.000000	0.011778	0.008457	0.990001	1.072933	0.000000
Spot_466-1	16	15	0.012603	0.000000	0.000000	1.029987	0.000000	1.000730
Spot_467-1	17	15	0.000000	0.008042	0.000000	1.022573	0.000000	0.000000
Spot_468-1	18	15	0.974920	0.010849	0.048055	0.000000	0.000000	0.978716
Spot_469-1	19	15	0.000000	0.000000	2.066792	0.000000	0.000000	0.000000
Spot_470-1	20	15	0.026597	0.000000	0.000000	0.996747	0.966765	0.000000
Spot_471-1	21	15	0.000000	0.000000	1.071988	0.000000	0.000000	0.004496
Spot_472-1	22	15	0.001811	0.000000	0.000000	1.028507	0.007528	0.000000
Spot_473-1	23	15	0.043810	0.998953	1.882864	0.000000	0.052414	0.004250
Spot_474-1	24	15	0.000000	0.006492	2.103732	0.976297	0.022908	0.000000
Spot_475-1	25	15	1.023042	0.000000	1.955905	0.000000	0.000000	0.000000
Spot_476-1	26	15	0.004620	0.000000	1.007230	0.009428	0.000000	0.000000
Spot_477-1	27	15	0.009616	0.000000	0.022260	0.000000	0.943325	0.004540
Spot_478-1	28	15	0.028256	0.981848	0.014181	0.930877	0.000000	0.000000
Spot_479-1	29	15	0.008917	0.021143	0.935478	0.000000	0.008260	0.000000
Spot_480-1	0	16	0.000000	0.961082	0.042020	0.000000	0.000000	0.000000
Spot_481-1	1	16	0.000000	0.000000	0.005054	0.957264	0.014162	0.000000
Spot_482-1	2	16	1.953729	0.003602	0.000000	0.000000	0.005400	0.000000
Spot_483-1	3	16	0.000000	0.000000	1.007318	0.000000	0.000000	0.004682
Spot_484-1	4	16	0.000000	0.000000	1.070868	0.000000	0.000000	0.000000
Spot_485-1	5	16	0.000000	0.960053	0.000000	0.000000	0.002207	0.019051
Spot_486-1	6	16	0.000242	1.007037	0.000000	0.974532	0.000000	0.000000
Spot_487-1	7	16	0.000000	0.973204	0.042528	1.004544	0.000000	0.020570
Spot_488-1	8	16	0.000000	0.000000	0.000000	0.010617	0.976640	0.000000
Spot_489-1	9	16	0.000000	0.000000	2.018856	0.000777	0.000000	0.000000
Spot_490-1	10	16	0.000000	0.009205	0.000000	0.000000	0.000000	0.989513
Spot_491-1	11	16	0.000000	0.000000	0.031719	0.000000	0.000000	2.036415
Spot_492-1	12	16	0.000000	0.000000	0.000000	4.078973	0.000000	0.000000
Spot_493-1	13	16	0.000000	0.027243	0.000000	0.000000	0.000000	0.949243
Spot_494-1	14	16	0.002595	0.000000	0.014246	1.010056	0.004258	0.000000
Spot_495-1	15	16	0.000000	0.002040	0.041317	1.931056	0.000000	0.959403
Spot_496-1	16	16	0.000000	0.000000	0.000000	0.994640	0.000000	0.013056
Spot_497-1	17	16	0.000000	2.076909	0.000000	0.000000	0.000000	0.931541
Spot_498-1	18	16	0.000000	0.065317	0.000000	1.015501	0.006569	1.006643
Spot_499-1	19	16	0.030184	0.000000	0.000000	0.983659	1.045187	0.018921
Spot_500-1	20	16	0.017785	0.000000	0.004007	1.002776	0.017870	0.000000
Spot_501-1	21	16	0.000000	0.016683	0.001793	0.940194	0.012282	0.000000
Spot_502-1	22	16	0.000000	0.009937	1.986961	0.058373	0.021948	0.925759
Spot_503-1	23	16	0.020788	0.000763	0.025936	0.000000	0.000000	0.944065
Spot_504-1	24	16	0.000000	0.000000	2.900640	0.007922	0.012646	0.001711
Spot_505-1	25	16	0.966008	0.964339	0.944949	0.002187	0.062436	0.000000
Spot_506-1	26	16	0.000000	0.000000	2.022670	0.996045	0.000000	0.036137
Spot_507-1	27	16	0.000000	0.000000	0.000000	1.033966	2.023966	0.045546
Spot_508-1	28	16	0.012627	0.966537	0.027836	0.000000	0.000000	0.008631
Spot_509-1	29	16	1.990398	0.010792	0.000000	0.000000	0.018254	0.000000
Spot_510-1	0	17	0.010192	1.898027	0.059318	1.022625	0.000000	0.000000
Spot_511-1	1	17	0.025496	0.053213	0.012336	0.000000	2.891195	0.043825
Spot_512-1	2	17	0.012081	2.074220	0.000000	0.000000	0.936379	0.000550
Spot_513-1	3	17	0.996557	0.019467	1.023830	0.000000	0.949757	0.000000
Spot_514-1	4	17	0.000000	0.000000	1.916929	0.036662	0.000000	0.000000
Spot_515-1	5	17	1.049754	0.000000	1.007555	0.009286	0.917317	0.000000
Spot_516-1	6	17	0.000000	0.000000	2.956390	0.000000	0.006303	0.000000
Spot_517-1	7	17	2.019990	0.029188	0.000000	0.000000	0.006459	0.012354
Spot_518-1	8	17	0.994344	0.000000	1.917674	0.000000	0.014622	0.019263
Spot_519-1	9	17	0.000000	0.008047	0.006883	0.030538	0.000000	1.919640
Spot_520-1	10	17	0.000000	0.000000	0.000000	1.053099	0.000000	0.000000
Spot_521-1	11	17	0.000000	0.000000	0.039370	1.023476	0.010421	0.921690
Spot_522-1	12	17	0.000000	0.034790	0.000000	2.156359	0.000000	1.907400
Spot_523-1	13	17	0.000000	0.000000	0.000000	0.978045	1.009695	0.002679
Spot_524-1	14	17	1.077701	0.000000	0.000000	0.978733	0.000000	0.003295
Spot_525-1	15	17	0.000000	0.000000	0.039071	1.020785	0.000000	0.940650
Spot_526-1	16	17	0.000000	0.013809	0.036713	1.970529	0.000000	0.000000
Spot_527-1	17	17	1.003440	0.000000	0.000000	0.000000	0.000000	0.920031
Spot_528-1	18	17	0.009948	0.000000	0.000000	0.960967	0.070890	0.971180
Spot_529-1	19	17	1.045173	0.000000	0.000000	2.989713	0.000000	0.043005
Spot_530-1	20	17	0.017878	0.048092	2.952719	0.010369	0.000000	0.000000
Spot_531-1	21	17	0.000000	0.053868	0.000000	0.933092	0.052878	0.949976
Spot_532-1	22	17	0.000000	0.000000	0.000000	1.037065	0.009178	0.010414
Spot_533-1	23	17	0.000000	0.000000	2.097031	0.000000	0.000000	0.009068
Spot_534-1	24	17	0.000000	1.123804	2.996579	0.000000	0.000000	0.000000
Spot_535-1	25	17	0.000000	0.000000	1.996915	0.009707	0.000000	0.000000
Spot_536-1	26	17	0.000000	0.998860	0.937760	0.000000	0.006317	0.000000
Spot_537-1	27	17	0.012230	0.991045	0.014680	0.000000	0.000000	0.000000
Spot_538-1	28	17	0.995604	0.006766	0.000000	1.015559	0.010535	0.000000
Spot_539-1	29	17	0.064591	0.038803	0.956714	0.960898	0.937410	0.007544
Spot_540-1	0	18	2.017873	0.019520	0.030588	0.000000	0.941069	0.000000
Spot_541-1	1	18	2.086429	0.000000	0.000000	0.000000	0.000000	0.004499
Spot_542-1	2	18	1.045661	1.010841	0.000000	0.000000	0.000000	0.000000
Spot_543-1	3	18	0.948603	0.983557	0.045588	0.010867	0.955674	0.006303
Spot_544-1	4	18	0.953447	1.035749	0.981456	0.000000	0.030684	0.000000
Spot_545-1	5	18	1.033550	0.000000	0.003226	1.977174	0.000000	0.054056
Spot_546-1	6	18	0.015528	0.017164	1.963587	1.035968	0.000000	0.018611
Spot_547-1	7	18	0.000000	0.000000	2.833773	0.037194	1.064425	0.000000
Spot_548-1	8	18	0.000000	0.000000	0.907589	0.000000	0.026826	0.024788
Spot_549-1	9	18	0.000000	0.035069	3.018433	0.052956	0.000000	0.000000
Spot_550-1	10	18	1.004536	0.010023	1.968948	0.954649	0.044009	0.000000
Spot_551-1	11	18	0.000000	0.006987	0.975723	0.000000	0.000000	0.003384
Spot_552-1	12	18	0.000000	0.041364	0.000000	0.001685	1.052670	1.933026
Spot_553-1	13	18	0.000000	0.037845	0.006926	0.000000	0.000000	0.943713
Spot_554-1	14	18	0.952735	0.000000	0.041453	0.013587	0.010281	0.951295
Spot_555-1	15	18	1.897241	0.000000	0.022900	0.053554	1.005202	0.995853
Spot_556-1	16	18	0.005396	0.049421	0.000000	0.000000	0.000125	1.919688
Spot_557-1	17	18	0.006254	0.028237	0.023606	0.967796	0.000000	0.951204
Spot_558-1	18	18	0.000000	0.000000	0.000000	1.001381	0.000000	1.052783
Spot_559-1	19	18	0.018380	0.006528	0.923014	1.016765	0.036218	0.000000
Spot_560-1	20	18	0.000000	0.000000	0.971577	1.027732	0.027516	0.990393
Spot_561-1	21	18	0.022488	0.000000	0.938072	0.000000	0.009763	0.018347
Spot_562-1	22	18	0.038096	0.000000	1.859120	0.030319	0.040190	0.000000
Spot_563-1	23	18	0.000000	0.007344	2.893049	0.000000	0.024182	0.021385
Spot_564-1	24	18	0.000000	0.989078	3.019748	0.000000	0.000000	0.079982
Spot_565-1	25	18	0.031755	0.002790	2.030111	0.000000	0.000000	0.000000
Spot_566-1	26	18	0.026179	0.919386	0.006199	0.049997	0.992621	0.018335
Spot_567-1	27	18	0.000000	0.000000	2.091995	0.988496	0.000000	0.000000
Spot_568-1	28	18	0.007310	0.984853	0.000000	0.944682	1.067171	0.028444
Spot_569-1	29	18	1.015469	0.000000	0.000000	0.006130	0.000000	0.000000
Spot_570-1	0	19	0.000000	0.000000	0.008657	2.075102	1.020090	0.000000
Spot_571-1	1	19	0.952557	0.011582	0.000000	0.012980	1.996541	0.000000
Spot_572-1	2	19	3.056960	0.000000	0.000000	0.000000	0.000000	0.000000
Spot_573-1	3	19	1.000763	0.946422	0.039697	0.000000	0.000000	0.001699
Spot_574-1	4	19	1.027028	0.013486	0.986808	0.000000	0.000000	0.000000
Spot_575-1	5	19	0.000000	0.000000	1.042333	0.000000	0.000000	0.000000
Spot_576-1	6	19	0.020107	0.000000	0.991140	0.001811	0.000000	0.000000
Spot_577-1	7	19	1.039541	0.000000	0.943636	0.000000	0.000000	0.020118
Spot_578-1	8	19	0.043702	0.000000	1.984301	0.940115	0.000000	0.000000
Spot_579-1	9	19	0.000000	0.005080	0.000000	0.000000	1.005836	0.000000
Spot_580-1	10	19	0.010443	0.000000	0.004811	1.009274	0.000000	0.009143
Spot_581-1	11	19	0.902528	2.043583	0.086762	0.962247	0.101158	0.006118
Spot_582-1	12	19	0.002382	0.000000	0.041874	1.059638	0.000000	0.938020
Spot_583-1	13	19	0.012002	0.005570	0.857741	0.988686	1.113929	0.013806
Spot_584-1	14	19	0.000000	0.000000	0.000000	2.067974	0.015876	0.000000
Spot_585-1	15	19	0.000000	1.072618	0.000000	0.000000	0.000000	0.000000
Spot_586-1	16	19	0.034193	0.022947	0.003857	0.966235	0.961184	0.034067
Spot_587-1	17	19	0.000000	0.000000	0.000000	0.000000	1.040178	0.000000
Spot_588-1	18	19	0.000000	0.000000	0.954786	0.026009	0.005425	0.000000
Spot_589-1	19	19	0.020143	0.930461	0.000000	0.000000	0.037166	0.920335
Spot_590-1	20	19	0.013508	0.000000	0.949978	0.002906	0.000000	1.043072
Spot_591-1	21	19	0.000000	0.000000	3.020416	0.003662	0.000353	0.014222
Spot_592-1	22	19	0.000000	0.000000	1.973330	0.024282	1.034569	0.000000
Spot_593-1	23	19	0.012775	0.022853	2.932465	0.000000	0.036966	0.014127
Spot_594-1	24	19	0.073459	0.023948	1.968492	0.000000	0.925268	0.000000
Spot_595-1	25	19	1.015076	0.000000	0.947071	1.010875	0.000000	0.000000
Spot_596-1	26	19	0.000000	0.000000	3.005387	0.002302	0.956525	0.000000
Spot_597-1	27	19	0.972357	0.005319	0.000000	0.000000	0.003771	0.023090
Spot_598-1	28	19	0.036112	1.951973	0.000000	0.000000	0.000000	0.001477
Spot_599-1	29	19	0.010574	0.000000	0.941740	0.036214	1.928527	0.000000
Spot_600-1	0	20	0.000000	0.000000	0.000000	0.000000	1.065414	0.000000
Spot_601-1	1	20	1.962458	1.031727	0.000000	0.000000	0.047426	0.005289
Spot_602-1	2	20	1.964363	0.011899	1.000525	0.000000	0.959903	0.059472
Spot_603-1	3	20	0.000000	0.910100	0.020035	0.008867	0.000000	0.025710
Spot_604-1	4	20	0.000000	0.007862	1.000138	0.013567	0.986672	0.004111
Spot_605-1	5	20	0.018362	0.001367	0.912462	0.002497	0.005848	0.000000
Spot_606-1	6	20	0.000000	0.965396	1.957047	0.000000	1.017351	0.000000
Spot_607-1	7	20	0.019182	0.000000	1.015037	0.952929	0.000000	0.009969
Spot_608-1	8	20	0.000000	0.980885	0.964861	0.022643	0.000000	0.000000
Spot_609-1	9	20	0.026122	0.012803	0.915164	0.012276	0.000000	0.000000
Spot_610-1	10	20	0.000000	0.009613	2.030736	0.000000	0.000000	0.000000
Spot_611-1	11	20	0.000000	0.000000	1.022007	0.000000	0.000000	0.000000
Spot_612-1	12	20	0.000000	0.000000	0.980357	1.086605	0.000000	0.000000
Spot_613-1	13	20	0.012205	0.037474	1.945708	0.000000	0.000000	0.000000
Spot_614-1	14	20	0.000000	0.070524	0.913850	0.889576	0.040718	0.000000
Spot_615-1	15	20	0.028252	0.005687	0.893047	0.016770	0.000000	0.011393
Spot_616-1	16	20	0.000000	0.000000	0.954403	2.144069	0.909743	0.069479
Spot_617-1	17	20	0.000000	0.000000	1.955456	0.000000	0.011554	0.013639
Spot_618-1	18	20	0.030088	0.000000	0.959370	0.957780	0.081470	0.870618
Spot_619-1	19	20	0.000000	0.004128	1.023695	0.007377	0.000000	0.000000
Spot_620-1	20	20	0.000000	0.000000	1.964143	1.024878	0.041234	0.000000
Spot_621-1	21	20	0.023694	0.003149	0.960019	0.000000	0.030828	0.000000
Spot_622-1	22	20	0.000000	0.000000	2.984561	0.987534	0.000000	0.108165
Spot_623-1	23	20	0.000000	0.018560	0.961785	0.000000	0.000000	0.014421
Spot_624-1	24	20	0.911371	0.000000	1.962564	0.066485	0.006520	0.012739
Spot_625-1	25	20	0.000000	1.088333	0.963916	0.000000	0.032252	0.000000
Spot_626-1	26	20	0.000000	0.000000	1.078001	0.000000	0.000000	0.003093
Spot_627-1	27	20	1.938306	0.046171	1.008465	0.040184	0.000000	0.000000
Spot_628-1	28	20	0.019862	0.000000	0.015983	0.942854	0.011404	0.000000
Spot_629-1	29	20	0.000000	0.000000	0.011186	1.003166	0.000000	0.024285
Spot_630-1	0	21	1.029905	0.000000	0.000153	0.000000	0.983413	0.000000
Spot_631-1	1	21	0.000000	0.002191	0.013211	0.009856	0.974177	0.000000
Spot_632-1	2	21	0.993847	0.025572	0.015481	1.020806	0.000000	0.000000
Spot_633-1	3	21	0.000000	0.000000	1.976922	1.016904	0.000000	0.000000
Spot_634-1	4	21	0.000000	0.000000	2.000375	0.000000	1.024374	0.000000
Spot_635-1	5	21	0.925791	1.066746	0.016335	0.000000	0.001954	0.003506
Spot_636-1	6	21	0.013350	0.000000	0.893507	1.002351	0.009552	0.011476
Spot_637-1	7	21	0.000000	0.000000	0.940657	0.004483	0.011855	0.000000
Spot_638-1	8	21	0.000000	0.000000	0.965712	0.000000	0.019911	0.000000
Spot_639-1	9	21	1.993778	0.045938	0.000000	0.000000	0.000000	0.018419
Spot_640-1	10	21	0.028475	0.000000	2.988297	0.000000	0.033120	0.022953
Spot_641-1	11	21	0.055002	0.013950	1.953036	0.012090	0.013590	0.000000
Spot_642-1	12	21	0.001326	0.917400	0.000000	0.000000	0.001362	0.042855
Spot_643-1	13	21	0.009550	0.000448	0.967890	1.013883	0.032601	0.000000
Spot_644-1	14	21	0.971018	0.000000	1.082705	0.000653	0.000000	0.000000
Spot_645-1	15	21	0.023962	0.000000	0.017864	1.015328	0.011958	0.000000
Spot_646-1	16	21	1.048804	0.988660	0.898344	0.000000	0.030343	0.000000
Spot_647-1	17	21	0.005839	0.029258	1.004680	0.977859	0.017264	0.013514
Spot_648-1	18	21	1.022972	0.042760	0.962682	0.002603	0.914234	0.045624
Spot_649-1	19	21	0.033906	0.000000	1.965351	0.021461	0.000000	0.000000
Spot_650-1	20	21	0.017500	1.009835	1.951584	0.030622	0.002731	0.008641
Spot_651-1	21	21	0.968214	0.000000	2.953235	0.000000	0.000000	0.009984
Spot_652-1	22	21	0.031096	0.943413	0.000000	0.007806	0.000000	0.000000
Spot_653-1	23	21	0.007597	0.000000	0.960695	0.000000	0.000000	0.033044
Spot_654-1	24	21	0.025429	0.985835	0.954571	0.008714	0.000572	0.000000
Spot_655-1	25	21	0.011153	0.989542	0.000000	0.000000	0.000000	0.000000
Spot_656-1	26	21	0.000000	0.000000	0.000000	1.980053	1.084251	0.000000
Spot_657-1	27	21	2.034274	0.000000	0.000000	0.018497	0.016757	0.007694
Spot_658-1	28	21	0.000000	0.968369	0.002043	0.000000	0.009560	0.000000
Spot_659-1	29	21	0.941465	0.011106	0.013541	0.009037	0.000000	0.000000
Spot_660-1	0	22	1.097651	0.000000	0.002692	0.923154	0.000000	0.013568
Spot_661-1	1	22	0.000000	0.000000	0.016763	0.000000	0.999900	0.000000
Spot_662-1	2	22	0.000000	0.000000	0.004769	0.000000	1.021120	0.000000
Spot_663-1	3	22	0.033061	0.000000	1.046974	0.000000	2.000383	0.014575
Spot_664-1	4	22	0.000000	1.015266	0.000000	0.000000	1.049767	0.000000
Spot_665-1	5	22	0.972109	0.010464	0.000000	0.000000	1.004423	0.000000
Spot_666-1	6	22	0.000000	0.015094	0.010625	0.967253	0.000000	0.000000
Spot_667-1	7	22	1.075827	0.023795	1.964341	0.000000	1.017999	0.000000
Spot_668-1	8	22	0.067183	0.059848	2.840244	0.029082	0.981119	0.000000
Spot_669-1	9	22	0.000000	0.016601	1.978121	0.000000	0.000000	0.000000
Spot_670-1	10	22	0.012307	0.000000	0.967566	0.009913	0.000000	0.000000
Spot_671-1	11	22	0.000000	0.023561	0.000000	0.986691	0.021467	0.001122
Spot_672-1	12	22	0.000000	0.014892	0.953774	0.967733	0.017877	0.000000
Spot_673-1	13	22	0.000000	0.000000	2.032550	0.000000	0.000000	0.955182
Spot_674-1	14	22	0.036453	0.024217	0.013368	0.888990	0.000000	0.000000
Spot_675-1	15	22	0.000688	0.000000	0.000000	0.967280	0.002269	0.000000
Spot_676-1	16	22	0.000000	0.000000	3.045974	0.000000	0.000000	0.000000
Spot_677-1	17	22	0.000000	0.000000	1.026545	0.986638	0.009485	0.000000
Spot_678-1	18	22	0.013748	0.004304	1.022982	0.000000	0.000000	0.000000
Spot_679-1	19	22	0.010126	0.000000	0.000000	0.019473	1.952951	0.000000
Spot_680-1	20	22	0.984325	0.000000	0.991344	0.019574	0.000000	0.000000
Spot_681-1	21	22	0.009448	0.000000	0.024927	0.000000	0.984307	0.002694
Spot_682-1	22	22	0.000000	0.031390	0.924387	1.047975	0.000000	0.010640
Spot_683-1	23	22	0.056101	0.935253	2.020729	0.000000	0.018612	0.010043
Spot_684-1	24	22	1.056435	0.027687	0.000000	0.950473	0.000000	0.000000
Spot_685-1	25	22	0.989172	0.007803	1.057094	0.000321	0.000000	0.000000
Spot_686-1	26	22	0.000000	0.007632	1.029413	0.000000	0.000000	0.000000
Spot_687-1	27	22	0.000000	0.933145	0.025166	0.000000	1.009153	0.037263
Spot_688-1	28	22	0.020054	1.015951	0.952306	1.062155	1.008356	0.000000
Spot_689-1	29	22	2.030704	0.945438	0.027253	0.006611	0.029631	0.035701
Spot_690-1	0	23	0.000000	0.000000	0.013353	0.000000	2.034746	0.000000
Spot_691-1	1	23	0.000000	1.009063	0.000000	0.022377	0.954917	0.000000
Spot_692-1	2	23	0.000000	0.000000	0.000000	0.000222	1.020260	0.000000
Spot_693-1	3	23	0.000000	0.983018	0.064396	0.000000	1.044876	0.000000
Spot_694-1	4	23	0.019517	0.034561	0.972893	0.970668	0.012271	0.032212
Spot_695-1	5	23	0.020483	0.000000	0.025510	0.024190	0.967689	0.030298
Spot_696-1	6	23	0.000000	0.987902	0.008813	0.000000	0.000000	0.000000
Spot_697-1	7	23	1.040039	0.000000	1.013272	0.000000	0.044239	0.000000
Spot_698-1	8	23	0.004805	0.000000	1.040319	0.002384	0.014664	0.000000
Spot_699-1	9	23	0.000000	0.002423	0.000000	1.009061	0.000000	0.000000
Spot_700-1	10	23	0.061226	0.000000	1.960285	0.000000	0.000000	0.001543
Spot_701-1	11	23	0.000000	0.033633	3.034160	0.000000	0.000000	0.000000
Spot_702-1	12	23	1.012868	0.000000	0.000000	0.000000	0.000000	0.000000
Spot_703-1	13	23	0.011565	0.031653	1.862167	0.991644	0.010251	0.036294
Spot_704-1	14	23	0.009414	0.000000	0.980926	0.997464	0.000000	0.000000
Spot_705-1	15	23	0.000000	0.000000	1.010017	0.000000	0.001261	0.984991
Spot_706-1	16	23	0.000000	0.000000	0.005080	0.015813	0.976887	1.051395
Spot_707-1	17	23	1.009431	0.000000	1.911233	0.014440	0.056416	0.022207
Spot_708-1	18	23	0.000000	0.000000	0.948391	0.000000	0.028858	0.000000
Spot_709-1	19	23	0.000000	0.000000	1.055892	0.000000	0.998147	0.000000
Spot_710-1	20	23	0.978895	1.051020	0.000000	0.965759	0.034580	0.000000
Spot_711-1	21	23	0.000000	0.004490	1.870738	0.000000	0.000000	0.018363
Spot_712-1	22	23	0.000000	0.000000	1.995903	0.000000	1.033154	0.000000
Spot_713-1	23	23	0.945222	0.001744	0.029288	0.000000	0.930179	0.021287
Spot_714-1	24	23	1.919589	0.000000	0.000000	0.000000	0.028206	0.000000
Spot_715-1	25	23	1.019672	0.000000	0.000000	0.000000	0.000000	0.000000
Spot_716-1	26	23	0.995457	0.014224	0.000000	0.000000	0.000000	0.000000
Spot_717-1	27	23	0.070733	0.940689	1.004603	0.000000	0.000000	0.000000
Spot_718-1	28	23	0.966172	0.925209	0.047805	0.025144	0.029950	0.026757
Spot_719-1	29	23	2.051779	0.975129	0.000000	0.000000	0.015849	0.000000
Spot_720-1	0	24	0.014062	0.004162	0.005866	0.929792	0.020757	0.038050
Spot_721-1	1	24	1.973011	0.963086	0.010653	0.000000	0.022148	0.004229
Spot_722-1	2	24	0.000000	1.997046	0.009353	0.000000	0.000000	0.004610
Spot_723-1	3	24	0.001679	0.000000	0.000000	0.999886	0.000000	0.000000
Spot_724-1	4	24	0.000000	1.984400	1.005154	0.000000	0.000000	0.000000
Spot_725-1	5	24	0.915694	0.018793	0.998927	0.005856	0.000000	0.000000
Spot_726-1	6	24	0.003890	0.018810	0.000000	1.055975	0.000000	0.000000
Spot_727-1	7	24	0.000000	0.000000	0.981837	0.015310	0.019813	0.000000
Spot_728-1	8	24	0.000000	0.000000	0.999270	0.000000	0.017114	0.015222
Spot_729-1	9	24	0.013164	0.009827	1.924314	0.000000	0.000000	0.000000
Spot_730-1	10	24	0.031817	0.011000	1.938764	0.000000	0.000000	0.005032
Spot_731-1	11	24	0.000000	2.043369	0.000000	0.000000	1.010282	0.000000
Spot_732-1	12	24	0.020640	1.061658	2.923666	0.071112	0.000000	0.032052
Spot_733-1	13	24	0.034445	0.000000	0.969284	0.000000	0.021647	0.000000
Spot_734-1	14	24	0.000000	0.014056	1.000473	0.000000	0.947933	0.000000
Spot_735-1	15	24	0.000000	0.015662	0.968735	0.000000	0.020306	0.006823
Spot_736-1	16	24	0.000000	0.080579	1.979506	0.906269	0.000000	0.055211
Spot_737-1	17	24	0.000000	0.000000	1.056810	0.000000	0.003619	0.000000
Spot_738-1	18	24	0.033981	0.000000	1.995904	0.000000	0.000000	0.001757
Spot_739-1	19	24	0.000000	0.000000	1.885769	0.065434	0.000000	0.000000
Spot_740-1	20	24	0.000000	0.004964	1.961313	0.000000	0.008106	0.000000
Spot_741-1	21	24	0.004315	1.997184	0.000000	0.000000	0.032340	0.000000
Spot_742-1	22	24	0.027888	0.016691	1.900190	0.000000	0.000000	0.000000
Spot_743-1	23	24	0.000000	0.000000	0.000000	0.027258	0.987985	0.000000
Spot_744-1	24	24	0.964931	1.024723	0.040682	0.937974	0.000000	0.000292
Spot_745-1	25	24	0.904530	0.000000	1.003287	0.014280	0.040129	0.000000
Spot_746-1	26	24	1.023427	0.000000	0.000000	0.950889	0.027395	0.001087
Spot_747-1	27	24	0.929819	1.123864	0.000000	1.003057	0.000000	0.000000
Spot_748-1	28	24	0.000000	0.948543	0.003530	1.057004	0.965314	0.020683
Spot_749-1	29	24	0.946114	1.044381	0.000000	0.000368	0.017103	0.000000
Spot_750-1	0	25	1.012512	0.000000	0.000000	0.002893	0.000000	0.000000
Spot_751-1	1	25	0.020770	0.000000	0.000000	0.028931	1.951590	0.003328
Spot_752-1	2	25	1.022498	0.028791	0.003175	0.000000	0.984382	0.000566
Spot_753-1	3	25	0.939600	0.000000	0.044046	0.000000	0.000000	0.000000
Spot_754-1	4	25	0.942267	0.016645	0.000000	0.000000	0.020433	0.010686
Spot_755-1	5	25	0.027383	1.056885	0.016260	0.948425	1.952959	0.018472
Spot_756-1	6	25	0.042237	0.000000	0.000000	0.978388	1.016376	0.009322
Spot_757-1	7	25	0.021448	0.000000	1.961333	1.974831	0.000000	0.045134
Spot_758-1	8	25	0.950225	0.013508	0.022083	1.006750	0.002980	0.021247
Spot_759-1	9	25	1.961221	0.023377	0.019243	0.015594	0.000000	0.000000
Spot_760-1	10	25	0.010747	0.000000	2.986411	0.000000	0.001102	0.036084
Spot_761-1	11	25	0.002482	0.011606	2.887394	0.027412	0.000000	0.016624
Spot_762-1	12	25	0.000000	0.043849	1.997889	1.011707	0.000000	0.000000
Spot_763-1	13	25	0.994665	0.022356	0.000000	0.000000	0.000000	0.000000
Spot_764-1	14	25	0.000000	0.000000	2.026494	0.012198	0.016972	0.000000
Spot_765-1	15	25	0.948835	0.000000	0.000000	0.000000	0.976206	0.022785
Spot_766-1	16	25	0.000000	0.955297	1.028126	0.000000	0.000000	0.043453
Spot_767-1	17	25	1.018910	0.000000	0.946338	0.993732	0.003239	0.000749
Spot_768-1	18	25	0.000000	0.030571	0.941413	0.021285	0.000000	0.002469
Spot_769-1	19	25	0.004314	0.000000	0.000000	0.000000	0.993523	0.000000
Spot_770-1	20	25	0.023423	2.025521	0.997662	0.000000	0.000000	0.010104
Spot_771-1	21	25	0.000000	0.036471	2.983737	0.000000	0.017076	0.051254
Spot_772-1	22	25	0.927314	0.000000	0.015970	1.039326	0.000000	0.000000
Spot_773-1	23	25	0.040605	0.941183	0.000000	0.020766	2.001935	0.000000
Spot_774-1	24	25	0.000000	0.978051	0.000000	0.000000	0.000000	0.005255
Spot_775-1	25	25	0.000000	0.000000	0.052108	1.953441	0.001900	0.000000
Spot_776-1	26	25	0.000000	0.002622	0.000000	0.982872	1.093218	0.000000
Spot_777-1	27	25	0.027000	0.005481	0.000000	0.915443	0.998462	0.007120
Spot_778-1	28	25	0.000000	0.903300	0.000000	0.918328	2.121726	0.023641
Spot_779-1	29	25	1.002904	1.068061	0.000000	0.000000	0.000000	0.000000
Spot_780-1	0	26	0.000000	1.029288	0.000000	0.000000	0.000000	0.000404
Spot_781-1	1	26	0.000000	0.910958	0.000000	0.053147	0.982422	0.054090
Spot_782-1	2	26	0.021084	0.840643	0.000678	1.061668	0.997789	0.000000
Spot_783-1	3	26	0.015865	1.014935	0.000000	1.015703	1.076055	0.000000
Spot_784-1	4	26	0.929142	0.936898	0.000000	0.009308	0.031367	0.021539
Spot_785-1	5	26	2.028022	0.000000	0.024055	0.000000	0.015968	0.000000
Spot_786-1	6	26	0.000000	1.037173	0.013438	0.000000	0.000000	0.000000
Spot_787-1	7	26	2.124015	0.000000	0.000000	0.000000	0.950012	0.023880
Spot_788-1	8	26	0.000000	0.023429	0.958834	0.006062	1.002623	0.000000
Spot_789-1	9	26	0.006489	0.000000	2.067297	0.000000	0.011991	0.000000
Spot_790-1	10	26	0.007257	0.029185	1.943438	0.000000	0.000000	0.020495
Spot_791-1	11	26	0.000760	0.000000	1.058842	1.054349	0.949434	0.000000
Spot_792-1	12	26	0.987355	0.993951	0.998617	0.003279	0.964729	0.034497
Spot_793-1	13	26	0.003379	1.059986	0.957150	0.039322	0.000000	0.000000
Spot_794-1	14	26	0.000000	0.000000	1.994143	0.018888	0.005894	0.000000
Spot_795-1	15	26	0.000000	0.000000	1.017260	0.000000	0.000000	0.000000
Spot_796-1	16	26	1.017321	0.000000	0.023929	0.000000	0.968510	0.000000
Spot_797-1	17	26	0.031603	0.004607	0.000000	0.000000	1.945420	0.041723
Spot_798-1	18	26	0.000000	0.013351	0.004382	0.011782	0.942796	0.000000
Spot_799-1	19	26	0.000000	0.000000	0.974617	0.024334	0.911220	0.006985
Spot_800-1	20	26	0.000000	0.023212	1.959379	0.000000	0.000000	0.000000
Spot_801-1	21	26	0.004303	0.000000	1.897532	0.007540	0.016819	0.000000
Spot_802-1	22	26	0.000000	2.028486	0.003296	0.000000	1.061579	0.000000
Spot_803-1	23	26	0.956181	0.000000	0.019201	0.000000	0.004813	0.000000
Spot_804-1	24	26	2.026327	0.000000	0.028348	0.946582	1.030281	0.004929
Spot_805-1	25	26	0.000000	0.028904	0.000000	0.010994	3.964420	0.000000
Spot_806-1	26	26	1.062512	0.036588	0.002894	0.000000	0.899520	0.000000
Spot_807-1	27	26	0.948421	0.027379	0.000000	0.000000	0.001394	0.000000
Spot_808-1	28	26	0.011668	1.861486	0.000066	0.015396	0.028667	0.000000
Spot_809-1	29	26	0.000000	1.077946	0.089805	0.009948	2.780414	0.020167
Spot_810-1	0	27	0.000000	3.060080	0.000000	0.000000	0.000000	0.000000
Spot_811-1	1	27	0.029342	0.007710	0.000000	1.037264	0.898933	0.017950
Spot_812-1	2	27	0.955183	0.000000	0.000000	0.000000	0.000000	0.035649
Spot_813-1	3	27	0.932894	0.073141	0.000000	0.000000	1.961675	0.002930
Spot_814-1	4	27	0.000000	0.000000	0.012631	0.000000	0.989568	0.003899
Spot_815-1	5	27	0.000000	0.994908	0.000000	0.000000	0.000000	0.043134
Spot_816-1	6	27	0.000000	0.000000	0.000000	1.030159	0.000000	0.000000
Spot_817-1	7	27	0.977118	0.036977	0.005633	0.039814	0.986768	0.000000
Spot_818-1	8	27	0.042010	0.935069	0.034079	0.000000	0.000000	0.000000
Spot_819-1	9	27	0.000000	1.056083	0.996598	0.022072	1.985036	0.000000
Spot_820-1	10	27	0.000000	0.000000	0.003779	0.004605	1.083396	0.000000
Spot_821-1	11	27	0.004911	0.000000	0.000000	0.011667	0.961666	0.000000
Spot_822-1	12	27	0.000000	1.039485	0.000000	0.000000	0.004141	0.000000
Spot_823-1	13	27	0.000000	0.000000	1.959438	0.008623	0.059831	0.000000
Spot_824-1	14	27	0.000000	0.000000	1.018785	0.022022	0.980657	0.000000
Spot_825-1	15	27	0.000000	0.970310	0.000000	0.041729	1.084395	0.000000
Spot_826-1	16	27	0.000000	0.001473	0.973307	0.022092	0.993359	0.000000
Spot_827-1	17	27	0.000000	0.961244	0.000000	0.028939	0.000000	0.004617
Spot_828-1	18	27	0.000000	0.006700	0.997243	0.000000	0.006295	0.000000
Spot_829-1	19	27	0.000000	0.000000	1.032833	1.075705	1.945432	0.005432
Spot_830-1	20	27	0.000000	0.909970	0.000000	1.029490	0.017911	0.000000
Spot_831-1	21	27	0.000000	0.000000	0.975189	0.000000	0.000000	0.036463
Spot_832-1	22	27	0.000000	0.969419	0.000000	0.000000	0.008338	0.000000
Spot_833-1	23	27	1.835552	0.010488	0.000000	0.029342	0.000000	0.003313
Spot_834-1	24	27	0.000000	1.941821	0.016660	0.053935	0.000000	0.002866
Spot_835-1	25	27	1.008961	0.000000	0.000000	0.025626	0.006296	0.004414
Spot_836-1	26	27	0.000000	0.000000	0.008254	0.009197	0.996102	0.000000
Spot_837-1	27	27	0.947569	0.000000	0.012052	0.996070	0.022553	0.000000
Spot_838-1	28	27	0.000000	0.000000	0.000000	1.025188	0.003337	0.000000
Spot_839-1	29	27	0.019727	1.011625	0.000694	0.003419	0.006673	0.005364
Spot_840-1	0	28	0.022099	1.031959	0.000000	0.000000	0.958428	0.013515
Spot_841-1	1	28	0.035597	0.953719	0.000000	1.021753	0.000000	0.000000
Spot_842-1	2	28	1.936969	0.000000	0.066968	1.017819	1.020614	0.000000
Spot_843-1	3	28	0.013896	1.954552	0.001049	0.030289	0.000000	0.006670
Spot_844-1	4	28	0.000000	2.091888	0.016481	0.000000	0.923034	0.000000
Spot_845-1	5	28	0.000000	0.000000	0.000000	0.015434	0.971276	0.020378
Spot_846-1	6	28	0.065875	2.009885	0.003160	0.003236	0.865874	0.000000
Spot_847-1	7	28	0.000000	1.954284	0.009153	0.000000	0.000000	0.000000
Spot_848-1	8	28	0.000000	0.011890	0.000000	0.009908	1.028920	0.000000
Spot_849-1	9	28	0.005238	0.000000	0.023725	0.000000	2.955328	0.023922
Spot_850-1	10	28	0.000000	0.956210	1.071981	0.928920	0.000000	0.000000
Spot_851-1	11	28	2.012495	0.000000	0.000000	0.000000	1.016262	0.000000
Spot_852-1	12	28	1.926997	0.005109	0.012437	0.000000	1.002716	0.029916
Spot_853-1	13	28	0.000000	0.010099	2.025817	0.000000	1.024082	0.000000
Spot_854-1	14	28	1.050818	0.000000	0.979496	0.931729	0.062190	0.000000
Spot_855-1	15	28	0.995487	0.000000	1.059228	0.000000	0.000000	0.000000
Spot_856-1	16	28	0.002322	0.948316	0.000000	0.006740	0.017564	0.008571
Spot_857-1	17	28	1.046238	0.000000	0.000000	0.000000	0.000000	0.000000
Spot_858-1	18	28	0.980247	0.011711	1.011034	0.001339	0.000000	0.000000
Spot_859-1	19	28	0.000000	0.000000	0.000000	0.955920	0.049109	0.010849
Spot_860-1	20	28	0.988588	0.926852	0.037007	1.011216	0.025223	0.000000
Spot_861-1	21	28	0.000000	2.025090	0.000000	0.000000	0.000000	0.000000
Spot_862-1	22	28	1.016947	0.000000	0.000000	0.077247	0.947534	0.000000
Spot_863-1	23	28	0.020846	1.004796	0.000000	0.028726	1.969646	0.000000
Spot_864-1	24	28	0.000000	0.982229	0.000000	0.000000	0.021645	0.000000
Spot_865-1	25	28	0.961384	2.140955	0.000000	0.008754	0.995661	0.000000
Spot_866-1	26	28	0.011318	0.000000	0.000000	0.000000	1.028174	0.000000
Spot_867-1	27	28	0.000000	0.917636	0.009654	0.003635	0.027773	0.023261
Spot_868-1	28	28	1.016134	1.061737	0.000000	0.002955	0.000000	0.000378
Spot_869-1	29	28	0.019346	0.000000	0.004497	1.044873	0.985024	0.041492
Spot_870-1	0	29	0.000000	1.016764	0.000000	0.000000	1.035184	0.000000
Spot_871-1	1	29	0.000000	1.015958	0.000000	0.000000	0.012603	0.010465
Spot_872-1	2	29	0.945667	0.024922	0.000000	0.000000	0.001250	0.015200
Spot_873-1	3	29	0.000000	2.009284	0.042785	0.949302	0.000000	0.000000
Spot_874-1	4	29	0.000000	0.000000	0.000000	1.012264	0.000000	0.005482
Spot_875-1	5	29	0.000000	0.985400	0.000000	0.002189	0.000000	0.000000
Spot_876-1	6	29	2.034933	0.000000	0.000000	0.000000	0.987504	0.000000
Spot_877-1	7	29	1.026369	0.000000	0.025035	2.991379	0.000000	0.043906
Spot_878-1	8	29	0.996787	2.983042	0.034351	0.036245	0.000000	0.000000
Spot_879-1	9	29	0.000000	0.059335	0.003151	0.050573	1.894711	0.000000
Spot_880-1	10	29	0.025846	0.000000	0.005069	0.981811	0.000000	0.000000
Spot_881-1	11	29	0.000000	0.983386	0.978990	0.000000	0.017671	0.028709
Spot_882-1	12	29	0.971399	0.000000	0.000000	0.000000	1.023454	0.010924
Spot_883-1	13	29	0.004705	0.015584	0.000000	0.024230	1.934587	0.000000
Spot_884-1	14	29	0.000000	0.933623	0.065479	0.000000	0.977710	0.009385
Spot_885-1	15	29	1.057395	0.937133	0.000000	0.000000	2.034555	0.007989
Spot_886-1	16	29	0.017280	0.021884	0.986452	0.002090	0.000000	0.024403
Spot_887-1	17	29	0.075890	0.000000	1.055509	1.068598	0.914914	0.000000
Spot_888-1	18	29	1.975957	0.000000	0.027352	0.000000	1.026587	0.000000
Spot_889-1	19	29	0.013094	2.005980	0.044502	0.000000	0.993708	0.000000
Spot_890-1	20	29	0.000000	1.018854	0.036643	0.056213	1.921059	0.000000
Spot_891-1	21	29	3.079659	0.996967	0.000000	0.000000	0.012179	0.000000
Spot_892-1	22	29	0.937585	0.000000	0.000000	0.042256	0.000000	0.012512
Spot_893-1	23	29	1.018185	0.000000	0.000000	0.011274	0.000000	0.007008
Spot_894-1	24	29	0.000000	0.000000	0.000000	0.000000	1.073879	0.000000
Spot_895-1	25	29	1.029355	1.009752	0.000000	0.000000	0.000000	0.000000
Spot_896-1	26	29	0.935083	0.000000	0.011088	0.010005	0.011783	0.005466
Spot_897-1	27	29	0.955847	0.003711	0.011628	0.000000	0.000000	0.000000
Spot_898-1	28	29	0.000000	0.991019	0.004947	0.008906	0.000000	0.017039
Spot_899-1	29	29	0.000000	0.000000	0.000000	0.000000	348.000910	0.000000
