sample	primary_cluster	PC1	PC2	cor_top500_k2	cor_top500_k3	cor_top500_k4	cor_top1000_k2	cor_top1000_k3	cor_top1000_k4	cor_top2000_k2	cor_top2000_k3	cor_top2000_k4	cor_top5000_k2	cor_top5000_k3	cor_top5000_k4	cor_top10000_k2	cor_top10000_k3	cor_top10000_k4	pca_ward_k2	pca_ward_k3	pca_ward_k4
Sample_1	1	-47.3666017630456	-39.6648663007332	1	1	1	1	1	1	1	1	1	1	1	1	1	1	1	1	1	1
Sample_2	2	62.8899475436843	6.23728958891877	2	2	2	2	2	2	2	2	2	2	2	2	2	2	2	2	2	2
Sample_3	2	60.7640842605555	1.00641474039613	2	2	3	2	2	3	2	2	3	2	2	3	2	2	3	2	2	2
Sample_4	1	-56.3068052638776	-9.29597086991497	1	1	1	1	1	1	1	1	1	1	3	4	1	3	4	1	3	3
Sample_5	2	66.3301679201686	-5.36893246107731	2	2	2	2	2	2	2	2	2	2	2	2	2	2	2	2	2	2
Sample_6	1	-48.8989230838621	18.8077474582251	1	1	1	1	1	1	1	3	4	1	3	4	1	3	4	1	3	3
Sample_7	2	66.156698628637	-1.08504414827204	2	2	2	2	2	2	2	2	2	2	2	2	2	2	2	2	2	2
Sample_8	1	-50.3040677225979	18.9078786732176	1	3	4	1	3	4	1	3	4	1	3	4	1	3	4	1	3	4
Sample_9	1	-53.264500519662	10.45548331924	1	3	4	1	3	4	1	3	4	1	3	4	1	3	4	1	3	4
