tf	match_radius	q_threshold	dnase_mode	dnase_expansion	reproducible_pairs	closed_pairs	closed_fraction	closed_qsum	total_qsum	closed_q_fraction	closed_fesum	total_fesum	closed_fe_fraction	median_closed_q	median_all_q	median_closed_fe	median_all_fe	median_summit_distance
TF1	250	1.30103	union	0	66613	56357	0.84603606	593878.725520	716526.886750	0.82882965	272011.279790	323427.250400	0.84102771	8.102420	8.261780	4.401870	4.429640	48.000
TF2	250	1.30103	union	0	5866	3452	0.58847596	24268.996590	42700.755550	0.56835052	18765.682040	32483.844380	0.57769277	5.267910	5.437930	4.939790	5.014150	50.000
TF3	250	1.30103	union	0	11517	3929	0.34114787	51174.384240	179981.230340	0.28433178	25743.347010	82860.328510	0.31068362	8.194490	10.223400	5.580080	6.068160	30.000
TF4	250	1.30103	union	0	146273	137594	0.94066574	930049.970740	997447.740540	0.93242977	555525.880340	592644.827860	0.93736730	5.779580	5.793060	3.810840	3.835270	64.000
TF5	250	1.30103	union	0	5903	3501	0.59308826	24296.693950	41362.587580	0.58740749	22202.071010	37592.897300	0.59059218	5.691970	5.752880	5.986890	6.072860	42.000
TF6	250	1.30103	union	0	10156	6443	0.63440331	80282.461360	143378.507770	0.55993372	52832.562730	88796.120910	0.59498728	8.888810	9.894545	7.129610	7.465420	33.000
TF1	250	1.30103	union	250	66613	49155	0.73791902	506069.421410	716526.886750	0.70628113	235792.832320	323427.250400	0.72904442	7.868350	8.261780	4.376380	4.429640	48.000
TF2	250	1.30103	union	250	5866	1950	0.33242414	14214.312540	42700.755550	0.33288199	10806.635610	32483.844380	0.33267724	5.583150	5.437930	5.073690	5.014150	50.000
TF3	250	1.30103	union	250	11517	1782	0.15472779	20008.583870	179981.230340	0.11117039	11207.207910	82860.328510	0.13525421	7.837170	10.223400	5.610340	6.068160	30.000
TF4	250	1.30103	union	250	146273	125985	0.86130045	842003.018900	997447.740540	0.84415753	506568.047000	592644.827860	0.85475823	5.777210	5.793060	3.803410	3.835270	64.000
TF5	250	1.30103	union	250	5903	1887	0.31966797	13171.294120	41362.587580	0.31843496	11991.949210	37592.897300	0.31899508	5.691970	5.752880	6.072860	6.072860	42.000
TF6	250	1.30103	union	250	10156	3809	0.37504923	42541.326620	143378.507770	0.29670644	29870.172520	88796.120910	0.33639051	8.180460	9.894545	6.891060	7.465420	33.000
TF1	250	1.30103	union	500	66613	47782	0.71730743	491009.250840	716526.886750	0.68526284	229159.399500	323427.250400	0.70853461	7.859240	8.261780	4.376380	4.429640	48.000
TF2	250	1.30103	union	500	5866	1785	0.30429594	13152.690270	42700.755550	0.30802008	9945.486250	32483.844380	0.30616716	5.652490	5.437930	5.097050	5.014150	50.000
TF3	250	1.30103	union	500	11517	1590	0.13805679	18127.516110	179981.230340	0.10071893	10107.767570	82860.328510	0.12198561	7.928240	10.223400	5.688505	6.068160	30.000
TF4	250	1.30103	union	500	146273	121605	0.83135644	810507.940250	997447.740540	0.81258186	488555.197790	592644.827860	0.82436423	5.760700	5.793060	3.794780	3.835270	64.000
TF5	250	1.30103	union	500	5903	1622	0.27477554	11287.699020	41362.587580	0.27289635	10308.794700	37592.897300	0.27422187	5.764575	5.752880	6.072860	6.072860	42.000
TF6	250	1.30103	union	500	10156	3378	0.33261126	37435.518960	143378.507770	0.26109575	26483.961490	88796.120910	0.29825584	8.180460	9.894545	6.906240	7.465420	33.000
TF1	250	1.30103	rep1	0	66613	58009	0.87083602	613697.526440	716526.886750	0.85648918	280313.401700	323427.250400	0.86669692	8.142870	8.261780	4.405140	4.429640	48.000
TF2	250	1.30103	rep1	0	5866	3764	0.64166383	26551.117280	42700.755550	0.62179502	20514.992130	32483.844380	0.63154447	5.296620	5.437930	4.966920	5.014150	50.000
TF3	250	1.30103	rep1	0	11517	5105	0.44325779	69313.811670	179981.230340	0.38511689	34258.267260	82860.328510	0.41344595	8.637760	10.223400	5.720210	6.068160	30.000
TF4	250	1.30103	rep1	0	146273	139372	0.95282109	943076.799740	997447.740540	0.94548994	562951.750350	592644.827860	0.94989735	5.779580	5.793060	3.812870	3.835270	64.000
TF5	250	1.30103	rep1	0	5903	4040	0.68439776	28109.950710	41362.587580	0.67959846	25647.922990	37592.897300	0.68225449	5.691970	5.752880	6.048195	6.072860	42.000
TF6	250	1.30103	rep1	0	10156	7319	0.72065774	94584.563420	143378.507770	0.65968439	61265.784130	88796.120910	0.68996014	9.200630	9.894545	7.235150	7.465420	33.000
TF1	250	1.30103	rep1	250	66613	51069	0.76665215	527690.188770	716526.886750	0.73645553	245155.152620	323427.250400	0.75799164	7.907000	8.261780	4.376380	4.429640	48.000
TF2	250	1.30103	rep1	250	5866	2208	0.37640641	16011.202990	42700.755550	0.37496299	12218.576020	32483.844380	0.37614316	5.555425	5.437930	5.054180	5.014150	50.000
TF3	250	1.30103	rep1	250	11517	2697	0.23417557	32702.933800	179981.230340	0.18170191	17539.070690	82860.328510	0.21167030	8.242470	10.223400	5.691200	6.068160	30.000
TF4	250	1.30103	rep1	250	146273	129169	0.88306796	864731.222990	997447.740540	0.86694389	519642.525550	592644.827860	0.87681947	5.777210	5.793060	3.808300	3.835270	64.000
TF5	250	1.30103	rep1	250	5903	2463	0.41724547	16996.899500	41362.587580	0.41092447	15578.768160	37592.897300	0.41440722	5.691970	5.752880	6.069950	6.072860	42.000
TF6	250	1.30103	rep1	250	10156	4740	0.46671918	56101.329660	143378.507770	0.39128131	38284.551670	88796.120910	0.43115117	8.577100	9.894545	7.066810	7.465420	33.000
TF1	250	1.30103	rep1	500	66613	49915	0.74932821	514754.469240	716526.886750	0.71840217	239551.444930	323427.250400	0.74066562	7.889450	8.261780	4.376380	4.429640	48.000
TF2	250	1.30103	rep1	500	5866	2044	0.34844869	14981.532660	42700.755550	0.35084936	11365.361830	32483.844380	0.34987736	5.581220	5.437930	5.088760	5.014150	50.000
TF3	250	1.30103	rep1	500	11517	2458	0.21342363	30018.642790	179981.230340	0.16678763	16095.086280	82860.328510	0.19424357	8.396455	10.223400	5.751030	6.068160	30.000
TF4	250	1.30103	rep1	500	146273	125565	0.85842910	838252.168070	997447.740540	0.84039708	504723.114870	592644.827860	0.85164519	5.766910	5.793060	3.801280	3.835270	64.000
TF5	250	1.30103	rep1	500	5903	2153	0.36472980	14816.617220	41362.587580	0.35821302	13614.048330	37592.897300	0.36214416	5.691970	5.752880	6.072860	6.072860	42.000
TF6	250	1.30103	rep1	500	10156	4288	0.42221347	50369.654640	143378.507770	0.35130547	34607.918310	88796.120910	0.38974584	8.561975	9.894545	7.079920	7.465420	33.000
TF1	250	1.30103	rep2	0	66613	58400	0.87670575	618132.084200	716526.886750	0.86267814	282266.324370	323427.250400	0.87273513	8.142870	8.261780	4.405410	4.429640	48.000
TF2	250	1.30103	rep2	0	5866	3829	0.65274463	27274.802130	42700.755550	0.63874285	20947.183590	32483.844380	0.64484928	5.352770	5.437930	4.968900	5.014150	50.000
TF3	250	1.30103	rep2	0	11517	4539	0.39411305	59269.571810	179981.230340	0.32930974	29848.726850	82860.328510	0.36022941	8.371600	10.223400	5.598930	6.068160	30.000
TF4	250	1.30103	rep2	0	146273	139661	0.95479685	946490.642570	997447.740540	0.94891251	564436.734330	592644.827860	0.95240304	5.779580	5.793060	3.817370	3.835270	64.000
TF5	250	1.30103	rep2	0	5903	3701	0.62696934	25634.769710	41362.587580	0.61975740	23448.301910	37592.897300	0.62374288	5.691970	5.752880	5.969400	6.072860	42.000
TF6	250	1.30103	rep2	0	10156	6857	0.67516739	86488.704320	143378.507770	0.60321945	56566.377880	88796.120910	0.63703659	8.983190	9.894545	7.142260	7.465420	33.000
TF1	250	1.30103	rep2	250	66613	51562	0.77405311	535382.482890	716526.886750	0.74719106	248089.836460	323427.250400	0.76706535	7.984710	8.261780	4.383280	4.429640	48.000
TF2	250	1.30103	rep2	250	5866	2264	0.38595295	16624.061570	42700.755550	0.38931540	12576.725380	32483.844380	0.38716863	5.681810	5.437930	5.082300	5.014150	50.000
TF3	250	1.30103	rep2	250	11517	2111	0.18329426	24316.311880	179981.230340	0.13510471	13447.974020	82860.328510	0.16229689	7.928240	10.223400	5.657460	6.068160	30.000
TF4	250	1.30103	rep2	250	146273	129231	0.88349183	867533.783880	997447.740540	0.86975362	520481.105760	592644.827860	0.87823445	5.777210	5.793060	3.808300	3.835270	64.000
TF5	250	1.30103	rep2	250	5903	2012	0.34084364	14073.431820	41362.587580	0.34024544	12797.644790	37592.897300	0.34042720	5.691970	5.752880	6.072860	6.072860	42.000
TF6	250	1.30103	rep2	250	10156	4162	0.40980701	46991.692510	143378.507770	0.32774572	32789.293550	88796.120910	0.36926493	8.319890	9.894545	6.933805	7.465420	33.000
TF1	250	1.30103	rep2	500	66613	50295	0.75503280	521158.339110	716526.886750	0.72733954	241903.088930	323427.250400	0.74793663	7.962420	8.261780	4.381340	4.429640	48.000
TF2	250	1.30103	rep2	500	5866	2090	0.35629049	15512.275740	42700.755550	0.36327872	11674.069670	32483.844380	0.35938079	5.715585	5.437930	5.107290	5.014150	50.000
TF3	250	1.30103	rep2	500	11517	1907	0.16558131	22352.855350	179981.230340	0.12419548	12299.019750	82860.328510	0.14843074	8.162720	10.223400	5.746010	6.068160	30.000
TF4	250	1.30103	rep2	500	146273	125223	0.85609101	838448.891500	997447.740540	0.84059431	503908.546530	592644.827860	0.85027072	5.777210	5.793060	3.808300	3.835270	64.000
TF5	250	1.30103	rep2	500	5903	1733	0.29357954	12051.172020	41362.587580	0.29135440	11007.767960	37592.897300	0.29281510	5.691970	5.752880	6.072860	6.072860	42.000
TF6	250	1.30103	rep2	500	10156	3721	0.36638440	41776.827280	143378.507770	0.29137440	29331.536670	88796.120910	0.33032453	8.361850	9.894545	6.971360	7.465420	33.000
TF1	250	2.00000	union	0	65676	55537	0.84562093	592477.671490	714928.789810	0.82872264	270049.685180	321191.594040	0.84077445	8.197590	8.301770	4.423520	4.440630	48.000
TF2	250	2.00000	union	0	5630	3301	0.58632327	24010.154330	42296.996940	0.56765624	18274.290630	31712.307470	0.57625232	5.540830	5.633415	5.014150	5.089950	49.000
TF3	250	2.00000	union	0	11375	3853	0.33872527	51047.002760	179743.896500	0.28399853	25512.621220	82435.097120	0.30948737	8.411530	10.287100	5.622800	6.110460	30.000
TF4	250	2.00000	union	0	141787	133284	0.94002976	922786.263830	989886.856890	0.93221388	545567.273730	582283.138280	0.93694500	5.825970	5.853510	3.862530	3.871990	63.000
TF5	250	2.00000	union	0	5756	3405	0.59155664	24133.882000	41113.286550	0.58700931	21863.673260	37070.248400	0.58979031	5.691970	5.840850	6.072860	6.072860	41.000
TF6	250	2.00000	union	0	10052	6363	0.63300836	80147.233260	143202.195260	0.55967880	52553.289280	88434.461030	0.59426256	8.973170	10.006400	7.147900	7.536730	32.000
TF1	250	2.00000	union	250	65676	48441	0.73757537	504853.939050	714928.789810	0.70615975	234083.468230	321191.594040	0.72879699	8.038560	8.301770	4.405140	4.440630	48.000
TF2	250	2.00000	union	250	5630	1880	0.33392540	14091.817680	42296.996940	0.33316355	10579.959180	31712.307470	0.33362313	5.735540	5.633415	5.139855	5.089950	49.000
TF3	250	2.00000	union	250	11375	1751	0.15393407	19956.407470	179743.896500	0.11102690	11111.531310	82435.097120	0.13479127	7.897480	10.287100	5.633580	6.110460	30.000
TF4	250	2.00000	union	250	141787	121942	0.86003653	835181.534800	989886.856890	0.84371414	497213.036680	582283.138280	0.85390252	5.798720	5.853510	3.841600	3.871990	63.000
TF5	250	2.00000	union	250	5756	1830	0.31792912	13074.556670	41113.286550	0.31801293	11793.403600	37070.248400	0.31813662	5.840850	5.840850	6.072860	6.072860	41.000
TF6	250	2.00000	union	250	10052	3759	0.37395543	42457.263820	143202.195260	0.29648473	29694.307210	88434.461030	0.33577756	8.307900	10.006400	6.940820	7.536730	32.000
TF1	250	2.00000	union	500	65676	47091	0.71701992	489832.369030	714928.789810	0.68514847	227504.334260	321191.594040	0.70831348	8.018210	8.301770	4.405140	4.440630	48.000
TF2	250	2.00000	union	500	5630	1721	0.30568384	13040.858740	42296.996940	0.30831642	9738.811710	31712.307470	0.30709880	5.736760	5.633415	5.162110	5.089950	49.000
TF3	250	2.00000	union	500	11375	1564	0.13749451	18084.315810	179743.896500	0.10061157	10027.041150	82435.097120	0.12163558	8.019445	10.287100	5.720210	6.110460	30.000
TF4	250	2.00000	union	500	141787	117675	0.82994210	803876.472410	989886.856890	0.81208925	479457.951880	582283.138280	0.82341033	5.798720	5.853510	3.841600	3.871990	63.000
TF5	250	2.00000	union	500	5756	1573	0.27328006	11204.892620	41113.286550	0.27253702	10139.675510	37070.248400	0.27352597	5.951480	5.840850	6.072860	6.072860	41.000
TF6	250	2.00000	union	500	10052	3338	0.33207322	37368.480410	143202.195260	0.26094908	26342.341400	88434.461030	0.29787417	8.296640	10.006400	6.953650	7.536730	32.000
TF1	250	2.00000	rep1	0	65676	57167	0.87043973	612260.772600	714928.789810	0.85639407	278300.887890	321191.594040	0.86646380	8.205340	8.301770	4.429640	4.440630	48.000
TF2	250	2.00000	rep1	0	5630	3601	0.63960924	26271.526670	42296.996940	0.62112038	19984.327070	31712.307470	0.63017575	5.554430	5.633415	5.048280	5.089950	49.000
TF3	250	2.00000	rep1	0	11375	5013	0.44070330	69159.751780	179743.896500	0.38476829	33979.741830	82435.097120	0.41219994	8.785010	10.287100	5.763600	6.110460	30.000
TF4	250	2.00000	rep1	0	141787	135012	0.95221706	935730.671450	989886.856890	0.94529053	552880.265130	582283.138280	0.94950417	5.830100	5.853510	3.863310	3.871990	63.000
TF5	250	2.00000	rep1	0	5756	3939	0.68432940	27938.865740	41113.286550	0.67955807	25291.984880	37070.248400	0.68227179	5.780270	5.840850	6.072860	6.072860	41.000
TF6	250	2.00000	rep1	0	10052	7235	0.71975726	94441.892380	143202.195260	0.65950031	60972.151130	88434.461030	0.68946144	9.270400	10.006400	7.264000	7.536730	32.000
TF1	250	2.00000	rep1	250	65676	50328	0.76630733	526429.136630	714928.789810	0.73633786	243382.150440	321191.594040	0.75774757	8.097150	8.301770	4.409580	4.440630	48.000
TF2	250	2.00000	rep1	250	5630	2128	0.37797513	15870.018210	42296.996940	0.37520437	11957.222120	31712.307470	0.37705305	5.729875	5.633415	5.127695	5.089950	49.000
TF3	250	2.00000	rep1	250	11375	2645	0.23252747	32615.014680	179743.896500	0.18145270	17380.329950	82435.097120	0.21083653	8.411530	10.287100	5.751030	6.110460	30.000
TF4	250	2.00000	rep1	250	141787	125038	0.88187210	857762.879840	989886.856890	0.86652618	510087.989770	582283.138280	0.87601367	5.798720	5.853510	3.841720	3.871990	63.000
TF5	250	2.00000	rep1	250	5756	2394	0.41591383	16879.928990	41113.286550	0.41057114	15336.375510	37070.248400	0.41371116	5.822970	5.840850	6.072860	6.072860	41.000
TF6	250	2.00000	rep1	250	10052	4680	0.46557899	56000.147810	143202.195260	0.39105649	38074.206330	88434.461030	0.43053586	8.664940	10.006400	7.109860	7.536730	32.000
TF1	250	2.00000	rep1	500	65676	49191	0.74899507	513521.997350	714928.789810	0.71828412	237818.553360	321191.594040	0.74042583	8.088730	8.301770	4.410840	4.440630	48.000
TF2	250	2.00000	rep1	500	5630	1970	0.34991119	14851.011210	42296.996940	0.35111266	11124.009820	31712.307470	0.35077895	5.730500	5.633415	5.155130	5.089950	49.000
TF3	250	2.00000	rep1	500	11375	2411	0.21195604	29939.602560	179743.896500	0.16656812	15951.752000	82435.097120	0.19350680	8.531430	10.287100	5.786360	6.110460	30.000
TF4	250	2.00000	rep1	500	141787	121526	0.85710256	831435.887250	989886.856890	0.83993022	495376.850610	582283.138280	0.85074909	5.798720	5.853510	3.841600	3.871990	63.000
TF5	250	2.00000	rep1	500	5756	2094	0.36379430	14716.521810	41113.286550	0.35795051	13407.996700	37070.248400	0.36169158	5.840850	5.840850	6.072860	6.072860	41.000
TF6	250	2.00000	rep1	500	10052	4238	0.42160764	50285.656370	143202.195260	0.35115144	34432.092260	88434.461030	0.38935152	8.634860	10.006400	7.133525	7.536730	32.000
TF1	250	2.00000	rep2	0	65676	57551	0.87628662	616682.365660	714928.789810	0.86257873	280236.944780	321191.594040	0.87249153	8.230000	8.301770	4.431360	4.440630	48.000
TF2	250	2.00000	rep2	0	5630	3671	0.65204263	27004.172470	42296.996940	0.63844184	20433.027220	31712.307470	0.64432483	5.583150	5.633415	5.048390	5.089950	49.000
TF3	250	2.00000	rep2	0	11375	4454	0.39156044	59126.998630	179743.896500	0.32895136	29590.940980	82435.097120	0.35896047	8.564280	10.287100	5.641205	6.110460	30.000
TF4	250	2.00000	rep2	0	141787	135307	0.95429764	939152.308940	989886.856890	0.94874712	554375.216340	582283.138280	0.95207156	5.832690	5.853510	3.865890	3.871990	63.000
TF5	250	2.00000	rep2	0	5756	3598	0.62508687	25459.536220	41113.286550	0.61925325	23084.396070	37070.248400	0.62272030	5.691970	5.840850	6.072860	6.072860	41.000
TF6	250	2.00000	rep2	0	10052	6771	0.67359729	86342.202100	143202.195260	0.60293910	56265.110730	88434.461030	0.63623513	9.144760	10.006400	7.198190	7.536730	32.000
TF1	250	2.00000	rep2	250	65676	50819	0.77378342	534117.189940	714928.789810	0.74709146	246312.117650	321191.594040	0.76686975	8.142870	8.301770	4.415870	4.440630	48.000
TF2	250	2.00000	rep2	250	5630	2186	0.38827709	16488.003640	42296.996940	0.38981499	12325.135910	31712.307470	0.38865465	5.755800	5.633415	5.149990	5.089950	49.000
TF3	250	2.00000	rep2	250	11375	2076	0.18250549	24257.302520	179743.896500	0.13495481	13339.994810	82435.097120	0.16182421	8.019445	10.287100	5.695100	6.110460	30.000
TF4	250	2.00000	rep2	250	141787	125117	0.88242928	860592.603520	989886.856890	0.86938482	510963.128850	582283.138280	0.87751662	5.798720	5.853510	3.854060	3.871990	63.000
TF5	250	2.00000	rep2	250	5756	1951	0.33895066	13969.829160	41113.286550	0.33978867	12584.294820	37070.248400	0.33947155	5.840850	5.840850	6.072860	6.072860	41.000
TF6	250	2.00000	rep2	250	10052	4106	0.40847593	46896.918520	143202.195260	0.32748743	32591.715730	88434.461030	0.36854090	8.361850	10.006400	6.990590	7.536730	32.000
TF1	250	2.00000	rep2	500	65676	49577	0.75487240	519935.845370	714928.789810	0.72725543	240184.033110	321191.594040	0.74779053	8.128170	8.301770	4.412940	4.440630	48.000
TF2	250	2.00000	rep2	500	5630	2019	0.35861456	15388.226010	42296.996940	0.36381368	11445.230990	31712.307470	0.36090817	5.830210	5.633415	5.173530	5.089950	49.000
TF3	250	2.00000	rep2	500	11375	1877	0.16501099	22302.822090	179743.896500	0.12408111	12205.990720	82435.097120	0.14806789	8.287530	10.287100	5.763600	6.110460	30.000
TF4	250	2.00000	rep2	500	141787	121208	0.85485975	831674.172780	989886.856890	0.84017094	494617.668540	582283.138280	0.84944529	5.798720	5.853510	3.846430	3.871990	63.000
TF5	250	2.00000	rep2	500	5756	1680	0.29186935	11961.500410	41113.286550	0.29094002	10823.844410	37070.248400	0.29198198	5.840850	5.840850	6.072860	6.072860	41.000
TF6	250	2.00000	rep2	500	10052	3677	0.36579785	41703.017810	143202.195260	0.29121773	29175.789080	88434.461030	0.32991425	8.361850	10.006400	7.032350	7.536730	32.000
TF1	250	3.00000	union	0	62253	52461	0.84270638	584611.351330	706169.379300	0.82786279	261549.766170	311755.825790	0.83895711	8.496710	8.830180	4.522500	4.544710	47.000
TF2	250	3.00000	union	0	4924	2858	0.58042242	22880.709550	40488.799540	0.56511208	16621.672760	29066.457650	0.57185065	6.124160	6.260440	5.297485	5.345350	46.000
TF3	250	3.00000	union	0	10991	3647	0.33181694	50522.520020	178765.442820	0.28261905	24800.605730	81111.890860	0.30575795	8.750100	10.727700	5.778080	6.270430	29.000
TF4	250	3.00000	union	0	127815	119905	0.93811368	888708.918840	954291.502860	0.93127615	509371.983530	544495.343470	0.93549374	6.393890	6.396530	4.003750	4.009910	62.000
TF5	250	3.00000	union	0	5316	3127	0.58822423	23450.679680	40027.267340	0.58586762	20716.865000	35259.016590	0.58756219	6.300850	6.563690	6.072860	6.112050	40.000
TF6	250	3.00000	union	0	9668	6066	0.62743070	79392.256280	142225.645590	0.55821337	51363.504470	86903.185060	0.59104283	9.347530	10.493900	7.276430	7.693080	32.000
TF1	250	3.00000	union	250	62253	45712	0.73429393	497875.775360	706169.379300	0.70503733	226518.329130	311755.825790	0.72658892	8.324000	8.830180	4.499510	4.544710	47.000
TF2	250	3.00000	union	250	4924	1649	0.33489033	13501.875420	40488.799540	0.33347186	9719.409870	29066.457650	0.33438577	6.432900	6.260440	5.401580	5.345350	46.000
TF3	250	3.00000	union	250	10991	1661	0.15112365	19729.336820	178765.442820	0.11036438	10796.783880	81111.890860	0.13310975	8.375590	10.727700	5.756580	6.270430	29.000
TF4	250	3.00000	union	250	127815	109486	0.85659743	803455.193880	954291.502860	0.84193896	463493.611350	544495.343470	0.85123522	6.352720	6.396530	3.992310	4.009910	62.000
TF5	250	3.00000	union	250	5316	1696	0.31903687	12746.743220	40027.267340	0.31845150	11244.729890	35259.016590	0.31891785	6.472800	6.563690	6.072860	6.112050	40.000
TF6	250	3.00000	union	250	9668	3572	0.36946628	41979.755180	142225.645590	0.29516305	28941.077770	86903.185060	0.33302666	8.607970	10.493900	7.087270	7.693080	32.000
TF1	250	3.00000	union	500	62253	44432	0.71373267	483032.158860	706169.379300	0.68401742	220130.588850	311755.825790	0.70609936	8.323570	8.830180	4.499670	4.544710	47.000
TF2	250	3.00000	union	500	4924	1521	0.30889521	12525.161720	40488.799540	0.30934880	8996.634620	29066.457650	0.30951947	6.432900	6.260440	5.403120	5.345350	46.000
TF3	250	3.00000	union	500	10991	1490	0.13556546	17896.699400	178765.442820	0.10011275	9765.512970	81111.890860	0.12039558	8.474685	10.727700	5.808180	6.270430	29.000
TF4	250	3.00000	union	500	127815	105618	0.82633494	773168.251540	954291.502860	0.81020134	446811.860640	544495.343470	0.82059813	6.319490	6.396530	3.987920	4.009910	62.000
TF5	250	3.00000	union	500	5316	1457	0.27407825	10920.643730	40027.267340	0.27283011	9664.716450	35259.016590	0.27410624	6.547880	6.563690	6.085060	6.112050	40.000
TF6	250	3.00000	union	500	9668	3175	0.32840298	36952.954280	142225.645590	0.25981921	25686.538590	86903.185060	0.29557649	8.577100	10.493900	7.099960	7.693080	32.000
TF1	250	3.00000	rep1	0	62253	54018	0.86771722	604206.718740	706169.379300	0.85561161	269601.199930	311755.825790	0.86478320	8.559010	8.830180	4.522960	4.544710	47.000
TF2	250	3.00000	rep1	0	4924	3114	0.63241267	25027.153950	40488.799540	0.61812536	18164.490980	29066.457650	0.62492964	6.242380	6.260440	5.315300	5.345350	46.000
TF3	250	3.00000	rep1	0	10991	4777	0.43462833	68558.758940	178765.442820	0.38351237	33163.009250	81111.890860	0.40885509	9.367960	10.727700	5.878930	6.270430	29.000
TF4	250	3.00000	rep1	0	127815	121508	0.95065524	901339.819910	954291.502860	0.94451205	516348.344930	544495.343470	0.94830626	6.393890	6.396530	4.004250	4.009910	62.000
TF5	250	3.00000	rep1	0	5316	3618	0.68058691	27149.519800	40027.267340	0.67827563	23968.328050	35259.016590	0.67977869	6.386460	6.563690	6.072860	6.112050	40.000
TF6	250	3.00000	rep1	0	9668	6925	0.71628051	93652.536530	142225.645590	0.65847855	59729.420840	86903.185060	0.68730992	9.627210	10.493900	7.407070	7.693080	32.000
TF1	250	3.00000	rep1	250	62253	47516	0.76327245	519236.884320	706169.379300	0.73528660	235590.290710	311755.825790	0.75568849	8.351560	8.830180	4.506835	4.544710	47.000
TF2	250	3.00000	rep1	250	4924	1853	0.37632006	15165.055140	40488.799540	0.37454939	10929.508150	29066.457650	0.37601789	6.434960	6.260440	5.399850	5.345350	46.000
TF3	250	3.00000	rep1	250	10991	2514	0.22873260	32280.843100	178765.442820	0.18057653	16919.435650	81111.890860	0.20859378	8.637760	10.727700	5.821390	6.270430	29.000
TF4	250	3.00000	rep1	250	127815	112313	0.87871533	825350.024110	954291.502860	0.86488250	475646.119990	544495.343470	0.87355406	6.352720	6.396530	3.992310	4.009910	62.000
TF5	250	3.00000	rep1	250	5316	2208	0.41534989	16424.949670	40027.267340	0.41034402	14572.984740	35259.016590	0.41331229	6.386460	6.563690	6.072860	6.112050	40.000
TF6	250	3.00000	rep1	250	9668	4467	0.46203972	55455.252920	142225.645590	0.38991036	37215.428770	86903.185060	0.42824010	9.013060	10.493900	7.240040	7.693080	32.000
TF1	250	3.00000	rep1	500	62253	46436	0.74592389	506475.556950	706169.379300	0.71721540	230183.089410	311755.825790	0.73834415	8.331750	8.830180	4.509330	4.544710	47.000
TF2	250	3.00000	rep1	500	4924	1721	0.34951259	14207.850350	40488.799540	0.35090817	10194.391130	29066.457650	0.35072699	6.436410	6.260440	5.404490	5.345350	46.000
TF3	250	3.00000	rep1	500	10991	2302	0.20944409	29660.681730	178765.442820	0.16591955	15564.796040	81111.890860	0.19189290	8.692625	10.727700	5.853075	6.270430	29.000
TF4	250	3.00000	rep1	500	127815	109126	0.85378086	799857.857330	954291.502860	0.83816932	461810.239600	544495.343470	0.84814360	6.342640	6.396530	3.988340	4.009910	62.000
TF5	250	3.00000	rep1	500	5316	1928	0.36267871	14309.792480	40027.267340	0.35750111	12727.769390	35259.016590	0.36097914	6.430480	6.563690	6.072860	6.112050	40.000
TF6	250	3.00000	rep1	500	9668	4046	0.41849400	49793.590720	142225.645590	0.35010276	33657.452600	86903.185060	0.38729826	8.989250	10.493900	7.255320	7.693080	32.000
TF1	250	3.00000	rep2	0	62253	54413	0.87406229	608654.018480	706169.379300	0.86190939	271566.305430	311755.825790	0.87108655	8.571760	8.830180	4.526280	4.544710	47.000
TF2	250	3.00000	rep2	0	4924	3190	0.64784728	25777.763740	40488.799540	0.63666407	18638.277110	29066.457650	0.64122974	6.243390	6.260440	5.315300	5.345350	46.000
TF3	250	3.00000	rep2	0	10991	4226	0.38449641	58546.828350	178765.442820	0.32750641	28802.654780	81111.890860	0.35509781	8.883640	10.727700	5.791770	6.270430	29.000
TF4	250	3.00000	rep2	0	127815	121772	0.95272073	904674.678090	954291.502860	0.94800664	517764.023770	544495.343470	0.95090625	6.396490	6.396530	4.004250	4.009910	62.000
TF5	250	3.00000	rep2	0	5316	3301	0.62095561	24728.975120	40027.267340	0.61780323	21859.840380	35259.016590	0.61997873	6.277550	6.563690	6.072860	6.112050	40.000
TF6	250	3.00000	rep2	0	9668	6460	0.66818370	85549.988940	142225.645590	0.60150888	55018.794390	86903.185060	0.63310446	9.496750	10.493900	7.343240	7.693080	32.000
TF1	250	3.00000	rep2	250	62253	48008	0.77117569	526927.132740	706169.379300	0.74617669	238523.237740	311755.825790	0.76509633	8.387885	8.830180	4.516220	4.544710	47.000
TF2	250	3.00000	rep2	250	4924	1926	0.39114541	15825.372060	40488.799540	0.39085802	11356.372870	29066.457650	0.39070371	6.436410	6.260440	5.399515	5.345350	46.000
TF3	250	3.00000	rep2	250	10991	1973	0.17951051	23998.811810	178765.442820	0.13424749	12980.400100	81111.890860	0.16003079	8.564280	10.727700	5.804270	6.270430	29.000
TF4	250	3.00000	rep2	250	127815	112429	0.87962289	828267.839340	954291.502860	0.86794008	476621.504950	544495.343470	0.87534542	6.368930	6.396530	3.992310	4.009910	62.000
TF5	250	3.00000	rep2	250	5316	1805	0.33954101	13611.758420	40027.267340	0.34006215	11984.848120	35259.016590	0.33990875	6.471440	6.563690	6.072860	6.112050	40.000
TF6	250	3.00000	rep2	250	9668	3907	0.40411667	46386.723180	142225.645590	0.32614880	31788.925310	86903.185060	0.36579701	8.736330	10.493900	7.134630	7.693080	32.000
TF1	250	3.00000	rep2	500	62253	46829	0.75223684	512904.960830	706169.379300	0.72632002	232567.310740	311755.825790	0.74599187	8.379370	8.830180	4.515530	4.544710	47.000
TF2	250	3.00000	rep2	500	4924	1792	0.36393176	14805.396590	40488.799540	0.36566647	10600.811190	29066.457650	0.36470943	6.436410	6.260440	5.400715	5.345350	46.000
TF3	250	3.00000	rep2	500	10991	1793	0.16313347	22091.716710	178765.442820	0.12357935	11909.586540	81111.890860	0.14682911	8.606740	10.727700	5.812470	6.270430	29.000
TF4	250	3.00000	rep2	500	127815	108876	0.85182490	800256.142460	954291.502860	0.83858668	461235.343630	544495.343470	0.84708777	6.352720	6.396530	3.992310	4.009910	62.000
TF5	250	3.00000	rep2	500	5316	1554	0.29232506	11652.648710	40027.267340	0.29111777	10307.049940	35259.016590	0.29232381	6.530530	6.563690	6.079840	6.112050	40.000
TF6	250	3.00000	rep2	500	9668	3497	0.36170873	41241.156890	142225.645590	0.28996990	28449.842670	86903.185060	0.32737399	8.775060	10.493900	7.137900	7.693080	32.000
TF1	500	1.30103	union	0	70526	60058	0.85157247	617851.187620	742137.693750	0.83252905	286394.476240	338675.965700	0.84562976	7.751220	8.088730	4.335990	4.374320	52.000
TF2	500	1.30103	union	0	6346	3828	0.60321462	25689.088040	44541.705940	0.57674235	20381.053350	34556.811480	0.58978397	5.003670	5.177930	4.843510	4.926590	56.000
TF3	500	1.30103	union	0	11829	4183	0.35362245	52938.667590	182120.548490	0.29067927	26991.136570	84378.335260	0.31988231	7.861190	10.115100	5.490920	6.061900	31.000
TF4	500	1.30103	union	0	164637	155448	0.94418630	1025729.840930	1096329.898860	0.93560327	620256.297180	659349.492480	0.94070945	5.669020	5.747170	3.766320	3.771420	74.000
TF5	500	1.30103	union	0	6227	3768	0.60510679	25517.463440	42864.088300	0.59531100	23598.836620	39297.775590	0.60051329	5.691970	5.691970	5.894100	5.969400	45.000
TF6	500	1.30103	union	0	10438	6679	0.63987354	81655.968920	145232.457750	0.56224325	54122.560590	90403.343370	0.59867875	8.634860	9.704780	7.032660	7.394980	34.000
TF1	500	1.30103	union	250	70526	52163	0.73962794	524930.739280	742137.693750	0.70732257	247410.833300	338675.965700	0.73052374	7.626970	8.088730	4.315970	4.374320	52.000
TF2	500	1.30103	union	250	6346	2098	0.33060195	14709.341840	44541.705940	0.33023751	11418.629160	34556.811480	0.33043063	5.233620	5.177930	4.956090	4.926590	56.000
TF3	500	1.30103	union	250	11829	1857	0.15698707	20412.624450	182120.548490	0.11208304	11544.859400	84378.335260	0.13682255	7.761850	10.115100	5.543560	6.061900	31.000
TF4	500	1.30103	union	250	164637	141649	0.86037161	924315.445390	1096329.898860	0.84309973	562978.125780	659349.492480	0.85383872	5.604440	5.747170	3.756240	3.771420	74.000
TF5	500	1.30103	union	250	6227	1980	0.31797013	13564.195540	42864.088300	0.31644661	12451.756240	39297.775590	0.31685652	5.691970	5.691970	5.969400	5.969400	45.000
TF6	500	1.30103	union	250	10438	3902	0.37382640	42983.656000	145232.457750	0.29596453	30344.187540	90403.343370	0.33565338	8.136650	9.704780	6.768300	7.394980	34.000
TF1	500	1.30103	union	500	70526	50665	0.71838755	509036.794450	742137.693750	0.68590613	240292.029810	338675.965700	0.70950423	7.626970	8.088730	4.318430	4.374320	52.000
TF2	500	1.30103	union	500	6346	1905	0.30018910	13546.341500	44541.705940	0.30412714	10438.342780	34556.811480	0.30206325	5.303390	5.177930	5.007290	4.926590	56.000
TF3	500	1.30103	union	500	11829	1639	0.13855778	18396.271280	182120.548490	0.10101151	10328.763640	84378.335260	0.12241014	7.837170	10.115100	5.624080	6.061900	31.000
TF4	500	1.30103	union	500	164637	136544	0.82936399	888508.752780	1096329.898860	0.81043922	542228.969730	659349.492480	0.82236959	5.564740	5.747170	3.753520	3.771420	74.000
TF5	500	1.30103	union	500	6227	1694	0.27204111	11600.634090	42864.088300	0.27063760	10665.599710	39297.775590	0.27140467	5.691970	5.691970	6.072860	5.969400	45.000
TF6	500	1.30103	union	500	10438	3451	0.33061889	37751.474380	145232.457750	0.25993827	26844.383330	90403.343370	0.29694016	8.103110	9.704780	6.796520	7.394980	34.000
TF1	500	1.30103	rep1	0	70526	61751	0.87557780	637946.947690	742137.693750	0.85960726	294857.797200	338675.965700	0.87061920	7.779130	8.088730	4.344660	4.374320	52.000
TF2	500	1.30103	rep1	0	6346	4152	0.65427041	28021.434120	44541.705940	0.62910554	22185.296280	34556.811480	0.64199489	5.007330	5.177930	4.849680	4.926590	56.000
TF3	500	1.30103	rep1	0	11829	5369	0.45388452	71129.845220	182120.548490	0.39056463	35549.243220	84378.335260	0.42130771	8.564280	10.115100	5.633580	6.061900	31.000
TF4	500	1.30103	rep1	0	164637	157333	0.95563573	1039427.887340	1096329.898860	0.94809773	628100.959870	659349.492480	0.95260703	5.691040	5.747170	3.766370	3.771420	74.000
TF5	500	1.30103	rep1	0	6227	4325	0.69455597	29415.112980	42864.088300	0.68624142	27140.979000	39297.775590	0.69064924	5.691970	5.691970	5.949390	5.969400	45.000
TF6	500	1.30103	rep1	0	10438	7563	0.72456409	96016.335400	145232.457750	0.66112174	62602.029150	90403.343370	0.69247471	8.973390	9.704780	7.161900	7.394980	34.000
TF1	500	1.30103	rep1	250	70526	54185	0.76829822	547219.860650	742137.693750	0.73735624	257170.795920	338675.965700	0.75934174	7.645860	8.088730	4.326310	4.374320	52.000
TF2	500	1.30103	rep1	250	6346	2384	0.37566971	16597.703910	44541.705940	0.37263287	12948.681380	34556.811480	0.37470706	5.176370	5.177930	4.939790	4.926590	56.000
TF3	500	1.30103	rep1	250	11829	2805	0.23712909	33303.395110	182120.548490	0.18286457	18034.079530	84378.335260	0.21372879	7.984870	10.115100	5.616490	6.061900	31.000
TF4	500	1.30103	rep1	250	164637	145249	0.88223789	949354.960910	1096329.898860	0.86593913	577567.007150	659349.492480	0.87596489	5.625420	5.747170	3.756870	3.771420	74.000
TF5	500	1.30103	rep1	250	6227	2602	0.41785772	17576.056320	42864.088300	0.41004153	16272.580310	39297.775590	0.41408401	5.691970	5.691970	5.962945	5.969400	45.000
TF6	500	1.30103	rep1	250	10438	4851	0.46474420	56651.043870	145232.457750	0.39007151	38857.723260	90403.343370	0.42982617	8.411060	9.704780	7.032350	7.394980	34.000
TF1	500	1.30103	rep1	500	70526	52922	0.75038993	533574.361150	742137.693750	0.71896949	251149.325090	338675.965700	0.74156229	7.643060	8.088730	4.326310	4.374320	52.000
TF2	500	1.30103	rep1	500	6346	2189	0.34494170	15447.937640	44541.705940	0.34681962	11960.022910	34556.811480	0.34609741	5.227730	5.177930	4.968900	4.926590	56.000
TF3	500	1.30103	rep1	500	11829	2537	0.21447291	30450.497530	182120.548490	0.16719968	16452.522610	84378.335260	0.19498515	8.123530	10.115100	5.687660	6.061900	31.000
TF4	500	1.30103	rep1	500	164637	141032	0.85662397	919119.803820	1096329.898860	0.83836061	560297.636480	659349.492480	0.84977336	5.592880	5.747170	3.756240	3.771420	74.000
TF5	500	1.30103	rep1	500	6227	2267	0.36405974	15301.998370	42864.088300	0.35698877	14184.977540	39297.775590	0.36096134	5.691970	5.691970	5.969400	5.969400	45.000
TF6	500	1.30103	rep1	500	10438	4376	0.41923740	50785.912750	145232.457750	0.34968707	35054.959430	90403.343370	0.38776176	8.406620	9.704780	7.032350	7.394980	34.000
TF1	500	1.30103	rep2	0	70526	62170	0.88151887	642622.524980	742137.693750	0.86590741	296926.331820	338675.965700	0.87672691	7.817460	8.088730	4.349150	4.374320	52.000
TF2	500	1.30103	rep2	0	6346	4229	0.66640403	28789.116520	44541.705940	0.64634068	22668.889860	34556.811480	0.65598905	5.032160	5.177930	4.862180	4.926590	56.000
TF3	500	1.30103	rep2	0	11829	4806	0.40628963	61139.636070	182120.548490	0.33570971	31164.912600	84378.335260	0.36934733	7.985065	10.115100	5.510820	6.061900	31.000
TF4	500	1.30103	rep2	0	164637	157663	0.95764014	1043071.754210	1096329.898860	0.95142142	629728.515840	659349.492480	0.95507545	5.691540	5.747170	3.768230	3.771420	74.000
TF5	500	1.30103	rep2	0	6227	3974	0.63818853	26885.520280	42864.088300	0.62722716	24876.207290	39297.775590	0.63301820	5.691970	5.691970	5.894100	5.969400	45.000
TF6	500	1.30103	rep2	0	10438	7105	0.68068596	87941.515370	145232.457750	0.60552246	57923.510220	90403.343370	0.64072310	8.775060	9.704780	7.072650	7.394980	34.000
TF1	500	1.30103	rep2	250	70526	54714	0.77579900	555420.042060	742137.693750	0.74840565	260311.325980	338675.965700	0.76861470	7.677010	8.088730	4.334020	4.374320	52.000
TF2	500	1.30103	rep2	250	6346	2444	0.38512449	17243.260430	44541.705940	0.38712618	13322.745430	34556.811480	0.38553168	5.267910	5.177930	4.966545	4.926590	56.000
TF3	500	1.30103	rep2	250	11829	2196	0.18564545	24775.767400	182120.548490	0.13604048	13832.741830	84378.335260	0.16393713	7.791240	10.115100	5.598930	6.061900	31.000
TF4	500	1.30103	rep2	250	164637	145334	0.88275418	952550.787750	1096329.898860	0.86885415	578565.524010	659349.492480	0.87747929	5.644740	5.747170	3.761440	3.771420	74.000
TF5	500	1.30103	rep2	250	6227	2109	0.33868637	14482.474080	42864.088300	0.33786964	13278.002990	39297.775590	0.33788180	5.691970	5.691970	5.969400	5.969400	45.000
TF6	500	1.30103	rep2	250	10438	4268	0.40889059	47497.969550	145232.457750	0.32704789	33329.210140	90403.343370	0.36867232	8.180460	9.704780	6.821280	7.394980	34.000
TF1	500	1.30103	rep2	500	70526	53331	0.75618921	540374.405950	742137.693750	0.72813227	253669.223960	338675.965700	0.74900273	7.672290	8.088730	4.332600	4.374320	52.000
TF2	500	1.30103	rep2	500	6346	2237	0.35250552	16005.979830	44541.705940	0.35934815	12278.799260	34556.811480	0.35532211	5.384510	5.177930	5.012900	4.926590	56.000
TF3	500	1.30103	rep2	500	11829	1964	0.16603263	22673.234380	182120.548490	0.12449575	12560.380500	84378.335260	0.14885788	7.933520	10.115100	5.683370	6.061900	31.000
TF4	500	1.30103	rep2	500	164637	140650	0.85430371	919472.827180	1096329.898860	0.83868262	559447.574010	659349.492480	0.84848412	5.626380	5.747170	3.759260	3.771420	74.000
TF5	500	1.30103	rep2	500	6227	1807	0.29018789	12372.213130	42864.088300	0.28863820	11374.868930	39297.775590	0.28945325	5.691970	5.691970	6.043090	5.969400	45.000
TF6	500	1.30103	rep2	500	10438	3806	0.36462924	42152.873090	145232.457750	0.29024416	29752.824960	90403.343370	0.32911200	8.180460	9.704780	6.890325	7.394980	34.000
TF1	500	2.00000	union	0	69334	58992	0.85083797	616043.151240	740118.004720	0.83235801	283846.598340	335833.435250	0.84520053	7.928780	8.202570	4.373860	4.405410	52.000
TF2	500	2.00000	union	0	6039	3617	0.59894022	25327.356510	44017.236770	0.57539633	19691.143110	33551.818650	0.58688750	5.216560	5.390450	4.926100	5.013530	54.000
TF3	500	2.00000	union	0	11659	4083	0.35020156	52770.555040	181835.065040	0.29021110	26687.843990	83868.202180	0.31821171	8.080020	10.215500	5.552320	6.066930	31.000
TF4	500	2.00000	union	0	158824	149840	0.94343424	1016310.945350	1086565.401920	0.93534263	607277.396450	645901.238580	0.94020163	5.779580	5.798720	3.814940	3.837550	73.000
TF5	500	2.00000	union	0	6062	3656	0.60310129	25327.553650	42584.233630	0.59476364	23203.628300	38710.770710	0.59941014	5.691970	5.691970	5.969400	6.072860	44.000
TF6	500	2.00000	union	0	10313	6580	0.63802967	81488.638930	145020.221150	0.56191225	53776.489730	89967.545140	0.59773210	8.773110	9.868540	7.079920	7.444970	34.000
TF1	500	2.00000	union	250	69334	51246	0.73911789	523378.215200	740118.004720	0.70715509	245214.887140	335833.435250	0.73016818	7.751220	8.202570	4.355000	4.405410	52.000
TF2	500	2.00000	union	250	6039	1998	0.33084948	14535.486010	44017.236770	0.33022259	11091.857410	33551.818650	0.33058886	5.555425	5.390450	5.054180	5.013530	54.000
TF3	500	2.00000	union	250	11659	1816	0.15575950	20344.479410	181835.065040	0.11188425	11418.923080	83868.202180	0.13615319	7.787630	10.215500	5.598930	6.066930	31.000
TF4	500	2.00000	union	250	158824	136420	0.85893820	915523.328200	1086565.401920	0.84258465	550861.283110	645901.238580	0.85285683	5.777210	5.798720	3.808300	3.837550	73.000
TF5	500	2.00000	union	250	6062	1913	0.31557242	13450.783480	42584.233630	0.31586299	12217.180890	38710.770710	0.31560159	5.691970	5.691970	6.072860	6.072860	44.000
TF6	500	2.00000	union	250	10313	3844	0.37273344	42886.235580	145020.221150	0.29572590	30140.411840	89967.545140	0.33501427	8.180460	9.868540	6.866770	7.444970	34.000
TF1	500	2.00000	union	500	69334	49777	0.71793060	507533.115080	740118.004720	0.68574621	238164.353160	335833.435250	0.70917404	7.748580	8.202570	4.357260	4.405410	52.000
TF2	500	2.00000	union	500	6039	1818	0.30104322	13395.091210	44017.236770	0.30431468	10154.765200	33551.818650	0.30265916	5.583150	5.390450	5.090220	5.013530	54.000
TF3	500	2.00000	union	500	11659	1605	0.13766189	18340.205330	181835.065040	0.10086176	10223.631970	83868.202180	0.12190117	7.928240	10.215500	5.679080	6.066930	31.000
TF4	500	2.00000	union	500	158824	131465	0.82774014	879967.923190	1086565.401920	0.80986190	530455.644800	645901.238580	0.82126433	5.766910	5.798720	3.803590	3.837550	73.000
TF5	500	2.00000	union	500	6062	1640	0.27053778	11509.737720	42584.233630	0.27028167	10478.396730	38710.770710	0.27068427	5.831910	5.691970	6.072860	6.072860	44.000
TF6	500	2.00000	union	500	10313	3404	0.33006885	37672.823310	145020.221150	0.25977635	26678.606540	89967.545140	0.29653590	8.171430	9.868540	6.879270	7.444970	34.000
TF1	500	2.00000	rep1	0	69334	60661	0.87490986	636100.034500	740118.004720	0.85945759	292255.024580	335833.435250	0.87023802	7.988280	8.202570	4.376380	4.405410	52.000
TF2	500	2.00000	rep1	0	6039	3927	0.65027322	27635.801370	44017.236770	0.62784044	21450.200880	33551.818650	0.63931559	5.243540	5.390450	4.945180	5.013530	54.000
TF3	500	2.00000	rep1	0	11659	5252	0.45046745	70933.253570	181835.065040	0.39009667	35194.818240	83868.202180	0.41964436	8.619710	10.215500	5.712200	6.066930	31.000
TF4	500	2.00000	rep1	0	158824	151668	0.95494384	1029915.196510	1086565.401920	0.94786305	614993.145510	645901.238580	0.95214734	5.779580	5.798720	3.818170	3.837550	73.000
TF5	500	2.00000	rep1	0	6062	4208	0.69416034	29216.930170	42584.233630	0.68609736	26728.230320	38710.770710	0.69045978	5.691970	5.691970	5.969400	6.072860	44.000
TF6	500	2.00000	rep1	0	10313	7459	0.72326190	95839.590010	145020.221150	0.66087053	62237.718170	89967.545140	0.69177966	9.118170	9.868540	7.198190	7.444970	34.000
TF1	500	2.00000	rep1	250	69334	53231	0.76774743	545605.179130	740118.004720	0.73718674	254888.803570	335833.435250	0.75897387	7.775870	8.202570	4.358070	4.405410	52.000
TF2	500	2.00000	rep1	250	6039	2268	0.37555887	16394.585910	44017.236770	0.37245832	12568.585450	33551.818650	0.37460221	5.447205	5.390450	5.048280	5.013530	54.000
TF3	500	2.00000	rep1	250	11659	2739	0.23492581	33192.159030	181835.065040	0.18253992	17831.883890	83868.202180	0.21261793	8.197200	10.215500	5.679080	6.066930	31.000
TF4	500	2.00000	rep1	250	158824	139907	0.88089332	940372.683070	1086565.401920	0.86545429	565191.903440	645901.238580	0.87504385	5.777210	5.798720	3.808300	3.837550	73.000
TF5	500	2.00000	rep1	250	6062	2520	0.41570439	17437.277080	42584.233630	0.40947730	15982.809130	38710.770710	0.41287757	5.691970	5.691970	6.053300	6.072860	44.000
TF6	500	2.00000	rep1	250	10313	4782	0.46368661	56534.522160	145020.221150	0.38983889	38615.561040	89967.545140	0.42921657	8.533705	9.868540	7.054320	7.444970	34.000
TF1	500	2.00000	rep1	500	69334	51990	0.74984856	531996.859200	740118.004720	0.71880005	248919.329190	335833.435250	0.74119877	7.763030	8.202570	4.360030	4.405410	52.000
TF2	500	2.00000	rep1	500	6039	2088	0.34575261	15271.247660	44017.236770	0.34693790	11629.327670	33551.818650	0.34660797	5.521720	5.390450	5.069930	5.013530	54.000
TF3	500	2.00000	rep1	500	11659	2478	0.21253967	30351.696970	181835.065040	0.16691883	16272.150360	83868.202180	0.19402050	8.401310	10.215500	5.753810	6.066930	31.000
TF4	500	2.00000	rep1	500	158824	135814	0.85512265	910341.865180	1086565.401920	0.83781599	548204.710150	645901.238580	0.84874386	5.771750	5.798720	3.808300	3.837550	73.000
TF5	500	2.00000	rep1	500	6062	2201	0.36308149	15190.308860	42584.233630	0.35671204	13954.207940	38710.770710	0.36047352	5.691970	5.691970	6.072860	6.072860	44.000
TF6	500	2.00000	rep1	500	10313	4318	0.41869485	50688.319720	145020.221150	0.34952588	34851.070190	89967.545140	0.38737380	8.528690	9.868540	7.066810	7.444970	34.000
TF1	500	2.00000	rep2	0	69334	61072	0.88083768	640760.776000	740118.004720	0.86575488	294303.560530	335833.435250	0.87633788	8.009120	8.202570	4.377790	4.405410	52.000
TF2	500	2.00000	rep2	0	6039	4009	0.66385163	28412.502300	44017.236770	0.64548582	21949.759070	33551.818650	0.65420475	5.267910	5.390450	4.950660	5.013530	54.000
TF3	500	2.00000	rep2	0	11659	4695	0.40269320	60952.608430	181835.065040	0.33520822	30828.290410	83868.202180	0.36758020	8.262800	10.215500	5.583480	6.066930	31.000
TF4	500	2.00000	rep2	0	158824	152005	0.95706568	1033568.121370	1086565.401920	0.95122495	616633.117510	645901.238580	0.95468638	5.779580	5.798720	3.821870	3.837550	73.000
TF5	500	2.00000	rep2	0	6062	3855	0.63592874	26683.188950	42584.233630	0.62659784	24455.490880	38710.770710	0.63174901	5.691970	5.691970	5.969400	6.072860	44.000
TF6	500	2.00000	rep2	0	10313	6999	0.67865800	87761.061520	145020.221150	0.60516431	57551.985290	89967.545140	0.63969718	8.891120	9.868540	7.129610	7.444970	34.000
TF1	500	2.00000	rep2	250	69334	53757	0.77533389	553799.541710	740118.004720	0.74825844	258020.806570	335833.435250	0.76829994	7.843010	8.202570	4.368660	4.405410	52.000
TF2	500	2.00000	rep2	250	6039	2332	0.38615665	17049.675170	44017.236770	0.38734088	12958.645470	33551.818650	0.38622781	5.579290	5.390450	5.054180	5.013530	54.000
TF3	500	2.00000	rep2	250	11659	2149	0.18432113	24697.374020	181835.065040	0.13582294	13688.689360	83868.202180	0.16321668	7.861280	10.215500	5.629010	6.066930	31.000
TF4	500	2.00000	rep2	250	158824	140017	0.88158591	943610.817830	1086565.401920	0.86843444	566247.145280	645901.238580	0.87667760	5.777210	5.798720	3.810840	3.837550	73.000
TF5	500	2.00000	rep2	250	6062	2038	0.33619268	14362.196810	42584.233630	0.33726559	13028.623280	38710.770710	0.33656326	5.691970	5.691970	6.072860	6.072860	44.000
TF6	500	2.00000	rep2	250	10313	4203	0.40754388	47388.112070	145020.221150	0.32676900	33100.226630	89967.545140	0.36791297	8.307900	9.868540	6.906240	7.444970	34.000
TF1	500	2.00000	rep2	500	69334	52406	0.75584850	538808.624410	740118.004720	0.72800367	251453.685930	335833.435250	0.74874524	7.835470	8.202570	4.368660	4.405410	52.000
TF2	500	2.00000	rep2	500	6039	2139	0.35419771	15836.344980	44017.236770	0.35977599	11960.642370	33551.818650	0.35648268	5.660750	5.390450	5.089950	5.013530	54.000
TF3	500	2.00000	rep2	500	11659	1926	0.16519427	22610.335470	181835.065040	0.12434530	12442.946220	83868.202180	0.14836310	8.122985	10.215500	5.723065	6.066930	31.000
TF4	500	2.00000	rep2	500	158824	135469	0.85295044	910760.921650	1086565.401920	0.83820166	547442.020870	645901.238580	0.84756305	5.777210	5.798720	3.808300	3.837550	73.000
TF5	500	2.00000	rep2	500	6062	1749	0.28851864	12274.451550	42584.233630	0.28823934	11172.861590	38710.770710	0.28862411	5.691970	5.691970	6.072860	6.072860	44.000
TF6	500	2.00000	rep2	500	10313	3754	0.36400659	42065.725230	145020.221150	0.29006800	29569.425370	89967.545140	0.32866769	8.310460	9.868540	6.947235	7.444970	34.000
TF1	500	3.00000	union	0	65256	55298	0.84740101	606618.715870	729710.877380	0.83131379	273627.948440	324579.308030	0.84302339	8.324000	8.562595	4.484470	4.514410	50.000
TF2	500	3.00000	union	0	5179	3058	0.59046148	23912.933600	41826.776000	0.57171353	17597.932190	30321.275100	0.58038233	5.906830	6.082980	5.221320	5.303930	49.000
TF3	500	3.00000	union	0	11233	3842	0.34202795	52156.238570	180748.953070	0.28855624	25850.520310	82396.425860	0.31373352	8.618140	10.559900	5.715150	6.224290	30.000
TF4	500	3.00000	union	0	141652	133322	0.94119391	974356.479110	1042938.009580	0.93424199	562558.156470	599424.837100	0.93849657	6.308390	6.353200	3.971560	3.987610	71.000
TF5	500	3.00000	union	0	5560	3329	0.59874101	24528.851400	41350.228880	0.59319748	21858.294840	36647.527680	0.59644664	6.096230	6.386460	6.072860	6.072860	42.000
TF6	500	3.00000	union	0	9880	6238	0.63137652	80622.013930	143922.744360	0.56017563	52408.503650	88242.184050	0.59391666	9.236290	10.312400	7.241335	7.610270	33.000
TF1	500	3.00000	union	250	65256	48000	0.73556455	515101.289620	729710.877380	0.70589778	236208.995770	324579.308030	0.72773892	8.265000	8.562595	4.461410	4.514410	50.000
TF2	500	3.00000	union	250	5179	1721	0.33230353	13835.807700	41826.776000	0.33078829	10057.316340	30321.275100	0.33169173	6.290000	6.082980	5.344870	5.303930	49.000
TF3	500	3.00000	union	250	11233	1710	0.15223004	20078.697260	180748.953070	0.11108611	11046.680820	82396.425860	0.13406748	8.190280	10.559900	5.720210	6.224290	30.000
TF4	500	3.00000	union	250	141652	121145	0.85522972	876733.766660	1042938.009580	0.84063843	509475.780250	599424.837100	0.84994106	6.268730	6.353200	3.964170	3.987610	71.000
TF5	500	3.00000	union	250	5560	1762	0.31690647	13082.962120	41350.228880	0.31639395	11601.544070	36647.527680	0.31657099	6.166335	6.386460	6.072860	6.072860	42.000
TF6	500	3.00000	union	250	9880	3639	0.36831984	42365.140490	143922.744360	0.29436029	29315.154540	88242.184050	0.33221248	8.528690	10.312400	7.056160	7.610270	33.000
TF1	500	3.00000	union	500	65256	46620	0.71441707	499484.064820	729710.877380	0.68449585	229402.866160	324579.308030	0.70676984	8.261780	8.562595	4.461410	4.514410	50.000
TF2	500	3.00000	union	500	5179	1579	0.30488511	12782.956720	41826.776000	0.30561659	9265.555130	30321.275100	0.30557934	6.290000	6.082980	5.359560	5.303930	49.000
TF3	500	3.00000	union	500	11233	1519	0.13522656	18123.148680	180748.953070	0.10026696	9917.740660	82396.425860	0.12036615	8.401980	10.559900	5.792360	6.224290	30.000
TF4	500	3.00000	union	500	141652	116689	0.82377234	842448.700900	1042938.009580	0.80776488	490413.988550	599424.837100	0.81814092	6.261370	6.353200	3.960630	3.987610	71.000
TF5	500	3.00000	union	500	5560	1509	0.27140288	11190.097760	41350.228880	0.27061755	9944.883140	36647.527680	0.27136573	6.386460	6.386460	6.072860	6.072860	42.000
TF6	500	3.00000	union	500	9880	3226	0.32651822	37221.302760	143922.744360	0.25862002	25961.939780	88242.184050	0.29421234	8.524640	10.312400	7.061810	7.610270	33.000
TF1	500	3.00000	rep1	0	65256	56888	0.87176658	626472.110900	729710.877380	0.85852100	281820.761160	324579.308030	0.86826472	8.352640	8.562595	4.490400	4.514410	50.000
TF2	500	3.00000	rep1	0	5179	3319	0.64085731	26093.504970	41826.776000	0.62384691	19169.704750	30321.275100	0.63221961	5.925290	6.082980	5.238410	5.303930	49.000
TF3	500	3.00000	rep1	0	11233	4980	0.44333660	70239.573300	180748.953070	0.38860293	34248.710370	82396.425860	0.41565772	9.188335	10.559900	5.811950	6.224290	30.000
TF4	500	3.00000	rep1	0	141652	135014	0.95313868	987618.740990	1042938.009580	0.94695824	569907.876880	599424.837100	0.95075786	6.319490	6.353200	3.971650	3.987610	71.000
TF5	500	3.00000	rep1	0	5560	3832	0.68920863	28296.248660	41350.228880	0.68430694	25181.316370	36647.527680	0.68712183	6.132170	6.386460	6.072860	6.072860	42.000
TF6	500	3.00000	rep1	0	9880	7102	0.71882591	94934.101740	143922.744360	0.65961848	60809.144330	88242.184050	0.68911649	9.525990	10.312400	7.378960	7.610270	33.000
TF1	500	3.00000	rep1	250	65256	49882	0.76440481	537062.370080	729710.877380	0.73599337	245601.697050	324579.308030	0.75667700	8.267950	8.562595	4.463520	4.514410	50.000
TF2	500	3.00000	rep1	250	5179	1935	0.37362425	15550.140030	41826.776000	0.37177477	11318.703060	30321.275100	0.37329245	6.290000	6.082980	5.344870	5.303930	49.000
TF3	500	3.00000	rep1	250	11233	2589	0.23048162	32811.314970	180748.953070	0.18152976	17302.224500	82396.425860	0.20998756	8.608260	10.559900	5.807960	6.224290	30.000
TF4	500	3.00000	rep1	250	141652	124291	0.87743908	900715.365640	1042938.009580	0.86363270	522893.864090	599424.837100	0.87232599	6.270930	6.353200	3.965830	3.987610	71.000
TF5	500	3.00000	rep1	250	5560	2307	0.41492806	16917.030020	41350.228880	0.40911575	15109.909930	36647.527680	0.41230366	6.132170	6.386460	6.072860	6.072860	42.000
TF6	500	3.00000	rep1	250	9880	4547	0.46022267	55935.803350	143922.744360	0.38865159	37669.246740	88242.184050	0.42688480	8.949360	10.312400	7.198190	7.610270	33.000
TF1	500	3.00000	rep1	500	65256	48717	0.74655204	523648.920490	729710.877380	0.71761150	239840.389960	324579.308030	0.73892692	8.267950	8.562595	4.464800	4.514410	50.000
TF2	500	3.00000	rep1	500	5179	1786	0.34485422	14496.363170	41826.776000	0.34658094	10496.950390	30321.275100	0.34619093	6.315485	6.082980	5.367825	5.303930	49.000
TF3	500	3.00000	rep1	500	11233	2353	0.20947209	30033.174990	180748.953070	0.16615961	15825.820790	82396.425860	0.19206926	8.619710	10.559900	5.821390	6.224290	30.000
TF4	500	3.00000	rep1	500	141652	120606	0.85142462	871729.859840	1042938.009580	0.83584053	507005.420330	599424.837100	0.84581984	6.261370	6.353200	3.960630	3.987610	71.000
TF5	500	3.00000	rep1	500	5560	2010	0.36151079	14723.480220	41350.228880	0.35606768	13173.136590	36647.527680	0.35945499	6.147445	6.386460	6.072860	6.072860	42.000
TF6	500	3.00000	rep1	500	9880	4109	0.41589069	50155.316250	143922.744360	0.34848777	34007.978000	88242.184050	0.38539366	8.941580	10.312400	7.219370	7.610270	33.000
TF1	500	3.00000	rep2	0	65256	57300	0.87808018	631135.721020	729710.877380	0.86491204	283870.597640	324579.308030	0.87458008	8.358375	8.562595	4.490400	4.514410	50.000
TF2	500	3.00000	rep2	0	5179	3403	0.65707666	26878.289850	41826.776000	0.64260965	19680.679400	30321.275100	0.64907163	5.955240	6.082980	5.230650	5.303930	49.000
TF3	500	3.00000	rep2	0	11233	4432	0.39455177	60282.604420	180748.953070	0.33351565	29914.696020	82396.425860	0.36305818	8.660870	10.559900	5.732405	6.224290	30.000
TF4	500	3.00000	rep2	0	141652	135309	0.95522125	991158.059130	1042938.009580	0.95035184	571438.481850	599424.837100	0.95331132	6.319490	6.353200	3.971650	3.987610	71.000
TF5	500	3.00000	rep2	0	5560	3509	0.63111511	25837.127920	41350.228880	0.62483639	23032.409990	36647.527680	0.62848469	6.052940	6.386460	6.072860	6.072860	42.000
TF6	500	3.00000	rep2	0	9880	6643	0.67236842	86857.200340	143922.744360	0.60349878	56127.467680	88242.184050	0.63606163	9.334970	10.312400	7.266770	7.610270	33.000
TF1	500	3.00000	rep2	250	65256	50410	0.77249602	545263.390790	729710.877380	0.74723210	248739.078650	324579.308030	0.76634299	8.285360	8.562595	4.476860	4.514410	50.000
TF2	500	3.00000	rep2	250	5179	2013	0.38868507	16244.705610	41826.776000	0.38838053	11768.128960	30321.275100	0.38811458	6.298580	6.082980	5.329150	5.303930	49.000
TF3	500	3.00000	rep2	250	11233	2030	0.18071753	24400.171810	180748.953070	0.13499482	13271.599820	82396.425860	0.16107009	8.401980	10.559900	5.763600	6.224290	30.000
TF4	500	3.00000	rep2	250	141652	124440	0.87849095	904042.972090	1042938.009580	0.86682330	524051.005090	599424.837100	0.87425641	6.301620	6.353200	3.970410	3.987610	71.000
TF5	500	3.00000	rep2	250	5560	1875	0.33723022	13964.118160	41350.228880	0.33770353	12362.213470	36647.527680	0.33732735	6.162720	6.386460	6.072860	6.072860	42.000
TF6	500	3.00000	rep2	250	9880	3985	0.40334008	46832.186040	143922.744360	0.32539809	32221.790780	88242.184050	0.36515178	8.607970	10.312400	7.079920	7.610270	33.000
TF1	500	3.00000	rep2	500	65256	49142	0.75306485	530483.084230	729710.877380	0.72697708	242399.989120	324579.308030	0.74681282	8.285360	8.562595	4.476860	4.514410	50.000
TF2	500	3.00000	rep2	500	5179	1863	0.35972195	15132.422420	41826.776000	0.36178792	10932.336740	30321.275100	0.36055003	6.345310	6.082980	5.347860	5.303930	49.000
TF3	500	3.00000	rep2	500	11233	1829	0.16282382	22367.273760	180748.953070	0.12374774	12099.143390	82396.425860	0.14684063	8.570870	10.559900	5.808400	6.224290	30.000
TF4	500	3.00000	rep2	500	141652	120346	0.84958913	872347.416630	1042938.009580	0.83643266	506469.699110	599424.837100	0.84492612	6.270930	6.353200	3.967800	3.987610	71.000
TF5	500	3.00000	rep2	500	5560	1608	0.28920863	11930.208780	41350.228880	0.28851615	10597.512590	36647.527680	0.28917401	6.311130	6.386460	6.072860	6.072860	42.000
TF6	500	3.00000	rep2	500	9880	3558	0.36012146	41565.725650	143922.744360	0.28880582	28778.997440	88242.184050	0.32613650	8.609185	10.312400	7.109700	7.610270	33.000
TF1	1000	1.30103	union	0	71905	61394	0.85382101	626456.469980	751008.860120	0.83415323	291549.239620	343990.060660	0.84755135	7.671070	7.946460	4.315850	4.355000	54.000
TF2	1000	1.30103	union	0	6632	4080	0.61519903	26598.591080	45556.056740	0.58386509	21442.358050	35755.429140	0.59969517	4.818050	5.032160	4.790340	4.885960	60.000
TF3	1000	1.30103	union	0	11995	4336	0.36148395	53760.188440	183000.277470	0.29377108	27672.144120	85114.428760	0.32511696	7.766010	9.914570	5.404835	6.053120	32.000
TF4	1000	1.30103	union	0	174276	164895	0.94617159	1076022.094160	1147683.283660	0.93756013	654539.189150	694331.696020	0.94268949	5.569090	5.647490	3.749430	3.761470	81.000
TF5	1000	1.30103	union	0	6465	3977	0.61515855	26472.396390	43940.064240	0.60246604	24687.891260	40536.131300	0.60903422	5.691970	5.691970	5.727120	5.964790	47.000
TF6	1000	1.30103	union	0	10582	6814	0.64392364	82746.690800	146420.605980	0.56513009	54988.962280	91337.483260	0.60204158	8.607970	9.627210	7.032350	7.378960	35.000
TF1	1000	1.30103	union	250	71905	53216	0.74008762	531357.645930	751008.860120	0.70752514	251414.380650	343990.060660	0.73087688	7.606320	7.946460	4.289990	4.355000	54.000
TF2	1000	1.30103	union	250	6632	2220	0.33474065	15142.809740	45556.056740	0.33239948	11928.522460	35755.429140	0.33361430	5.037845	5.032160	4.875975	4.885960	60.000
TF3	1000	1.30103	union	250	11995	1921	0.16015006	20688.763220	183000.277470	0.11305318	11814.684140	85114.428760	0.13880942	7.545410	9.914570	5.453600	6.053120	32.000
TF4	1000	1.30103	union	250	174276	150191	0.86179967	969058.583440	1147683.283660	0.84436063	593780.794070	694331.696020	0.85518319	5.427060	5.647490	3.737940	3.761470	81.000
TF5	1000	1.30103	union	250	6465	2081	0.32188708	14014.463910	43940.064240	0.31894500	12963.191480	40536.131300	0.31979350	5.691970	5.691970	5.949390	5.964790	47.000
TF6	1000	1.30103	union	250	10582	3984	0.37648838	43560.479310	146420.605980	0.29750238	30837.713610	91337.483260	0.33762386	8.061005	9.627210	6.729770	7.378960	35.000
TF1	1000	1.30103	union	500	71905	51562	0.71708504	514354.094000	751008.860120	0.68488419	243670.797180	343990.060660	0.70836581	7.606320	7.946460	4.294390	4.355000	54.000
TF2	1000	1.30103	union	500	6632	1964	0.29613993	13745.764740	45556.056740	0.30173298	10682.384740	35755.429140	0.29876259	5.176370	5.032160	4.933820	4.885960	60.000
TF3	1000	1.30103	union	500	11995	1671	0.13930805	18517.768220	183000.277470	0.10118984	10459.952030	85114.428760	0.12289282	7.762260	9.914570	5.598930	6.053120	32.000
TF4	1000	1.30103	union	500	174276	144137	0.82706167	927754.368000	1147683.283660	0.80837142	569486.494320	694331.696020	0.82019372	5.418870	5.647490	3.737940	3.761470	81.000
TF5	1000	1.30103	union	500	6465	1737	0.26867749	11770.007640	43940.064240	0.26786505	10861.563570	40536.131300	0.26794771	5.691970	5.691970	5.969400	5.964790	47.000
TF6	1000	1.30103	union	500	10582	3493	0.33008883	38045.296320	146420.605980	0.25983567	27100.576930	91337.483260	0.29670816	8.068480	9.627210	6.768300	7.378960	35.000
TF1	1000	1.30103	rep1	0	71905	63095	0.87747723	646596.866730	751008.860120	0.86097102	300042.197550	343990.060660	0.87224089	7.689940	7.946460	4.319080	4.355000	54.000
TF2	1000	1.30103	rep1	0	6632	4409	0.66480700	28945.064610	45556.056740	0.63537248	23266.734810	35755.429140	0.65071894	4.880440	5.032160	4.801570	4.885960	60.000
TF3	1000	1.30103	rep1	0	11995	5526	0.46069195	71967.800200	183000.277470	0.39326607	36246.693320	85114.428760	0.42585839	8.255045	9.914570	5.558530	6.053120	32.000
TF4	1000	1.30103	rep1	0	174276	166833	0.95729188	1090048.380810	1147683.283660	0.94978153	662590.833650	694331.696020	0.95428574	5.604440	5.647490	3.750640	3.761470	81.000
TF5	1000	1.30103	rep1	0	6465	4541	0.70239753	30403.219390	43940.064240	0.69192478	28268.243150	40536.131300	0.69735918	5.691970	5.691970	5.798470	5.964790	47.000
TF6	1000	1.30103	rep1	0	10582	7700	0.72765073	97117.837350	146420.605980	0.66327985	63478.681550	91337.483260	0.69499048	8.893250	9.627210	7.134630	7.378960	35.000
TF1	1000	1.30103	rep1	250	71905	55293	0.76897295	554063.188780	751008.860120	0.73775852	261398.477260	343990.060660	0.75990125	7.609220	7.946460	4.295500	4.355000	54.000
TF2	1000	1.30103	rep1	250	6632	2528	0.38118215	17098.126870	45556.056740	0.37532061	13548.077580	35755.429140	0.37890966	5.017470	5.032160	4.854600	4.885960	60.000
TF3	1000	1.30103	rep1	250	11995	2889	0.24085035	33677.548950	183000.277470	0.18403004	18390.243080	85114.428760	0.21606493	7.841460	9.914570	5.558530	6.053120	32.000
TF4	1000	1.30103	rep1	250	174276	153994	0.88362138	995209.580740	1147683.283660	0.86714653	609113.131610	694331.696020	0.87726534	5.439240	5.647490	3.737940	3.761470	81.000
TF5	1000	1.30103	rep1	250	6465	2724	0.42134571	18115.409700	43940.064240	0.41227545	16892.173990	40536.131300	0.41671895	5.691970	5.691970	5.812210	5.964790	47.000
TF6	1000	1.30103	rep1	250	10582	4946	0.46739747	57351.141840	146420.605980	0.39168764	39447.103340	91337.483260	0.43188297	8.361850	9.627210	6.990590	7.378960	35.000
TF1	1000	1.30103	rep1	500	71905	53870	0.74918295	539216.283250	751008.860120	0.71798924	254721.465260	343990.060660	0.74049077	7.609220	7.946460	4.301570	4.355000	54.000
TF2	1000	1.30103	rep1	500	6632	2262	0.34107358	15686.736750	45556.056740	0.34433921	12259.333620	35755.429140	0.34286635	5.090980	5.032160	4.912930	4.885960	60.000
TF3	1000	1.30103	rep1	500	11995	2583	0.21533972	30625.680680	183000.277470	0.16735319	16640.460490	85114.428760	0.19550693	7.984870	9.914570	5.629010	6.053120	32.000
TF4	1000	1.30103	rep1	500	174276	148963	0.85475338	960270.258710	1147683.283660	0.83670318	588814.058340	694331.696020	0.84802993	5.423550	5.647490	3.737940	3.761470	81.000
TF5	1000	1.30103	rep1	500	6465	2327	0.35993813	15547.707050	43940.064240	0.35383897	14471.135000	40536.131300	0.35699349	5.691970	5.691970	5.949390	5.964790	47.000
TF6	1000	1.30103	rep1	500	10582	4433	0.41891892	51209.109970	146420.605980	0.34973978	35414.443320	91337.483260	0.38773176	8.377510	9.627210	7.032350	7.378960	35.000
TF1	1000	1.30103	rep2	0	71905	63521	0.88340171	651347.194950	751008.860120	0.86729629	302141.722010	343990.060660	0.87834434	7.702760	7.946460	4.326310	4.355000	54.000
TF2	1000	1.30103	rep2	0	6632	4488	0.67671894	29719.239980	45556.056740	0.65236638	23757.897870	35755.429140	0.66445568	4.921880	5.032160	4.809700	4.885960	60.000
TF3	1000	1.30103	rep2	0	11995	4961	0.41358900	61967.873020	183000.277470	0.33862174	31853.657790	85114.428760	0.37424510	7.837170	9.914570	5.444890	6.053120	32.000
TF4	1000	1.30103	rep2	0	174276	167153	0.95912805	1093605.157590	1147683.283660	0.95288062	664166.547210	694331.696020	0.95655513	5.604620	5.647490	3.753520	3.761470	81.000
TF5	1000	1.30103	rep2	0	6465	4189	0.64795050	27862.417770	43940.064240	0.63410052	25994.683710	40536.131300	0.64127194	5.691970	5.691970	5.734510	5.964790	47.000
TF6	1000	1.30103	rep2	0	10582	7244	0.68455868	89096.435840	146420.605980	0.60849657	58828.780750	91337.483260	0.64408147	8.725120	9.627210	7.047480	7.378960	35.000
TF1	1000	1.30103	rep2	250	71905	55832	0.77646895	562327.619620	751008.860120	0.74876296	264572.786460	343990.060660	0.76912916	7.626970	7.946460	4.315850	4.355000	54.000
TF2	1000	1.30103	rep2	250	6632	2581	0.38917370	17724.927110	45556.056740	0.38907949	13891.326930	35755.429140	0.38850958	5.076900	5.032160	4.881800	4.885960	60.000
TF3	1000	1.30103	rep2	250	11995	2267	0.18899541	25092.234690	183000.277470	0.13711583	14135.952760	85114.428760	0.16608174	7.761850	9.914570	5.517930	6.053120	32.000
TF4	1000	1.30103	rep2	250	174276	154060	0.88400009	998419.754560	1147683.283660	0.86994362	610070.617630	694331.696020	0.87864434	5.477390	5.647490	3.745290	3.761470	81.000
TF5	1000	1.30103	rep2	250	6465	2219	0.34323279	14974.364360	43940.064240	0.34079068	13837.696390	40536.131300	0.34136697	5.691970	5.691970	5.898760	5.964790	47.000
TF6	1000	1.30103	rep2	250	10582	4359	0.41192591	48147.329510	146420.605980	0.32882892	33879.322920	91337.483260	0.37092464	8.170820	9.627210	6.786950	7.378960	35.000
TF1	1000	1.30103	rep2	500	71905	54299	0.75514916	546260.618450	751008.860120	0.72736907	257338.336080	343990.060660	0.74809817	7.626970	7.946460	4.315850	4.355000	54.000
TF2	1000	1.30103	rep2	500	6632	2311	0.34846200	16255.008330	45556.056740	0.35681333	12579.045190	35755.429140	0.35180798	5.216560	5.032160	4.940640	4.885960	60.000
TF3	1000	1.30103	rep2	500	11995	1999	0.16665277	22811.375190	183000.277470	0.12465213	12704.966090	85114.428760	0.14926924	7.861190	9.914570	5.633580	6.053120	32.000
TF4	1000	1.30103	rep2	500	174276	148555	0.85241227	960640.695420	1147683.283660	0.83702595	587900.118080	694331.696020	0.84671364	5.439240	5.647490	3.740970	3.761470	81.000
TF5	1000	1.30103	rep2	500	6465	1859	0.28754834	12578.229690	43940.064240	0.28625879	11616.382400	40536.131300	0.28656860	5.691970	5.691970	5.969400	5.964790	47.000
TF6	1000	1.30103	rep2	500	10582	3852	0.36401436	42482.196510	146420.605980	0.29013810	30035.516720	91337.483260	0.32884108	8.180460	9.627210	6.866770	7.378960	35.000
TF1	1000	2.00000	union	0	70628	60248	0.85303279	624560.033650	748892.355310	0.83397838	288824.003150	340958.187060	0.84709508	7.833960	8.142870	4.352190	4.379570	53.000
TF2	1000	2.00000	union	0	6278	3830	0.61006690	26178.890600	44961.055940	0.58225702	20627.608150	34600.647940	0.59616248	5.033975	5.276820	4.881800	4.971470	57.000
TF3	1000	2.00000	union	0	11811	4222	0.35746338	53568.403030	182691.121160	0.29321843	27324.133580	84559.577720	0.32313470	7.861190	10.155400	5.477790	6.063860	32.000
TF4	1000	2.00000	union	0	167935	158778	0.94547295	1066086.738190	1137370.742430	0.93732562	640502.761810	679780.771310	0.94221959	5.766910	5.779580	3.797220	3.810840	79.000
TF5	1000	2.00000	union	0	6284	3852	0.61298536	26266.728360	43639.370820	0.60190438	24251.060770	39896.192480	0.60785401	5.691970	5.691970	5.927840	6.013970	47.000
TF6	1000	2.00000	union	0	10450	6708	0.64191388	82571.327910	146200.336480	0.56478206	54621.181170	90879.974780	0.60102549	8.725120	9.781030	7.061810	7.407070	34.000
TF1	1000	2.00000	union	250	70628	52242	0.73967831	529747.335540	748892.355310	0.70737447	249093.552390	340958.187060	0.73056921	7.672290	8.142870	4.332600	4.379570	53.000
TF2	1000	2.00000	union	250	6278	2103	0.33497929	14943.093460	44961.055940	0.33235637	11547.399730	34600.647940	0.33373363	5.296620	5.276820	4.971890	4.971470	57.000
TF3	1000	2.00000	union	250	11811	1872	0.15849632	20607.378540	182691.121160	0.11279902	11663.158890	84559.577720	0.13792830	7.761850	10.155400	5.521700	6.063860	32.000
TF4	1000	2.00000	union	250	167935	144493	0.86041028	959797.916930	1137370.742430	0.84387428	580695.257830	679780.771310	0.85423902	5.747010	5.779580	3.775790	3.810840	79.000
TF5	1000	2.00000	union	250	6284	2008	0.31954169	13897.009000	43639.370820	0.31845118	12712.517590	39896.192480	0.31863987	5.691970	5.691970	6.000890	6.013970	47.000
TF6	1000	2.00000	union	250	10450	3921	0.37521531	43458.435580	146200.336480	0.29725264	30618.989200	90879.974780	0.33691679	8.170820	9.781030	6.807160	7.407070	34.000
TF1	1000	2.00000	union	500	70628	50620	0.71671292	512792.149410	748892.355310	0.68473412	241423.640840	340958.187060	0.70807404	7.672290	8.142870	4.335990	4.379570	53.000
TF2	1000	2.00000	union	500	6278	1870	0.29786556	13584.667810	44961.055940	0.30214299	10375.495720	34600.647940	0.29986420	5.450965	5.276820	5.051325	4.971470	57.000
TF3	1000	2.00000	union	500	11811	1633	0.13826094	18455.394420	182691.121160	0.10101966	10341.919010	84559.577720	0.12230334	7.861190	10.155400	5.633580	6.063860	32.000
TF4	1000	2.00000	union	500	167935	138630	0.82549796	918767.126980	1137370.742430	0.80779916	556823.789730	679780.771310	0.81912260	5.709210	5.779580	3.774460	3.810840	79.000
TF5	1000	2.00000	union	500	6284	1678	0.26702737	11676.669660	43639.370820	0.26757191	10661.999200	39896.192480	0.26724353	5.691970	5.691970	6.072860	6.013970	47.000
TF6	1000	2.00000	union	500	10450	3445	0.32966507	37968.575210	146200.336480	0.25970238	26933.524380	90879.974780	0.29636369	8.170820	9.781030	6.847720	7.407070	34.000
TF1	1000	2.00000	rep1	0	70628	61924	0.87676276	644660.198430	748892.355310	0.86081824	297259.827930	340958.187060	0.87183660	7.865280	8.142870	4.359600	4.379570	53.000
TF2	1000	2.00000	rep1	0	6278	4142	0.65976426	28496.467110	44961.055940	0.63380333	22397.057900	34600.647940	0.64730169	5.076900	5.276820	4.899470	4.971470	57.000
TF3	1000	2.00000	rep1	0	11811	5395	0.45677758	71747.535690	182691.121160	0.39272590	35847.550380	84559.577720	0.42393247	8.564280	10.155400	5.633580	6.063860	32.000
TF4	1000	2.00000	rep1	0	167935	160657	0.95666180	1080016.145710	1137370.742430	0.94957265	648421.069800	679780.771310	0.95386792	5.777210	5.779580	3.802280	3.810840	79.000
TF5	1000	2.00000	rep1	0	6284	4411	0.70194144	30189.278340	43639.370820	0.69178995	27813.872300	39896.192480	0.69715606	5.691970	5.691970	5.959170	6.013970	47.000
TF6	1000	2.00000	rep1	0	10450	7589	0.72622010	96933.059060	146200.336480	0.66301529	63092.660320	90879.974780	0.69424161	8.998460	9.781030	7.198190	7.407070	34.000
TF1	1000	2.00000	rep1	250	70628	54279	0.76851957	552386.008940	748892.355310	0.73760402	258984.729360	340958.187060	0.75957915	7.689940	8.142870	4.335990	4.379570	53.000
TF2	1000	2.00000	rep1	250	6278	2390	0.38069449	16861.542200	44961.055940	0.37502549	13097.584940	34600.647940	0.37853583	5.234000	5.276820	4.968900	4.971470	57.000
TF3	1000	2.00000	rep1	250	11811	2814	0.23825248	33551.399990	182691.121160	0.18365096	18159.165550	84559.577720	0.21474996	7.984870	10.155400	5.616490	6.063860	32.000
TF4	1000	2.00000	rep1	250	167935	148170	0.88230565	985738.570200	1137370.742430	0.86668184	595738.203960	679780.771310	0.87636813	5.747010	5.779580	3.775790	3.810840	79.000
TF5	1000	2.00000	rep1	250	6284	2635	0.41931891	17970.872190	43639.370820	0.41180411	16582.724820	39896.192480	0.41564680	5.691970	5.691970	5.969400	6.013970	47.000
TF6	1000	2.00000	rep1	250	10450	4872	0.46622010	57229.996820	146200.336480	0.39144915	39189.992410	90879.974780	0.43122803	8.528690	9.781030	7.032660	7.407070	34.000
TF1	1000	2.00000	rep1	500	70628	52881	0.74872572	537575.804070	748892.355310	0.71782787	252365.116220	340958.187060	0.74016441	7.689940	8.142870	4.342260	4.379570	53.000
TF2	1000	2.00000	rep1	500	6278	2152	0.34278433	15497.935400	44961.055940	0.34469687	11899.151340	34600.647940	0.34389967	5.363505	5.276820	5.013530	4.971470	57.000
TF3	1000	2.00000	rep1	500	11811	2519	0.21327576	30518.855170	182691.121160	0.16705166	16443.893930	84559.577720	0.19446519	8.242470	10.155400	5.712200	6.063860	32.000
TF4	1000	2.00000	rep1	500	167935	143304	0.85333016	951030.475890	1137370.742430	0.83616576	575803.743530	679780.771310	0.84704329	5.744700	5.779580	3.775420	3.810840	79.000
TF5	1000	2.00000	rep1	500	6284	2255	0.35884787	15431.860510	43639.370820	0.35362243	14224.424560	39896.192480	0.35653589	5.691970	5.691970	6.043090	6.013970	47.000
TF6	1000	2.00000	rep1	500	10450	4374	0.41856459	51113.446900	146200.336480	0.34961238	35209.278320	90879.974780	0.38742615	8.528690	9.781030	7.054080	7.407070	34.000
TF1	1000	2.00000	rep2	0	70628	62343	0.88269525	649397.046020	748892.355310	0.86714338	299341.592150	340958.187060	0.87794223	7.875720	8.142870	4.364390	4.379570	53.000
TF2	1000	2.00000	rep2	0	6278	4227	0.67330360	29281.497960	44961.055940	0.65126357	22908.128450	34600.647940	0.66207224	5.104200	5.276820	4.899470	4.971470	57.000
TF3	1000	2.00000	rep2	0	11811	4836	0.40944882	61757.172520	182691.121160	0.33804146	31472.317640	84559.577720	0.37219105	7.985260	10.155400	5.510820	6.063860	32.000
TF4	1000	2.00000	rep2	0	167935	160981	0.95859112	1083577.731760	1137370.742430	0.95270407	650002.443230	679780.771310	0.95619422	5.777210	5.779580	3.805610	3.810840	79.000
TF5	1000	2.00000	rep2	0	6284	4055	0.64528962	27640.848930	43639.370820	0.63339247	25524.770510	39896.192480	0.63977961	5.691970	5.691970	5.931710	6.013970	47.000
TF6	1000	2.00000	rep2	0	10450	7131	0.68239234	88907.949090	146200.336480	0.60812411	58435.545570	90879.974780	0.64299694	8.888340	9.781030	7.101290	7.407070	34.000
TF1	1000	2.00000	rep2	250	70628	54816	0.77612278	560647.504630	748892.355310	0.74863564	262153.338800	340958.187060	0.76887240	7.751220	8.142870	4.349210	4.379570	53.000
TF2	1000	2.00000	rep2	250	6278	2450	0.39025167	17506.927990	44961.055940	0.38937982	13467.858730	34600.647940	0.38923718	5.337960	5.276820	5.007290	4.971470	57.000
TF3	1000	2.00000	rep2	250	11811	2212	0.18728304	25000.601670	182691.121160	0.13684629	13966.311360	84559.577720	0.16516534	7.787630	10.155400	5.594050	6.063860	32.000
TF4	1000	2.00000	rep2	250	167935	148265	0.88287135	989000.959250	1137370.742430	0.86955020	596763.903290	679780.771310	0.87787700	5.747170	5.779580	3.788300	3.810840	79.000
TF5	1000	2.00000	rep2	250	6284	2142	0.34086569	14850.044240	43639.370820	0.34029006	13572.218140	39896.192480	0.34018831	5.691970	5.691970	5.969400	6.013970	47.000
TF6	1000	2.00000	rep2	250	10450	4288	0.41033493	48030.922020	146200.336480	0.32852812	33632.048310	90879.974780	0.37007106	8.227495	9.781030	6.883000	7.407070	34.000
TF1	1000	2.00000	rep2	500	70628	53317	0.75489891	544632.069200	748892.355310	0.72725014	254996.637100	340958.187060	0.74788243	7.739770	8.142870	4.351960	4.379570	53.000
TF2	1000	2.00000	rep2	500	6278	2204	0.35106722	16072.335050	44961.055940	0.35747237	12231.511600	34600.647940	0.35350528	5.498650	5.276820	5.051325	4.971470	57.000
TF3	1000	2.00000	rep2	500	11811	1957	0.16569300	22742.168430	182691.121160	0.12448426	12574.630460	84559.577720	0.14870735	7.984870	10.155400	5.691200	6.063860	32.000
TF4	1000	2.00000	rep2	500	167935	142930	0.85110311	951470.154160	1137370.742430	0.83655234	574971.975980	679780.771310	0.84581971	5.747010	5.779580	3.782650	3.810840	79.000
TF5	1000	2.00000	rep2	500	6284	1796	0.28580522	12478.026500	43639.370820	0.28593507	11402.013670	39896.192480	0.28579203	5.691970	5.691970	6.072860	6.013970	47.000
TF6	1000	2.00000	rep2	500	10450	3799	0.36354067	42396.978610	146200.336480	0.28999235	29850.841370	90879.974780	0.32846445	8.290740	9.781030	6.926790	7.407070	34.000
TF1	1000	3.00000	union	0	66348	56358	0.84943028	614724.603940	738063.935890	0.83288801	278084.696800	329169.118310	0.84480798	8.286810	8.471810	4.463520	4.495670	51.000
TF2	1000	3.00000	union	0	5333	3197	0.59947497	24595.448360	42574.702740	0.57770100	18267.991830	31061.489720	0.58812349	5.783070	5.937180	5.173530	5.264420	51.000
TF3	1000	3.00000	union	0	11355	3955	0.34830471	52918.146330	181558.382890	0.29146628	26404.676970	82991.536120	0.31816108	8.564280	10.407600	5.641900	6.181410	31.000
TF4	1000	3.00000	union	0	149439	140961	0.94326782	1021632.513690	1091190.711900	0.93625477	592524.712210	629980.757500	0.94054414	6.268730	6.304960	3.960630	3.971560	76.000
TF5	1000	3.00000	union	0	5740	3488	0.60766551	25381.497200	42306.694560	0.59994045	22759.426950	37666.088010	0.60424186	5.840850	6.162720	6.072860	6.072860	44.000
TF6	1000	3.00000	union	0	10002	6351	0.63497301	81678.660120	145076.816900	0.56300284	53199.009240	89100.427840	0.59706794	9.200630	10.242700	7.235150	7.610270	33.000
TF1	1000	3.00000	union	250	66348	48827	0.73592271	521103.357180	738063.935890	0.70604094	239630.670500	329169.118310	0.72798649	8.230000	8.471810	4.445850	4.495670	51.000
TF2	1000	3.00000	union	250	5333	1788	0.33527095	14156.211840	42574.702740	0.33250289	10375.308640	31061.489720	0.33402482	6.087520	5.937180	5.301840	5.264420	51.000
TF3	1000	3.00000	union	250	11355	1755	0.15455746	20331.109540	181558.382890	0.11198111	11256.922730	82991.536120	0.13563941	7.984870	10.407600	5.669890	6.181410	31.000
TF4	1000	3.00000	union	250	149439	128014	0.85663046	918709.937700	1091190.711900	0.84193343	536291.477930	629980.757500	0.85128232	6.142160	6.304960	3.948040	3.971560	76.000
TF5	1000	3.00000	union	250	5740	1838	0.32020906	13487.985550	42306.694560	0.31881445	12025.308210	37666.088010	0.31926087	6.132170	6.162720	6.072860	6.072860	44.000
TF6	1000	3.00000	union	250	10002	3706	0.37052589	42923.153750	145076.816900	0.29586501	29758.819210	89100.427840	0.33399188	8.524640	10.242700	7.032660	7.610270	33.000
TF1	1000	3.00000	union	500	66348	47314	0.71311871	504415.993780	738063.935890	0.68343130	232257.379860	329169.118310	0.70558678	8.230000	8.471810	4.451140	4.495670	51.000
TF2	1000	3.00000	union	500	5333	1606	0.30114382	12909.207470	42574.702740	0.30321310	9391.025210	31061.489720	0.30233660	6.243805	5.937180	5.326060	5.264420	51.000
TF3	1000	3.00000	union	500	11355	1540	0.13562307	18228.734830	181558.382890	0.10040150	10013.260150	82991.536120	0.12065399	8.290960	10.407600	5.763600	6.181410	31.000
TF4	1000	3.00000	union	500	149439	122755	0.82143885	879137.818760	1091190.711900	0.80566835	514020.859590	629980.757500	0.81593105	6.110720	6.304960	3.948040	3.971560	76.000
TF5	1000	3.00000	union	500	5740	1538	0.26794425	11337.467120	42306.694560	0.26798282	10097.221110	37666.088010	0.26807194	6.162720	6.162720	6.072860	6.072860	44.000
TF6	1000	3.00000	union	500	10002	3258	0.32573485	37493.791330	145076.816900	0.25844096	26179.986050	89100.427840	0.29382559	8.502070	10.242700	7.058985	7.610270	33.000
TF1	1000	3.00000	rep1	0	66348	57954	0.87348526	634618.553180	738063.935890	0.85984225	286302.353760	329169.118310	0.86977282	8.311360	8.471810	4.468050	4.495670	51.000
TF2	1000	3.00000	rep1	0	5333	3460	0.64879055	26785.151380	42574.702740	0.62913302	19850.156370	31061.489720	0.63906002	5.832040	5.937180	5.198190	5.264420	51.000
TF3	1000	3.00000	rep1	0	11355	5095	0.44870101	71012.605210	181558.382890	0.39112821	34812.257560	82991.536120	0.41946756	8.936920	10.407600	5.792360	6.181410	31.000
TF4	1000	3.00000	rep1	0	149439	142700	0.95490468	1035213.069750	1091190.711900	0.94870040	600067.168690	629980.757500	0.95251666	6.270930	6.304960	3.960630	3.971560	76.000
TF5	1000	3.00000	rep1	0	5740	3996	0.69616725	29177.085930	42306.694560	0.68965648	26112.266290	37666.088010	0.69325666	5.969390	6.162720	6.072860	6.072860	44.000
TF6	1000	3.00000	rep1	0	10002	7217	0.72155569	96001.528000	145076.816900	0.66172894	61609.900630	89100.427840	0.69146582	9.496750	10.242700	7.362160	7.610270	33.000
TF1	1000	3.00000	rep1	250	66348	50753	0.76495147	543461.267770	738063.935890	0.73633359	249221.088950	329169.118310	0.75712172	8.240150	8.471810	4.451140	4.495670	51.000
TF2	1000	3.00000	rep1	250	5333	2011	0.37708607	15910.444580	42574.702740	0.37370653	11679.969600	31061.489720	0.37602735	6.092060	5.937180	5.308330	5.264420	51.000
TF3	1000	3.00000	rep1	250	11355	2649	0.23328930	33150.189650	181558.382890	0.18258694	17581.511570	82991.536120	0.21184704	8.531430	10.407600	5.778080	6.181410	31.000
TF4	1000	3.00000	rep1	250	149439	131329	0.87881343	943742.174760	1091190.711900	0.86487372	550369.367160	629980.757500	0.87362885	6.169740	6.304960	3.949000	3.971560	76.000
TF5	1000	3.00000	rep1	250	5740	2397	0.41759582	17392.833350	42306.694560	0.41111303	15612.348850	37666.088010	0.41449351	6.058540	6.162720	6.072860	6.072860	44.000
TF6	1000	3.00000	rep1	250	10002	4627	0.46260748	56617.091270	145076.816900	0.39025595	38208.765420	89100.427840	0.42882808	8.914190	10.242700	7.198190	7.610270	33.000
TF1	1000	3.00000	rep1	500	66348	49449	0.74529752	528876.183750	738063.935890	0.71657232	242853.864520	329169.118310	0.73777840	8.239490	8.471810	4.453840	4.495670	51.000
TF2	1000	3.00000	rep1	500	5333	1819	0.34108382	14646.450400	42574.702740	0.34401768	10649.911320	31061.489720	0.34286544	6.260440	5.937180	5.340570	5.264420	51.000
TF3	1000	3.00000	rep1	500	11355	2384	0.20995156	30183.329480	181558.382890	0.16624586	15964.322960	82991.536120	0.19236086	8.607500	10.407600	5.808400	6.181410	31.000
TF4	1000	3.00000	rep1	500	149439	126954	0.84953727	910223.729380	1091190.711900	0.83415641	531736.128150	629980.757500	0.84405138	6.117770	6.304960	3.948040	3.971560	76.000
TF5	1000	3.00000	rep1	500	5740	2052	0.35749129	14937.658660	42306.694560	0.35308026	13399.176680	37666.088010	0.35573582	6.132170	6.162720	6.072860	6.072860	44.000
TF6	1000	3.00000	rep1	500	10002	4155	0.41541692	50555.071730	145076.816900	0.34847106	34325.654740	89100.427840	0.38524680	8.937940	10.242700	7.203790	7.610270	33.000
TF1	1000	3.00000	rep2	0	66348	58371	0.87977030	639351.263060	738063.935890	0.86625458	288377.516330	329169.118310	0.87607707	8.323570	8.471810	4.476510	4.495670	51.000
TF2	1000	3.00000	rep2	0	5333	3545	0.66472905	27573.119040	42574.702740	0.64764091	20364.433360	31061.489720	0.65561676	5.832040	5.937180	5.188990	5.264420	51.000
TF3	1000	3.00000	rep2	0	11355	4546	0.40035227	61048.500560	181558.382890	0.33624721	30472.895250	82991.536120	0.36718076	8.601455	10.407600	5.679080	6.181410	31.000
TF4	1000	3.00000	rep2	0	149439	142984	0.95680512	1038669.300430	1091190.711900	0.95186780	601545.843990	629980.757500	0.95486384	6.284760	6.304960	3.960630	3.971560	76.000
TF5	1000	3.00000	rep2	0	5740	3672	0.63972125	26708.258990	42306.694560	0.63130101	23955.389260	37666.088010	0.63599356	5.840850	6.162720	6.072860	6.072860	44.000
TF6	1000	3.00000	rep2	0	10002	6760	0.67586483	87978.045120	145076.816900	0.60642387	56956.842110	89100.427840	0.63924319	9.295340	10.242700	7.255320	7.610270	33.000
TF1	1000	3.00000	rep2	250	66348	51290	0.77304516	551719.469380	738063.935890	0.74752260	252388.006790	329169.118310	0.76674266	8.265000	8.471810	4.453840	4.495670	51.000
TF2	1000	3.00000	rep2	250	5333	2090	0.39189949	16612.224050	42574.702740	0.39019002	12134.434740	31061.489720	0.39065849	6.124160	5.937180	5.294610	5.264420	51.000
TF3	1000	3.00000	rep2	250	11355	2080	0.18317922	24688.000660	181558.382890	0.13597830	13508.300920	82991.536120	0.16276721	8.219835	10.407600	5.720210	6.181410	31.000
TF4	1000	3.00000	rep2	250	149439	131465	0.87972350	947100.100480	1091190.711900	0.86795103	551503.898220	629980.757500	0.87542975	6.225360	6.304960	3.949000	3.971560	76.000
TF5	1000	3.00000	rep2	250	5740	1957	0.34094077	14402.867490	42306.694560	0.34043944	12821.326900	37666.088010	0.34039444	6.132170	6.162720	6.072860	6.072860	44.000
TF6	1000	3.00000	rep2	250	10002	4059	0.40581884	47457.891210	145076.816900	0.32712250	32714.761930	89100.427840	0.36716728	8.607130	10.242700	7.061810	7.610270	33.000
TF1	1000	3.00000	rep2	500	66348	49897	0.75204980	535964.223080	738063.935890	0.72617587	245520.211600	329169.118310	0.74587863	8.264800	8.471810	4.453840	4.495670	51.000
TF2	1000	3.00000	rep2	500	5333	1897	0.35570973	15292.623810	42574.702740	0.35919508	11092.475860	31061.489720	0.35711345	6.290000	5.937180	5.315300	5.264420	51.000
TF3	1000	3.00000	rep2	500	11355	1853	0.16318802	22489.503780	181558.382890	0.12386927	12208.060080	82991.536120	0.14710006	8.451670	10.407600	5.805680	6.181410	31.000
TF4	1000	3.00000	rep2	500	149439	126678	0.84769036	910898.668580	1091190.711900	0.83477495	531168.288520	629980.757500	0.84315002	6.194660	6.304960	3.949000	3.971560	76.000
TF5	1000	3.00000	rep2	500	5740	1642	0.28606272	12104.447980	42306.694560	0.28611188	10778.467530	37666.088010	0.28615840	6.162720	6.162720	6.072860	6.072860	44.000
TF6	1000	3.00000	rep2	500	10002	3594	0.35932813	41873.715700	145076.816900	0.28863134	29023.541870	89100.427840	0.32573965	8.607970	10.242700	7.100625	7.610270	33.000
