bam_url	https://encode-public.s3.amazonaws.com/2020/09/22/314231ff-14e5-46d0-9141-b585faa90189/ENCFF875DPQ.bam
mapq30_mapped_alignments	79145977
rank	chrom	start	end	track_value	expected_count_from_total	observed_count	delta
1	chr15	75450000	75460000	307.646	24349	19840	-4509
2	chr16	30650000	30660000	280.534	22203	16783	-5420
3	chr16	22190000	22200000	270.728	21427	16996	-4431
4	chr19	5900000	5910000	257.001	20341	12538	-7803
5	chr17	8150000	8160000	250.289	19809	14342	-5467
6	chr7	100420000	100430000	240.299	19019	12017	-7002
7	chr7	105010000	105020000	231.554	18327	10301	-8026
8	chr19	55650000	55660000	230.912	18276	11141	-7135
9	chr16	30370000	30380000	230.597	18251	13518	-4733
10	chr10	74820000	74830000	230.086	18210	9794	-8416
11	chrX	310000	320000	228.316	18070	10219	-7851
12	chr19	54190000	54200000	226.376	17917	12056	-5861
13	chr1	15520000	15530000	215.14	17027	15043	-1984
14	chr19	41260000	41270000	214.957	17013	9655	-7358
15	chr19	12790000	12800000	211.142	16711	11826	-4885
16	chr13	110710000	110720000	206.933	16378	11066	-5312
17	chr6	41070000	41080000	206.356	16332	11074	-5258
18	chr19	39400000	39410000	205.098	16233	11977	-4256
19	chr19	49870000	49880000	204.862	16214	11810	-4404
20	chr19	47510000	47520000	204.101	16154	10506	-5648
21	chr19	42260000	42270000	204.075	16152	9385	-6767
22	chr19	55330000	55340000	200.024	15831	8559	-7272
23	chr19	38850000	38860000	198.175	15685	10107	-5578
24	chr17	28950000	28960000	194.609	15403	8344	-7059
25	chr19	35740000	35750000	194.203	15370	12658	-2712
26	chr19	49640000	49650000	189.234	14977	12215	-2762
27	chr6	33410000	33420000	189.09	14966	11243	-3723
28	chr19	18520000	18530000	187.045	14804	10231	-4573
29	chr3	120090000	120100000	186.966	14798	9128	-5670
30	chr11	66310000	66320000	185.943	14717	4820	-9897
31	chr19	58570000	58580000	185.786	14704	11351	-3353
32	chr11	65610000	65620000	185.354	14670	10369	-4301
33	chr17	7300000	7310000	182.653	14456	8986	-5470
34	chr1	30710000	30720000	182.64	14455	10644	-3811
35	chr3	9390000	9400000	181.84	14392	9961	-4431
36	chr17	7840000	7850000	181.066	14331	10591	-3740
37	chr19	7920000	7930000	180.922	14319	9592	-4727
38	chr19	48630000	48640000	177.278	14031	8334	-5697
39	chr1	58780000	58790000	177.186	14024	6171	-7853
40	chr2	96530000	96540000	176.452	13965	8019	-5946
41	chr11	64770000	64780000	176.242	13949	8050	-5899
42	chr16	30920000	30930000	172.191	13628	10129	-3499
43	chr5	176530000	176540000	170.801	13518	8301	-5217
44	chr2	231700000	231710000	170.316	13480	9802	-3678
45	chr11	65110000	65120000	170.185	13469	11856	-1613
46	chr20	35610000	35620000	169.254	13396	8973	-4423
47	chr4	102820000	102830000	167.825	13283	8146	-5137
48	chr2	30140000	30150000	167.681	13271	5922	-7349
49	chr19	44890000	44900000	167.183	13232	9154	-4078
50	chr6	142940000	142950000	167.038	13220	8209	-5011
51	chr18	50280000	50290000	166.907	13210	7843	-5367
52	chr2	240560000	240570000	166.737	13197	12165	-1032
53	chr19	10560000	10570000	166.134	13149	10595	-2554
54	chr7	21420000	21430000	165.242	13078	7797	-5281
55	chr2	44160000	44170000	164.534	13022	7871	-5151
56	chr12	6850000	6860000	163.236	12919	9012	-3907
57	chr17	58510000	58520000	162.607	12870	10190	-2680
58	chr11	690000	700000	162.384	12852	8364	-4488
59	chr14	105490000	105500000	162.293	12845	8821	-4024
60	chr6	26020000	26030000	161.991	12821	6590	-6231
61	chr11	64240000	64250000	161.755	12802	13504	702
62	chr10	102390000	102400000	161.178	12757	9745	-3012
63	chr11	64300000	64310000	161.126	12752	12158	-594
64	chr19	54130000	54140000	161.047	12746	7621	-5125
65	chr22	38700000	38710000	160.719	12720	7629	-5091
66	chr9	136480000	136490000	157.809	12490	10335	-2155
67	chr19	14000000	14010000	157.691	12481	8817	-3664
68	chr6	89080000	89090000	156.747	12406	8406	-4000
69	chr6	30610000	30620000	155.737	12326	6688	-5638
70	chr11	123060000	123070000	154.479	12226	8708	-3518
71	chr21	33640000	33650000	154.374	12218	9446	-2772
72	chr14	24110000	24120000	154.046	12192	7060	-5132
73	chr19	10650000	10660000	153.902	12181	6823	-5358
74	chr9	79570000	79580000	153.705	12165	6879	-5286
75	chr10	132530000	132540000	153.509	12150	7505	-4645
