bam_url	https://encode-public.s3.amazonaws.com/2020/09/24/521cac46-30b9-4ec8-84c8-34acde200a82/ENCFF288WLP.bam
mapq30_mapped_alignments	64219586
rank	chrom	start	end	track_value	expected_count_from_total	observed_count	delta
1	chr15	75450000	75460000	307.646	19757	19100	-657
2	chr16	30650000	30660000	280.534	18016	16982	-1034
3	chr16	22190000	22200000	270.728	17386	17075	-311
4	chr19	5900000	5910000	257.001	16504	14662	-1842
5	chr17	8150000	8160000	250.289	16073	15658	-415
6	chr7	100420000	100430000	240.299	15432	15068	-364
7	chr7	105010000	105020000	231.554	14870	12792	-2078
8	chr19	55650000	55660000	230.912	14829	14720	-109
9	chr16	30370000	30380000	230.597	14809	14402	-407
10	chr10	74820000	74830000	230.086	14776	14537	-239
11	chrX	310000	320000	228.316	14662	14826	164
12	chr19	54190000	54200000	226.376	14538	13784	-754
13	chr1	15520000	15530000	215.14	13816	14144	328
14	chr19	41260000	41270000	214.957	13804	13094	-710
15	chr19	12790000	12800000	211.142	13559	10756	-2803
16	chr13	110710000	110720000	206.933	13289	12110	-1179
17	chr6	41070000	41080000	206.356	13252	12722	-530
18	chr19	39400000	39410000	205.098	13171	12073	-1098
19	chr19	49870000	49880000	204.862	13156	12398	-758
20	chr19	47510000	47520000	204.101	13107	12251	-856
21	chr19	42260000	42270000	204.075	13106	13186	80
22	chr19	55330000	55340000	200.024	12845	12073	-772
23	chr19	38850000	38860000	198.175	12727	12930	203
24	chr17	28950000	28960000	194.609	12498	11365	-1133
25	chr19	35740000	35750000	194.203	12472	12795	323
26	chr19	49640000	49650000	189.234	12153	11891	-262
27	chr6	33410000	33420000	189.09	12143	12521	378
28	chr19	18520000	18530000	187.045	12012	11476	-536
29	chr3	120090000	120100000	186.966	12007	11524	-483
30	chr11	66310000	66320000	185.943	11941	11998	57
31	chr19	58570000	58580000	185.786	11931	12437	506
32	chr11	65610000	65620000	185.354	11903	10788	-1115
33	chr17	7300000	7310000	182.653	11730	10469	-1261
34	chr1	30710000	30720000	182.64	11729	11466	-263
35	chr3	9390000	9400000	181.84	11678	10370	-1308
36	chr17	7840000	7850000	181.066	11628	11634	6
37	chr19	7920000	7930000	180.922	11619	12104	485
38	chr19	48630000	48640000	177.278	11385	10326	-1059
39	chr1	58780000	58790000	177.186	11379	11175	-204
40	chr2	96530000	96540000	176.452	11332	10836	-496
41	chr11	64770000	64780000	176.242	11318	11188	-130
42	chr16	30920000	30930000	172.191	11058	11790	732
43	chr5	176530000	176540000	170.801	10969	10517	-452
44	chr2	231700000	231710000	170.316	10938	10779	-159
45	chr11	65110000	65120000	170.185	10929	10854	-75
46	chr20	35610000	35620000	169.254	10869	10266	-603
47	chr4	102820000	102830000	167.825	10778	10476	-302
48	chr2	30140000	30150000	167.681	10768	10432	-336
49	chr19	44890000	44900000	167.183	10736	9510	-1226
50	chr6	142940000	142950000	167.038	10727	9168	-1559
51	chr18	50280000	50290000	166.907	10719	10248	-471
52	chr2	240560000	240570000	166.737	10708	10271	-437
53	chr19	10560000	10570000	166.134	10669	10018	-651
54	chr7	21420000	21430000	165.242	10612	9869	-743
55	chr2	44160000	44170000	164.534	10566	11244	678
56	chr12	6850000	6860000	163.236	10483	10310	-173
57	chr17	58510000	58520000	162.607	10443	9945	-498
58	chr11	690000	700000	162.384	10428	8670	-1758
59	chr14	105490000	105500000	162.293	10422	9060	-1362
60	chr6	26020000	26030000	161.991	10403	9252	-1151
61	chr11	64240000	64250000	161.755	10388	10698	310
62	chr10	102390000	102400000	161.178	10351	9175	-1176
63	chr11	64300000	64310000	161.126	10347	9624	-723
64	chr19	54130000	54140000	161.047	10342	9316	-1026
65	chr22	38700000	38710000	160.719	10321	11124	803
66	chr9	136480000	136490000	157.809	10134	9918	-216
67	chr19	14000000	14010000	157.691	10127	9682	-445
68	chr6	89080000	89090000	156.747	10066	8206	-1860
69	chr6	30610000	30620000	155.737	10001	9173	-828
70	chr11	123060000	123070000	154.479	9921	8999	-922
71	chr21	33640000	33650000	154.374	9914	9627	-287
72	chr14	24110000	24120000	154.046	9893	8540	-1353
73	chr19	10650000	10660000	153.902	9884	9510	-374
74	chr9	79570000	79580000	153.705	9871	8898	-973
75	chr10	132530000	132540000	153.509	9858	8704	-1154
