266490
278266
215708
181751
333814
578225
1517344
195165
288272
592958
424703
370667
385881
413648
287455
198500
1474443
598104
454024
1055860
1438442
1403705
205420
1180565
367947
567980
1146553
460190
457155
243306
260289
1415395
1074025
776335
770439
204180
1076758
204332
384059
212369
242957
618431
341755
1760949
308756
1178524
494726
1732722
278752
442831
723770
270590
190204
1493409
407993
363724
187743
501216
595896
939399
231063
442819
292874
836776
193892
273683
927396
239718
1612818
307090
427368
432833
299699
443714
1639410
219896
372878
351753
393744
222435
945093
306858
1091041
1245441
913030
337447
306155
692704
609048
894427
1072906
1460630
567061
435905
1446032
868781
774569
639690
336738
938563
831076
347201
579371
1301929
1428119
1574508
1315178
1286276
911178
556000
334179
680328
610206
204511
198718
855171
947916
947633
420400
208546
234919
681908
1051744
314121
587714
750673
992835
483827
383963
346057
688248
245338
685256
1319991
521700
1223427
1055638
393175
1494334
356947
326687
260194
628822
250728
851511
566467
1649997
284621
936291
233456
223420
318540
693012
301670
218633
298919
1201290
447813
943967
1198414
1717786
1061362
1029809
194780
187020
926581
793641
446491
261716
244417
871535
441179
199589
332283
1171941
317345
1434007
222436
1369519
470184
373101
566247
218566
1150642
893580
766142
575640
303632
1707430
1372242
541405
636817
1103704
1015501
1500249
225646
337882
285271
828580
1740220
