8.000000
14.333333
10.666667
12.333333
8.000000
6.666667
2.000000
13.000000
8.666667
6.000000
9.333333
8.666667
6.333333
8.000000
7.666667
8.333333
2.333333
6.333333
7.333333
2.000000
1.000000
2.333333
10.333333
1.666667
4.666667
5.000000
2.666667
3.000000
8.666667
6.000000
11.333333
2.000000
1.000000
2.666667
3.000000
6.666667
4.000000
13.000000
6.666667
10.666667
7.000000
5.333333
4.333333
0.666667
7.333333
1.666667
5.333333
2.333333
10.000000
6.666667
1.000000
5.666667
14.000000
0.666667
6.333333
6.666667
7.333333
3.666667
2.666667
4.666667
16.000000
4.333333
7.666667
2.000000
13.000000
9.666667
4.333333
11.666667
2.333333
6.000000
8.333333
6.666667
8.666667
4.333333
1.000000
9.333333
6.666667
6.333333
5.666667
8.000000
1.333333
7.333333
2.000000
0.666667
4.000000
6.000000
9.000000
5.000000
4.000000
2.333333
3.333333
3.333333
7.000000
7.000000
0.666667
4.333333
5.000000
3.666667
9.000000
2.000000
2.666667
8.666667
6.000000
0.333333
1.333333
1.333333
1.666667
3.000000
4.333333
3.666667
4.666667
3.000000
4.666667
7.000000
15.333333
2.666667
2.000000
2.333333
6.333333
9.000000
6.666667
2.666667
3.333333
7.333333
2.333333
0.666667
5.000000
7.000000
4.666667
7.666667
1.666667
4.666667
4.333333
1.666667
4.000000
1.333333
1.000000
5.666667
2.000000
7.333333
6.666667
10.666667
3.666667
6.666667
2.666667
3.666667
1.000000
7.333333
1.666667
6.333333
8.666667
8.000000
3.666667
5.333333
12.333333
11.333333
2.333333
2.666667
3.666667
3.000000
1.666667
1.666667
1.000000
14.666667
8.000000
2.333333
2.333333
7.000000
6.333333
5.666667
3.333333
4.333333
14.666667
7.666667
3.000000
5.333333
1.666667
10.666667
0.666667
6.333333
8.666667
5.333333
11.666667
3.666667
3.666667
4.666667
3.000000
4.333333
1.666667
2.333333
4.666667
3.333333
1.333333
2.666667
3.333333
10.333333
9.000000
9.000000
3.000000
1.333333
