snp-dists 1.2.0	SAMPLE_105	SAMPLE_175	SAMPLE_146	SAMPLE_176	SAMPLE_093	SAMPLE_205	SAMPLE_157	SAMPLE_071	SAMPLE_151	SAMPLE_174	SAMPLE_088	SAMPLE_044	SAMPLE_007	SAMPLE_148	SAMPLE_202	SAMPLE_097	SAMPLE_145	SAMPLE_121	SAMPLE_034	SAMPLE_014	SAMPLE_183	SAMPLE_087	SAMPLE_069	SAMPLE_061	SAMPLE_160	SAMPLE_108	SAMPLE_066	SAMPLE_133	SAMPLE_127	SAMPLE_008	SAMPLE_026	SAMPLE_073	SAMPLE_167	SAMPLE_173	SAMPLE_086	SAMPLE_085	SAMPLE_009	SAMPLE_156	SAMPLE_006	SAMPLE_070	SAMPLE_113	SAMPLE_043	SAMPLE_119	SAMPLE_126	SAMPLE_204	SAMPLE_112	SAMPLE_052	SAMPLE_107	SAMPLE_139	SAMPLE_115	SAMPLE_018	SAMPLE_072	SAMPLE_166	SAMPLE_020	SAMPLE_172	SAMPLE_101	SAMPLE_186	SAMPLE_094	SAMPLE_178	SAMPLE_082	SAMPLE_117	SAMPLE_118	SAMPLE_131	SAMPLE_031	SAMPLE_182	SAMPLE_046	SAMPLE_067	SAMPLE_084	SAMPLE_142	SAMPLE_161	SAMPLE_136	SAMPLE_050	SAMPLE_132	SAMPLE_197	SAMPLE_124	SAMPLE_065	SAMPLE_064	SAMPLE_188	SAMPLE_177	SAMPLE_171	SAMPLE_170	SAMPLE_048	SAMPLE_039	SAMPLE_150	SAMPLE_075	SAMPLE_154	SAMPLE_102	SAMPLE_109	SAMPLE_155	SAMPLE_012	SAMPLE_143	SAMPLE_047	SAMPLE_027	SAMPLE_116	SAMPLE_037	SAMPLE_074	SAMPLE_192	SAMPLE_111	SAMPLE_010	SAMPLE_147	SAMPLE_059	SAMPLE_022	SAMPLE_153	SAMPLE_163	SAMPLE_057	SAMPLE_036	SAMPLE_137	SAMPLE_081	SAMPLE_024	SAMPLE_200	SAMPLE_040	SAMPLE_090	SAMPLE_080	SAMPLE_152	SAMPLE_168	SAMPLE_130	SAMPLE_091	SAMPLE_004	SAMPLE_092	SAMPLE_193	SAMPLE_096	SAMPLE_078	SAMPLE_032	SAMPLE_035	SAMPLE_149	SAMPLE_013	SAMPLE_030	SAMPLE_049	SAMPLE_076	SAMPLE_123	SAMPLE_055	SAMPLE_164	SAMPLE_017	SAMPLE_053	SAMPLE_099	SAMPLE_051	SAMPLE_054	SAMPLE_120	SAMPLE_028	SAMPLE_140	SAMPLE_135	SAMPLE_058	SAMPLE_187	SAMPLE_199	SAMPLE_019	SAMPLE_005	SAMPLE_089	SAMPLE_181	SAMPLE_190	SAMPLE_079	SAMPLE_083	SAMPLE_077	SAMPLE_189	SAMPLE_128	SAMPLE_033	SAMPLE_138	SAMPLE_106	SAMPLE_162	SAMPLE_029	SAMPLE_203	SAMPLE_016	SAMPLE_060	SAMPLE_201	SAMPLE_056	SAMPLE_184	SAMPLE_100	SAMPLE_144	SAMPLE_158	SAMPLE_021	SAMPLE_114	SAMPLE_003	SAMPLE_104	SAMPLE_122	SAMPLE_191	SAMPLE_002	SAMPLE_110	SAMPLE_062	SAMPLE_179	SAMPLE_041	SAMPLE_095	SAMPLE_141	SAMPLE_194	SAMPLE_038	SAMPLE_098	SAMPLE_063	SAMPLE_103	SAMPLE_159	SAMPLE_045	SAMPLE_169	SAMPLE_042	SAMPLE_165	SAMPLE_011	SAMPLE_015	SAMPLE_023	SAMPLE_129	SAMPLE_068	SAMPLE_001	SAMPLE_195	SAMPLE_185	SAMPLE_198	SAMPLE_196	SAMPLE_125	SAMPLE_180	SAMPLE_025	SAMPLE_134
SAMPLE_105	0
SAMPLE_175	680	0
SAMPLE_146	674	743	0
SAMPLE_176	674	772	613	0
SAMPLE_093	662	601	748	736	0
SAMPLE_205	718	789	667	598	741	0
SAMPLE_157	750	736	634	700	723	628	0
SAMPLE_071	656	734	604	611	729	566	695	0
SAMPLE_151	769	670	755	745	720	813	721	672	0
SAMPLE_174	701	801	544	578	708	611	680	605	750	0
SAMPLE_088	739	773	637	598	715	563	711	616	801	676	0
SAMPLE_044	694	810	719	711	759	603	776	619	775	653	643	0
SAMPLE_007	641	744	612	588	726	671	652	630	737	666	602	672	0
SAMPLE_148	761	810	681	624	831	599	720	647	738	575	609	745	743	0
SAMPLE_202	751	831	650	532	784	629	741	581	730	601	560	692	616	620	0
SAMPLE_097	703	749	581	481	801	642	667	558	717	588	620	637	579	653	631	0
SAMPLE_145	707	711	623	687	736	671	709	644	716	672	633	804	671	628	620	649	0
SAMPLE_121	741	775	765	804	672	707	713	742	824	718	739	767	714	766	803	817	740	0
SAMPLE_034	727	753	641	505	762	509	711	583	758	663	602	695	654	675	628	495	676	777	0
SAMPLE_014	763	763	600	712	791	604	753	666	831	641	671	701	634	711	629	672	615	739	615	0
SAMPLE_183	771	780	640	650	779	602	690	537	721	642	625	686	719	646	640	601	620	731	554	626	0
SAMPLE_087	703	753	639	642	704	611	735	510	687	658	551	701	689	656	535	598	550	799	611	640	513	0
SAMPLE_069	742	709	690	715	780	650	666	632	660	680	637	728	655	671	701	677	644	730	712	726	697	628	0
SAMPLE_061	674	722	639	565	697	585	698	523	695	543	650	667	645	639	609	532	635	742	611	585	627	552	689	0
SAMPLE_160	696	765	727	631	697	612	708	587	734	720	635	697	679	635	688	667	679	784	657	771	701	707	694	657	0
SAMPLE_108	767	703	714	694	706	764	752	664	637	767	672	746	685	786	745	688	674	745	668	757	665	662	636	684	728	0
SAMPLE_066	674	758	635	637	778	557	690	508	743	628	609	687	624	637	677	562	685	788	625	670	671	589	678	589	654	722	0
SAMPLE_133	714	793	764	724	668	651	651	701	810	664	715	713	681	758	774	710	765	696	711	717	693	717	733	671	693	721	766	0
SAMPLE_127	702	791	649	631	776	634	701	506	747	651	613	636	592	689	615	589	668	743	635	647	656	575	664	600	671	692	581	703	0
SAMPLE_008	750	753	745	660	734	682	752	630	656	733	709	668	708	704	733	614	704	808	689	740	700	674	651	660	595	743	636	713	711	0
SAMPLE_026	728	765	711	626	649	642	744	610	777	636	632	681	660	716	651	591	720	742	665	739	758	623	671	660	637	681	627	694	669	687	0
SAMPLE_073	713	655	695	603	714	709	716	676	687	636	681	791	686	652	701	640	631	782	668	716	683	670	638	649	722	706	767	762	716	710	721	0
SAMPLE_167	689	770	571	597	730	621	665	452	661	606	620	643	579	704	615	523	686	812	556	591	569	615	686	500	681	650	608	665	643	655	682	604	0
SAMPLE_173	725	730	604	677	668	800	768	596	662	702	737	752	657	697	718	723	643	767	641	701	677	696	752	696	732	628	656	793	659	711	703	727	668	0
SAMPLE_086	671	656	644	696	696	716	694	674	708	694	687	701	645	787	768	655	701	798	682	714	675	706	601	645	734	582	712	684	646	743	706	678	558	705	0
SAMPLE_085	721	799	687	554	739	647	693	670	755	642	565	663	598	725	670	566	713	788	580	695	693	602	669	601	708	680	562	713	549	652	636	713	622	689	649	0
SAMPLE_009	600	710	665	594	695	587	710	510	690	569	579	545	644	725	671	576	681	740	584	698	611	579	600	587	647	638	566	721	536	655	631	634	567	673	600	532	0
SAMPLE_156	766	715	655	648	717	593	692	558	751	645	646	706	627	661	673	563	650	788	628	673	665	651	672	613	620	751	502	714	622	689	576	701	626	678	685	625	620	0
SAMPLE_006	685	765	697	556	726	697	728	567	627	621	670	734	641	712	622	595	695	771	588	659	640	589	656	617	716	724	563	719	654	649	677	679	587	624	679	543	556	630	0
SAMPLE_070	724	722	620	619	727	664	722	621	728	616	595	659	643	705	638	549	654	827	659	685	653	538	666	589	709	650	670	725	641	657	582	659	605	681	646	618	629	647	667	0
SAMPLE_113	695	751	699	694	695	716	686	680	654	686	721	780	661	786	720	682	747	692	654	699	644	667	658	663	737	578	733	725	646	752	802	608	645	679	624	692	607	804	644	638	0
SAMPLE_043	645	764	581	600	745	636	741	501	723	597	664	646	540	688	555	543	676	760	598	588	565	611	757	572	713	754	571	719	610	660	694	766	552	645	684	669	651	574	578	626	738	0
SAMPLE_119	719	802	651	539	735	648	675	556	662	676	591	737	693	675	578	585	704	748	672	755	631	508	633	616	679	690	539	765	637	687	608	716	601	685	699	550	564	591	558	579	667	582	0
SAMPLE_126	669	729	602	607	660	578	679	505	714	525	669	669	562	640	628	653	650	778	670	622	648	592	623	566	595	726	563	675	579	634	627	674	565	645	686	619	552	595	621	704	721	671	662	0
SAMPLE_204	737	833	654	567	773	592	706	600	670	568	640	737	695	634	545	556	659	787	528	651	611	568	707	565	694	702	599	691	619	710	662	657	539	713	666	613	624	640	595	625	660	604	539	662	0
SAMPLE_112	742	703	638	761	794	689	716	674	776	687	744	803	709	690	747	722	564	789	642	469	687	709	706	664	775	669	672	789	717	747	740	759	702	672	741	721	733	688	753	738	771	708	768	649	771	0
SAMPLE_052	692	773	553	561	756	664	692	539	695	619	577	642	603	607	692	483	665	765	562	636	575	583	686	500	601	650	555	696	589	599	673	641	426	655	664	598	608	621	616	639	650	557	644	546	623	693	0
SAMPLE_107	661	708	615	695	639	708	688	702	666	657	687	730	583	744	725	710	667	738	730	681	715	699	694	664	765	658	689	704	677	696	719	679	662	645	644	673	699	645	637	672	649	639	697	672	682	691	693	0
SAMPLE_139	702	772	631	640	766	551	689	520	704	582	651	676	757	730	622	558	607	777	644	676	580	539	608	655	649	662	614	681	597	650	619	655	573	719	628	599	491	630	556	601	656	626	589	607	550	724	622	738	0
SAMPLE_115	683	747	740	678	688	721	731	704	756	694	745	762	725	701	755	733	699	714	669	731	727	724	671	701	720	667	749	730	811	752	631	674	735	671	676	721	707	749	717	674	673	738	734	740	744	688	729	763	695	0
SAMPLE_018	756	759	813	678	713	680	670	636	668	717	709	704	723	753	738	703	754	837	631	773	707	654	700	667	686	708	672	716	712	635	696	711	619	713	721	647	625	663	678	682	702	711	605	706	659	787	689	691	679	753	0
SAMPLE_072	734	764	745	734	718	746	709	761	767	698	791	783	721	705	803	790	816	704	742	791	775	770	740	692	720	824	711	659	790	740	715	676	722	731	752	739	729	690	723	759	795	795	734	683	753	791	707	696	793	710	739	0
SAMPLE_166	752	777	690	583	767	611	718	610	721	682	675	699	689	679	690	595	714	769	530	766	641	658	730	625	687	743	669	744	649	725	675	734	607	727	710	594	577	715	662	730	689	733	631	674	568	746	669	754	634	683	680	736	0
SAMPLE_020	706	432	750	760	621	778	763	699	724	786	777	751	763	806	798	724	661	790	795	769	768	738	727	751	771	690	771	773	716	719	702	661	747	737	689	789	729	717	766	710	762	765	798	751	825	738	764	679	724	688	778	781	750	0
SAMPLE_172	695	793	661	688	749	723	747	687	761	695	759	764	697	701	771	665	718	803	685	700	736	756	749	707	708	763	686	759	757	740	716	673	638	684	733	742	761	664	755	687	758	716	654	708	677	696	694	681	720	740	738	705	735	777	0
SAMPLE_101	657	686	643	634	760	723	730	637	590	680	682	701	693	689	622	644	596	761	654	757	623	600	683	641	695	645	592	802	597	613	743	673	652	623	673	635	608	619	653	661	656	636	590	683	610	725	651	615	681	746	645	756	706	703	700	0
SAMPLE_186	750	786	599	600	777	672	723	604	667	525	663	679	629	579	637	586	681	726	622	669	612	653	709	559	719	657	671	738	579	755	722	740	537	631	680	590	605	671	603	604	682	581	598	671	564	719	558	691	627	767	738	751	569	714	696	622	0
SAMPLE_094	720	807	634	613	721	628	721	601	691	656	593	558	589	655	595	577	753	725	622	675	655	636	641	642	674	680	679	732	651	625	607	684	613	693	668	642	598	615	595	606	714	567	602	617	601	765	594	626	688	710	677	705	642	770	709	688	663	0
SAMPLE_178	672	714	452	457	765	578	628	548	720	527	588	611	595	674	574	499	587	792	574	703	641	530	624	572	668	679	613	718	537	685	623	558	561	649	638	537	523	561	622	632	673	622	540	546	618	712	553	665	546	718	634	738	588	672	677	583	575	556	0
SAMPLE_082	660	735	684	584	771	600	687	608	722	599	567	596	650	721	627	600	623	791	655	701	643	529	687	662	681	719	594	707	565	654	650	707	678	718	678	581	546	678	612	541	684	602	558	601	639	721	682	740	568	739	660	776	706	741	800	616	664	641	537	0
SAMPLE_117	720	783	712	577	709	639	753	528	746	623	583	656	678	696	606	594	661	739	649	690	598	510	692	569	690	660	589	727	618	698	656	672	610	682	647	599	564	592	607	666	663	585	541	663	581	775	635	665	562	735	669	763	662	791	776	631	646	688	562	601	0
SAMPLE_118	683	660	642	663	660	698	756	680	644	730	706	784	739	719	701	712	611	746	685	766	714	702	648	660	711	637	723	756	736	684	722	714	641	725	691	693	689	696	688	697	651	701	694	749	666	723	701	591	621	681	697	721	652	622	693	630	673	745	628	774	676	0
SAMPLE_131	661	684	661	651	670	710	748	663	661	769	647	766	597	711	697	695	598	779	667	749	656	678	666	662	703	618	621	718	682	677	716	700	625	602	568	655	649	675	689	676	665	696	708	695	711	679	644	550	753	706	684	730	702	663	689	577	695	711	687	743	704	603	0
SAMPLE_031	691	807	650	610	750	590	725	611	755	602	600	602	662	582	631	638	659	734	688	668	589	638	717	712	697	759	696	724	647	762	711	744	674	692	722	716	654	695	757	707	770	658	595	631	708	715	679	753	714	689	732	754	641	773	756	619	593	621	536	626	650	719	697	0
SAMPLE_182	752	814	669	604	752	633	754	588	729	596	648	709	615	725	611	498	632	773	582	634	600	596	724	574	652	639	592	716	554	681	580	697	551	690	667	574	532	556	607	595	640	537	596	601	518	767	623	637	517	755	678	759	636	760	720	622	602	580	571	646	545	705	672	722	0
SAMPLE_046	709	724	691	677	683	631	747	561	692	644	682	625	634	707	698	603	690	761	532	625	614	635	671	554	698	626	687	705	618	712	675	669	563	688	575	689	553	696	657	666	611	685	739	648	636	716	603	644	715	676	661	793	588	723	696	650	643	633	621	731	651	653	545	664	609	0
SAMPLE_067	762	652	691	705	758	742	700	696	710	759	731	793	655	732	739	642	657	781	667	736	767	726	601	697	777	652	719	752	751	703	782	677	683	710	606	710	719	707	686	703	753	689	780	728	694	689	657	673	761	747	801	755	735	698	703	711	718	705	723	771	760	705	627	766	728	649	0
SAMPLE_084	695	774	589	545	660	647	698	582	675	583	642	634	630	639	548	583	705	756	675	704	750	578	633	539	667	647	637	752	601	649	592	655	564	600	675	573	580	627	575	582	691	566	539	580	620	717	555	615	650	620	668	672	699	772	711	604	564	501	549	581	588	684	663	627	649	659	686	0
SAMPLE_142	680	758	560	430	733	583	689	599	758	523	599	634	598	646	569	499	644	740	590	688	671	629	659	543	636	694	620	661	546	704	611	619	597	660	647	611	590	639	620	637	701	629	566	568	514	725	526	675	549	713	706	715	598	741	699	621	516	626	465	599	665	690	681	589	643	686	724	557	0
SAMPLE_161	670	650	633	542	729	727	718	637	623	591	705	718	661	679	670	575	625	821	669	748	704	656	694	646	640	662	627	754	676	717	697	608	665	718	659	674	618	708	621	688	702	650	638	629	630	732	630	654	619	767	677	775	684	696	684	619	614	720	517	604	675	633	654	719	655	680	658	649	545	0
SAMPLE_136	694	781	615	592	773	547	678	563	745	501	559	668	648	652	570	552	636	726	630	557	576	535	636	573	694	717	558	664	590	711	776	646	580	800	714	571	565	607	557	687	660	529	598	580	615	718	586	715	596	723	682	775	700	742	783	676	578	606	552	572	581	709	771	629	630	653	697	629	608	610	0
SAMPLE_050	812	878	669	621	721	543	680	581	689	518	619	673	642	572	635	580	645	706	571	643	516	606	631	583	707	688	603	658	631	696	619	666	542	678	670	605	592	599	576	611	652	564	530	571	507	712	555	678	554	767	683	692	627	806	736	685	495	584	560	628	558	755	727	654	461	632	752	616	574	711	561	0
SAMPLE_132	701	742	740	704	638	677	699	652	665	708	694	635	624	755	729	723	696	722	723	760	747	640	631	667	706	622	681	753	668	685	680	774	697	728	687	654	629	755	717	700	670	697	706	601	734	749	633	655	734	687	695	809	687	746	776	686	699	624	667	731	721	743	613	728	711	658	721	610	675	704	713	693	0
SAMPLE_197	593	680	693	635	661	784	672	637	577	612	663	615	570	688	672	620	687	743	739	737	746	616	641	618	721	655	695	708	660	702	671	607	611	658	614	646	602	739	638	575	660	630	642	684	649	752	651	610	675	658	692	725	702	696	710	679	634	596	622	581	657	753	676	668	663	670	660	564	667	629	670	646	624	0
SAMPLE_124	723	735	567	510	755	639	714	580	688	541	709	715	662	599	607	495	612	760	562	638	578	612	740	575	667	708	642	746	632	701	734	663	605	573	688	659	625	634	528	626	682	546	596	584	586	692	619	707	610	738	678	789	667	744	674	646	548	646	553	642	630	659	662	632	569	615	705	554	561	566	594	614	759	656	0
SAMPLE_065	713	798	668	570	762	580	711	547	770	607	653	732	651	641	632	640	719	805	581	668	664	677	652	609	610	752	593	697	656	699	634	633	593	761	651	655	637	556	678	688	769	625	645	578	599	678	665	711	585	709	656	695	624	766	641	719	642	594	640	717	687	695	661	702	592	642	688	674	511	691	594	608	722	697	660	0
SAMPLE_064	734	748	693	541	707	619	733	660	800	618	588	748	646	636	632	634	704	825	617	746	705	665	653	664	712	783	619	746	657	724	697	633	665	685	707	600	617	606	574	711	713	690	647	603	655	744	679	695	650	640	650	739	671	766	692	708	677	659	617	655	669	646	644	677	689	688	716	615	604	680	603	704	696	700	554	556	0
SAMPLE_188	727	724	702	676	763	762	710	738	619	719	722	769	765	615	685	693	763	770	697	778	761	697	609	694	737	742	776	728	720	723	710	619	684	725	758	688	735	712	620	674	702	717	661	726	705	771	624	727	753	666	732	687	768	687	736	677	692	642	685	706	767	691	744	706	762	736	650	646	671	719	652	711	761	636	722	678	662	0
SAMPLE_177	756	782	658	557	724	608	589	591	624	629	644	683	663	700	663	573	664	737	610	652	552	600	641	583	651	657	618	703	617	659	653	662	555	690	668	592	582	624	576	630	618	641	567	628	520	745	633	684	566	727	692	790	613	810	707	648	620	669	653	536	532	730	705	697	578	664	713	658	614	661	578	569	694	624	653	619	706	708	0
SAMPLE_171	681	725	644	655	695	711	700	639	633	651	727	686	661	792	703	649	675	797	699	671	677	672	678	646	778	651	712	700	693	677	720	666	532	699	597	662	623	690	636	625	639	644	632	653	627	750	660	647	664	755	719	758	682	667	732	643	615	688	617	631	659	668	693	733	653	638	727	683	663	657	657	628	662	623	666	733	731	685	664	0
SAMPLE_170	696	728	629	593	801	611	689	492	643	645	625	622	627	636	560	547	579	802	557	623	630	481	636	563	601	709	509	785	486	582	654	724	559	678	667	544	519	561	553	587	711	603	558	527	542	682	564	718	566	768	679	754	567	696	725	547	563	581	498	513	628	648	660	646	490	592	675	618	592	608	571	610	665	601	582	599	613	688	569	599	0
SAMPLE_048	637	726	559	561	664	608	633	556	669	602	630	668	628	682	626	537	652	702	598	705	608	600	602	649	615	614	676	679	622	653	638	622	608	614	598	598	504	680	603	626	608	698	571	564	644	706	622	672	509	653	730	728	580	726	742	642	613	589	421	569	518	638	680	589	595	647	665	583	535	569	613	602	700	604	616	682	662	686	609	652	562	0
SAMPLE_039	772	774	663	672	670	626	667	717	709	687	726	772	719	724	735	706	745	749	738	649	738	727	699	679	691	713	599	680	717	674	715	682	633	680	732	611	702	649	662	693	651	768	646	631	684	699	675	644	650	782	718	691	675	800	684	704	640	654	678	727	682	715	699	671	668	709	734	596	611	685	654	661	737	696	716	645	640	716	627	672	636	597	0
SAMPLE_150	650	660	564	679	731	703	624	664	687	646	722	706	716	730	719	707	573	718	709	632	662	642	633	659	774	662	758	732	658	722	665	648	625	667	651	681	590	675	673	660	659	690	668	698	706	657	705	696	626	707	668	749	644	595	778	639	658	636	555	667	703	642	653	703	661	641	686	665	677	675	663	659	658	588	661	730	753	687	663	565	556	612	711	0
SAMPLE_075	758	759	613	614	776	686	718	512	611	631	666	653	605	665	638	527	675	786	567	678	647	573	574	612	691	663	555	771	545	615	630	634	574	617	651	624	550	642	538	627	677	634	597	612	572	729	574	677	627	787	650	722	623	723	727	587	613	588	585	587	612	743	680	714	612	635	671	572	611	627	586	597	642	625	603	673	675	674	577	507	530	645	735	626	0
SAMPLE_154	691	788	662	682	712	635	661	642	799	635	648	709	629	719	658	700	718	704	694	660	717	611	638	702	732	756	617	648	650	704	651	704	643	758	712	617	649	658	640	673	730	657	590	581	689	709	645	662	675	787	746	708	722	788	771	738	708	621	636	692	669	715	770	718	687	781	721	633	672	725	554	573	729	695	707	726	675	688	689	707	656	632	632	711	661	0
SAMPLE_102	853	900	871	856	869	868	864	868	900	890	869	874	869	831	878	851	855	857	870	869	877	891	872	902	803	876	849	800	873	820	862	844	888	855	873	855	876	832	932	836	884	867	852	897	851	819	855	876	882	828	829	782	862	859	784	867	902	860	851	894	892	832	820	879	854	877	847	892	865	877	882	874	903	902	879	833	884	819	857	869	858	853	853	857	862	826	0
SAMPLE_109	710	650	785	855	789	840	811	745	785	884	818	856	787	834	864	771	721	831	786	820	783	812	776	844	868	694	888	803	817	786	823	714	752	694	764	857	780	793	796	790	726	825	825	847	826	722	829	698	772	718	757	850	805	629	749	784	812	820	777	842	841	658	760	839	837	760	733	839	846	796	799	836	864	771	831	777	784	760	828	742	789	741	851	735	789	851	831	0
SAMPLE_155	665	659	732	839	697	811	784	743	756	846	712	774	741	747	840	720	689	798	762	791	742	791	742	772	783	721	805	791	745	726	764	696	772	714	749	813	737	742	763	721	749	739	780	790	813	696	753	710	729	762	802	784	787	587	707	735	688	722	764	773	854	662	673	804	807	751	717	752	772	768	790	759	764	733	803	761	776	751	818	713	741	781	759	716	747	772	834	460	0
SAMPLE_012	676	659	786	805	757	790	732	726	721	810	774	785	765	796	823	769	791	768	753	804	814	834	701	783	782	709	807	797	762	810	838	740	712	754	712	832	690	783	791	836	731	839	825	771	813	780	745	782	752	704	762	755	736	673	755	798	764	772	780	834	783	720	701	818	796	738	743	772	750	748	799	854	750	718	808	773	767	727	844	704	735	705	756	721	730	777	846	714	656	0
SAMPLE_143	689	590	708	710	694	735	702	646	739	736	699	762	710	755	746	726	607	800	744	731	686	701	643	740	731	701	715	787	725	722	706	670	716	683	692	762	648	719	764	672	721	713	737	728	771	677	777	699	637	679	693	787	760	577	749	626	728	738	696	710	717	666	648	743	723	706	731	720	720	689	754	747	685	690	740	711	679	795	692	697	655	693	769	608	714	720	849	672	601	708	0
SAMPLE_047	666	761	652	638	700	595	719	604	701	634	637	692	630	669	681	580	675	685	662	650	715	573	620	518	703	687	682	708	583	672	654	698	613	705	682	665	655	677	666	582	707	568	618	719	681	662	611	682	635	693	697	741	736	769	721	725	597	649	619	678	585	660	732	666	689	653	729	599	580	673	615	593	670	620	630	669	659	640	649	684	647	657	679	685	654	654	873	806	721	783	704	0
SAMPLE_027	803	699	820	804	732	794	795	783	777	833	770	841	818	837	845	789	682	755	745	846	745	784	756	774	715	697	824	773	787	740	755	772	804	768	732	789	779	769	768	756	706	819	808	861	737	754	804	673	727	717	723	783	806	661	776	730	815	786	742	785	780	662	717	829	745	774	723	807	796	771	844	805	774	778	824	797	816	749	807	728	787	767	800	721	806	801	790	666	675	755	718	748	0
SAMPLE_116	700	761	626	499	702	631	709	558	737	697	541	630	649	628	628	544	684	778	568	728	657	577	649	668	688	657	608	723	591	684	545	719	631	643	659	547	608	599	641	606	753	682	547	637	603	754	605	706	595	676	674	723	614	746	683	703	572	609	501	685	525	686	674	598	602	694	709	586	541	673	644	568	666	596	637	625	661	648	599	656	610	520	644	628	594	642	870	804	751	756	730	631	790	0
SAMPLE_037	715	698	768	698	748	730	773	759	809	781	757	767	792	765	797	735	730	809	767	754	727	827	780	745	649	739	770	807	823	749	747	712	713	785	682	799	720	787	756	758	682	791	741	762	763	772	752	797	746	656	703	814	721	726	700	717	777	805	687	697	754	668	729	753	766	717	805	753	694	640	759	810	762	767	683	787	726	792	739	772	684	673	761	723	800	790	863	760	747	710	682	796	749	788	0
SAMPLE_074	678	693	706	723	688	652	618	660	743	636	675	714	677	682	738	731	609	707	682	651	648	607	651	687	684	694	654	712	738	745	721	648	636	742	691	664	626	714	635	652	639	764	638	640	691	614	656	643	690	701	604	692	681	745	720	689	689	726	668	636	703	678	664	677	753	643	658	701	700	642	671	723	635	663	680	688	693	653	668	677	622	657	687	630	705	668	883	796	759	706	669	666	760	747	667	0
SAMPLE_192	657	621	748	737	681	795	737	681	673	761	792	811	701	717	842	774	687	730	782	796	777	758	692	683	723	661	717	782	735	740	709	690	695	672	662	733	650	682	683	725	728	719	693	718	749	717	717	645	712	662	685	704	790	630	748	748	681	772	696	771	753	584	681	779	766	751	744	664	728	657	760	763	707	676	737	732	670	722	764	689	706	657	714	666	725	721	841	608	594	628	663	716	700	762	723	706	0
SAMPLE_111	720	709	677	631	705	706	677	640	692	679	709	717	671	727	716	675	669	748	698	664	659	658	658	640	729	637	708	716	673	716	606	626	668	698	656	706	626	685	737	571	590	730	712	678	722	670	682	620	640	680	690	681	690	715	735	690	694	620	610	692	703	664	659	718	639	671	745	661	659	645	711	662	687	642	759	661	750	719	624	644	630	631	687	571	662	685	864	780	734	726	619	676	790	643	689	526	683	0
SAMPLE_010	714	623	733	752	618	837	761	728	653	787	766	830	743	784	773	771	699	745	762	799	793	750	717	760	782	639	818	814	732	774	701	661	732	654	740	730	715	725	728	747	709	793	735	786	753	741	770	691	780	700	764	762	772	525	738	676	755	777	727	779	738	651	677	814	739	751	653	683	806	738	797	800	720	691	763	795	768	606	734	667	732	679	730	672	668	742	822	633	661	648	691	754	671	726	760	747	603	723	0
SAMPLE_147	757	737	760	785	688	810	781	762	731	782	782	802	774	772	869	809	758	728	808	838	784	792	745	785	778	760	837	752	802	763	768	703	770	698	825	836	771	769	772	708	726	833	811	781	812	749	804	707	805	713	748	773	840	657	702	792	836	780	779	836	801	723	721	787	809	743	789	762	813	791	851	834	757	756	760	797	775	708	747	707	804	779	788	735	809	829	790	672	737	708	663	807	706	803	778	714	660	681	617	0
SAMPLE_059	791	836	798	824	770	701	713	755	746	739	751	821	748	707	776	810	787	735	811	838	785	787	693	761	829	790	780	663	773	733	793	758	762	780	728	755	776	746	789	775	746	815	775	779	765	786	796	682	780	731	749	639	772	844	753	774	792	725	793	845	796	717	745	757	844	784	801	747	784	887	748	721	771	759	798	701	730	729	765	734	785	777	718	762	751	732	769	758	742	801	781	683	781	760	879	713	754	740	797	732	0
SAMPLE_022	724	607	806	796	768	757	768	684	770	809	770	799	754	736	790	754	709	745	748	710	794	800	721	731	749	694	723	816	717	809	754	699	725	702	782	786	721	700	767	785	748	772	786	715	788	714	741	747	752	732	751	812	771	570	730	724	756	715	712	809	766	651	699	813	768	755	732	764	777	784	740	805	756	740	788	735	773	721	810	773	699	697	772	679	750	754	852	593	625	595	709	764	698	788	729	717	542	733	589	747	821	0
SAMPLE_153	653	658	720	721	692	783	705	693	649	750	749	786	686	731	773	753	717	771	726	776	670	713	700	682	765	612	765	740	752	730	715	677	665	688	622	734	696	668	709	646	713	686	735	716	707	757	706	688	804	684	714	763	763	649	735	640	696	692	714	716	718	674	675	700	714	720	672	691	763	745	730	752	711	602	747	712	708	713	642	654	687	675	765	616	668	742	894	711	720	727	671	710	718	703	751	687	605	698	593	731	766	670	0
SAMPLE_163	682	766	693	739	747	652	751	595	697	613	552	642	691	734	650	603	707	777	679	701	639	589	694	633	697	763	587	730	673	725	728	766	578	742	678	646	576	686	666	588	688	581	658	666	606	759	643	715	579	733	700	844	684	766	798	668	607	684	659	557	605	751	692	661	666	689	792	687	675	698	586	652	674	624	658	701	699	729	646	613	617	657	683	720	664	749	912	848	796	791	704	661	799	678	817	697	763	763	770	808	772	776	766	0
SAMPLE_057	791	794	835	813	794	729	785	743	824	803	800	748	753	787	858	779	823	770	784	801	818	795	752	779	790	789	750	735	830	788	797	802	795	841	735	785	784	757	826	814	853	780	792	781	809	767	821	760	784	769	735	740	773	827	796	810	848	771	819	771	748	814	743	810	825	764	734	816	749	743	796	807	773	762	810	737	838	769	757	832	797	743	736	815	820	747	787	827	828	803	783	774	837	790	809	724	755	799	824	830	744	823	825	776	0
SAMPLE_036	715	698	683	743	716	766	702	667	689	726	712	766	711	742	777	693	760	743	712	774	740	702	634	699	720	704	739	747	679	741	707	713	688	701	653	735	691	751	679	621	678	721	718	749	791	758	734	732	730	709	726	784	723	713	797	718	715	660	719	703	710	718	723	779	711	756	655	713	752	757	718	748	724	621	779	721	767	655	649	665	704	639	782	656	651	752	835	755	747	744	723	691	714	650	791	713	758	609	645	756	757	700	672	702	757	0
SAMPLE_137	904	852	907	947	843	891	823	895	897	939	907	922	882	932	954	904	922	830	933	910	928	942	892	950	894	905	920	805	911	880	915	866	888	934	869	892	916	825	943	873	903	990	929	923	899	921	919	845	910	886	831	830	923	871	843	949	972	907	906	957	924	828	841	960	928	877	888	947	942	915	906	935	921	924	913	907	921	891	894	929	938	881	871	916	960	909	730	805	841	861	888	883	832	909	839	837	855	840	867	796	770	837	922	950	813	918	0
SAMPLE_081	854	868	836	893	794	830	780	851	870	879	867	925	859	889	922	859	873	774	866	888	862	858	833	878	892	883	859	772	889	843	880	830	858	903	866	834	862	789	885	823	848	913	869	881	824	882	882	786	835	835	854	787	859	912	786	882	904	846	874	914	887	823	842	937	859	847	839	902	894	874	847	886	842	876	883	823	847	860	843	842	862	846	838	857	870	842	724	813	826	806	867	874	828	869	841	826	875	806	849	812	740	893	861	887	750	876	491	0
SAMPLE_024	818	821	870	876	815	885	834	865	910	915	873	886	908	866	905	858	833	896	912	899	872	882	903	873	839	865	873	763	908	830	836	807	879	884	826	928	887	855	878	869	905	922	895	899	874	897	859	901	868	824	887	774	914	814	817	883	956	908	855	877	875	838	847	914	890	861	859	882	859	842	907	920	947	907	857	896	868	869	888	830	908	853	856	913	888	865	684	820	776	777	857	879	804	850	785	867	823	838	825	836	774	860	851	935	804	855	700	747	0
SAMPLE_200	916	898	913	887	860	904	871	891	894	874	895	922	907	858	896	872	871	794	899	892	884	932	914	870	882	850	926	812	931	839	898	880	912	900	884	908	909	872	917	902	876	926	943	929	877	870	860	867	905	820	858	760	893	865	879	894	903	911	897	952	899	849	880	898	887	874	926	891	927	923	889	881	934	897	888	918	931	875	939	911	916	889	895	876	916	893	654	849	870	843	885	856	798	888	855	878	822	833	854	796	769	870	875	926	794	874	717	756	715	0
SAMPLE_040	724	688	811	809	742	825	795	827	800	829	848	871	840	849	895	817	769	777	799	869	831	843	806	824	792	800	849	724	816	857	794	758	842	783	743	833	820	808	814	775	765	870	856	809	842	784	888	742	817	763	814	726	764	717	767	805	856	784	792	772	846	776	747	842	781	794	793	807	830	800	855	865	812	759	826	823	763	774	813	756	794	779	841	716	815	843	762	754	715	724	693	819	685	858	792	739	763	703	735	645	733	776	743	875	769	780	760	776	762	804	0
SAMPLE_090	846	889	900	886	825	873	905	843	925	863	883	939	902	883	903	862	846	833	855	860	872	874	876	899	855	860	884	756	895	859	885	866	883	857	828	902	847	831	879	866	872	893	914	859	853	873	896	865	844	890	848	774	913	853	792	875	937	921	896	921	871	884	854	964	825	850	883	932	894	891	895	869	904	882	851	847	869	869	891	850	857	872	873	885	874	868	649	816	856	781	840	891	785	899	850	866	833	873	820	765	767	867	875	912	743	892	697	732	644	703	746	0
SAMPLE_080	831	803	878	837	856	870	805	883	910	887	836	906	814	823	873	858	828	831	867	857	916	879	848	854	829	884	900	764	871	821	917	810	861	909	842	889	902	854	931	876	855	904	910	878	859	848	832	819	922	854	890	738	879	869	814	867	881	849	868	898	881	856	805	927	886	849	800	890	840	882	852	895	856	825	870	852	869	851	879	859	855	852	850	859	895	842	701	895	889	812	870	849	842	875	855	851	889	839	866	807	772	898	873	890	777	881	704	687	699	695	753	709	0
SAMPLE_152	845	846	885	870	825	866	829	892	911	859	876	938	869	876	888	879	892	806	884	895	901	932	843	890	844	888	938	792	889	873	818	783	869	890	836	848	899	858	870	864	859	918	894	865	825	882	876	843	872	784	901	733	904	854	802	898	918	881	896	902	869	821	854	977	875	868	828	855	869	890	902	867	908	889	860	840	829	798	858	868	934	844	890	885	872	830	693	825	849	845	821	827	788	886	860	890	839	859	809	779	819	856	885	931	812	835	695	743	692	673	743	735	633	0
SAMPLE_168	760	769	694	642	741	686	696	642	704	714	744	738	665	696	774	677	718	728	647	682	661	706	673	668	648	736	677	683	665	657	751	751	645	660	711	673	685	655	673	709	728	699	691	631	644	746	610	757	701	793	672	696	660	755	714	721	666	659	670	787	767	774	694	710	668	732	717	689	653	744	701	628	708	693	610	692	776	736	726	675	649	664	692	665	622	714	880	800	731	709	752	692	779	622	767	713	746	748	737	741	733	744	717	739	761	740	854	832	854	844	801	817	814	892	0
SAMPLE_130	795	711	789	818	686	808	725	786	781	777	839	810	787	813	859	829	738	716	828	781	835	862	768	795	806	773	821	724	808	807	781	705	717	754	803	852	802	806	839	749	768	827	867	804	816	787	799	768	796	735	823	758	803	630	752	785	747	822	800	779	866	737	748	815	793	793	747	809	776	774	822	782	845	753	819	824	836	723	768	680	777	769	722	703	786	739	728	775	718	728	676	796	722	832	781	773	715	742	670	681	784	708	800	808	782	757	793	785	787	836	731	809	756	721	808	0
SAMPLE_091	647	668	658	719	669	712	657	688	787	760	644	728	615	718	731	674	723	757	703	712	731	707	703	724	679	706	756	733	661	741	695	767	715	635	646	745	772	702	725	663	706	640	721	716	763	756	717	611	767	780	766	838	813	666	718	737	690	656	662	711	712	712	676	688	734	698	655	666	703	723	719	728	680	633	721	739	727	681	737	735	704	607	723	673	738	646	835	676	681	733	690	649	683	666	728	723	673	717	674	716	759	637	703	723	828	655	890	865	836	899	770	847	804	837	737	751	0
SAMPLE_004	678	714	712	783	678	744	722	758	761	742	715	750	718	746	790	724	664	722	777	760	784	707	661	698	735	727	727	712	689	741	743	778	789	749	699	700	725	739	783	757	747	773	768	693	793	731	751	692	731	797	750	778	732	729	777	734	751	691	692	753	755	686	676	764	761	729	719	756	690	689	741	796	725	710	744	735	720	740	809	799	686	708	738	644	708	680	821	841	766	737	702	677	768	802	768	631	682	696	780	781	789	704	750	754	771	739	902	839	862	910	720	872	863	882	758	733	702	0
SAMPLE_092	745	776	700	682	770	634	717	704	662	712	737	705	711	687	784	692	720	758	667	694	677	771	643	724	717	759	714	740	672	666	679	737	682	681	711	735	643	664	666	669	736	693	698	704	698	711	700	670	695	728	666	720	666	763	730	676	675	593	662	741	771	702	669	710	685	687	731	688	656	776	772	654	687	678	648	689	697	665	763	613	681	671	709	617	620	714	826	762	700	741	715	664	717	666	744	699	748	673	723	730	695	761	713	726	772	630	862	784	876	851	685	834	886	817	551	763	714	750	0
SAMPLE_193	705	643	710	743	680	694	730	594	666	712	662	741	636	724	659	622	696	731	650	631	632	614	703	596	669	718	686	724	669	716	685	677	627	734	668	689	685	708	614	660	660	598	602	659	652	678	683	743	675	801	695	752	717	711	711	713	658	660	696	647	682	681	720	688	672	657	696	690	677	684	604	659	723	685	638	619	726	670	640	665	589	663	709	737	661	740	786	739	648	776	741	632	728	709	731	682	686	750	678	801	765	682	696	654	788	633	895	858	853	899	761	862	870	849	668	795	610	700	700	0
SAMPLE_096	736	693	780	797	742	760	733	734	642	802	816	731	775	781	854	799	790	748	797	769	790	843	717	737	762	731	781	768	802	719	775	745	703	774	716	814	725	776	811	777	761	793	779	785	759	730	801	733	782	701	747	754	726	640	728	757	747	725	798	807	820	664	694	808	764	751	824	769	770	709	791	771	743	705	835	770	793	752	764	684	697	762	748	680	723	764	815	691	637	642	616	757	734	808	674	763	605	650	671	725	759	648	706	793	788	772	755	786	818	800	695	821	835	806	773	664	755	698	696	776	0
SAMPLE_078	676	731	651	762	720	671	688	621	700	717	671	714	637	728	705	669	672	701	713	647	714	690	657	664	699	720	690	716	675	717	633	720	634	748	690	684	669	665	717	677	753	678	746	708	738	635	644	639	655	701	751	680	715	678	746	754	629	648	688	717	662	661	648	738	721	692	720	655	685	731	648	739	670	703	747	704	721	696	679	709	671	655	714	676	698	673	867	767	664	674	692	629	750	613	803	678	723	641	743	733	745	742	746	667	742	700	822	774	867	891	764	906	842	823	743	743	744	734	717	701	678	0
SAMPLE_032	700	740	620	599	781	562	664	550	751	643	587	646	592	690	642	549	660	765	563	593	619	605	643	629	686	682	570	724	475	707	634	708	639	628	628	587	558	626	611	614	664	567	580	591	582	684	612	658	585	758	709	783	639	730	745	610	525	663	499	509	570	732	711	589	571	613	754	639	527	630	576	529	711	689	602	675	633	735	632	641	549	547	671	712	569	640	867	803	748	744	694	618	782	569	714	695	761	601	770	818	796	703	756	580	839	732	949	893	880	936	803	920	900	889	707	784	613	729	690	617	795	659	0
SAMPLE_035	684	675	663	694	700	726	735	549	663	693	701	696	653	724	715	578	625	771	649	678	704	613	692	642	679	703	622	782	669	704	614	730	592	630	633	604	635	606	662	606	726	640	644	689	626	649	623	684	632	693	738	790	604	716	662	669	634	708	667	670	601	637	628	697	655	590	651	651	695	677	703	712	710	593	675	693	712	755	623	632	522	634	686	667	659	752	838	769	718	718	675	640	723	612	729	660	682	672	666	769	800	699	658	595	769	684	865	819	835	845	763	831	834	886	716	767	648	703	721	565	679	639	655	0
SAMPLE_149	711	752	553	543	800	619	646	564	651	598	606	635	573	639	578	434	645	719	546	616	526	595	641	554	651	633	562	709	532	648	658	639	550	643	624	630	576	623	567	595	640	543	586	619	608	668	446	670	625	755	701	695	594	722	714	606	514	540	462	581	598	683	667	604	591	620	641	527	479	581	570	525	701	648	608	647	702	663	598	620	534	490	652	614	506	648	846	818	728	763	695	605	775	564	686	641	736	583	740	829	744	731	686	646	767	627	907	880	829	888	788	876	825	869	604	805	626	707	604	603	749	641	533	612	0
SAMPLE_013	703	781	726	712	658	661	767	550	758	638	719	641	737	754	666	605	710	769	667	701	664	644	774	602	645	795	657	696	698	648	663	787	591	722	659	743	677	693	677	683	736	635	690	640	563	764	681	679	592	735	726	783	674	748	730	787	655	695	724	689	586	736	738	702	643	724	806	705	617	687	646	619	726	661	681	654	746	770	641	696	649	553	648	748	722	665	892	822	789	807	759	666	759	618	719	782	723	724	834	848	824	797	771	606	737	755	867	872	903	883	867	889	889	874	739	786	694	780	754	710	715	683	688	637	680	0
SAMPLE_030	725	682	709	778	673	723	709	644	687	723	710	656	774	761	663	721	726	696	788	720	791	714	727	653	652	697	701	721	728	702	716	687	675	743	715	738	729	726	790	725	730	715	753	710	759	717	693	660	700	691	767	781	755	638	757	662	725	704	698	740	722	672	699	763	783	764	743	675	700	701	676	757	678	644	786	718	767	653	725	706	700	655	650	714	746	664	782	783	778	735	720	679	700	742	739	711	733	660	631	765	754	688	763	658	761	687	856	859	861	805	783	889	801	805	822	728	695	727	734	684	652	633	721	671	640	648	0
SAMPLE_049	693	705	576	602	669	590	590	555	685	545	639	662	596	639	695	528	633	727	602	680	594	651	675	577	574	643	628	652	627	655	610	611	577	631	628	607	582	614	646	623	651	631	651	539	621	733	543	673	619	737	660	722	618	696	650	669	586	569	498	658	668	687	647	642	614	619	712	597	537	583	646	626	602	674	577	653	657	736	648	640	595	522	616	632	608	686	864	846	763	727	710	658	744	653	681	597	700	637	694	756	789	666	680	605	766	744	883	826	847	900	783	879	875	857	606	766	628	639	637	658	751	670	609	657	486	644	685	0
SAMPLE_076	769	699	793	814	728	830	793	755	757	835	804	843	782	825	858	804	666	810	798	811	784	793	712	785	751	688	814	787	789	828	730	711	749	723	715	807	716	782	750	744	728	849	813	773	782	745	769	753	763	684	814	808	752	593	773	745	793	807	752	825	814	677	665	805	759	741	659	817	819	763	827	822	786	767	800	827	791	773	794	696	723	722	761	652	798	795	816	638	633	697	633	840	655	839	736	772	623	736	604	626	834	650	684	779	860	742	877	867	833	879	716	850	879	831	755	645	704	770	747	720	681	745	768	692	774	842	744	730	0
SAMPLE_123	792	824	617	562	811	652	646	586	683	614	669	740	666	665	631	392	709	849	600	655	592	616	695	622	674	685	613	712	614	665	667	650	508	707	672	571	669	643	598	616	681	595	567	645	534	737	498	784	533	734	709	780	692	748	698	714	582	606	540	677	642	735	725	643	555	679	736	659	538	607	534	548	747	671	547	629	673	652	571	618	577	589	632	723	598	697	850	847	807	822	781	565	810	602	785	724	760	719	790	821	782	795	790	597	853	755	889	861	854	866	895	880	859	852	635	839	743	758	731	643	777	708	593	644	542	644	761	565	848	0
SAMPLE_055	774	747	669	713	718	679	816	592	705	702	692	640	733	727	710	663	812	801	600	736	685	721	753	652	693	760	727	764	701	655	631	737	643	662	719	719	714	660	635	630	826	645	677	725	623	790	660	743	718	701	736	775	698	771	733	730	611	642	720	726	669	753	792	786	649	628	731	635	693	763	714	684	723	681	634	707	723	681	735	609	641	660	788	717	536	792	865	776	781	768	792	654	805	642	742	746	786	777	721	792	795	780	706	683	854	671	942	879	844	906	852	859	862	811	645	809	666	804	636	687	750	725	634	659	627	623	714	666	798	703	0
SAMPLE_164	643	720	623	693	646	691	662	540	601	630	661	611	603	771	659	587	687	694	704	709	649	626	616	609	663	647	617	697	614	630	599	708	612	658	576	620	595	612	572	574	634	545	639	651	664	718	619	607	558	685	651	756	690	719	709	593	681	560	647	634	642	682	635	697	648	665	691	633	606	623	627	625	635	569	648	689	656	667	588	645	609	558	674	627	595	634	877	809	760	747	635	609	755	626	735	630	662	586	687	734	718	723	652	602	700	619	852	830	891	921	820	862	904	868	689	765	679	652	693	630	712	637	622	562	519	614	550	539	774	604	654	0
SAMPLE_017	683	636	691	723	698	785	776	685	662	743	726	808	710	741	797	718	625	728	686	733	678	694	675	682	786	593	734	726	707	755	717	750	697	620	563	713	633	742	672	652	696	718	761	766	740	689	703	668	731	673	770	760	719	632	837	651	637	777	749	712	716	664	569	734	715	654	692	703	749	734	757	713	705	661	724	792	737	673	722	568	671	692	755	594	670	799	840	728	697	654	656	701	691	696	769	659	620	611	675	730	764	721	604	672	798	673	886	873	845	859	707	825	843	859	744	734	669	734	733	731	631	662	702	621	665	762	727	740	624	762	716	658	0
SAMPLE_053	692	653	720	782	716	746	717	685	729	814	764	772	678	812	851	749	755	774	777	758	794	787	649	756	792	636	752	731	744	798	721	728	687	715	664	787	726	715	772	764	738	757	766	759	799	716	748	663	702	725	768	817	759	663	755	802	720	699	719	817	786	689	641	785	754	711	685	755	737	748	757	772	687	704	800	711	758	777	738	661	744	690	732	639	722	749	855	548	620	664	622	742	728	757	782	743	632	642	661	689	743	606	682	757	721	705	800	817	848	876	718	884	826	842	744	654	609	779	699	743	649	707	739	705	707	757	695	691	598	809	774	669	634	0
SAMPLE_099	707	639	756	769	660	822	775	749	733	829	718	791	708	807	802	734	676	806	779	775	759	782	714	746	786	701	773	764	769	718	766	738	734	713	717	763	735	758	776	751	699	833	782	769	779	764	771	673	797	828	748	809	745	561	738	702	796	710	726	785	756	660	571	791	725	700	695	757	765	747	768	804	747	688	812	751	761	763	797	676	715	699	744	660	731	831	871	638	591	647	632	792	672	738	742	731	660	734	577	696	808	528	651	782	799	688	854	866	846	892	685	842	868	884	739	716	680	720	765	683	690	767	761	704	705	819	717	680	599	812	785	696	665	628	0
SAMPLE_051	693	759	610	646	740	598	625	578	692	658	584	685	642	666	670	528	662	838	622	642	599	650	723	591	659	731	568	720	619	616	665	637	596	675	621	614	637	570	665	577	733	591	645	619	662	683	603	664	584	737	692	722	690	745	668	693	664	637	585	617	574	714	703	687	642	646	763	674	627	642	627	621	704	675	576	610	712	721	610	677	618	605	702	717	618	717	891	805	771	784	770	602	810	602	775	676	769	655	794	802	723	786	705	633	723	717	891	815	840	908	872	881	866	866	691	870	714	735	671	680	853	581	576	680	533	636	731	560	905	534	697	559	718	784	816	0
SAMPLE_054	706	719	695	708	704	739	729	695	746	732	672	714	637	792	773	694	738	765	706	720	708	768	686	723	762	689	762	718	723	730	735	672	596	753	579	698	671	698	648	706	728	708	709	698	677	793	739	695	683	743	755	773	769	693	727	800	697	668	695	753	695	745	719	793	673	706	752	694	699	714	689	658	748	617	632	703	719	757	729	603	713	617	756	666	665	699	868	757	763	706	755	747	797	664	736	746	643	690	729	752	795	747	709	673	785	704	864	814	832	828	810	868	832	765	740	714	677	747	684	687	730	744	687	732	732	675	775	707	733	661	652	684	729	686	732	643	0
SAMPLE_120	725	754	710	621	737	673	743	577	768	703	617	625	687	688	682	577	677	783	633	797	654	663	747	694	720	760	572	724	585	668	728	725	641	660	685	610	574	625	666	689	726	684	663	640	697	772	633	764	604	731	752	745	627	685	772	604	639	730	596	629	652	754	676	564	677	681	747	685	591	721	613	659	741	686	641	668	699	690	736	599	607	654	693	765	603	776	870	808	743	764	754	724	799	573	806	690	793	729	794	801	754	805	792	525	801	721	930	887	860	888	857	883	843	934	683	758	767	793	705	726	823	758	554	689	631	658	748	667	809	618	673	691	644	786	772	587	683	0
SAMPLE_028	703	712	670	654	679	706	633	563	691	652	724	715	644	719	714	626	644	740	738	695	683	666	682	555	658	656	629	696	618	667	687	667	568	654	610	661	669	628	671	646	678	637	688	656	706	692	625	612	712	744	709	743	683	719	631	657	668	679	660	680	635	629	646	695	682	611	656	638	604	603	637	702	687	668	673	647	703	756	581	580	638	598	633	691	638	628	857	782	783	704	647	686	748	676	703	632	658	639	690	723	738	720	664	726	697	652	848	824	822	896	775	875	825	853	736	673	667	723	733	645	706	614	687	611	553	662	614	583	754	686	734	575	698	643	649	626	698	719	0
SAMPLE_140	683	768	625	684	742	723	714	641	665	651	692	643	706	651	734	627	653	719	697	671	649	746	707	646	733	619	667	722	653	752	690	676	572	550	638	677	577	677	702	636	635	659	644	668	663	690	631	701	630	679	714	783	703	661	702	660	550	639	595	653	692	730	700	636	611	712	744	654	620	734	671	575	751	612	621	675	751	663	654	642	619	624	664	603	675	708	834	779	738	740	685	691	734	607	731	724	707	637	705	725	725	685	702	614	822	706	911	871	877	877	782	831	930	903	719	691	649	733	641	712	673	685	578	661	580	662	695	617	705	631	737	652	625	694	718	672	671	655	693	0
SAMPLE_135	723	709	709	695	730	674	689	703	714	714	708	647	649	734	750	615	733	751	700	731	727	698	671	637	729	693	604	708	658	699	647	685	661	766	684	625	643	642	706	668	792	730	718	673	703	746	695	623	737	754	707	731	684	739	691	707	714	618	683	730	654	732	653	749	661	652	700	668	706	700	730	720	641	580	758	711	683	735	627	652	601	699	679	646	656	744	870	806	760	715	744	697	765	658	774	667	690	645	709	691	777	752	697	693	753	671	876	805	873	909	764	913	852	907	688	771	673	696	685	707	744	665	709	596	667	716	726	668	746	751	704	630	679	667	671	656	666	745	658	721	0
SAMPLE_058	751	679	758	675	698	656	673	654	635	698	662	804	664	629	687	687	657	719	682	696	701	651	633	578	684	699	743	676	689	652	675	673	681	728	692	676	677	680	660	743	709	703	705	632	669	647	628	668	710	686	701	660	696	696	763	727	669	637	676	746	677	651	656	748	696	629	672	660	661	721	690	629	730	669	714	682	700	664	710	706	597	637	678	665	700	696	875	732	687	659	712	597	756	672	758	613	639	632	717	738	693	679	685	716	729	682	869	857	840	773	764	829	805	805	659	749	695	653	637	660	687	634	714	639	649	715	730	665	755	677	755	709	669	741	725	632	718	755	663	738	696	0
SAMPLE_187	678	737	661	598	692	662	736	483	667	616	544	544	645	655	637	577	670	776	641	674	641	535	647	579	591	673	566	716	614	541	630	668	579	642	678	601	532	676	635	562	692	634	601	571	662	688	551	703	563	729	660	762	704	660	678	644	673	640	585	566	584	692	646	641	646	673	685	643	618	628	624	651	651	609	617	682	706	721	608	617	560	580	732	662	537	648	841	815	743	790	677	645	750	519	762	652	750	635	703	753	783	791	731	625	808	611	906	898	864	907	884	883	877	894	714	808	671	763	714	671	758	670	614	603	602	617	669	602	791	573	662	552	721	768	741	571	728	609	616	638	702	712	0
SAMPLE_199	795	764	697	774	709	684	709	704	716	716	711	711	738	748	805	758	674	809	712	831	689	767	745	748	729	744	774	729	756	744	786	772	727	787	736	768	668	787	793	737	787	766	830	709	747	772	701	752	657	767	786	795	701	787	832	777	735	731	689	799	764	731	804	767	729	718	789	840	711	743	761	724	744	731	772	769	772	825	781	649	747	590	764	746	716	761	871	780	783	752	776	768	829	735	805	716	755	699	810	777	797	792	788	718	799	733	912	872	861	873	809	893	851	902	704	776	748	759	689	818	786	724	654	764	690	690	724	638	721	757	674	643	745	749	781	703	693	685	756	755	772	739	732	0
SAMPLE_019	697	619	724	740	706	778	676	727	649	750	687	771	734	794	783	759	674	730	749	709	738	737	693	686	712	622	773	741	728	713	645	662	698	725	608	722	682	791	742	674	671	788	785	711	754	716	689	680	748	667	715	758	795	628	841	702	749	701	715	743	762	629	641	757	747	649	629	722	745	723	727	754	664	659	798	761	796	683	698	684	706	682	752	621	736	739	860	701	662	690	650	699	690	711	730	669	645	645	668	748	777	607	627	724	774	662	857	919	845	853	720	866	871	854	772	758	657	742	716	691	700	646	730	696	674	786	653	666	645	787	757	670	592	651	579	736	736	787	675	679	714	639	721	742	0
SAMPLE_005	706	607	725	718	667	765	790	707	650	752	687	642	666	787	798	608	720	770	708	749	719	657	674	664	789	607	727	723	691	754	685	661	650	659	623	696	588	751	712	669	625	722	729	753	716	801	712	686	709	782	653	790	680	614	774	706	636	696	664	657	690	666	611	783	669	639	737	715	710	648	717	723	709	623	687	818	739	789	659	622	663	684	789	598	614	757	847	699	647	703	689	681	722	693	701	661	662	625	621	745	786	679	668	719	815	688	863	869	848	866	717	863	888	884	727	737	709	678	689	633	659	735	665	648	658	784	731	671	668	734	680	659	603	656	612	762	666	717	685	631	604	700	681	786	656	0
SAMPLE_089	708	677	679	711	655	664	720	648	706	724	618	743	648	646	750	673	688	750	682	721	698	711	689	684	667	710	749	734	706	669	691	636	673	676	685	688	671	705	692	633	713	713	742	698	745	721	674	620	692	725	730	733	759	667	712	689	690	681	657	725	662	597	681	726	693	674	690	697	675	680	726	687	693	702	698	688	718	638	686	705	707	611	728	733	682	707	867	675	641	725	650	621	718	682	694	668	586	662	624	688	785	705	719	671	756	653	847	840	827	861	780	864	835	798	745	776	602	747	674	653	718	676	701	691	651	717	652	658	748	693	702	653	718	743	680	597	668	753	650	764	696	621	626	717	639	686	0
SAMPLE_181	719	749	708	730	714	810	719	782	700	776	775	893	703	791	808	779	647	839	764	753	781	713	665	771	821	632	748	779	755	841	736	725	734	594	711	705	784	702	698	700	680	784	722	735	760	676	745	626	762	756	747	766	819	726	689	628	764	792	670	749	746	645	624	791	757	775	717	705	769	656	831	770	764	713	722	836	741	701	736	627	728	684	747	659	730	734	836	697	673	719	671	740	701	743	784	676	682	704	656	720	738	735	659	799	851	730	884	830	851	913	723	835	904	891	751	712	688	760	721	753	737	718	731	677	719	886	787	717	605	800	826	714	642	631	686	763	742	799	638	720	738	752	732	800	709	655	685	0
SAMPLE_190	738	716	780	755	781	736	797	686	740	816	786	726	730	710	827	751	720	695	755	750	752	772	705	733	825	704	756	775	699	799	741	757	726	673	725	761	729	741	761	758	740	793	790	732	778	768	697	783	808	707	777	782	735	687	804	746	694	735	757	750	761	685	665	730	797	662	762	710	718	799	745	773	759	744	756	798	775	789	775	731	668	739	733	702	677	796	807	708	730	676	725	751	789	772	789	737	677	770	701	729	761	614	709	791	806	787	878	862	817	848	684	822	823	836	722	735	736	750	692	735	711	760	688	654	685	831	753	697	643	797	725	766	669	692	626	797	789	744	693	652	720	732	788	794	676	612	780	741	0
SAMPLE_079	744	691	745	759	732	706	696	626	716	708	791	693	678	755	806	676	769	780	742	766	743	722	794	704	719	726	710	760	705	813	647	764	655	690	679	772	701	699	735	622	736	677	724	762	760	679	692	693	709	666	718	829	709	717	718	760	696	741	755	728	747	714	670	749	696	594	805	715	743	731	777	725	686	685	702	745	779	770	711	734	682	763	715	725	774	737	872	766	720	785	713	649	758	752	728	698	717	684	726	778	777	742	756	665	762	689	869	884	856	839	823	904	886	869	771	764	642	797	692	664	668	714	710	586	714	687	670	660	733	705	715	626	678	671	797	696	798	753	702	672	738	681	694	803	688	637	697	757	750	0
SAMPLE_083	705	625	754	716	625	748	760	661	689	797	731	761	673	788	804	669	679	764	708	749	776	722	645	710	693	611	727	766	715	698	703	719	748	689	670	715	651	714	704	675	687	784	792	711	780	699	709	642	730	735	727	792	811	582	750	689	739	724	710	757	753	652	584	790	698	679	650	735	735	683	760	753	697	680	745	741	749	714	744	670	675	677	768	689	664	757	828	646	601	644	651	711	622	739	692	712	594	630	601	685	799	605	676	774	801	694	848	832	810	865	726	809	862	895	717	685	650	668	723	687	675	672	662	685	689	773	688	654	610	738	757	654	654	643	535	731	691	770	671	674	679	697	646	731	664	576	610	604	688	745	0
SAMPLE_077	743	730	808	851	730	834	782	768	806	793	795	796	804	807	850	790	719	742	874	794	790	783	735	797	741	710	758	800	735	761	726	685	821	732	777	729	719	737	817	814	726	804	771	718	807	766	731	744	739	730	738	777	864	700	752	755	850	761	713	805	771	754	773	839	752	795	773	745	765	737	788	780	796	766	819	808	855	737	840	761	780	710	763	738	797	702	837	703	706	722	753	804	656	769	702	736	699	739	661	771	834	653	780	816	760	768	868	846	803	879	792	786	855	835	727	742	793	628	785	814	772	745	785	784	722	789	717	717	723	777	805	686	761	782	717	727	756	785	734	700	796	714	745	746	690	769	744	751	789	813	686	0
SAMPLE_189	722	683	651	648	733	641	737	605	729	601	557	659	626	640	665	657	688	755	640	705	682	650	587	617	672	636	650	701	641	721	591	644	608	719	619	610	610	625	707	634	738	659	691	633	661	734	555	672	633	696	740	748	674	693	665	649	603	631	585	675	649	692	662	678	657	659	731	634	551	663	639	610	682	638	725	596	655	622	694	735	634	604	720	732	641	699	889	793	757	752	712	651	760	541	748	713	750	681	671	774	750	710	683	597	774	695	891	859	898	891	823	920	895	814	698	792	742	760	657	735	772	621	577	679	573	676	642	547	772	645	645	579	695	724	696	597	645	639	648	632	708	662	632	673	692	681	648	761	746	715	712	689	0
SAMPLE_128	626	710	683	634	698	712	639	646	681	713	700	715	598	727	751	610	689	804	658	735	669	713	684	682	734	733	650	723	663	670	669	670	606	635	662	636	610	675	601	666	681	658	688	642	695	700	681	634	705	780	690	733	673	656	699	639	641	641	627	707	729	696	620	758	645	670	683	687	666	664	714	679	717	653	610	706	661	750	710	602	571	674	744	610	625	716	815	780	697	745	654	705	758	710	733	698	759	671	706	768	773	755	726	739	824	694	889	834	841	955	694	853	837	822	682	727	695	694	546	640	754	702	603	601	590	757	792	587	714	654	685	666	719	721	699	624	637	685	668	652	671	678	642	749	716	625	731	632	712	755	651	793	730	0
SAMPLE_033	650	731	637	653	718	705	702	632	668	733	649	725	666	705	719	663	696	732	642	677	681	678	647	683	684	643	708	698	656	711	739	761	650	646	595	745	626	737	702	735	646	664	719	693	673	732	617	708	691	720	766	782	697	723	774	712	629	651	656	692	678	733	602	721	672	624	621	656	687	672	685	661	699	610	669	709	742	720	647	648	612	595	726	656	619	691	823	739	714	675	682	713	723	631	726	725	734	671	710	793	751	716	703	706	749	637	931	853	813	859	737	834	826	834	697	712	573	683	674	696	723	677	624	705	586	705	683	673	707	719	652	690	620	658	680	721	697	726	694	609	715	666	673	708	657	624	688	730	649	727	640	786	674	705	0
SAMPLE_138	681	681	688	695	752	744	730	608	681	683	719	679	700	756	753	636	691	775	716	636	662	613	660	661	729	646	737	724	640	706	684	696	613	729	604	723	595	758	634	582	665	655	726	692	689	662	713	682	621	680	749	797	680	671	770	720	645	645	687	599	726	741	725	734	640	640	674	672	697	710	685	693	706	547	691	709	756	697	618	602	599	624	752	626	650	714	903	697	683	746	624	611	708	676	762	686	741	639	726	723	754	763	664	642	757	591	904	862	860	887	669	845	884	877	698	776	684	806	598	650	748	705	673	625	634	695	697	718	745	716	703	636	629	660	711	684	668	713	629	617	686	723	648	775	622	609	674	668	721	674	659	796	682	669	617	0
SAMPLE_106	688	650	678	772	674	794	760	733	701	756	706	801	676	745	767	709	607	721	789	729	710	720	644	769	766	590	770	759	705	751	709	692	734	698	661	746	665	711	733	690	684	749	701	766	736	674	754	602	687	737	729	800	780	582	724	679	684	693	682	740	722	627	626	730	658	638	683	699	758	680	738	700	710	689	682	756	729	725	757	687	721	668	717	628	717	727	789	601	581	661	566	728	650	719	744	736	534	676	611	670	776	609	695	768	778	764	828	800	806	864	711	836	861	817	730	692	652	702	721	681	667	725	698	706	741	763	746	692	595	768	812	647	615	588	578	769	665	790	717	652	701	708	731	768	634	635	653	635	702	711	586	687	719	720	709	699	0
SAMPLE_162	682	716	637	698	674	713	654	632	708	672	650	745	651	726	768	681	744	746	706	748	729	680	695	680	730	740	683	715	601	696	639	692	636	660	632	664	629	718	656	625	674	661	631	642	674	765	702	736	691	773	734	696	709	709	743	705	659	659	647	608	704	763	740	745	683	712	682	668	683	684	739	642	734	649	608	745	710	660	694	585	651	616	693	683	641	658	841	795	720	745	756	631	782	652	746	682	710	711	666	756	755	761	783	710	741	607	861	804	803	908	764	846	822	767	659	748	605	762	642	589	791	699	629	677	628	727	735	669	726	669	643	637	682	800	745	626	613	661	656	677	729	674	614	724	694	663	603	703	726	697	754	776	706	568	638	655	721	0
SAMPLE_029	733	773	753	717	730	691	738	710	727	752	679	696	750	725	726	703	808	806	728	743	720	730	768	767	774	769	770	713	693	794	746	733	696	745	788	728	729	733	686	761	736	779	716	730	694	824	775	781	757	821	684	773	685	743	746	745	653	643	683	704	746	787	757	693	730	704	789	676	702	768	744	760	742	716	649	730	724	691	759	690	727	735	774	737	698	774	881	839	713	710	810	738	818	642	726	669	795	787	751	776	764	762	787	720	826	751	864	846	860	873	767	848	852	854	638	840	717	760	668	700	807	743	706	772	700	772	774	701	818	718	607	786	775	788	774	714	646	691	775	675	743	712	758	720	763	653	721	758	729	789	785	753	695	703	717	719	732	639	0
SAMPLE_203	878	853	884	825	775	890	841	853	905	856	842	906	888	826	901	863	814	804	872	903	873	896	871	885	797	798	892	787	882	853	857	823	892	791	894	891	869	808	888	875	864	915	896	892	861	880	870	826	812	795	790	761	897	843	812	884	907	890	851	882	839	814	831	908	834	896	921	869	834	898	910	877	879	872	826	844	815	827	863	876	911	815	881	861	872	903	663	802	829	788	800	872	719	826	808	877	830	843	795	742	784	794	906	938	804	830	754	692	683	707	728	633	751	664	818	759	833	875	795	884	829	872	880	908	877	851	836	821	815	873	855	896	853	819	794	863	817	887	847	799	897	846	872	836	847	846	835	843	801	896	784	774	843	802	834	884	761	820	824	0
SAMPLE_016	723	799	766	810	750	806	783	776	721	790	768	803	784	799	862	796	792	762	820	845	809	797	723	821	791	751	796	730	774	757	774	746	791	730	748	777	730	798	799	798	742	822	796	797	790	796	838	760	756	759	788	688	798	737	816	825	815	749	765	787	813	772	737	829	812	810	803	743	786	818	818	790	782	733	839	771	804	788	794	735	796	728	793	723	773	825	689	770	717	698	733	808	762	776	839	763	703	714	717	669	738	785	765	794	736	707	837	750	745	771	646	677	755	811	792	742	741	765	701	757	731	772	797	768	749	798	797	755	769	819	827	777	723	700	733	794	753	800	765	715	736	724	771	748	712	731	767	756	692	836	785	751	812	728	683	737	718	728	746	674	0
SAMPLE_060	857	830	874	853	772	864	832	844	844	870	857	922	869	865	935	849	831	815	868	870	832	871	836	841	885	814	841	759	859	829	861	801	842	832	804	857	839	786	873	843	803	900	881	863	855	858	833	786	925	839	796	754	884	815	777	843	889	856	878	897	870	802	762	894	839	795	779	864	877	851	844	836	884	861	860	831	872	820	859	843	865	877	812	847	864	875	692	781	778	795	825	797	805	828	790	854	810	835	784	776	737	842	805	923	711	809	663	669	639	653	715	671	721	679	746	741	860	890	761	808	729	876	880	819	845	874	835	856	814	865	867	833	805	798	768	887	837	855	817	850	854	778	882	880	815	804	829	823	775	854	808	825	841	793	798	842	756	816	831	692	740	0
SAMPLE_201	872	853	908	891	884	840	825	935	863	907	903	913	884	870	897	864	876	813	841	847	914	905	864	906	879	928	913	836	870	933	910	811	942	897	910	908	916	875	953	945	889	916	937	886	872	881	903	889	902	872	872	778	844	860	854	901	918	877	875	861	899	907	905	922	919	853	853	919	866	876	852	900	933	939	879	896	928	873	840	918	880	874	867	885	861	863	682	850	876	803	885	884	872	908	888	879	916	905	842	846	772	815	923	915	726	858	662	712	710	753	728	712	671	762	875	737	872	854	860	836	811	864	851	897	864	921	855	880	873	890	903	932	912	850	902	876	872	894	872	854	886	854	930	910	887	838	923	899	780	930	896	830	933	866	826	868	859	839	835	777	756	701	0
SAMPLE_056	750	720	826	818	763	816	771	783	780	873	809	833	813	826	835	790	773	803	791	807	786	835	731	804	851	726	843	774	818	801	759	764	773	771	740	812	758	795	801	754	766	859	836	826	808	735	845	736	761	684	766	751	840	699	784	766	844	759	827	832	816	686	722	866	794	765	760	805	840	849	847	809	800	783	852	770	768	723	788	724	776	767	808	757	773	798	745	676	705	650	664	817	680	805	803	768	700	700	689	630	693	667	772	815	755	731	812	816	771	792	643	733	791	742	807	666	708	759	741	755	726	781	786	781	796	877	751	816	669	851	835	754	662	603	684	812	773	800	767	733	774	721	821	802	685	743	751	751	709	791	665	721	838	736	742	711	656	766	829	726	698	719	754	0
SAMPLE_184	818	858	870	833	817	841	803	846	851	826	825	850	875	813	881	834	837	780	834	876	857	845	815	861	811	846	876	732	838	862	864	770	854	845	841	841	845	819	836	826	830	902	848	886	843	867	825	839	813	775	782	725	830	818	772	886	856	807	809	862	876	809	817	874	876	841	891	825	826	852	852	855	850	822	851	878	814	828	862	849	870	810	853	811	851	832	686	814	760	767	806	786	763	850	850	818	800	820	816	718	759	780	840	864	814	838	708	707	685	638	687	732	752	688	835	772	828	826	770	856	764	807	866	819	810	876	786	769	791	824	852	852	836	776	808	851	810	905	852	830	836	802	843	846	827	809	803	843	746	840	838	826	855	820	804	780	807	802	801	676	736	706	672	755	0
SAMPLE_100	853	822	887	843	800	831	864	799	832	882	788	857	853	831	837	779	803	824	797	866	772	823	742	824	788	806	826	722	832	817	817	792	810	849	803	825	801	742	852	790	856	820	794	881	808	848	827	795	817	811	783	766	805	789	765	787	825	823	837	862	812	783	795	875	783	806	819	851	818	860	817	823	861	812	811	811	816	802	839	782	814	810	810	813	784	803	680	799	785	784	807	817	751	802	799	850	802	826	773	755	775	741	819	823	744	766	739	725	727	726	726	701	744	754	808	726	839	819	744	827	747	820	852	779	794	827	803	793	808	829	791	764	758	768	793	808	824	806	803	786	825	798	824	839	848	793	809	800	822	846	778	801	823	744	806	757	780	815	833	680	760	698	721	718	690	0
SAMPLE_144	721	658	756	782	703	784	767	739	746	833	707	815	702	779	783	735	772	794	768	812	812	773	698	740	767	744	751	778	800	786	782	711	724	728	701	801	727	721	782	770	787	798	756	725	815	767	770	684	835	834	792	732	818	699	750	748	796	723	787	769	752	735	658	784	782	719	634	757	799	765	822	839	746	679	795	789	736	721	776	702	742	735	756	720	733	773	841	746	658	687	692	786	760	760	782	714	728	733	676	795	771	683	700	814	710	691	831	774	836	883	685	815	818	865	766	762	675	754	760	668	752	695	791	677	777	792	745	743	733	845	778	739	724	677	631	827	774	811	701	781	670	714	715	825	680	665	717	695	746	751	658	830	826	732	685	726	673	704	759	855	701	790	810	732	841	795	0
SAMPLE_158	872	819	860	861	787	838	792	875	845	846	861	889	864	791	888	848	810	781	840	844	836	874	859	865	854	885	867	767	846	848	853	822	855	865	843	840	830	843	853	855	869	854	887	910	842	837	855	857	870	845	817	722	853	809	842	837	850	876	854	868	868	754	857	875	868	845	817	858	869	847	854	819	914	854	827	891	855	785	891	796	865	849	844	795	840	808	687	802	811	775	794	813	754	822	857	809	768	813	761	741	768	794	858	896	790	845	742	767	681	691	779	703	728	733	809	737	845	827	840	871	742	855	836	807	808	905	831	838	860	842	827	836	789	852	830	881	838	860	844	798	846	788	864	824	854	833	836	859	788	861	805	840	912	837	868	901	769	790	819	711	782	704	706	745	646	702	866	0
SAMPLE_021	832	774	764	866	782	820	826	743	728	811	849	752	744	809	866	780	775	816	822	785	788	811	700	811	787	679	802	870	716	818	752	811	785	742	697	797	745	797	813	752	783	812	812	792	797	749	793	763	784	770	761	868	826	653	754	749	773	761	785	785	842	693	733	868	780	713	768	794	834	767	817	790	752	762	816	804	814	774	819	739	675	793	823	711	716	839	811	708	683	738	734	795	725	826	724	797	678	747	652	721	852	646	713	827	832	742	820	848	854	825	730	869	902	862	818	752	722	759	720	714	607	816	753	666	752	800	765	773	653	821	748	748	684	663	670	857	752	847	808	687	695	800	777	841	718	626	750	687	676	672	597	777	753	695	726	692	635	748	828	815	716	734	857	746	817	758	770	820	0
SAMPLE_114	824	884	909	876	807	836	820	885	887	900	856	884	879	908	900	897	872	817	898	908	904	890	854	894	854	883	889	738	861	842	883	837	920	922	854	874	899	898	920	894	868	924	915	905	867	905	908	853	868	838	867	791	881	807	792	859	947	863	855	908	897	856	801	916	887	844	818	903	851	919	859	900	870	882	936	829	855	870	885	877	897	865	843	877	904	840	641	806	824	848	836	852	789	870	847	903	917	874	838	785	784	837	910	934	782	867	712	706	638	709	731	675	683	659	865	715	795	844	835	842	783	847	908	882	865	870	796	843	840	891	883	877	885	800	805	897	851	912	853	867	853	816	880	864	860	885	900	910	829	896	837	840	900	859	803	868	855	840	859	707	715	642	665	783	695	674	842	765	818	0
SAMPLE_003	853	832	915	888	836	880	892	919	900	878	894	916	941	890	896	892	876	852	854	878	850	900	875	911	866	849	928	777	912	857	871	834	909	877	839	863	875	921	888	869	864	945	893	901	844	892	904	821	864	808	819	775	875	828	841	876	931	897	889	931	872	828	838	920	862	904	899	887	882	905	863	881	904	888	846	886	863	852	878	879	913	857	880	873	895	843	685	806	857	822	811	899	797	883	799	880	846	798	797	779	776	825	904	899	810	915	676	729	692	644	709	642	662	657	845	767	851	863	820	889	778	894	874	870	870	859	831	834	821	874	863	879	866	857	849	893	826	852	903	862	908	859	877	886	836	845	830	867	806	886	842	819	912	849	856	875	803	858	901	683	764	691	681	745	685	675	897	712	832	679	0
SAMPLE_104	863	898	902	923	887	843	828	882	924	881	932	904	916	876	893	906	873	874	875	899	897	888	873	893	866	906	893	750	856	879	905	855	891	899	853	849	856	866	842	865	917	899	883	869	882	894	907	851	872	849	844	771	879	865	854	906	900	863	892	868	877	899	878	922	852	868	856	886	899	879	837	892	943	912	883	879	878	868	893	876	860	858	826	865	882	845	705	850	891	832	877	874	818	913	857	859	865	928	859	872	817	881	853	920	815	885	739	749	708	678	731	675	734	734	863	814	872	870	855	854	824	893	909	862	883	893	879	879	860	846	885	905	860	894	887	910	865	903	857	870	883	857	905	924	892	873	892	865	792	870	917	884	908	864	872	871	877	815	877	760	789	716	703	821	701	725	812	744	860	699	658	0
SAMPLE_122	668	693	725	728	676	732	639	625	665	736	641	782	607	647	693	685	632	716	705	700	708	638	687	655	654	651	715	702	662	746	665	641	682	600	651	703	706	737	680	646	650	671	685	651	704	605	659	674	715	697	776	751	710	694	716	757	656	680	663	666	732	807	659	687	705	714	668	661	633	684	716	678	665	550	663	682	757	643	691	672	618	568	709	697	642	691	854	721	660	696	737	633	766	650	705	662	649	664	658	769	768	646	698	677	762	609	883	832	851	889	758	828	811	819	674	742	584	682	670	596	748	667	669	638	590	655	655	590	735	620	704	596	656	710	672	604	658	679	610	615	745	602	631	718	638	740	620	690	737	635	637	673	643	652	627	599	669	567	686	826	759	823	862	794	822	776	717	841	769	863	857	852	0
SAMPLE_191	756	741	723	812	704	781	728	765	822	766	813	814	719	806	815	776	770	735	814	764	795	808	790	792	807	799	800	791	773	798	799	818	806	760	723	816	822	795	848	732	791	765	832	787	848	760	792	780	833	768	823	739	844	762	809	786	798	756	797	745	779	797	763	793	774	752	762	796	812	854	794	779	814	786	805	857	874	743	800	751	753	754	790	737	784	759	765	826	757	718	777	766	822	797	807	778	822	722	697	786	795	805	811	804	741	723	758	737	795	730	717	787	759	802	809	744	717	822	791	784	749	746	778	726	721	823	756	763	798	812	813	727	706	726	728	801	770	823	710	743	739	817	773	836	779	787	768	771	720	739	740	832	841	778	775	729	732	674	825	788	735	739	801	729	794	746	714	720	720	764	790	799	736	0
SAMPLE_002	723	710	741	745	744	759	707	736	765	771	761	789	752	788	826	757	723	768	749	788	687	720	743	726	772	698	783	743	750	754	808	659	756	796	715	804	730	756	812	702	723	798	736	768	778	761	733	778	741	742	749	703	815	702	736	752	759	760	710	750	767	713	704	796	802	745	727	782	738	754	706	776	803	751	755	749	790	743	756	737	748	735	798	705	810	754	731	735	718	729	713	743	709	781	789	683	745	660	763	711	757	780	782	783	747	729	776	763	763	734	709	785	718	766	731	717	742	736	727	765	739	739	771	770	722	832	749	729	723	759	800	763	731	734	756	739	711	743	757	729	750	730	727	776	766	724	762	775	772	746	748	701	813	739	742	732	735	736	829	785	738	745	759	718	697	778	777	741	779	730	702	740	770	706	0
SAMPLE_110	876	882	924	925	819	850	862	894	932	870	903	913	857	866	930	933	896	864	942	904	907	911	873	926	875	888	898	735	906	883	888	851	874	897	870	889	894	834	892	918	908	920	937	869	904	913	881	859	904	864	865	734	923	859	811	932	938	900	922	933	915	848	818	941	914	893	852	898	919	900	883	891	912	901	912	850	818	864	934	924	934	910	861	915	922	851	681	825	886	844	914	906	869	918	879	882	839	917	861	800	803	851	916	933	753	915	650	697	672	666	780	688	644	646	813	763	869	894	874	894	771	849	952	864	919	898	857	875	835	925	897	910	877	853	883	926	866	920	882	921	873	817	908	917	883	906	873	871	821	871	884	877	874	864	920	946	811	837	870	717	751	636	717	782	717	754	847	716	827	682	637	690	914	826	718	0
SAMPLE_062	743	746	741	799	765	827	717	784	788	822	810	807	818	824	807	823	793	802	795	777	837	793	772	782	784	810	771	763	817	805	791	756	775	784	773	819	780	744	794	765	787	796	825	859	824	802	787	737	817	752	771	668	811	789	747	745	806	792	795	854	807	737	753	879	812	754	797	799	833	787	787	824	849	784	839	825	862	752	777	773	776	789	803	717	824	769	767	803	776	696	737	761	787	750	768	766	775	676	759	728	756	785	733	816	756	749	707	716	642	745	707	745	690	739	787	706	788	774	812	838	680	724	816	698	779	796	745	806	772	831	814	730	739	755	772	768	810	842	729	822	781	739	801	835	759	741	797	711	803	805	721	769	796	765	780	724	752	777	804	769	771	640	712	691	713	703	746	725	756	724	777	761	796	642	751	742	0
SAMPLE_179	776	759	764	783	706	793	764	807	848	784	785	797	752	817	830	787	777	773	813	821	849	872	772	788	742	771	798	711	778	799	788	718	798	784	747	782	798	726	827	797	766	856	819	775	802	811	780	717	833	755	810	679	810	736	750	788	810	758	794	831	803	747	721	831	776	745	757	766	756	746	791	826	796	758	811	798	740	802	824	769	797	772	747	803	828	779	734	770	716	740	727	787	807	761	756	768	740	724	738	735	706	775	794	832	712	796	724	711	719	747	672	757	721	718	790	679	779	802	771	777	732	759	791	760	770	817	755	767	745	835	851	742	773	718	701	806	734	770	714	791	751	729	797	782	777	762	810	773	764	785	759	769	795	773	794	807	663	730	801	762	666	634	707	687	713	723	719	747	773	729	735	768	769	702	717	717	660	0
SAMPLE_041	820	776	812	826	755	868	792	836	810	822	834	893	856	807	890	849	825	772	836	845	846	881	824	818	804	767	859	774	830	843	865	807	806	774	757	855	801	819	835	791	791	848	822	902	840	860	811	769	870	802	790	760	874	803	849	817	754	828	872	885	866	815	769	884	814	770	868	839	840	858	837	825	809	812	805	842	810	800	838	792	857	832	822	775	846	875	727	812	784	801	810	808	804	855	818	752	744	767	797	748	744	857	791	851	852	805	789	797	760	709	741	774	699	796	798	698	811	794	789	838	727	853	806	821	828	901	800	794	788	821	798	840	724	791	800	884	796	851	787	783	827	799	899	812	769	726	821	840	746	776	753	875	827	811	775	833	758	820	830	744	764	714	802	778	733	746	767	705	814	790	743	730	822	795	705	761	716	697	0
SAMPLE_095	749	727	853	827	693	799	758	739	738	795	777	892	787	762	856	805	702	716	818	832	779	824	712	746	727	748	804	739	737	755	805	785	802	724	762	775	714	772	758	776	783	836	783	758	797	793	805	770	787	789	806	710	803	691	771	778	761	802	811	806	756	736	730	811	736	781	772	842	794	803	794	738	783	783	779	812	791	750	741	800	756	757	770	734	786	737	746	801	699	692	694	760	706	773	794	746	677	759	703	713	701	744	744	813	772	761	785	768	745	780	680	721	728	721	736	659	754	720	724	749	754	742	780	763	758	809	789	734	717	809	856	747	702	736	733	775	759	795	695	759	808	669	763	801	709	759	709	745	733	795	715	731	788	708	733	765	697	702	819	686	735	761	761	680	690	689	771	711	787	814	693	776	702	729	708	805	736	715	704	0
SAMPLE_141	759	755	795	801	767	802	786	775	738	820	764	818	818	793	869	791	794	779	762	851	759	790	797	828	765	724	802	806	817	749	818	767	771	771	725	803	724	765	781	764	719	808	767	847	823	807	782	715	801	751	739	735	802	742	761	746	792	744	765	810	803	737	714	839	767	740	786	810	812	785	795	823	813	769	782	784	809	789	780	737	751	762	799	755	789	840	772	790	769	721	701	832	670	815	736	765	740	720	716	690	799	802	763	808	738	734	768	787	805	765	699	716	760	776	812	691	761	754	746	774	719	793	815	777	749	816	762	747	750	808	841	735	733	734	682	804	753	804	735	769	791	780	776	802	742	735	698	765	767	780	709	771	830	708	719	735	666	765	826	756	706	694	779	663	748	695	693	717	767	809	733	793	740	722	710	800	681	681	694	690	0
SAMPLE_194	850	886	843	825	823	821	783	890	874	833	836	841	877	817	860	811	832	765	817	844	812	855	862	867	841	854	923	707	844	864	843	784	838	870	823	830	839	844	874	825	820	890	871	904	784	903	849	841	826	814	883	731	872	834	801	829	828	803	810	872	882	843	847	879	822	844	823	832	793	843	819	794	863	882	850	874	883	809	807	807	886	802	857	782	869	855	692	830	821	798	818	826	784	813	830	848	858	811	810	742	800	842	846	875	851	846	699	721	695	670	676	732	660	675	815	720	803	862	809	843	803	839	856	841	807	898	834	786	817	797	850	885	822	806	842	861	801	859	828	804	862	798	889	835	813	809	788	815	800	916	827	824	852	789	831	810	796	804	793	725	713	670	642	740	637	748	841	723	842	651	617	704	857	739	736	713	666	697	734	752	747	0
SAMPLE_038	719	760	773	767	734	766	771	790	813	760	796	801	763	789	839	760	775	742	792	809	783	839	778	809	774	742	834	735	785	832	804	704	787	803	734	841	765	760	829	774	733	802	841	826	791	842	796	741	770	793	782	748	802	746	743	824	790	793	795	841	822	739	746	809	758	735	725	827	772	772	746	819	814	737	722	742	760	717	805	724	818	777	776	738	777	788	760	756	749	692	745	764	774	779	715	741	735	697	683	695	757	732	750	861	767	793	782	794	745	798	656	740	773	753	730	657	728	751	714	767	738	830	823	784	792	803	763	725	749	780	817	744	711	685	704	804	752	794	744	755	792	754	804	739	762	734	738	814	777	780	726	790	757	733	679	754	648	744	779	731	733	696	794	740	772	687	764	759	728	742	737	811	706	730	727	775	708	663	731	717	655	730	0
SAMPLE_098	862	817	912	898	851	814	772	860	917	929	878	818	913	831	902	883	852	847	840	834	877	881	843	916	861	870	849	773	909	898	873	836	866	898	901	874	870	808	912	878	872	936	933	884	895	818	900	892	892	794	824	776	862	831	800	885	925	862	922	896	878	839	875	917	917	878	873	876	893	916	864	905	872	871	907	862	876	803	866	864	871	907	801	859	881	815	705	826	801	719	801	886	839	863	829	809	850	820	821	782	770	784	854	883	730	897	693	719	700	716	722	714	729	768	847	758	862	817	840	896	750	817	872	809	884	930	744	853	794	924	892	881	846	805	845	841	828	841	829	868	828	840	909	844	852	830	866	812	737	848	810	812	865	846	854	827	871	841	815	745	763	729	641	688	677	763	827	687	864	711	705	775	863	748	771	772	645	711	796	791	775	679	792	0
SAMPLE_063	865	849	854	866	833	813	814	898	900	842	882	909	808	886	912	900	869	836	888	848	901	921	863	920	882	878	884	773	899	847	891	854	874	896	822	833	868	801	871	865	859	923	865	809	869	848	897	808	869	846	839	733	851	860	789	904	924	830	869	900	890	846	826	918	871	860	874	878	895	922	871	890	878	897	894	846	847	907	869	844	873	836	822	853	919	806	687	839	878	819	867	877	803	908	841	782	873	829	845	810	712	864	850	890	796	906	679	675	786	782	724	689	661	748	841	827	835	815	836	849	813	846	878	805	853	901	833	811	838	852	878	869	845	850	839	845	823	901	868	878	853	834	902	861	894	823	842	824	779	824	847	832	857	812	882	896	851	788	806	777	718	747	692	779	708	782	814	771	861	644	683	717	852	786	762	701	762	720	723	754	784	696	797	703	0
SAMPLE_103	803	825	868	836	813	824	811	860	882	848	788	862	813	803	890	850	854	776	836	829	838	900	829	833	763	833	853	716	859	826	805	752	828	794	787	837	836	805	878	836	818	889	858	834	841	847	850	791	833	802	827	718	802	808	727	902	862	825	866	863	855	770	803	863	830	827	837	856	812	857	842	817	867	813	830	791	797	827	846	835	911	807	795	831	859	825	694	786	774	740	826	785	769	797	830	850	823	841	819	789	744	763	831	876	811	824	673	709	654	704	802	670	699	656	754	768	796	815	790	817	787	841	834	822	831	831	821	782	817	841	816	800	833	795	789	828	827	850	823	808	823	823	822	886	810	806	838	827	753	845	802	801	815	810	801	845	765	783	814	698	759	679	693	768	664	710	800	712	825	680	653	754	776	749	720	699	692	695	737	734	781	705	712	732	725	0
SAMPLE_159	862	849	885	911	834	806	835	857	922	877	880	852	853	837	918	863	846	834	884	870	884	881	836	895	829	904	872	769	868	853	885	845	836	890	816	854	870	805	908	822	848	903	861	899	878	846	893	840	865	821	830	733	871	832	780	878	904	855	880	889	873	806	836	872	851	817	809	897	890	887	867	852	888	866	852	854	863	848	854	820	878	864	847	832	883	838	681	843	874	806	885	847	754	815	828	820	878	827	868	803	747	853	872	883	786	833	705	679	715	701	775	742	673	731	858	769	838	855	792	815	832	817	887	770	865	893	865	844	875	904	877	865	838	819	864	840	847	862	845	832	844	837	854	893	891	851	869	846	838	818	856	845	886	837	887	879	818	829	872	765	775	677	739	693	727	661	832	678	849	680	691	685	863	762	731	655	724	731	756	759	759	715	744	742	690	679	0
SAMPLE_045	808	823	864	863	835	818	828	863	927	875	814	851	851	839	921	875	893	835	885	876	830	885	775	841	837	913	856	760	853	864	859	861	869	891	760	863	861	834	889	842	856	910	877	833	842	868	896	847	860	825	883	778	835	827	756	889	887	821	840	879	929	848	833	864	877	822	839	889	813	910	883	883	895	834	869	794	845	829	870	815	840	828	853	845	843	860	700	831	793	795	828	863	778	834	821	907	865	828	852	827	743	828	868	884	790	882	766	750	681	743	771	688	698	721	830	754	807	837	792	830	791	837	854	831	840	844	822	836	870	877	832	844	842	798	832	838	799	809	836	808	887	849	854	832	861	829	859	862	797	891	811	837	815	780	790	794	834	788	831	762	731	727	755	739	696	742	837	782	840	703	705	781	780	792	766	739	759	739	785	762	735	727	687	732	692	659	682	0
SAMPLE_169	898	872	852	896	868	828	770	914	928	884	891	897	852	870	919	886	870	811	909	854	871	907	842	899	876	891	894	731	902	876	919	865	932	893	867	873	908	809	924	845	893	914	903	861	917	861	931	817	908	835	811	770	872	917	802	879	925	846	871	921	944	902	858	880	881	897	849	923	909	918	889	923	883	896	885	842	869	859	883	873	898	841	830	841	914	867	681	833	881	804	881	888	828	913	866	858	890	864	856	801	766	875	848	895	771	857	659	600	743	738	735	635	696	772	817	787	847	820	809	866	820	861	906	883	884	942	847	844	851	887	917	870	862	854	830	856	847	910	844	867	833	857	927	878	921	913	890	863	854	882	826	838	893	854	856	858	873	836	858	676	769	699	684	774	696	688	832	740	877	677	669	667	810	735	798	704	730	721	748	787	772	711	739	706	665	726	707	704	0
SAMPLE_042	775	750	791	773	750	672	733	726	789	772	720	705	768	734	775	759	756	779	753	741	748	747	689	724	729	711	756	636	766	732	810	775	721	807	692	742	713	772	790	758	744	772	791	706	744	802	734	659	734	750	725	701	767	812	741	736	776	749	775	767	720	704	725	814	763	681	748	732	775	771	734	725	701	701	801	727	754	760	718	731	768	724	779	761	722	769	753	759	776	707	709	756	753	758	744	745	736	750	751	808	627	765	765	769	719	759	794	778	743	809	745	717	738	766	777	780	727	790	768	756	732	769	739	756	750	749	740	736	861	800	788	716	749	734	776	736	760	754	718	790	729	712	727	733	745	691	709	777	741	793	737	800	686	793	744	734	717	756	760	754	761	762	812	708	811	749	743	759	851	779	732	808	740	736	799	761	706	727	781	741	723	772	712	691	759	703	735	726	747	0
SAMPLE_165	666	699	648	687	708	614	623	581	701	644	693	694	611	690	727	562	719	788	649	703	679	694	670	618	688	660	590	638	592	655	697	710	550	669	575	616	626	609	632	603	641	557	720	649	658	763	578	638	590	728	673	753	736	690	694	663	593	656	645	662	710	676	680	729	574	673	646	641	618	665	609	631	670	625	622	655	665	657	692	618	601	637	680	653	645	675	891	790	729	681	679	624	711	656	738	677	694	654	734	785	742	670	660	639	796	636	884	807	877	876	798	841	845	889	602	708	599	701	647	683	731	685	567	684	606	663	701	559	781	592	659	566	664	656	729	573	626	609	618	589	694	703	642	724	691	671	656	663	745	664	623	747	596	616	623	593	714	629	684	848	804	853	915	756	851	759	727	812	721	859	873	853	626	721	760	872	777	818	761	752	700	809	668	839	851	772	822	802	824	675	0
SAMPLE_011	728	658	770	776	726	771	806	723	725	786	775	761	731	723	794	776	727	812	764	742	780	787	699	780	774	773	783	763	806	725	787	703	729	681	720	833	722	709	742	777	761	738	862	764	792	726	763	740	795	761	831	748	838	657	763	740	732	725	783	758	808	727	752	790	786	772	685	758	751	803	785	734	778	701	751	737	751	705	780	721	725	776	761	690	757	809	856	681	639	679	676	778	754	765	736	780	660	655	690	666	793	658	665	821	789	711	825	866	785	806	714	803	798	809	754	680	758	768	732	727	693	763	753	739	788	775	754	766	695	857	798	738	653	665	714	783	711	767	727	729	761	655	764	793	725	705	722	766	724	816	648	819	759	711	730	702	652	773	754	797	698	759	828	658	818	774	632	754	711	800	830	871	706	756	795	832	692	720	743	745	714	757	679	749	843	807	794	790	863	739	680	0
SAMPLE_015	822	832	809	845	833	861	826	878	866	870	814	879	880	807	895	836	848	759	842	854	865	897	838	873	816	814	858	780	895	810	816	769	830	883	827	870	866	830	868	851	858	913	868	910	846	865	840	831	871	780	827	767	865	802	714	848	892	841	826	899	837	804	804	902	859	819	807	821	840	839	832	888	862	847	850	890	814	838	843	832	856	811	818	829	861	835	694	823	821	784	795	826	791	843	720	850	831	840	774	760	801	781	813	895	784	823	696	700	623	679	694	742	690	687	838	712	846	866	805	838	765	828	865	822	807	893	782	838	806	832	830	845	831	787	768	866	731	891	808	824	815	804	877	874	819	825	807	898	783	881	824	790	815	813	804	811	747	806	844	716	774	662	673	706	664	647	817	725	759	650	678	721	811	755	774	735	674	669	746	734	739	668	685	715	767	677	731	707	726	764	847	783	0
SAMPLE_023	881	876	901	862	833	857	872	889	933	870	905	909	882	870	905	887	860	824	844	885	877	916	876	933	864	905	906	750	914	831	872	847	918	839	870	895	888	874	880	834	893	904	916	917	886	899	933	846	900	818	848	791	896	889	802	919	923	850	902	923	908	854	844	901	878	890	855	896	904	920	918	898	916	878	845	893	863	868	894	909	901	893	870	862	893	857	665	831	848	806	847	876	806	865	852	852	892	837	805	777	711	876	875	941	789	869	661	661	693	678	691	622	644	670	794	750	837	893	781	882	779	868	901	833	879	912	883	853	857	877	860	897	843	874	874	876	873	895	868	874	852	836	895	910	863	839	859	849	810	888	864	874	923	805	845	869	831	810	873	644	708	649	713	765	669	706	808	694	849	696	569	683	857	729	757	622	707	715	734	707	772	657	755	714	695	674	688	722	637	732	861	777	685	0
SAMPLE_129	797	755	833	827	761	874	779	851	814	767	857	876	837	774	877	862	792	760	839	811	852	909	763	842	822	754	829	760	888	863	810	789	831	838	771	836	821	795	849	829	797	880	852	840	812	753	840	795	832	710	770	756	851	769	753	782	824	870	848	877	851	732	808	875	821	758	808	843	846	774	821	823	833	788	841	836	814	774	867	792	817	815	822	795	888	785	778	745	732	711	664	818	775	848	717	738	702	741	737	697	778	742	793	869	750	826	781	788	789	689	704	732	790	748	796	684	815	839	783	839	710	820	843	760	869	894	719	826	687	866	846	785	751	697	734	909	786	852	760	792	820	758	893	820	734	766	769	709	770	733	734	770	785	809	823	800	665	836	821	750	749	705	826	656	744	748	754	732	696	811	741	819	756	709	735	792	683	623	698	725	706	751	672	701	760	736	775	795	804	685	777	697	687	792	0
SAMPLE_068	835	865	918	829	815	876	839	895	916	874	868	883	928	856	905	853	894	818	846	875	851	902	900	874	875	894	913	750	891	891	888	796	897	870	838	859	859	859	860	868	833	910	878	898	830	910	880	882	847	794	845	762	880	857	791	898	904	886	866	900	847	839	878	928	887	879	866	869	848	845	847	873	927	876	836	866	845	824	872	855	919	866	844	871	901	825	643	786	824	807	858	848	801	858	755	865	854	859	808	733	726	844	887	938	741	909	666	660	631	692	717	636	686	720	831	705	856	829	870	909	760	889	902	881	868	886	851	841	842	839	855	904	856	866	852	867	827	872	870	853	907	816	902	881	845	847	865	810	837	938	826	756	871	841	824	859	837	813	825	655	764	642	663	770	634	665	910	652	814	629	600	683	857	786	715	678	663	740	719	747	765	622	686	672	746	682	732	718	664	773	868	797	678	613	773	0
SAMPLE_001	863	848	869	810	798	833	790	811	834	889	849	864	789	828	845	782	815	802	812	864	858	841	828	838	833	805	862	746	802	821	829	810	784	834	786	826	852	766	822	761	839	824	835	885	782	864	815	849	818	864	784	750	838	835	802	892	819	819	816	843	873	819	762	921	773	818	818	851	814	807	837	790	854	823	822	830	837	847	828	810	787	808	848	812	835	789	639	813	838	838	820	798	778	810	813	840	787	813	814	778	790	841	809	877	775	842	687	693	664	682	738	695	640	680	782	738	800	837	800	803	751	858	853	738	771	845	849	831	839	779	817	797	816	775	824	859	749	847	793	813	834	784	827	873	861	747	837	808	767	839	791	874	844	770	778	774	793	773	839	721	769	656	677	765	668	687	793	696	746	638	704	671	787	710	740	672	723	714	699	726	746	663	716	735	678	734	684	723	714	771	787	788	684	694	776	644	0
SAMPLE_195	738	747	817	782	767	832	768	779	734	819	803	857	739	810	872	777	755	788	754	802	768	823	780	799	724	720	822	771	813	757	836	780	742	737	755	788	787	837	818	745	725	812	812	820	745	766	761	723	801	726	757	799	782	770	760	727	794	861	832	808	829	773	661	838	796	769	710	829	816	755	812	854	784	728	827	820	804	755	737	704	803	748	745	796	806	786	758	751	692	707	706	813	642	809	817	719	720	743	710	693	759	767	765	764	803	747	787	784	816	799	670	787	788	813	746	720	719	758	703	751	755	784	766	710	804	829	693	776	707	807	824	788	724	734	678	849	838	815	746	737	772	789	731	821	727	716	744	720	743	765	697	793	860	728	705	716	713	774	814	796	749	809	795	714	681	759	764	788	794	760	729	834	741	798	665	815	745	734	736	663	742	757	745	760	757	700	815	750	772	758	782	824	739	786	766	804	775	0
SAMPLE_185	801	785	850	844	807	802	728	838	842	864	867	889	845	801	879	897	820	751	829	831	866	913	764	824	801	773	868	756	779	856	834	781	873	796	824	845	836	814	879	843	757	931	884	853	831	829	880	812	831	719	811	756	824	769	757	788	856	841	812	854	842	753	788	868	829	759	766	837	847	847	855	869	841	845	886	887	841	772	818	822	816	771	782	729	855	828	751	741	724	673	740	804	659	871	779	804	740	763	709	733	759	694	788	902	765	769	707	727	720	713	598	730	758	738	763	685	728	814	765	841	712	792	793	765	814	896	765	809	686	886	822	811	779	704	759	894	837	888	801	786	781	754	887	836	747	779	794	743	699	813	754	740	834	815	787	800	760	793	807	719	747	668	696	697	646	723	781	723	740	687	691	702	805	721	731	776	662	687	760	679	764	715	753	654	762	697	741	753	697	738	793	785	629	674	647	698	726	703	0
SAMPLE_198	819	806	837	865	823	808	779	806	838	850	786	880	905	804	871	843	783	781	857	897	823	828	799	876	797	806	811	762	828	843	855	805	844	851	771	799	773	790	836	813	819	902	811	874	811	821	808	827	797	805	788	747	829	746	792	836	831	826	791	845	840	743	759	855	842	826	849	802	813	824	810	826	890	864	856	830	838	809	828	843	814	776	803	798	850	842	653	794	792	742	749	828	749	807	796	820	753	827	809	783	783	788	857	823	749	851	658	686	685	669	696	683	740	658	804	775	852	829	808	838	746	814	833	775	776	862	799	780	772	829	879	801	779	801	768	866	808	825	812	802	852	802	851	849	767	804	810	828	747	857	801	773	805	817	810	822	702	811	822	658	699	633	730	723	582	715	812	662	798	712	640	664	799	776	721	687	716	696	716	662	691	651	760	686	721	666	693	683	722	746	804	788	646	714	743	688	658	728	679	0
SAMPLE_196	819	837	870	886	817	853	848	896	902	865	817	895	871	855	891	884	860	811	860	875	868	875	778	879	905	797	909	736	893	903	831	804	865	869	810	865	868	847	908	844	858	903	888	872	863	851	862	828	880	761	858	761	879	813	803	907	921	844	843	909	878	775	797	913	874	867	843	825	848	873	868	883	863	831	865	869	841	826	917	850	918	842	881	805	865	858	709	802	794	771	867	801	789	831	854	880	799	869	774	780	696	801	818	898	818	864	688	738	698	717	743	662	684	675	757	732	830	867	794	863	808	858	909	852	871	922	889	832	819	845	815	864	836	780	795	885	806	904	890	882	876	807	862	851	802	820	851	817	774	893	813	825	812	840	820	845	781	843	764	660	753	654	754	735	683	704	880	692	815	693	687	706	859	807	771	704	716	736	781	709	795	683	736	753	727	634	739	733	710	775	843	817	679	679	756	625	680	799	704	689	0
SAMPLE_125	834	782	834	817	812	854	801	807	825	816	844	799	856	846	875	798	810	753	838	839	829	780	808	792	832	764	836	785	814	853	851	729	817	818	778	835	792	772	866	770	764	870	837	817	825	858	821	841	761	796	799	751	857	770	790	822	862	806	759	770	834	810	872	835	796	803	840	826	824	831	778	843	849	780	825	812	840	803	778	805	808	807	847	759	820	828	755	775	821	838	791	815	765	832	836	816	840	751	809	741	773	803	775	874	831	779	725	719	756	710	729	723	707	709	848	760	831	831	854	871	804	838	856	799	829	857	796	813	820	812	865	832	776	769	796	805	803	813	795	746	813	830	763	905	825	771	844	824	768	871	803	776	841	837	819	718	780	813	861	708	766	749	709	755	717	705	849	766	783	722	701	790	787	728	664	764	690	764	775	763	729	678	755	740	771	670	780	756	703	753	794	757	713	702	769	728	695	780	720	750	709	0
SAMPLE_180	708	760	793	767	722	791	836	725	795	806	745	722	750	843	834	826	784	755	761	759	815	776	765	773	720	732	793	720	802	746	783	753	761	721	783	816	705	775	812	803	768	799	841	792	830	721	760	769	757	711	793	761	825	839	795	850	840	768	800	795	767	727	713	809	843	733	779	760	767	839	787	829	769	688	810	756	740	833	742	762	828	752	768	772	785	813	747	807	820	721	761	733	720	775	799	786	765	761	789	741	779	797	814	789	773	765	793	806	743	834	719	750	718	763	799	758	733	783	779	787	787	743	766	745	793	791	701	790	759	875	755	756	750	738	773	813	763	797	735	758	785	775	721	781	733	753	788	810	708	813	701	792	780	750	699	751	787	750	826	720	690	764	766	732	729	788	743	775	836	759	773	839	762	825	703	747	722	749	732	740	741	764	720	726	759	698	769	754	753	683	784	705	794	765	769	775	769	700	720	720	749	797	0
SAMPLE_025	834	856	833	810	832	886	825	865	845	829	847	898	796	848	831	821	840	799	870	873	822	869	803	842	818	846	901	797	875	810	895	802	837	832	824	847	851	801	851	846	836	845	813	848	846	873	840	820	814	825	847	725	800	842	740	862	843	809	818	940	870	821	791	861	840	879	839	827	799	876	863	837	854	862	826	804	847	848	845	823	902	805	833	835	848	823	601	852	820	791	841	810	807	836	799	873	845	855	854	737	695	820	835	905	815	861	742	717	717	670	760	706	689	672	810	778	824	877	816	841	793	864	901	846	813	850	863	811	875	801	861	876	821	809	834	854	784	865	799	817	888	806	876	899	873	836	885	845	811	893	848	881	867	808	855	863	815	807	835	682	742	739	695	788	693	695	817	679	850	637	720	667	853	759	731	679	734	715	718	759	785	667	742	801	700	663	710	703	702	791	818	777	713	672	798	682	665	777	817	659	651	736	761	0
SAMPLE_134	742	740	764	763	717	727	663	727	668	744	777	712	763	743	796	735	765	740	742	829	678	751	754	727	765	751	764	644	735	731	771	736	689	726	702	712	700	700	733	706	721	784	739	724	718	773	730	659	731	792	683	643	745	732	757	687	718	727	711	746	780	714	665	773	738	704	763	787	730	712	748	694	761	700	736	778	773	730	710	659	714	738	725	709	710	746	771	736	719	798	763	693	758	763	805	675	735	705	744	730	674	808	763	707	724	765	795	776	798	753	739	801	822	784	700	755	782	768	603	716	718	781	760	752	691	728	687	710	807	691	768	671	731	734	791	710	765	661	688	717	726	695	718	757	753	707	696	754	775	724	759	748	793	638	784	735	724	698	769	823	737	686	816	725	708	709	766	779	801	756	746	768	723	735	668	765	751	684	754	703	705	751	733	808	790	750	761	773	825	722	714	797	742	809	723	803	757	688	736	685	817	776	814	788	0
