chr3	129478636	129578636	Rod	RHO	chr3	129470000	129480000	27	31	353	115	122	38	298	74	2378	1364
chr3	129478636	129578636	Rod	RHO	chr3	129500000	129510000	161	98	232	358	312	81	1348	277	3142	10000
chr3	129478636	129578636	Rod	RHO	chr3	129520000	129530000	347	267	1614	688	866	398	3978	325	59800	10000
chr3	129478636	129578636	Rod	RHO	chr3	129550000	129560000	91	204	159	149	123	86	1290	108	2109	10000
chr3	129478636	129578636	Rod	RHO	chr3	129570000	129580000	112	49	189	222	215	151	519	67	2018	8636
chr3	129478636	129578636	Rod	RHO	chr3	129480000	129490000	67	179	465	309	186	159	940	98	5096	10000
chr3	129478636	129578636	Rod	RHO	chr3	129510000	129520000	144	88	385	297	194	71	1210	123	7690	10000
chr3	129478636	129578636	Rod	RHO	chr3	129530000	129540000	602	381	2296	1031	1216	601	5535	475	85119	10000
chr3	129478636	129578636	Rod	RHO	chr3	129540000	129550000	77	58	255	188	138	63	583	89	5409	10000
chr3	129478636	129578636	Rod	RHO	chr3	129560000	129570000	178	93	160	203	142	90	1197	102	1897	10000
chr3	129478636	129578636	Rod	RHO	chr3	129490000	129500000	268	199	897	504	545	219	2940	269	18427	10000
chr14	24065025	24165025	Rod	NRL	chr14	24070000	24080000	681	115	730	1766	1468	191	1660	606	19469	10000
chr14	24065025	24165025	Rod	NRL	chr14	24090000	24100000	483	196	962	1122	1320	314	3187	578	25925	10000
chr14	24065025	24165025	Rod	NRL	chr14	24120000	24130000	101	18	188	135	118	34	371	73	1920	10000
chr14	24065025	24165025	Rod	NRL	chr14	24140000	24150000	967	727	4926	2750	2658	807	10251	1264	52528	10000
chr14	24065025	24165025	Rod	NRL	chr14	24060000	24070000	78	57	195	292	311	44	431	172	2265	4975
chr14	24065025	24165025	Rod	NRL	chr14	24080000	24090000	584	316	3032	1641	1596	492	4691	743	68054	10000
chr14	24065025	24165025	Rod	NRL	chr14	24100000	24110000	72	47	275	253	277	69	596	130	4253	10000
chr14	24065025	24165025	Rod	NRL	chr14	24130000	24140000	640	219	2262	1067	1351	352	3936	518	27517	10000
chr14	24065025	24165025	Rod	NRL	chr14	24150000	24160000	52	29	219	190	168	46	367	93	2261	10000
chr14	24065025	24165025	Rod	NRL	chr14	24160000	24170000	229	192	1068	711	731	202	2399	364	11686	5025
chr14	24065025	24165025	Rod	NRL	chr14	24110000	24120000	744	572	3424	2275	1952	657	7955	939	41196	10000
chr3	50141585	50241585	Rod	GNAT1	chr3	50140000	50150000	161	139	1501	416	462	180	2309	198	26689	8415
chr3	50141585	50241585	Rod	GNAT1	chr3	50170000	50180000	112	62	474	220	279	97	1768	129	6584	10000
chr3	50141585	50241585	Rod	GNAT1	chr3	50190000	50200000	429	411	3398	1034	1187	579	6698	540	80576	10000
chr3	50141585	50241585	Rod	GNAT1	chr3	50220000	50230000	549	527	3544	1553	1430	569	7994	766	47023	10000
chr3	50141585	50241585	Rod	GNAT1	chr3	50150000	50160000	326	374	3080	755	1398	390	6295	481	40691	10000
chr3	50141585	50241585	Rod	GNAT1	chr3	50160000	50170000	166	169	849	285	865	191	3329	218	13980	10000
chr3	50141585	50241585	Rod	GNAT1	chr3	50180000	50190000	136	109	899	365	421	112	1932	207	15679	10000
chr3	50141585	50241585	Rod	GNAT1	chr3	50210000	50220000	248	325	3117	546	548	270	5013	268	32627	10000
chr3	50141585	50241585	Rod	GNAT1	chr3	50230000	50240000	336	393	1712	1107	995	482	5624	628	14966	10000
chr3	50141585	50241585	Rod	GNAT1	chr3	50240000	50250000	189	136	919	627	435	269	2343	345	10019	1585
chr3	50141585	50241585	Rod	GNAT1	chr3	50200000	50210000	585	532	6265	1245	1344	675	9311	572	85624	10000
chr4	575558	675558	Rod	PDE6B	chr4	590000	600000	21	20	113	135	63	19	201	84	2892	10000
chr4	575558	675558	Rod	PDE6B	chr4	610000	620000	53	22	272	197	100	40	347	99	4862	10000
chr4	575558	675558	Rod	PDE6B	chr4	640000	650000	149	112	1454	405	431	143	1502	163	23603	10000
chr4	575558	675558	Rod	PDE6B	chr4	660000	670000	306	265	2088	732	745	343	3603	394	45237	10000
chr4	575558	675558	Rod	PDE6B	chr4	570000	580000	373	18	217	1122	619	53	344	753	2545	4442
chr4	575558	675558	Rod	PDE6B	chr4	580000	590000	62	6	57	181	153	16	94	118	1131	10000
chr4	575558	675558	Rod	PDE6B	chr4	600000	610000	112	68	834	333	235	113	874	175	13514	10000
chr4	575558	675558	Rod	PDE6B	chr4	620000	630000	286	259	3213	721	800	319	3265	390	49142	10000
chr4	575558	675558	Rod	PDE6B	chr4	630000	640000	240	150	1432	740	542	222	2379	262	30171	10000
chr4	575558	675558	Rod	PDE6B	chr4	670000	680000	610	499	3372	1597	1623	682	6810	722	57916	5558
chr4	575558	675558	Rod	PDE6B	chr4	650000	660000	290	229	1597	879	778	252	3148	317	44541	10000
chr4	47967300	48067300	Rod	CNGA1	chr4	47960000	47970000	30	21	145	63	65	36	324	34	5555	2700
chr4	47967300	48067300	Rod	CNGA1	chr4	47990000	48000000	12	9	78	48	45	13	174	20	2512	10000
chr4	47967300	48067300	Rod	CNGA1	chr4	48010000	48020000	115	121	595	248	308	147	2099	202	15757	10000
chr4	47967300	48067300	Rod	CNGA1	chr4	48040000	48050000	4	8	55	28	100	17	140	17	396	10000
chr4	47967300	48067300	Rod	CNGA1	chr4	48060000	48070000	6	4	32	26	23	6	43	18	246	7300
chr4	47967300	48067300	Rod	CNGA1	chr4	47980000	47990000	118	99	798	282	288	179	1638	148	26734	10000
chr4	47967300	48067300	Rod	CNGA1	chr4	48000000	48010000	20	11	98	37	48	20	173	27	1977	10000
chr4	47967300	48067300	Rod	CNGA1	chr4	48020000	48030000	18	14	84	36	40	18	245	30	2055	10000
chr4	47967300	48067300	Rod	CNGA1	chr4	48030000	48040000	15	12	80	32	45	33	115	24	1238	10000
chr4	47967300	48067300	Rod	CNGA1	chr4	48050000	48060000	5	0	17	9	18	2	33	8	176	10000
chr4	47967300	48067300	Rod	CNGA1	chr4	47970000	47980000	33	34	232	90	118	81	522	49	9420	10000
chrX	70218304	70318304	Cone	ARR3	chrX	70210000	70220000	5	0	19	8	11	3	25	7	64	1696
chrX	70218304	70318304	Cone	ARR3	chrX	70240000	70250000	5	4	92	15	22	9	32	22	178	10000
chrX	70218304	70318304	Cone	ARR3	chrX	70260000	70270000	23	14	1556	63	58	16	177	30	1029	10000
chrX	70218304	70318304	Cone	ARR3	chrX	70290000	70300000	30	39	358	108	105	42	483	65	1673	10000
chrX	70218304	70318304	Cone	ARR3	chrX	70310000	70320000	2	2	20	15	15	3	16	9	71	8304
chrX	70218304	70318304	Cone	ARR3	chrX	70220000	70230000	5	6	34	30	24	3	35	9	104	10000
chrX	70218304	70318304	Cone	ARR3	chrX	70230000	70240000	8	4	44	22	18	4	52	7	147	10000
chrX	70218304	70318304	Cone	ARR3	chrX	70270000	70280000	8	9	883	15	12	8	52	17	215	10000
chrX	70218304	70318304	Cone	ARR3	chrX	70280000	70290000	51	53	1129	144	145	48	549	71	1769	10000
chrX	70218304	70318304	Cone	ARR3	chrX	70300000	70310000	6	7	267	72	19	8	156	21	568	10000
chrX	70218304	70318304	Cone	ARR3	chrX	70250000	70260000	4	3	69	14	17	5	44	13	158	10000
chr1	109569928	109669928	Cone	GNAT2	chr1	109560000	109570000	33	26	194	140	100	26	171	78	834	72
chr1	109569928	109669928	Cone	GNAT2	chr1	109580000	109590000	14	8	123	105	67	22	98	56	426	10000
chr1	109569928	109669928	Cone	GNAT2	chr1	109610000	109620000	70	96	3248	257	258	192	1175	117	5123	10000
chr1	109569928	109669928	Cone	GNAT2	chr1	109630000	109640000	251	118	2057	789	423	155	1918	224	9940	10000
chr1	109569928	109669928	Cone	GNAT2	chr1	109660000	109670000	88	112	106	264	472	82	1488	146	806	9928
chr1	109569928	109669928	Cone	GNAT2	chr1	109590000	109600000	25	9	418	89	48	22	89	67	445	10000
chr1	109569928	109669928	Cone	GNAT2	chr1	109600000	109610000	34	11	1337	154	75	36	159	64	1089	10000
chr1	109569928	109669928	Cone	GNAT2	chr1	109620000	109630000	386	140	3004	1505	1349	221	2343	613	3421	10000
chr1	109569928	109669928	Cone	GNAT2	chr1	109640000	109650000	120	92	1170	364	265	98	1204	118	5900	10000
chr1	109569928	109669928	Cone	GNAT2	chr1	109650000	109660000	126	124	687	495	540	93	1492	235	5886	10000
chr1	109569928	109669928	Cone	GNAT2	chr1	109570000	109580000	26	13	159	136	65	32	113	68	673	10000
chr10	93562532	93662532	Cone	PDE6C	chr10	93570000	93580000	6	32	53	30	30	37	47	17	274	10000
chr10	93562532	93662532	Cone	PDE6C	chr10	93590000	93600000	10	9	370	64	42	9	59	30	308	10000
chr10	93562532	93662532	Cone	PDE6C	chr10	93620000	93630000	12	3	191	53	54	13	49	13	245	10000
chr10	93562532	93662532	Cone	PDE6C	chr10	93640000	93650000	12	3	151	25	92	12	37	16	222	10000
chr10	93562532	93662532	Cone	PDE6C	chr10	93560000	93570000	13	41	91	50	35	47	71	26	357	7468
chr10	93562532	93662532	Cone	PDE6C	chr10	93600000	93610000	12	16	494	72	46	11	66	44	337	10000
chr10	93562532	93662532	Cone	PDE6C	chr10	93610000	93620000	27	24	2987	69	67	29	155	47	2543	10000
chr10	93562532	93662532	Cone	PDE6C	chr10	93630000	93640000	36	1	179	89	100	15	51	17	263	10000
chr10	93562532	93662532	Cone	PDE6C	chr10	93650000	93660000	2	1	182	32	29	6	42	21	306	10000
chr10	93562532	93662532	Cone	PDE6C	chr10	93660000	93670000	14	11	444	49	38	8	93	33	578	2532
chr10	93562532	93662532	Cone	PDE6C	chr10	93580000	93590000	29	8	164	72	142	7	78	17	312	10000
chrX	154094242	154194242	Cone	OPN1LW	chrX	154110000	154120000	19	14	92	100	125	16	260	59	345	10000
chrX	154094242	154194242	Cone	OPN1LW	chrX	154130000	154140000	62	33	1191	175	155	54	663	80	4271	10000
chrX	154094242	154194242	Cone	OPN1LW	chrX	154160000	154170000	0	0	0	0	0	0	0	0	0	10000
chrX	154094242	154194242	Cone	OPN1LW	chrX	154190000	154200000	0	0	14	0	2	0	5	1	17	4242
chrX	154094242	154194242	Cone	OPN1LW	chrX	154090000	154100000	456	299	2841	1246	1173	293	3812	511	22088	5758
chrX	154094242	154194242	Cone	OPN1LW	chrX	154100000	154110000	5	7	98	30	49	15	106	19	508	10000
chrX	154094242	154194242	Cone	OPN1LW	chrX	154120000	154130000	12	17	122	59	48	22	206	49	495	10000
chrX	154094242	154194242	Cone	OPN1LW	chrX	154150000	154160000	2	1	160	14	11	3	17	5	153	10000
chrX	154094242	154194242	Cone	OPN1LW	chrX	154170000	154180000	1	0	0	0	0	0	0	0	5	10000
chrX	154094242	154194242	Cone	OPN1LW	chrX	154180000	154190000	0	1	20	3	3	0	6	1	44	10000
chrX	154094242	154194242	Cone	OPN1LW	chrX	154140000	154150000	58	40	2300	109	135	48	452	60	6323	10000
chrX	154132595	154232595	Cone	OPN1MW	chrX	154130000	154140000	62	33	1191	175	155	54	663	80	4271	7405
chrX	154132595	154232595	Cone	OPN1MW	chrX	154160000	154170000	0	0	0	0	0	0	0	0	0	10000
chrX	154132595	154232595	Cone	OPN1MW	chrX	154190000	154200000	0	0	14	0	2	0	5	1	17	10000
chrX	154132595	154232595	Cone	OPN1MW	chrX	154210000	154220000	1	3	15	5	7	18	16	2	77	10000
chrX	154132595	154232595	Cone	OPN1MW	chrX	154150000	154160000	2	1	160	14	11	3	17	5	153	10000
chrX	154132595	154232595	Cone	OPN1MW	chrX	154170000	154180000	1	0	0	0	0	0	0	0	5	10000
chrX	154132595	154232595	Cone	OPN1MW	chrX	154180000	154190000	0	1	20	3	3	0	6	1	44	10000
chrX	154132595	154232595	Cone	OPN1MW	chrX	154200000	154210000	1	0	24	1	3	4	5	3	38	10000
chrX	154132595	154232595	Cone	OPN1MW	chrX	154220000	154230000	0	0	0	0	0	0	0	0	0	10000
chrX	154132595	154232595	Cone	OPN1MW	chrX	154230000	154240000	3	2	15	4	8	2	12	3	85	2595
chrX	154132595	154232595	Cone	OPN1MW	chrX	154140000	154150000	58	40	2300	109	135	48	452	60	6323	10000
chr15	89172576	89272576	Mullerglia	RLBP1	chr15	89180000	89190000	37	72	127	97	72	27	991	139	1354	10000
chr15	89172576	89272576	Mullerglia	RLBP1	chr15	89200000	89210000	59	104	219	163	120	46	1452	129	1594	10000
chr15	89172576	89272576	Mullerglia	RLBP1	chr15	89230000	89240000	11	10	58	42	57	8	268	39	486	10000
chr15	89172576	89272576	Mullerglia	RLBP1	chr15	89250000	89260000	4	2	31	31	19	13	133	17	279	10000
chr15	89172576	89272576	Mullerglia	RLBP1	chr15	89170000	89180000	94	80	492	172	159	71	729	279	5287	7424
chr15	89172576	89272576	Mullerglia	RLBP1	chr15	89190000	89200000	65	180	131	126	61	50	1773	107	570	10000
chr15	89172576	89272576	Mullerglia	RLBP1	chr15	89210000	89220000	31	72	83	74	55	37	1404	61	493	10000
chr15	89172576	89272576	Mullerglia	RLBP1	chr15	89220000	89230000	46	133	58	39	47	72	2692	54	535	10000
chr15	89172576	89272576	Mullerglia	RLBP1	chr15	89240000	89250000	157	164	716	466	374	148	2413	259	7732	10000
chr15	89172576	89272576	Mullerglia	RLBP1	chr15	89270000	89280000	11	12	31	29	21	20	747	30	215	2576
chr15	89172576	89272576	Mullerglia	RLBP1	chr15	89260000	89270000	10	5	27	41	23	11	351	38	279	10000
chr1	182342205	182442205	Mullerglia	GLUL	chr1	182340000	182350000	46	68	39	820	100	32	159	223	185	7795
chr1	182342205	182442205	Mullerglia	GLUL	chr1	182360000	182370000	26	26	41	279	31	27	154	70	158	10000
chr1	182342205	182442205	Mullerglia	GLUL	chr1	182390000	182400000	366	368	999	975	710	385	5695	489	1840	10000
chr1	182342205	182442205	Mullerglia	GLUL	chr1	182420000	182430000	5	7	56	73	21	10	92	10	133	10000
chr1	182342205	182442205	Mullerglia	GLUL	chr1	182440000	182450000	19	22	246	82	93	33	248	39	1035	2205
chr1	182342205	182442205	Mullerglia	GLUL	chr1	182350000	182360000	31	43	29	132	36	13	158	71	135	10000
chr1	182342205	182442205	Mullerglia	GLUL	chr1	182370000	182380000	69	102	37	282	46	52	1792	85	148	10000
chr1	182342205	182442205	Mullerglia	GLUL	chr1	182380000	182390000	106	361	103	411	124	196	5147	140	246	10000
chr1	182342205	182442205	Mullerglia	GLUL	chr1	182400000	182410000	48	9	37	124	41	11	160	23	209	10000
chr1	182342205	182442205	Mullerglia	GLUL	chr1	182410000	182420000	11	17	31	47	39	7	178	28	134	10000
chr1	182342205	182442205	Mullerglia	GLUL	chr1	182430000	182440000	12	7	46	44	34	6	114	27	195	10000
chr5	36546583	36646583	Mullerglia	SLC1A3	chr5	36540000	36550000	5	3	11	34	20	3	56	14	91	3417
chr5	36546583	36646583	Mullerglia	SLC1A3	chr5	36570000	36580000	23	46	26	158	21	30	1132	59	96	10000
chr5	36546583	36646583	Mullerglia	SLC1A3	chr5	36590000	36600000	27	57	31	25	22	28	1104	27	134	10000
chr5	36546583	36646583	Mullerglia	SLC1A3	chr5	36620000	36630000	12	58	26	46	26	48	971	53	122	10000
chr5	36546583	36646583	Mullerglia	SLC1A3	chr5	36640000	36650000	9	17	31	37	11	46	381	35	463	6583
chr5	36546583	36646583	Mullerglia	SLC1A3	chr5	36550000	36560000	3	4	11	35	24	7	73	4	76	10000
chr5	36546583	36646583	Mullerglia	SLC1A3	chr5	36580000	36590000	18	31	16	39	27	27	379	28	110	10000
chr5	36546583	36646583	Mullerglia	SLC1A3	chr5	36600000	36610000	52	198	134	266	43	121	2305	93	408	10000
chr5	36546583	36646583	Mullerglia	SLC1A3	chr5	36610000	36620000	33	142	36	167	27	144	2192	44	139	10000
chr5	36546583	36646583	Mullerglia	SLC1A3	chr5	36630000	36640000	7	26	28	40	15	27	517	25	159	10000
chr5	36546583	36646583	Mullerglia	SLC1A3	chr5	36560000	36570000	9	40	17	43	28	14	545	39	124	10000
chr17	72071012	72171012	Mullerglia	SOX9	chr17	72090000	72100000	8	29	14	35	31	7	124	14	109	10000
chr17	72071012	72171012	Mullerglia	SOX9	chr17	72110000	72120000	270	286	100	223	130	61	3026	119	631	10000
chr17	72071012	72171012	Mullerglia	SOX9	chr17	72140000	72150000	54	19	25	26	19	6	219	11	164	10000
chr17	72071012	72171012	Mullerglia	SOX9	chr17	72160000	72170000	23	44	56	67	38	22	353	91	319	10000
chr17	72071012	72171012	Mullerglia	SOX9	chr17	72070000	72080000	9	8	14	28	32	9	59	26	103	8988
chr17	72071012	72171012	Mullerglia	SOX9	chr17	72100000	72110000	26	218	12	92	25	40	1151	33	105	10000
chr17	72071012	72171012	Mullerglia	SOX9	chr17	72120000	72130000	542	395	115	695	186	115	4603	267	477	10000
chr17	72071012	72171012	Mullerglia	SOX9	chr17	72130000	72140000	124	11	20	53	24	9	145	24	83	10000
chr17	72071012	72171012	Mullerglia	SOX9	chr17	72150000	72160000	67	105	14	59	27	40	1100	38	116	10000
chr17	72071012	72171012	Mullerglia	SOX9	chr17	72170000	72180000	81	75	23	133	56	20	710	42	140	1012
chr17	72071012	72171012	Mullerglia	SOX9	chr17	72080000	72090000	14	5	17	37	34	7	76	17	86	10000
chr17	44866936	44966936	Astrocyte	GFAP	chr17	44860000	44870000	38	15	162	129	131	28	262	99	1275	3064
chr17	44866936	44966936	Astrocyte	GFAP	chr17	44880000	44890000	23	15	131	72	142	19	154	60	824	10000
chr17	44866936	44966936	Astrocyte	GFAP	chr17	44910000	44920000	273	450	385	389	344	154	3408	231	4237	10000
chr17	44866936	44966936	Astrocyte	GFAP	chr17	44930000	44940000	62	21	217	140	136	33	323	57	1938	10000
chr17	44866936	44966936	Astrocyte	GFAP	chr17	44960000	44970000	150	240	838	1072	1536	216	3202	346	12983	6936
chr17	44866936	44966936	Astrocyte	GFAP	chr17	44870000	44880000	24	20	466	131	107	16	167	81	835	10000
chr17	44866936	44966936	Astrocyte	GFAP	chr17	44890000	44900000	259	211	1563	748	747	233	2665	317	17050	10000
chr17	44866936	44966936	Astrocyte	GFAP	chr17	44900000	44910000	161	389	1465	616	527	123	1927	415	14901	10000
chr17	44866936	44966936	Astrocyte	GFAP	chr17	44920000	44930000	299	178	1095	501	1004	119	1930	242	12293	10000
chr17	44866936	44966936	Astrocyte	GFAP	chr17	44940000	44950000	120	129	1110	513	552	139	2034	170	8520	10000
chr17	44866936	44966936	Astrocyte	GFAP	chr17	44950000	44960000	47	26	208	232	265	35	335	77	1678	10000
chr18	26815819	26915819	Astrocyte	AQP4	chr18	26810000	26820000	16	33	35	51	52	13	294	30	419	4181
chr18	26815819	26915819	Astrocyte	AQP4	chr18	26840000	26850000	7	20	14	29	25	8	240	16	122	10000
chr18	26815819	26915819	Astrocyte	AQP4	chr18	26870000	26880000	17	41	17	29	23	12	479	21	218	10000
chr18	26815819	26915819	Astrocyte	AQP4	chr18	26890000	26900000	13	56	18	31	37	10	183	26	154	10000
chr18	26815819	26915819	Astrocyte	AQP4	chr18	26820000	26830000	14	10	14	82	18	5	53	26	140	10000
chr18	26815819	26915819	Astrocyte	AQP4	chr18	26830000	26840000	18	51	26	39	25	2	119	36	153	10000
chr18	26815819	26915819	Astrocyte	AQP4	chr18	26850000	26860000	18	12	14	51	15	10	127	27	159	10000
chr18	26815819	26915819	Astrocyte	AQP4	chr18	26880000	26890000	12	19	46	68	52	19	196	48	1046	10000
chr18	26815819	26915819	Astrocyte	AQP4	chr18	26900000	26910000	25	64	27	47	25	13	577	48	156	10000
chr18	26815819	26915819	Astrocyte	AQP4	chr18	26910000	26920000	27	88	40	262	51	39	1066	218	363	5819
chr18	26815819	26915819	Astrocyte	AQP4	chr18	26860000	26870000	77	283	36	122	80	67	2646	118	271	10000
chr3	126147993	126247993	Astrocyte	ALDH1L1	chr3	126160000	126170000	10	9	10	15	16	7	125	11	168	10000
chr3	126147993	126247993	Astrocyte	ALDH1L1	chr3	126190000	126200000	30	37	46	50	75	19	348	54	348	10000
chr3	126147993	126247993	Astrocyte	ALDH1L1	chr3	126210000	126220000	104	90	184	183	147	48	1204	118	530	10000
chr3	126147993	126247993	Astrocyte	ALDH1L1	chr3	126240000	126250000	33	40	99	91	75	23	427	51	832	7993
chr3	126147993	126247993	Astrocyte	ALDH1L1	chr3	126140000	126150000	26	9	46	28	35	12	114	18	286	2007
chr3	126147993	126247993	Astrocyte	ALDH1L1	chr3	126150000	126160000	39	11	80	63	69	21	194	40	578	10000
chr3	126147993	126247993	Astrocyte	ALDH1L1	chr3	126170000	126180000	19	84	21	37	16	26	1098	47	205	10000
chr3	126147993	126247993	Astrocyte	ALDH1L1	chr3	126180000	126190000	82	238	59	83	40	85	3166	92	333	10000
chr3	126147993	126247993	Astrocyte	ALDH1L1	chr3	126200000	126210000	53	100	57	93	64	37	908	44	255	10000
chr3	126147993	126247993	Astrocyte	ALDH1L1	chr3	126230000	126240000	5	3	18	16	8	5	77	10	140	10000
chr3	126147993	126247993	Astrocyte	ALDH1L1	chr3	126220000	126230000	37	26	21	85	54	10	443	63	115	10000
chr11	35370062	35470062	Astrocyte	SLC1A2	chr11	35390000	35400000	78	71	532	371	189	61	587	242	6570	10000
chr11	35370062	35470062	Astrocyte	SLC1A2	chr11	35410000	35420000	350	251	2885	1222	509	217	2338	648	32135	10000
chr11	35370062	35470062	Astrocyte	SLC1A2	chr11	35440000	35450000	16	11	57	41	45	7	147	13	1054	10000
chr11	35370062	35470062	Astrocyte	SLC1A2	chr11	35460000	35470000	50	61	88	112	73	23	361	46	1666	10000
chr11	35370062	35470062	Astrocyte	SLC1A2	chr11	35370000	35380000	101	41	648	248	105	26	338	177	3948	9938
chr11	35370062	35470062	Astrocyte	SLC1A2	chr11	35400000	35410000	98	53	715	364	142	62	564	166	8533	10000
chr11	35370062	35470062	Astrocyte	SLC1A2	chr11	35420000	35430000	153	129	941	710	266	111	1596	234	18751	10000
chr11	35370062	35470062	Astrocyte	SLC1A2	chr11	35430000	35440000	39	45	324	137	103	43	478	85	6951	10000
chr11	35370062	35470062	Astrocyte	SLC1A2	chr11	35450000	35460000	35	58	76	149	97	26	720	49	1599	10000
chr11	35370062	35470062	Astrocyte	SLC1A2	chr11	35470000	35480000	91	88	218	195	97	37	428	69	3824	62
chr11	35370062	35470062	Astrocyte	SLC1A2	chr11	35380000	35390000	54	37	368	241	85	27	276	168	3833	10000
chr1	198579899	198679899	Microglia	PTPRC	chr1	198580000	198590000	4	5	17	13	13	16	21	11	109	10000
chr1	198579899	198679899	Microglia	PTPRC	chr1	198610000	198620000	9	2	24	29	9	14	35	15	76	10000
chr1	198579899	198679899	Microglia	PTPRC	chr1	198640000	198650000	6	1	16	15	12	26	16	16	76	10000
chr1	198579899	198679899	Microglia	PTPRC	chr1	198660000	198670000	4	2	17	31	19	39	29	18	95	10000
chr1	198579899	198679899	Microglia	PTPRC	chr1	198590000	198600000	71	2	14	14	14	10	16	5	74	10000
chr1	198579899	198679899	Microglia	PTPRC	chr1	198600000	198610000	14	6	23	101	77	7	58	20	88	10000
chr1	198579899	198679899	Microglia	PTPRC	chr1	198620000	198630000	8	2	22	22	16	31	29	9	79	10000
chr1	198579899	198679899	Microglia	PTPRC	chr1	198630000	198640000	4	3	18	41	22	40	27	32	93	10000
chr1	198579899	198679899	Microglia	PTPRC	chr1	198650000	198660000	14	4	35	55	25	50	49	23	458	10000
chr1	198579899	198679899	Microglia	PTPRC	chr1	198670000	198680000	3	3	21	22	11	24	34	24	93	9899
chr1	198579899	198679899	Microglia	PTPRC	chr1	198570000	198580000	25	5	74	99	41	14	46	73	729	101
chr6	31565213	31665213	Microglia	AIF1	chr6	31560000	31570000	46	28	246	123	126	101	426	74	2525	4787
chr6	31565213	31665213	Microglia	AIF1	chr6	31590000	31600000	59	43	304	183	153	91	490	99	2941	10000
chr6	31565213	31665213	Microglia	AIF1	chr6	31610000	31620000	109	84	832	280	246	173	1008	151	6664	10000
chr6	31565213	31665213	Microglia	AIF1	chr6	31640000	31650000	48	26	241	151	104	40	339	74	2138	10000
chr6	31565213	31665213	Microglia	AIF1	chr6	31660000	31670000	510	396	2433	1536	1401	448	4753	674	25122	5213
chr6	31565213	31665213	Microglia	AIF1	chr6	31570000	31580000	27	15	85	96	99	74	215	34	1080	10000
chr6	31565213	31665213	Microglia	AIF1	chr6	31600000	31610000	26	16	131	76	74	41	222	33	1135	10000
chr6	31565213	31665213	Microglia	AIF1	chr6	31620000	31630000	716	539	3384	2118	1871	627	7421	910	36787	10000
chr6	31565213	31665213	Microglia	AIF1	chr6	31630000	31640000	67	50	338	284	188	47	623	139	3212	10000
chr6	31565213	31665213	Microglia	AIF1	chr6	31650000	31660000	446	355	2656	1412	1191	446	4801	591	29675	10000
chr6	31565213	31665213	Microglia	AIF1	chr6	31580000	31590000	128	96	363	407	353	170	1299	151	3550	10000
chr3	39231734	39331734	Microglia	CX3CR1	chr3	39240000	39250000	0	6	29	36	28	41	45	20	124	10000
chr3	39231734	39331734	Microglia	CX3CR1	chr3	39260000	39270000	11	7	26	266	108	76	85	30	224	10000
chr3	39231734	39331734	Microglia	CX3CR1	chr3	39290000	39300000	20	15	97	68	67	19	231	52	677	10000
chr3	39231734	39331734	Microglia	CX3CR1	chr3	39310000	39320000	4	2	12	15	13	6	27	7	136	10000
chr3	39231734	39331734	Microglia	CX3CR1	chr3	39230000	39240000	8	6	36	32	32	28	43	18	176	8266
chr3	39231734	39331734	Microglia	CX3CR1	chr3	39250000	39260000	14	4	36	138	49	82	76	43	257	10000
chr3	39231734	39331734	Microglia	CX3CR1	chr3	39270000	39280000	16	6	31	158	53	69	80	35	263	10000
chr3	39231734	39331734	Microglia	CX3CR1	chr3	39280000	39290000	26	43	104	177	114	96	484	59	741	10000
chr3	39231734	39331734	Microglia	CX3CR1	chr3	39300000	39310000	4	0	10	8	13	11	22	4	118	10000
chr3	39231734	39331734	Microglia	CX3CR1	chr3	39330000	39340000	7	1	24	23	30	4	40	11	211	1734
chr3	39231734	39331734	Microglia	CX3CR1	chr3	39320000	39330000	13	8	132	36	25	14	105	39	1048	10000
chr1	22585056	22685056	Microglia	C1QA	chr1	22580000	22590000	136	47	295	249	305	80	707	140	9192	4944
chr1	22585056	22685056	Microglia	C1QA	chr1	22610000	22620000	131	61	1224	305	463	124	985	149	14262	10000
chr1	22585056	22685056	Microglia	C1QA	chr1	22630000	22640000	113	15	93	121	323	82	150	68	1089	10000
chr1	22585056	22685056	Microglia	C1QA	chr1	22660000	22670000	150	11	142	352	200	66	334	84	626	10000
chr1	22585056	22685056	Microglia	C1QA	chr1	22680000	22690000	76	23	90	192	62	29	766	63	453	5056
chr1	22585056	22685056	Microglia	C1QA	chr1	22590000	22600000	34	5	134	101	110	35	265	53	1824	10000
chr1	22585056	22685056	Microglia	C1QA	chr1	22600000	22610000	70	27	234	111	125	40	315	76	3632	10000
chr1	22585056	22685056	Microglia	C1QA	chr1	22620000	22630000	77	15	110	107	517	29	197	44	1056	10000
chr1	22585056	22685056	Microglia	C1QA	chr1	22640000	22650000	104	36	253	238	231	149	617	109	3241	10000
chr1	22585056	22685056	Microglia	C1QA	chr1	22650000	22660000	156	9	92	198	109	103	145	81	595	10000
chr1	22585056	22685056	Microglia	C1QA	chr1	22670000	22680000	236	23	198	831	561	65	1087	220	1107	10000
chr12	108548319	108648319	Microglia	TMEM119	chr12	108550000	108560000	32	27	222	138	132	34	235	67	1262	10000
chr12	108548319	108648319	Microglia	TMEM119	chr12	108580000	108590000	23	13	71	83	65	42	166	54	666	10000
chr12	108548319	108648319	Microglia	TMEM119	chr12	108610000	108620000	44	49	174	183	128	83	472	93	1741	10000
chr12	108548319	108648319	Microglia	TMEM119	chr12	108630000	108640000	32	169	49	160	94	208	547	160	605	10000
chr12	108548319	108648319	Microglia	TMEM119	chr12	108540000	108550000	57	11	467	245	220	63	173	155	1529	1681
chr12	108548319	108648319	Microglia	TMEM119	chr12	108560000	108570000	518	382	2401	1524	1399	469	5071	641	27030	10000
chr12	108548319	108648319	Microglia	TMEM119	chr12	108570000	108580000	35	14	54	98	100	43	138	60	574	10000
chr12	108548319	108648319	Microglia	TMEM119	chr12	108590000	108600000	29	24	93	109	79	55	203	57	859	10000
chr12	108548319	108648319	Microglia	TMEM119	chr12	108600000	108610000	47	59	80	108	65	25	266	56	618	10000
chr12	108548319	108648319	Microglia	TMEM119	chr12	108620000	108630000	34	38	82	69	71	69	209	52	620	10000
chr12	108548319	108648319	Microglia	TMEM119	chr12	108640000	108650000	52	109	70	224	95	114	381	132	581	8319
chr8	30333635	30433635	Retinalganglioncell	RBPMS	chr8	30330000	30340000	7	22	72	27	24	12	52	56	190	6365
chr8	30333635	30433635	Retinalganglioncell	RBPMS	chr8	30360000	30370000	16	10	22	18	24	7	22	49	109	10000
chr8	30333635	30433635	Retinalganglioncell	RBPMS	chr8	30380000	30390000	14	210	65	53	55	22	182	491	324	10000
chr8	30333635	30433635	Retinalganglioncell	RBPMS	chr8	30410000	30420000	40	30	31	49	42	17	332	298	165	10000
chr8	30333635	30433635	Retinalganglioncell	RBPMS	chr8	30430000	30440000	12	47	33	32	21	7	36	272	142	3635
chr8	30333635	30433635	Retinalganglioncell	RBPMS	chr8	30340000	30350000	7	11	25	19	17	4	42	52	119	10000
chr8	30333635	30433635	Retinalganglioncell	RBPMS	chr8	30350000	30360000	5	2	14	14	26	4	39	38	121	10000
chr8	30333635	30433635	Retinalganglioncell	RBPMS	chr8	30370000	30380000	4	7	32	19	25	3	37	43	156	10000
chr8	30333635	30433635	Retinalganglioncell	RBPMS	chr8	30390000	30400000	3	7	12	7	14	3	23	164	58	10000
chr8	30333635	30433635	Retinalganglioncell	RBPMS	chr8	30420000	30430000	7	36	26	38	27	9	182	281	143	10000
chr8	30333635	30433635	Retinalganglioncell	RBPMS	chr8	30400000	30410000	2	8	7	5	6	3	16	78	37	10000
chr10	86905752	87005752	Retinalganglioncell	SNCG	chr10	86920000	86930000	11	11	109	63	52	17	126	61	749	10000
chr10	86905752	87005752	Retinalganglioncell	SNCG	chr10	86950000	86960000	75	59	176	254	561	86	1554	569	1221	10000
chr10	86905752	87005752	Retinalganglioncell	SNCG	chr10	86970000	86980000	176	309	839	416	399	172	5036	489	4179	10000
chr10	86905752	87005752	Retinalganglioncell	SNCG	chr10	87000000	87010000	16	8	39	61	56	22	151	32	328	5752
chr10	86905752	87005752	Retinalganglioncell	SNCG	chr10	86910000	86920000	26	19	105	69	83	12	163	32	848	10000
chr10	86905752	87005752	Retinalganglioncell	SNCG	chr10	86930000	86940000	91	95	741	292	344	100	1323	230	6449	10000
chr10	86905752	87005752	Retinalganglioncell	SNCG	chr10	86940000	86950000	39	47	219	131	137	46	480	205	1871	10000
chr10	86905752	87005752	Retinalganglioncell	SNCG	chr10	86960000	86970000	134	143	957	390	534	134	2671	622	7530	10000
chr10	86905752	87005752	Retinalganglioncell	SNCG	chr10	86980000	86990000	9	18	202	42	25	18	200	94	468	10000
chr10	86905752	87005752	Retinalganglioncell	SNCG	chr10	86990000	87000000	13	6	51	49	35	14	139	38	276	10000
chr10	86905752	87005752	Retinalganglioncell	SNCG	chr10	86900000	86910000	22	39	221	114	85	28	363	54	1158	4248
chr4	146588892	146688892	Retinalganglioncell	POU4F2	chr4	146590000	146600000	2	21	22	52	11	0	27	10	100	10000
chr4	146588892	146688892	Retinalganglioncell	POU4F2	chr4	146610000	146620000	2	1	11	14	8	2	10	12	59	10000
chr4	146588892	146688892	Retinalganglioncell	POU4F2	chr4	146640000	146650000	20	8	134	99	72	10	100	555	508	10000
chr4	146588892	146688892	Retinalganglioncell	POU4F2	chr4	146670000	146680000	0	2	12	13	6	3	23	30	44	10000
chr4	146588892	146688892	Retinalganglioncell	POU4F2	chr4	146580000	146590000	8	19	14	13	11	1	29	22	88	1108
chr4	146588892	146688892	Retinalganglioncell	POU4F2	chr4	146600000	146610000	3	6	10	14	16	1	14	23	84	10000
chr4	146588892	146688892	Retinalganglioncell	POU4F2	chr4	146620000	146630000	1	0	21	14	13	5	22	18	203	10000
chr4	146588892	146688892	Retinalganglioncell	POU4F2	chr4	146630000	146640000	44	23	446	184	126	29	293	690	1537	10000
chr4	146588892	146688892	Retinalganglioncell	POU4F2	chr4	146650000	146660000	16	12	90	69	35	10	75	347	375	10000
chr4	146588892	146688892	Retinalganglioncell	POU4F2	chr4	146680000	146690000	1	2	7	13	11	2	25	41	40	8892
chr4	146588892	146688892	Retinalganglioncell	POU4F2	chr4	146660000	146670000	4	0	11	9	10	3	22	39	59	10000
chr11	119374984	119474984	Retinalganglioncell	THY1	chr11	119380000	119390000	366	299	1935	859	895	336	4878	440	21174	10000
chr11	119374984	119474984	Retinalganglioncell	THY1	chr11	119410000	119420000	33	29	58	129	71	24	304	193	535	10000
chr11	119374984	119474984	Retinalganglioncell	THY1	chr11	119440000	119450000	27	4	58	105	52	18	87	221	399	10000
chr11	119374984	119474984	Retinalganglioncell	THY1	chr11	119460000	119470000	8	5	44	30	28	4	79	41	325	10000
chr11	119374984	119474984	Retinalganglioncell	THY1	chr11	119370000	119380000	588	583	4442	844	870	524	10517	643	40714	5016
chr11	119374984	119474984	Retinalganglioncell	THY1	chr11	119390000	119400000	12	12	73	44	64	5	150	30	534	10000
chr11	119374984	119474984	Retinalganglioncell	THY1	chr11	119420000	119430000	151	144	109	796	317	37	1116	518	724	10000
chr11	119374984	119474984	Retinalganglioncell	THY1	chr11	119430000	119440000	43	47	92	179	51	17	270	139	488	10000
chr11	119374984	119474984	Retinalganglioncell	THY1	chr11	119450000	119460000	33	5	40	53	88	7	115	86	373	10000
chr11	119374984	119474984	Retinalganglioncell	THY1	chr11	119470000	119480000	70	57	384	218	182	43	794	138	2050	4984
chr11	119374984	119474984	Retinalganglioncell	THY1	chr11	119400000	119410000	15	8	36	39	37	3	88	33	401	10000
chr17	36886783	36986783	Horizontal	LHX1	chr17	36900000	36910000	34	5	132	62	139	9	123	43	401	10000
chr17	36886783	36986783	Horizontal	LHX1	chr17	36930000	36940000	91	91	1365	239	1715	108	805	122	5009	10000
chr17	36886783	36986783	Horizontal	LHX1	chr17	36950000	36960000	42	53	385	122	244	32	389	64	4142	10000
chr17	36886783	36986783	Horizontal	LHX1	chr17	36980000	36990000	17	14	258	73	135	21	318	42	797	6783
chr17	36886783	36986783	Horizontal	LHX1	chr17	36880000	36890000	10	8	44	53	104	16	87	24	297	3217
chr17	36886783	36986783	Horizontal	LHX1	chr17	36890000	36900000	32	5	85	77	214	11	141	12	411	10000
chr17	36886783	36986783	Horizontal	LHX1	chr17	36910000	36920000	28	11	273	66	290	20	204	35	779	10000
chr17	36886783	36986783	Horizontal	LHX1	chr17	36920000	36930000	67	45	1715	170	804	68	508	83	6646	10000
chr17	36886783	36986783	Horizontal	LHX1	chr17	36940000	36950000	374	321	2410	1031	1660	321	4088	473	22362	10000
chr17	36886783	36986783	Horizontal	LHX1	chr17	36970000	36980000	39	35	409	138	361	37	402	63	967	10000
chr17	36886783	36986783	Horizontal	LHX1	chr17	36960000	36970000	36	20	354	78	219	35	250	38	2347	10000
chr15	52741077	52841077	Horizontal	ONECUT1	chr15	52760000	52770000	46	10	125	41	386	20	130	194	312	10000
chr15	52741077	52841077	Horizontal	ONECUT1	chr15	52790000	52800000	192	49	403	211	2011	83	610	435	2392	10000
chr15	52741077	52841077	Horizontal	ONECUT1	chr15	52810000	52820000	16	3	65	16	110	6	32	57	164	10000
chr15	52741077	52841077	Horizontal	ONECUT1	chr15	52840000	52850000	12	3	30	19	50	5	41	26	227	1077
chr15	52741077	52841077	Horizontal	ONECUT1	chr15	52740000	52750000	21	2	65	31	179	11	69	48	284	8923
chr15	52741077	52841077	Horizontal	ONECUT1	chr15	52750000	52760000	17	2	47	45	310	11	61	81	171	10000
chr15	52741077	52841077	Horizontal	ONECUT1	chr15	52770000	52780000	40	12	51	59	382	14	212	193	206	10000
chr15	52741077	52841077	Horizontal	ONECUT1	chr15	52780000	52790000	270	55	255	234	1468	100	1842	697	1799	10000
chr15	52741077	52841077	Horizontal	ONECUT1	chr15	52800000	52810000	64	23	248	128	1533	55	207	369	702	10000
chr15	52741077	52841077	Horizontal	ONECUT1	chr15	52830000	52840000	11	6	112	26	80	22	527	49	486	10000
chr15	52741077	52841077	Horizontal	ONECUT1	chr15	52820000	52830000	6	0	9	16	39	6	25	12	72	10000
chr1	213932710	214032710	Horizontal	PROX1	chr1	213930000	213940000	75	12	24	103	176	21	605	125	112	7290
chr1	213932710	214032710	Horizontal	PROX1	chr1	213960000	213970000	23	9	22	57	49	16	547	31	67	10000
chr1	213932710	214032710	Horizontal	PROX1	chr1	213980000	213990000	786	309	347	785	1945	240	4664	649	1275	10000
chr1	213932710	214032710	Horizontal	PROX1	chr1	214010000	214020000	305	72	68	160	690	36	682	98	255	10000
chr1	213932710	214032710	Horizontal	PROX1	chr1	214030000	214040000	223	33	38	130	429	31	257	178	104	2710
chr1	213932710	214032710	Horizontal	PROX1	chr1	213940000	213950000	40	3	19	37	80	2	98	129	69	10000
chr1	213932710	214032710	Horizontal	PROX1	chr1	213950000	213960000	43	11	12	40	96	7	144	28	63	10000
chr1	213932710	214032710	Horizontal	PROX1	chr1	213970000	213980000	203	20	56	149	471	27	580	139	175	10000
chr1	213932710	214032710	Horizontal	PROX1	chr1	213990000	214000000	399	147	82	250	880	79	1171	181	228	10000
chr1	213932710	214032710	Horizontal	PROX1	chr1	214000000	214010000	257	48	65	215	626	44	811	85	146	10000
chr1	213932710	214032710	Horizontal	PROX1	chr1	214020000	214030000	267	54	134	189	617	31	417	117	774	10000
chr8	90045474	90145474	Horizontal	CALB1	chr8	90050000	90060000	25	2	53	47	38	3	42	35	96	10000
chr8	90045474	90145474	Horizontal	CALB1	chr8	90080000	90090000	168	4	774	175	197	8	101	167	250	10000
chr8	90045474	90145474	Horizontal	CALB1	chr8	90100000	90110000	9	2	24	17	21	5	13	15	69	10000
chr8	90045474	90145474	Horizontal	CALB1	chr8	90130000	90140000	4	3	30	10	15	1	27	12	73	10000
chr8	90045474	90145474	Horizontal	CALB1	chr8	90060000	90070000	39	7	43	33	42	2	22	21	64	10000
chr8	90045474	90145474	Horizontal	CALB1	chr8	90070000	90080000	85	5	175	71	127	3	24	141	72	10000
chr8	90045474	90145474	Horizontal	CALB1	chr8	90090000	90100000	9	4	55	20	28	4	24	14	104	10000
chr8	90045474	90145474	Horizontal	CALB1	chr8	90110000	90120000	1	3	27	15	12	1	12	17	80	10000
chr8	90045474	90145474	Horizontal	CALB1	chr8	90120000	90130000	8	3	20	18	17	3	19	40	51	10000
chr8	90045474	90145474	Horizontal	CALB1	chr8	90140000	90150000	3	2	16	19	13	0	38	9	42	5474
chr8	90045474	90145474	Horizontal	CALB1	chr8	90040000	90050000	9	5	50	17	26	2	23	17	103	4526
chr2	170763212	170863212	GABAamacrine	GAD1	chr2	170760000	170770000	21	9	110	137	54	12	155	46	674	6788
chr2	170763212	170863212	GABAamacrine	GAD1	chr2	170790000	170800000	13	5	38	326	15	6	68	49	203	10000
chr2	170763212	170863212	GABAamacrine	GAD1	chr2	170820000	170830000	106	110	758	1492	149	73	2066	174	5682	10000
chr2	170763212	170863212	GABAamacrine	GAD1	chr2	170840000	170850000	5	9	37	159	21	6	91	28	234	10000
chr2	170763212	170863212	GABAamacrine	GAD1	chr2	170770000	170780000	190	176	1359	719	502	132	2743	377	11169	10000
chr2	170763212	170863212	GABAamacrine	GAD1	chr2	170800000	170810000	8	9	68	139	29	14	215	28	335	10000
chr2	170763212	170863212	GABAamacrine	GAD1	chr2	170810000	170820000	172	139	1721	1526	270	160	2859	204	12008	10000
chr2	170763212	170863212	GABAamacrine	GAD1	chr2	170830000	170840000	18	8	59	209	28	10	211	55	248	10000
chr2	170763212	170863212	GABAamacrine	GAD1	chr2	170850000	170860000	20	6	31	241	24	5	91	16	223	10000
chr2	170763212	170863212	GABAamacrine	GAD1	chr2	170860000	170870000	14	6	22	81	24	3	72	15	216	3212
chr2	170763212	170863212	GABAamacrine	GAD1	chr2	170780000	170790000	7	2	66	110	32	6	68	40	315	10000
chr10	26166250	26266250	GABAamacrine	GAD2	chr10	26170000	26180000	15	12	19	151	23	17	236	51	78	10000
chr10	26166250	26266250	GABAamacrine	GAD2	chr10	26200000	26210000	3	10	10	61	25	5	93	24	55	10000
chr10	26166250	26266250	GABAamacrine	GAD2	chr10	26220000	26230000	24	5	32	673	71	16	79	23	111	10000
chr10	26166250	26266250	GABAamacrine	GAD2	chr10	26250000	26260000	5	4	17	238	45	4	67	19	99	10000
chr10	26166250	26266250	GABAamacrine	GAD2	chr10	26160000	26170000	16	10	40	320	35	19	173	31	61	3750
chr10	26166250	26266250	GABAamacrine	GAD2	chr10	26180000	26190000	4	4	40	53	17	7	89	15	109	10000
chr10	26166250	26266250	GABAamacrine	GAD2	chr10	26190000	26200000	11	4	9	40	30	4	95	22	80	10000
chr10	26166250	26266250	GABAamacrine	GAD2	chr10	26230000	26240000	2	5	22	148	27	6	54	10	116	10000
chr10	26166250	26266250	GABAamacrine	GAD2	chr10	26240000	26250000	6	6	29	251	26	9	130	13	131	10000
chr10	26166250	26266250	GABAamacrine	GAD2	chr10	26260000	26270000	59	6	20	308	43	8	81	24	129	6250
chr10	26166250	26266250	GABAamacrine	GAD2	chr10	26210000	26220000	80	41	142	1459	163	45	1377	109	642	10000
chr3	10942176	11042176	GABAamacrine	SLC6A1	chr3	10950000	10960000	138	89	101	550	179	80	2333	259	619	10000
chr3	10942176	11042176	GABAamacrine	SLC6A1	chr3	10980000	10990000	53	44	95	264	100	27	561	107	579	10000
chr3	10942176	11042176	GABAamacrine	SLC6A1	chr3	11000000	11010000	69	109	67	689	135	25	1206	71	416	10000
chr3	10942176	11042176	GABAamacrine	SLC6A1	chr3	11030000	11040000	30	25	287	391	249	39	346	40	2506	10000
chr3	10942176	11042176	GABAamacrine	SLC6A1	chr3	10940000	10950000	69	93	162	328	151	65	1773	116	839	7824
chr3	10942176	11042176	GABAamacrine	SLC6A1	chr3	10960000	10970000	42	19	56	491	95	25	257	132	432	10000
chr3	10942176	11042176	GABAamacrine	SLC6A1	chr3	10970000	10980000	50	42	75	735	76	31	787	261	434	10000
chr3	10942176	11042176	GABAamacrine	SLC6A1	chr3	10990000	11000000	242	229	116	1485	197	97	2749	174	526	10000
chr3	10942176	11042176	GABAamacrine	SLC6A1	chr3	11020000	11030000	22	16	144	348	47	10	202	41	452	10000
chr3	10942176	11042176	GABAamacrine	SLC6A1	chr3	11040000	11050000	11	14	32	177	45	9	208	33	320	2176
chr3	10942176	11042176	GABAamacrine	SLC6A1	chr3	11010000	11020000	38	18	62	350	164	24	687	52	424	10000
chr6	10369658	10469658	GABAamacrine	TFAP2A	chr6	10360000	10370000	16	6	28	52	41	3	33	28	110	342
chr6	10369658	10469658	GABAamacrine	TFAP2A	chr6	10390000	10400000	295	59	122	1064	630	23	208	60	686	10000
chr6	10369658	10469658	GABAamacrine	TFAP2A	chr6	10410000	10420000	493	176	428	1794	1656	107	976	127	3398	10000
chr6	10369658	10469658	GABAamacrine	TFAP2A	chr6	10440000	10450000	4	3	23	32	36	5	36	16	141	10000
chr6	10369658	10469658	GABAamacrine	TFAP2A	chr6	10370000	10380000	91	10	33	161	272	4	54	31	164	10000
chr6	10369658	10469658	GABAamacrine	TFAP2A	chr6	10380000	10390000	203	46	273	914	584	32	253	57	1325	10000
chr6	10369658	10469658	GABAamacrine	TFAP2A	chr6	10400000	10410000	609	242	1519	1681	1773	235	2906	270	15480	10000
chr6	10369658	10469658	GABAamacrine	TFAP2A	chr6	10420000	10430000	69	48	154	309	211	41	358	63	824	10000
chr6	10369658	10469658	GABAamacrine	TFAP2A	chr6	10430000	10440000	17	16	68	106	72	19	130	33	484	10000
chr6	10369658	10469658	GABAamacrine	TFAP2A	chr6	10450000	10460000	16	4	25	28	35	4	56	10	169	10000
chr6	10369658	10469658	GABAamacrine	TFAP2A	chr6	10460000	10470000	11	5	26	39	27	8	62	14	300	9658
chr21	29890032	29990032	AIIamacrine	GRIK1	chr21	29890000	29900000	23	3	66	68	55	11	74	46	314	9968
chr21	29890032	29990032	AIIamacrine	GRIK1	chr21	29920000	29930000	10	4	57	54	36	10	36	52	155	10000
chr21	29890032	29990032	AIIamacrine	GRIK1	chr21	29950000	29960000	4	1	25	38	18	2	33	68	95	10000
chr21	29890032	29990032	AIIamacrine	GRIK1	chr21	29970000	29980000	15	1	17	55	25	1	24	37	56	10000
chr21	29890032	29990032	AIIamacrine	GRIK1	chr21	29900000	29910000	32	4	38	36	122	10	41	58	133	10000
chr21	29890032	29990032	AIIamacrine	GRIK1	chr21	29910000	29920000	20	3	40	47	41	11	48	33	148	10000
chr21	29890032	29990032	AIIamacrine	GRIK1	chr21	29930000	29940000	29	7	79	163	71	13	105	127	391	10000
chr21	29890032	29990032	AIIamacrine	GRIK1	chr21	29940000	29950000	19	8	38	75	49	7	65	47	253	10000
chr21	29890032	29990032	AIIamacrine	GRIK1	chr21	29960000	29970000	7	2	21	43	20	4	46	16	75	10000
chr21	29890032	29990032	AIIamacrine	GRIK1	chr21	29980000	29990000	5	3	8	38	18	4	21	16	75	10000
chr21	29890032	29990032	AIIamacrine	GRIK1	chr21	29990000	30000000	7	2	14	13	23	7	41	19	105	32
chr9	19739223	19839223	AIIamacrine	SLC24A2	chr9	19730000	19740000	74	7	280	83	113	4	25	70	86	777
chr9	19739223	19839223	AIIamacrine	SLC24A2	chr9	19760000	19770000	91	8	510	119	177	8	42	61	151	10000
chr9	19739223	19839223	AIIamacrine	SLC24A2	chr9	19780000	19790000	421	56	3072	1147	1192	68	244	631	2265	10000
chr9	19739223	19839223	AIIamacrine	SLC24A2	chr9	19810000	19820000	8	3	57	18	21	0	10	29	60	10000
chr9	19739223	19839223	AIIamacrine	SLC24A2	chr9	19830000	19840000	11	10	59	51	31	4	53	18	75	9223
chr9	19739223	19839223	AIIamacrine	SLC24A2	chr9	19740000	19750000	76	8	457	155	264	9	45	147	102	10000
chr9	19739223	19839223	AIIamacrine	SLC24A2	chr9	19750000	19760000	201	32	1681	413	396	34	191	402	1994	10000
chr9	19739223	19839223	AIIamacrine	SLC24A2	chr9	19770000	19780000	157	15	1115	421	409	16	44	177	197	10000
chr9	19739223	19839223	AIIamacrine	SLC24A2	chr9	19800000	19810000	11	7	104	48	50	2	18	44	66	10000
chr9	19739223	19839223	AIIamacrine	SLC24A2	chr9	19820000	19830000	7	11	71	32	35	6	22	30	75	10000
chr9	19739223	19839223	AIIamacrine	SLC24A2	chr9	19790000	19800000	35	7	152	93	94	6	26	73	112	10000
chr19	7585830	7685830	AIIamacrine	PCP2	chr19	7590000	7600000	213	116	1366	667	787	153	1573	313	15115	10000
chr19	7585830	7685830	AIIamacrine	PCP2	chr19	7620000	7630000	297	234	1500	889	781	280	3210	371	18185	10000
chr19	7585830	7685830	AIIamacrine	PCP2	chr19	7640000	7650000	103	66	1139	292	329	127	932	110	12469	10000
chr19	7585830	7685830	AIIamacrine	PCP2	chr19	7670000	7680000	214	50	691	577	578	104	513	92	5929	10000
chr19	7585830	7685830	AIIamacrine	PCP2	chr19	7580000	7590000	38	14	127	132	80	18	173	50	1179	4170
chr19	7585830	7685830	AIIamacrine	PCP2	chr19	7610000	7620000	157	113	1820	468	463	180	1628	260	18004	10000
chr19	7585830	7685830	AIIamacrine	PCP2	chr19	7630000	7640000	119	111	1291	339	458	202	1352	185	13850	10000
chr19	7585830	7685830	AIIamacrine	PCP2	chr19	7650000	7660000	123	77	727	383	644	172	1057	160	7152	10000
chr19	7585830	7685830	AIIamacrine	PCP2	chr19	7660000	7670000	48	16	99	105	120	31	147	46	1056	10000
chr19	7585830	7685830	AIIamacrine	PCP2	chr19	7680000	7690000	301	228	1721	959	1052	264	2844	419	15866	5830
chr19	7585830	7685830	AIIamacrine	PCP2	chr19	7600000	7610000	57	16	405	172	127	29	343	94	3764	10000
chr9	74447328	74547328	AIIamacrine	RORB	chr9	74450000	74460000	10	6	402	83	53	2	69	37	454	10000
chr9	74447328	74547328	AIIamacrine	RORB	chr9	74470000	74480000	10	6	93	48	67	5	82	34	189	10000
chr9	74447328	74547328	AIIamacrine	RORB	chr9	74500000	74510000	193	70	1587	602	586	73	1788	352	241	10000
chr9	74447328	74547328	AIIamacrine	RORB	chr9	74520000	74530000	131	49	470	578	372	34	850	160	175	10000
chr9	74447328	74547328	AIIamacrine	RORB	chr9	74460000	74470000	13	5	124	70	65	4	45	48	139	10000
chr9	74447328	74547328	AIIamacrine	RORB	chr9	74480000	74490000	31	33	164	118	71	7	360	63	152	10000
chr9	74447328	74547328	AIIamacrine	RORB	chr9	74490000	74500000	465	252	2379	1198	991	133	3547	669	2463	10000
chr9	74447328	74547328	AIIamacrine	RORB	chr9	74510000	74520000	115	41	507	474	376	24	789	172	135	10000
chr9	74447328	74547328	AIIamacrine	RORB	chr9	74530000	74540000	188	26	808	697	552	33	706	296	187	10000
chr9	74447328	74547328	AIIamacrine	RORB	chr9	74540000	74550000	81	21	870	366	531	22	543	191	157	7328
chr9	74447328	74547328	AIIamacrine	RORB	chr9	74440000	74450000	15	0	67	224	216	4	61	92	96	2672
