AAAGGATCAGCGTATT	15	3	329	347	329	0.9481268011527377	0	0	1
AAAGGGCAGACGCATG	34	754	27	815	754	0.9251533742331288	0	1	0
AAAGGGCAGAGTGGCT	70	1998	62	2130	1998	0.9380281690140845	0	1	0
AACAAAGCACTGCGAC	50	1746	37	1833	1746	0.9525368248772504	0	1	0
AACAAAGTCTTGATTC	16	2	236	254	236	0.9291338582677166	0	0	1
AACAACCGTTTCGATG	31	7	536	574	536	0.9337979094076655	0	0	1
AACAACCTCGCGTGCA	276	77	3250	3603	3250	0.9020260893699694	0	0	1
AACAAGACAAGTTCCA	2030	1271	34	3335	2030	0.6086956521739131	0	0	0
AACACACGTAGGTGCA	22	4	438	464	438	0.9439655172413793	0	0	1
AACCAACGTCCGGATC	81	1993	59	2133	1993	0.9343647444913268	0	1	0
AACCTGACACCCTGTT	2	2	96	100	96	0.96	0	0	1
AACGAAAAGTCTACCA	3235	3	5	3243	3235	0.9975331483194573	1	0	0
AACGGGAGTCCAGCCA	36	1410	34	1480	1410	0.9527027027027027	0	1	0
AACGTCACACGGTAGA	21	11	355	387	355	0.917312661498708	0	0	1
AAGACTCTCACCTCGT	1109	652	21	1782	1109	0.622334455667789	0	0	0
AAGCATCCACATACGT	16	5	274	295	274	0.9288135593220339	0	0	1
AAGCCATCACCATAAC	504	255	8	767	504	0.6571056062581486	0	0	0
AAGCGAGGTTGGGAAC	233	176	2	411	233	0.5669099756690997	0	0	0
AAGGTAATCATCGCCT	82	2287	52	2421	2287	0.9446509706732755	0	1	0
AAGTGAAAGTGGACTG	141	33	1702	1876	1702	0.9072494669509595	0	0	1
AATAGAGCAAAGTGTA	51	1815	40	1906	1815	0.9522560335781742	0	1	0
AATGGCTAGCACACCC	116	43	1481	1640	1481	0.9030487804878049	0	0	1
AATGGCTCATCAGCAT	747	244	6	997	747	0.7492477432296891	0	0	0
AATGGCTGTCAGTTTG	11	3	151	165	151	0.9151515151515152	0	0	1
AATTTCCGTCCTGGTG	36	13	410	459	410	0.8932461873638344	0	0	1
ACAAAGACAACGGGTA	9	464	17	490	464	0.9469387755102041	0	1	0
ACAAAGATCTTACCGC	14	5	333	352	333	0.9460227272727273	0	0	1
ACAAGCTCAAGACCGA	11	397	7	415	397	0.9566265060240964	0	1	0
ACACTGAAGTATGACA	18	3	406	427	406	0.9508196721311475	0	0	1
ACAGAAAGTGTTGATC	77	17	1160	1254	1160	0.9250398724082934	0	0	1
ACAGCCGCAATCCTTT	12	486	9	507	486	0.9585798816568047	0	1	0
ACATCCCTCAATGTCG	549	2	1	552	549	0.9945652173913043	1	0	0
ACATCGAAGAAACACT	103	3191	73	3367	3191	0.9477279477279478	0	1	0
ACCAACACACGGTAGA	18	8	321	347	321	0.9250720461095101	0	0	1
ACCAACATCATGCCGG	1045	3	8	1056	1045	0.9895833333333334	1	0	0
ACCACAAAGATGAAGG	11	3	157	171	157	0.9181286549707602	0	0	1
ACCACAACATGAATAG	19	5	197	221	197	0.8914027149321267	0	0	1
ACCCTCAGTGACGTCC	14	7	169	190	169	0.8894736842105263	0	0	1
ACCCTTGCACTGAATC	3790	4	14	3808	3790	0.9952731092436975	1	0	0
ACCGTTCTCCACGGGT	16	7	180	203	180	0.8866995073891626	0	0	1
ACCTACCAGCAGATAT	14	2	230	246	230	0.9349593495934959	0	0	1
ACCTGTCGTAGTGGCA	1851	914	25	2790	1851	0.6634408602150538	0	0	0
ACGATCATCTTTACAC	9	5	141	155	141	0.9096774193548387	0	0	1
ACGGGTCCATAGATCC	89	31	947	1067	947	0.887535145267104	0	0	1
ACGGTCGGTAAGCGGT	1166	480	10	1656	1166	0.7041062801932367	0	0	0
ACGGTTAGTCACGACC	11	2	133	146	133	0.910958904109589	0	0	1
ACGGTTAGTCCCTCAT	9	301	8	318	301	0.9465408805031447	0	1	0
ACGTAGTGTAATTGGA	12	3	221	236	221	0.9364406779661016	0	0	1
ACTACGAGTCAAGGCA	19	3	361	383	361	0.9425587467362925	0	0	1
ACTATGGGTAAGCAAT	58	2270	44	2372	2270	0.9569983136593592	0	1	0
ACTATGGTCCTTCAGC	15	4	148	167	148	0.8862275449101796	0	0	1
ACTCCCAGTCCTGGGT	211	60	2561	2832	2561	0.9043079096045198	0	0	1
ACTCTCGCAAGAGGTC	27	11	390	428	390	0.9112149532710281	0	0	1
ACTGTCCGTGGCAACA	92	2417	55	2564	2417	0.9426677067082684	0	1	0
ACTGTGAGTCCGGATC	69	17	877	963	877	0.9106957424714434	0	0	1
ACTTATCAGGGTAGCT	8	682	17	707	682	0.9646393210749646	0	1	0
ACTTCCGCACTCTCGT	99	26	980	1105	980	0.8868778280542986	0	0	1
ACTTCGCCACTGTGAT	95	40	1256	1391	1256	0.9029475197699497	0	0	1
ACTTTCACATCATGAC	8	4	297	309	297	0.9611650485436893	0	0	1
AGAAATGTCATTTACC	97	2340	69	2506	2340	0.9337589784517158	0	1	0
AGAACCTAGCGCCTAC	47	15	594	656	594	0.9054878048780488	0	0	1
AGAACCTCAACTGAAA	39	1251	27	1317	1251	0.9498861047835991	0	1	0
AGAAGCGGTGGAAATT	5132	3	12	5147	5132	0.9970856809792112	1	0	0
AGAAGTAAGCGCATCC	35	13	542	590	542	0.9186440677966101	0	0	1
AGACACTCACAATGCT	19	4	247	270	247	0.9148148148148149	0	0	1
AGACACTCACTCAGAT	15	6	389	410	389	0.948780487804878	0	0	1
AGACAGGCAGAACGCA	519	235	5	759	519	0.6837944664031621	0	0	0
AGAGAATCACGTGTGC	70	2935	48	3053	2935	0.9613494923026531	0	1	0
AGAGAGCTCTATGCCC	7	247	3	257	247	0.9610894941634242	0	1	0
AGAGAGCTCTGTAACG	2	427	3	432	427	0.9884259259259259	0	1	0
AGAGCCCAGTCGGCAA	14	2	276	292	276	0.9452054794520548	0	0	1
AGATAGATCCGGCAAC	1466	553	18	2037	1466	0.7196858124693176	0	0	0
AGATCCACACCTGTCT	53	1735	45	1833	1735	0.9465357337697763	0	1	0
AGATCGTAGAGAACCC	18	797	15	830	797	0.9602409638554217	0	1	0
AGCATCAAGTTCATCG	10	4	155	169	155	0.9171597633136095	0	0	1
AGCCAATGTCTACGAT	215	60	2622	2897	2622	0.9050742147048672	0	0	1
AGCGATTGTAAGGTCG	80	2362	53	2495	2362	0.9466933867735471	0	1	0
AGCGCCAAGAATTTGG	26	1347	37	1410	1347	0.9553191489361702	0	1	0
AGCGCCACAGCTTTGA	1	280	2	283	280	0.9893992932862191	0	1	0
AGCGTATTCGCTGATA	6	4	211	221	211	0.9547511312217195	0	0	1
AGCTACAGTCTGATAC	175	110	0	285	175	0.6140350877192983	0	0	0
AGCTTCCCAAGAAATC	50	15	488	553	488	0.8824593128390597	0	0	1
AGCTTCCTCTGATTCT	4	222	4	230	222	0.9652173913043478	0	1	0
AGGAAATCACTTGGCG	78	1764	52	1894	1764	0.9313621964097148	0	1	0
AGGAATACAGTTTCAG	19	752	13	784	752	0.9591836734693877	0	1	0
AGGAATATCCGACAGC	5	264	5	274	264	0.9635036496350365	0	1	0
AGGACGAGTCTTCCGT	560	340	5	905	560	0.6187845303867403	0	0	0
AGGAGGTCAAGCAATA	180	4784	121	5085	4784	0.9408062930186823	0	1	0
AGGAGGTGTTTCCATT	1348	0	1	1349	1348	0.9992587101556709	1	0	0
AGGATAATCATCGCCT	10	6	143	159	143	0.89937106918239	0	0	1
AGGATAATCTGCCCTA	3	121	6	130	121	0.9307692307692308	0	1	0
AGGCATTAGTTACGAA	31	1062	28	1121	1062	0.9473684210526315	0	1	0
AGGCATTCAGCGTACC	24	6	391	421	391	0.9287410926365796	0	0	1
AGGCTGCGTAATTGGA	34	1608	32	1674	1608	0.9605734767025089	0	1	0
AGGCTGCGTGTGAATA	502	325	8	835	502	0.6011976047904192	0	0	0
AGGTAGGAGTGCCTCG	13	1	302	316	302	0.9556962025316456	0	0	1
AGGTCATCACGCACCA	3183	4	11	3198	3183	0.9953095684803002	1	0	0
AGGTCTAAGTTCCGGC	32	10	350	392	350	0.8928571428571429	0	0	1
AGGTCTACAGTCTTCC	9	3	183	195	183	0.9384615384615385	0	0	1
AGGTTACAGCCTATTG	674	189	6	869	674	0.7756041426927502	0	0	0
AGGTTACTCGACGCGT	6	450	6	462	450	0.974025974025974	0	1	0
AGGTTGTCACTGAGGA	2	209	9	220	209	0.95	0	1	0
AGGTTGTGTAGCGATG	4	382	1	387	382	0.9870801033591732	0	1	0
AGTAACCGTCTGTTAG	88	3944	64	4096	3944	0.962890625	0	1	0
AGTAGCTAGAGTGTGC	20	9	323	352	323	0.9176136363636364	0	0	1
AGTAGCTTCAAACCTG	122	4265	95	4482	4265	0.9515841142347167	0	1	0
AGTAGTCAGTCTGCGC	3501	7	12	3520	3501	0.9946022727272728	1	0	0
AGTCAACAGGATCATA	1	442	2	445	442	0.9932584269662922	0	1	0
AGTCTCCAGATTCGCT	18	4	217	239	217	0.9079497907949791	0	0	1
AGTGATCCAAATAAGC	17	3	277	297	277	0.9326599326599326	0	0	1
AGTGTTGCAGATCATC	25	6	240	271	240	0.8856088560885609	0	0	1
AGTTAGCGTCCTTGTC	119	3049	93	3261	3049	0.9349892670959828	0	1	0
AGTTAGCGTGGTCAAG	10	458	4	472	458	0.9703389830508474	0	1	0
AGTTAGCTCATTGGTG	8	2	107	117	107	0.9145299145299145	0	0	1
AGTTCCCCATGAAGCG	3075	0	5	3080	3075	0.9983766233766234	1	0	0
ATACCGACACCCAATA	20	6	334	360	334	0.9277777777777778	0	0	1
ATACCGAGTTATAGCC	1892	3	3	1898	1892	0.9968387776606955	1	0	0
ATACTTCGTCTTACAG	11	1	279	291	279	0.9587628865979382	0	0	1
ATAGACCCACATATGC	18	3	179	200	179	0.895	0	0	1
ATCACAGGTGAATATG	62	16	766	844	766	0.9075829383886256	0	0	1
ATCACGAAGACTTAAG	20	5	318	343	318	0.9271137026239067	0	0	1
ATCAGGTAGGTAACTA	23	9	265	297	265	0.8922558922558923	0	0	1
ATCAGGTGTTGTAGCT	1969	5	7	1981	1969	0.993942453306411	1	0	0
ATCATTCAGCCGTCGT	2457	0	7	2464	2457	0.9971590909090909	1	0	0
ATCATTCCACTCATAG	15	3	404	422	404	0.957345971563981	0	0	1
ATCCACCCAACCGTAT	131	4040	81	4252	4040	0.9501411100658513	0	1	0
ATCCATTCACCATAAC	6	249	8	263	249	0.9467680608365019	0	1	0
ATCCCTGCACCTAAAC	148	45	1838	2031	1838	0.9049729197439685	0	0	1
ATCCCTGTCGTTGTAG	3132	3	11	3146	3132	0.9955499046408137	1	0	0
ATCCTATAGGCCATAG	54	1496	50	1600	1496	0.935	0	1	0
ATCCTATGTTTGGCTA	19	5	310	334	310	0.9281437125748503	0	0	1
ATCGGATGTACTGACT	228	19602	179	20009	19602	0.9796591533809785	0	1	0
ATCGGATGTTAGGGAC	2793	1	3	2797	2793	0.998569896317483	1	0	0
ATCGTAGTCCGGGACT	3	182	2	187	182	0.9732620320855615	0	1	0
ATCGTCCGTAATGATG	10	5	189	204	189	0.9264705882352942	0	0	1
ATCGTGACAGCAGACA	1369	863	28	2260	1369	0.6057522123893805	0	0	0
ATCTCTAAGTGCTCGC	4953	9	17	4979	4953	0.9947780678851175	1	0	0
ATCTTCACAAGACGAC	6	179	7	192	179	0.9322916666666666	0	1	0
ATGGGAGCAAGTGGAC	24	10	513	547	513	0.9378427787934186	0	0	1
ATGGGAGCAATCTCGA	8	461	8	477	461	0.9664570230607966	0	1	0
ATGGTTGAGTAGGAAG	97	33	1244	1374	1244	0.9053857350800583	0	0	1
ATTACCTAGCCTGAAG	14	1	189	204	189	0.9264705882352942	0	0	1
ATTACCTCATCCGTTC	12	6	239	257	239	0.9299610894941635	0	0	1
ATTACCTGTACGATCT	1825	1	5	1831	1825	0.9967231021299836	1	0	0
ATTCCCGCAATCCTTT	242	87	2476	2805	2476	0.8827094474153298	0	0	1
ATTCCCGTCTCAATCT	77	24	994	1095	994	0.9077625570776255	0	0	1
ATTCGTTAGTTGGGAC	24	7	475	506	475	0.9387351778656127	0	0	1
ATTCTACTCGACGAGA	24	7	361	392	361	0.9209183673469388	0	0	1
ATTGGGTAGGCACTAG	1897	2	3	1902	1897	0.9973711882229233	1	0	0
ATTGGGTGTACCTGTA	8	373	5	386	373	0.966321243523316	0	1	0
ATTGGGTGTTATTCTC	8	3	175	186	175	0.9408602150537635	0	0	1
ATTGTTCTCTCGCAGG	15	5	217	237	217	0.9156118143459916	0	0	1
ATTTCACAGTAGGATT	189	69	3	261	189	0.7241379310344828	0	0	0
CAAGAGGTCGCGAAGA	7	347	11	365	347	0.9506849315068493	0	1	0
CAAGGGACAGCCCACA	591	186	3	780	591	0.7576923076923077	0	0	0
CAATACGTCACCTCTG	97	28	945	1070	945	0.883177570093458	0	0	1
CAATCGAAGCACTCAT	6	380	9	395	380	0.9620253164556962	0	1	0
CAATGACGTTCTTCAT	14	7	329	350	329	0.94	0	0	1
CAATTTCAGTCTTGGT	17	5	337	359	337	0.9387186629526463	0	0	1
CAATTTCTCACAATGC	21	9	281	311	281	0.9035369774919614	0	0	1
CACAACAGTGTTATCG	539	0	3	542	539	0.9944649446494465	1	0	0
CACAACATCACTGGTA	54	16	676	746	676	0.9061662198391421	0	0	1
CACACAAAGCGATGCA	14	5	166	185	166	0.8972972972972973	0	0	1
CACACAAAGGTTCATC	179	49	1965	2193	1965	0.896032831737346	0	0	1
CACAGGCAGCGATTCT	19	7	224	250	224	0.896	0	0	1
CACAGGCGTGTACGCC	1142	748	21	1911	1142	0.597592883307169	0	0	0
CACCAAATCACGAGGA	24	7	336	367	336	0.9155313351498637	0	0	1
CACCAAATCTAATTCC	36	14	396	446	396	0.8878923766816144	0	0	1
CACCGTTAGAGGACTC	3571	5	16	3592	3571	0.9941536748329621	1	0	0
CACGAATAGGGAGGCA	21	4	209	234	209	0.8931623931623932	0	0	1
CACGAATGTGGCACTC	131	37	1680	1848	1680	0.9090909090909091	0	0	1
CACGGGTCAATACGCT	16	5	263	284	263	0.926056338028169	0	0	1
CACGTGGGTATCGGTT	36	1035	22	1093	1035	0.9469350411710887	0	1	0
CACGTGGGTCTGTGTA	5	142	4	151	142	0.9403973509933775	0	1	0
CACGTGGTCTGACAGT	161	57	2169	2387	2169	0.9086719731881022	0	0	1
CACGTTCGTATGTGTC	17	7	156	180	156	0.8666666666666667	0	0	1
CACGTTCTCCCGTGTT	93	36	1604	1733	1604	0.9255626081938835	0	0	1
CACTAAGAGGTTCTTG	1332	844	29	2205	1332	0.6040816326530613	0	0	0
CACTAAGCAGACCAGA	150	39	1914	2103	1914	0.9101283880171184	0	0	1
CAGATCAAGACGACGT	5132	9	24	5165	5132	0.9936108422071636	1	0	0
CAGATCAGTAATGTGA	65	62	2	129	65	0.5038759689922481	0	0	0
CAGATTGTCTGCGGCA	638	202	1	841	638	0.7586206896551724	0	0	0
CAGCAATAGGACAGTC	8	2	119	129	119	0.9224806201550387	0	0	1
CAGCAGCCACAGAAGC	332	97	4033	4462	4033	0.9038547736441058	0	0	1
CAGCAGCGTCCACACG	12	2	419	433	419	0.9676674364896074	0	0	1
CAGCGTGCAAATGGAT	61	1683	44	1788	1683	0.9412751677852349	0	1	0
CAGGTATAGCAGTACG	89	23	1176	1288	1176	0.9130434782608695	0	0	1
CATACAGTCGAGTGGA	35	12	373	420	373	0.888095238095238	0	0	1
CATCCACAGGCCTGCT	70	2572	60	2702	2572	0.9518874907475944	0	1	0
CATCCGTGTGTCACAT	10	273	8	291	273	0.9381443298969072	0	1	0
CATGAGTAGTATGGCG	20	5	270	295	270	0.9152542372881356	0	0	1
CATGCAAAGTCCGCCA	163	51	1888	2102	1888	0.8981921979067554	0	0	1
CATGCCTGTGGAACCA	1283	369	19	1671	1283	0.767803710353082	0	0	0
CATGCGGTCGCCAGTG	26	1286	33	1345	1286	0.9561338289962825	0	1	0
CATGCTCGTACCAATC	10	3	163	176	163	0.9261363636363636	0	0	1
CATGGTACAGCTCCTT	29	10	286	325	286	0.88	0	0	1
CATTCATAGCGTGCCT	133	3	5	141	133	0.9432624113475178	1	0	0
CATTCATAGTCCCAGC	43	11	409	463	409	0.8833693304535637	0	0	1
CATTGAGGTGTTTGCA	34	10	440	484	440	0.9090909090909091	0	0	1
CCAAGCGCATCCGAGC	16	7	349	372	349	0.9381720430107527	0	0	1
CCAATGAAGCTAGTTC	148	32	1884	2064	1884	0.9127906976744186	0	0	1
CCAATTTGTCATCCCT	88	8670	73	8831	8670	0.9817687691088212	0	1	0
CCACACTGTCGACTTA	10	904	38	952	904	0.9495798319327731	0	1	0
CCACACTTCATAGAGA	45	1768	24	1837	1768	0.9624387588459444	0	1	0
CCACCATAGGCCATAG	162	109	2	273	162	0.5934065934065934	0	0	0
CCACCATCATAGACTC	17	6	367	390	367	0.941025641025641	0	0	1
CCACCATGTTGAATCC	105	112	4	221	112	0.5067873303167421	0	0	0
CCACCATTCTCCTGAC	20	7	205	232	205	0.8836206896551724	0	0	1
CCACGAGAGCCTATCA	83	2288	73	2444	2288	0.9361702127659575	0	1	0
CCACGTTAGCACGTCC	641	201	8	850	641	0.7541176470588236	0	0	0
CCACTTGGTGTCCAAT	20	6	176	202	176	0.8712871287128713	0	0	1
CCATAAGTCGTAACAC	11	526	7	544	526	0.9669117647058824	0	1	0
CCCAACTGTCAGACGA	45	16	425	486	425	0.8744855967078189	0	0	1
CCCATTGTCAGAGTGG	8	355	7	370	355	0.9594594594594594	0	1	0
CCCGAAGCAGCTACCG	32	1014	30	1076	1014	0.9423791821561338	0	1	0
CCCTAACAGCGTTGTT	188	53	2412	2653	2412	0.9091594421409724	0	0	1
CCCTAACGTTGTAAAG	256	127	1	384	256	0.6666666666666666	0	0	0
CCCTAACTCGGAATGG	55	14	719	788	719	0.9124365482233503	0	0	1
CCGATCTCACAGTACT	10	5	88	103	88	0.8543689320388349	0	0	1
CCGATGGAGACGATAT	79	2207	51	2337	2207	0.9443731279418057	0	1	0
CCGATGGGTAGTGCGA	43	14	504	561	504	0.8983957219251337	0	0	1
CCGCAAGGTCCACATA	1	315	1	317	315	0.9936908517350158	0	1	0
CCGGACAGTTAACCTG	31	7	371	409	371	0.9070904645476773	0	0	1
CCGGGTAAGGGTTTCT	2560	2	4	2566	2560	0.9976617303195635	1	0	0
CCGGTAGTCCATAAGC	31	9	399	439	399	0.908883826879271	0	0	1
CCGGTGAAGCTTCGTA	1272	847	17	2136	1272	0.5955056179775281	0	0	0
CCGTGAGAGATTGAGT	37	5	372	414	372	0.8985507246376812	0	0	1
CCGTGAGCAGAATTCC	129	31	1269	1429	1269	0.8880335899230231	0	0	1
CCGTGAGTCCATTCAT	226	6151	163	6540	6151	0.940519877675841	0	1	0
CCGTTCATCTCTTAAC	44	22	526	592	526	0.8885135135135135	0	0	1
CCTAACCCATGTCGTA	1403	847	26	2276	1403	0.6164323374340949	0	0	0
CCTCAACCATGGAAGC	165	3747	117	4029	3747	0.9300074460163812	0	1	0
CCTCACACACTCAGAT	697	694	63	1454	697	0.4793672627235213	0	0	0
CCTCACAGTATAATGG	17	4	290	311	290	0.932475884244373	0	0	1
CCTCCAAAGAGGTATT	25	7	237	269	237	0.8810408921933085	0	0	1
CCTCTCCAGATGGCGT	301	209	4	514	301	0.585603112840467	0	0	0
CCTCTCCAGTGCCTCG	20	6	165	191	165	0.8638743455497382	0	0	1
CCTGCATAGGGTCTTT	139	117	3	259	139	0.5366795366795367	0	0	0
CCTTGTGAGGTCATTC	70	2520	65	2655	2520	0.9491525423728814	0	1	0
CGAAGGAGTCAATCTG	14	4	382	400	382	0.955	0	0	1
CGAAGGAGTGTCTAAC	94	216	1	311	216	0.6945337620578779	0	0	0
CGAAGTTAGACATCCT	33	11	423	467	423	0.9057815845824411	0	0	1
CGAATTGCAGTTTGGT	134	3303	92	3529	3303	0.9359591952394446	0	1	0
CGAGGCTTCGATGCTA	23	3	203	229	203	0.8864628820960698	0	0	1
CGAGTTACAGGATTCT	451	380	15	846	451	0.533096926713948	0	0	0
CGATGGCAGCCGAACA	10	4	219	233	219	0.9399141630901288	0	0	1
CGCAGGTAGTCACTGT	554	2	6	562	554	0.9857651245551602	1	0	0
CGCATGGAGCCACAAG	41	1506	39	1586	1506	0.9495586380832283	0	1	0
CGCCATTGTTCTATCT	83	2454	61	2598	2454	0.9445727482678984	0	1	0
CGGAATTGTCTACAGT	162	50	1931	2143	1931	0.9010732617825479	0	0	1
CGGCAGTAGGGTGAAA	75	2078	50	2203	2078	0.9432591920108943	0	1	0
CGGGTCATCGTAGGAG	68	1832	51	1951	1832	0.93900563813429	0	1	0
CGGTCAGAGATTAGAC	62	1787	52	1901	1787	0.9400315623356128	0	1	0
CGGTCAGAGGCTGTAG	1144	628	8	1780	1144	0.6426966292134831	0	0	0
CGTGAATTCATCGGGC	47	1600	34	1681	1600	0.9518143961927424	0	1	0
CGTGTCTCAAGATGTA	171	135	4	310	171	0.5516129032258065	0	0	0
CGTGTCTCAGGATGAC	241	55	4	300	241	0.8033333333333333	1	0	0
CGTTAGATCTTCCGTG	61	1946	53	2060	1946	0.9446601941747573	0	1	0
CGTTCTGTCGAGTGAG	137	46	1648	1831	1648	0.9000546149645002	0	0	1
CTAACTTGTGTGATGG	2933	2	9	2944	2933	0.9962635869565217	1	0	0
CTAACTTTCTGCGTCT	89	2449	66	2604	2449	0.9404761904761905	0	1	0
CTACAGATCTGCTCTG	15	9	194	218	194	0.8899082568807339	0	0	1
CTACCCATCGAGTCTA	33	14	327	374	327	0.8743315508021391	0	0	1
CTACCTGCAACAGTGG	7	4	112	123	112	0.9105691056910569	0	0	1
CTACGGGAGCTCCATA	15	5	248	268	248	0.9253731343283582	0	0	1
CTATAGGCAGCCATTA	6	330	6	342	330	0.9649122807017544	0	1	0
CTATCCGTCATCGGGC	2	203	3	208	203	0.9759615384615384	0	1	0
CTATCCGTCGATACGT	342	137	9	488	342	0.7008196721311475	0	0	0
CTCAAGAGTGCGGTAA	13	2	193	208	193	0.9278846153846154	0	0	1
CTCAAGATCCATACTT	14	676	17	707	676	0.9561527581329562	0	1	0
CTCACTGTCCGGACGT	15	6	194	215	194	0.9023255813953488	0	0	1
CTCAGGGAGCCAACCC	1255	374	21	1650	1255	0.7606060606060606	0	0	0
CTCAGGGCATGTGGTT	7	454	5	466	454	0.9742489270386266	0	1	0
CTCAGGGGTGCATGTT	10	5	245	260	245	0.9423076923076923	0	0	1
CTCATCGGTTTCACAG	123	35	1442	1600	1442	0.90125	0	0	1
CTCATGCGTGTCCCTT	42	7	457	506	457	0.9031620553359684	0	0	1
CTCATTATCGTTATCT	80	2874	79	3033	2874	0.9475766567754699	0	1	0
CTCCACATCTACACAG	21	7	350	378	350	0.9259259259259259	0	0	1
CTCCCAATCAGCATTG	38	1020	29	1087	1020	0.9383624655013799	0	1	0
CTCCCTCCAAGACTGG	11	450	14	475	450	0.9473684210526315	0	1	0
CTCCTCCAGGTCCTGC	33	9	392	434	392	0.9032258064516129	0	0	1
CTCTGGTTCGGCTATA	13	5	132	150	132	0.88	0	0	1
CTGAGCGCACCCTATC	1340	817	24	2181	1340	0.6143970655662541	0	0	0
CTGAGCGGTCGAATGG	13	3	198	214	198	0.9252336448598131	0	0	1
CTGATCCCACCAGGTC	12	3	150	165	150	0.9090909090909091	0	0	1
CTGATCCGTATCACCA	9	3	205	217	205	0.9447004608294931	0	0	1
CTGCATCGTATAGCTC	80	28	947	1055	947	0.8976303317535546	0	0	1
CTGCCATGTGTCTTGA	208	54	2355	2617	2355	0.899885364921666	0	0	1
CTGGACGAGCAATAGT	101	75	5	181	101	0.5580110497237569	0	0	0
CTGGTCTAGGAAAGTG	4148	3	11	4162	4148	0.9966362325804902	1	0	0
CTGTATTAGTCATAGA	14	4	233	251	233	0.9282868525896414	0	0	1
CTTACCGCAGATCCAT	63	1951	46	2060	1951	0.9470873786407767	0	1	0
CTTACCGTCGGAATGG	46	2039	42	2127	2039	0.9586271744240714	0	1	0
CTTCCGAGTAAGGTCG	662	371	8	1041	662	0.6359269932756965	0	0	0
CTTCCTTGTTCGTTCC	10	203	11	224	203	0.90625	0	1	0
CTTCGGTTCACCGGGT	109	40	1391	1540	1391	0.9032467532467533	0	0	1
CTTCTAACAGACCAAG	51	17	510	578	510	0.8823529411764706	0	0	1
CTTCTCTCACGTATAC	69	3328	65	3462	3328	0.9612940496822646	0	1	0
CTTCTCTTCGGTCACG	46	17	618	681	618	0.9074889867841409	0	0	1
CTTTCGGGTCAGTTTG	278	190	3	471	278	0.5902335456475584	0	0	0
CTTTCGGTCGGACAAG	17	5	295	317	295	0.9305993690851735	0	0	1
GAAACCTTCTCGCAGG	2056	0	6	2062	2056	0.997090203685742	1	0	0
GAACACTCAATGTGGG	914	280	8	1202	914	0.7603993344425957	0	0	0
GAAGCCCAGGAAAGTG	17	2	234	253	234	0.924901185770751	0	0	1
GAAGCGACAATCCTTT	17	6	200	223	200	0.8968609865470852	0	0	1
GAAGTAACAGTGGGTA	11	528	8	547	528	0.9652650822669104	0	1	0
GAAGTAATCGTGACTA	60	15	1076	1151	1076	0.9348392701998263	0	0	1
GAATCACGTCGTTATG	15	3	124	142	124	0.8732394366197183	0	0	1
GACACGCTCCATGAGT	656	214	7105	7975	7105	0.8909090909090909	0	0	1
GACAGCCAGACTGGGT	622	208	10	840	622	0.7404761904761905	0	0	0
GACAGCCCACGGAAGT	18	2	443	463	443	0.9568034557235421	0	0	1
GACATCAAGTCAACAA	40	12	617	669	617	0.922272047832586	0	0	1
GACATCACATGTTCGA	19	1149	16	1184	1149	0.9704391891891891	0	1	0
GACCCAGGTCACTGAT	145	46	1630	1821	1630	0.8951125755079626	0	0	1
GACCCTTCATTCAGGT	952	644	14	1610	952	0.591304347826087	0	0	0
GACCGTGTCCCTATTA	565	322	7	894	565	0.6319910514541387	0	0	0
GACGCTGAGGTAATCA	97	71	2	170	97	0.5705882352941176	0	0	0
GACGTTAAGCCGCTTG	2718	0	8	2726	2718	0.9970652971386648	1	0	0
GACGTTAGTCTTCATT	13	5	368	386	368	0.9533678756476683	0	0	1
GACTCAATCTTGATTC	277	208	1	486	277	0.5699588477366255	0	0	0
GACTCTCAGAGCCTGA	16	2	202	220	202	0.9181818181818182	0	0	1
GAGACCCTCAGCTGTA	295	100	3456	3851	3456	0.8974292391586601	0	0	1
GAGACCCTCGGAAGGT	734	244	10	988	734	0.742914979757085	0	0	0
GAGCCTGAGACCAAGC	15	7	159	181	159	0.8784530386740331	0	0	1
GAGCCTGCACGCCACA	3171	5	10	3186	3171	0.995291902071563	1	0	0
GAGCCTGCACTTGAAC	637	213	7	857	637	0.7432905484247374	0	0	0
GAGCCTGGTGACACAG	44	1267	36	1347	1267	0.9406087602078693	0	1	0
GAGGGTAAGTCCGCGT	25	7	416	448	416	0.9285714285714286	0	0	1
GAGGGTATCGGCCAAC	477	347	1	825	477	0.5781818181818181	0	0	0
GAGGGTATCGGTGAAG	99	25	1202	1326	1202	0.9064856711915535	0	0	1
GAGTCTATCGTTACCC	13	3	166	182	166	0.9120879120879121	0	0	1
GAGTGTTGTGCCGTTG	11	4	150	165	150	0.9090909090909091	0	0	1
GATAGCTTCGCACTCT	280	212	2	494	280	0.5668016194331984	0	0	0
GATCAGTTCCGGCAAC	73	27	1195	1295	1195	0.9227799227799228	0	0	1
GATGATCCAGCATGCC	59	1731	47	1837	1731	0.9422972237343494	0	1	0
GATGTTGGTTTGACAC	17	7	196	220	196	0.8909090909090909	0	0	1
GATTCGAAGGAAGAAC	37	9	375	421	375	0.8907363420427553	0	0	1
GATTCTTCAGTGACCC	14	5	226	245	226	0.9224489795918367	0	0	1
GATTGGTAGACATCAA	6	292	3	301	292	0.9700996677740864	0	1	0
GCAACATAGCGGATCA	1	175	3	179	175	0.9776536312849162	0	1	0
GCAACATTCACGGACC	73	2373	62	2508	2373	0.9461722488038278	0	1	0
GCAACCGAGGTACCTT	799	384	15	1198	799	0.6669449081803005	0	0	0
GCAGCTGCACGTGTGC	40	8	502	550	502	0.9127272727272727	0	0	1
GCATCGGAGCTAGATA	125	90	1	216	125	0.5787037037037037	0	0	0
GCATGATGTCTCAGAT	182	5020	136	5338	5020	0.9404271262645185	0	1	0
GCATGATTCACATCAG	826	370	20	1216	826	0.6792763157894737	0	0	0
GCCAGCATCACATACG	73	27	1007	1107	1007	0.9096657633242999	0	0	1
GCCAGGTAGCTGAGTG	13	6	167	186	167	0.8978494623655914	0	0	1
GCCATGGGTCTTTCAT	787	270	6	1063	787	0.7403574788334901	0	0	0
GCCCGAACACAATGCT	164	55	1741	1960	1741	0.888265306122449	0	0	1
GCCCGAATCTACGGTA	116	36	1480	1632	1480	0.9068627450980392	0	0	1
GCGAGAAAGGTTCCGC	607	197	5	809	607	0.7503090234857849	0	0	0
GCGGAAAAGTATCCTG	8	509	9	526	509	0.967680608365019	0	1	0
GCGGAAACACATGACT	28	13	419	460	419	0.9108695652173913	0	0	1
GCGGATCTCCGTCCTA	11	343	13	367	343	0.9346049046321526	0	1	0
GCGTGCAAGCTGTCCG	55	16	753	824	753	0.9138349514563107	0	0	1
GCTACAACATGGGTTT	16	3	210	229	210	0.9170305676855895	0	0	1
GCTCAAATCGAACGCC	24	9	370	403	370	0.9181141439205955	0	0	1
GCTGAATCAAGGCAAC	62	1993	49	2104	1993	0.9472433460076045	0	1	0
GCTGGGTAGTCACTCA	21	4	302	327	302	0.9235474006116208	0	0	1
GCTGGGTGTTGGCTAT	52	1476	39	1567	1476	0.9419272495213784	0	1	0
GGAACCCCACATCCCT	142	98	1	241	142	0.5892116182572614	0	0	0
GGAATCTCACTACACA	64	2124	45	2233	2124	0.9511867442901926	0	1	0
GGAGGATAGTTGCATC	1027	1	4	1032	1027	0.9951550387596899	1	0	0
GGATCTACAGGCACTC	24	6	307	337	307	0.9109792284866469	0	0	1
GGATGTTGTCGAATGG	514	175	2	691	514	0.743849493487699	0	0	0
GGCTTGGCATGAAGCG	8	454	11	473	454	0.959830866807611	0	1	0
GGGACAATCGTGGGTC	108	32	1282	1422	1282	0.9015471167369902	0	0	1
GGGACCTGTTATGACC	11	4	406	421	406	0.9643705463182898	0	0	1
GGGATCCTCGGTCATA	168	40	1993	2201	1993	0.9054975011358474	0	0	1
GGGATGAAGAGGACTC	45	8	501	554	501	0.9043321299638989	0	0	1
GGGCCATGTATGTCAC	2432	1	6	2439	2432	0.997129971299713	1	0	0
GGGCTCAAGAATCTAG	1532	813	21	2366	1532	0.6475063398140322	0	0	0
GGGCTCAGTTGACGGA	2627	2	4	2633	2627	0.9977212305355109	1	0	0
GGGTAGAAGTCCTACA	16	2	225	243	225	0.9259259259259259	0	0	1
GGGTATTGTCTCGACG	2234	2	7	2243	2234	0.9959875167186804	1	0	0
GGGTGTCCAATTGCAC	1321	827	22	2170	1321	0.6087557603686636	0	0	0
GGGTTATCAGGACGAT	58	2374	47	2479	2374	0.9576442113755547	0	1	0
GGTAGAGAGTCATACC	502	412	9	923	502	0.5438786565547129	0	0	0
GGTAGAGTCCACGGGT	27	9	292	328	292	0.8902439024390244	0	0	1
GGTCTGGTCTACCACC	8	419	3	430	419	0.9744186046511628	0	1	0
GGTGAAGCAGGACTTT	1491	972	19	2482	1491	0.6007252215954875	0	0	0
GGTGTCGGTATGTGTC	4	448	5	457	448	0.9803063457330415	0	1	0
GGTTGTAAGTGCAGCA	94	33	1407	1534	1407	0.9172099087353325	0	0	1
GGTTGTAGTAGCTTTG	1259	795	19	2073	1259	0.6073323685479981	0	0	0
GTAACACAGACCATAA	30	11	307	348	307	0.882183908045977	0	0	1
GTAACACCAAACCATC	19	5	218	242	218	0.9008264462809917	0	0	1
GTAACACGTGCCCTTT	113	82	2	197	113	0.5736040609137056	0	0	0
GTAAGTCTCTACACTT	6	1	122	129	122	0.9457364341085271	0	0	1
GTAATCGAGCTACAAA	18	3	188	209	188	0.8995215311004785	0	0	1
GTAATCGTCACGATAC	18	12	231	261	231	0.8850574712643678	0	0	1
GTAATGCAGCCTGTCG	90	2293	70	2453	2293	0.9347737464329393	0	1	0
GTAGAGGTCACAACCA	30	7	303	340	303	0.8911764705882353	0	0	1
GTAGAGGTCCTGTTGC	1711	1180	37	2928	1711	0.5843579234972678	0	0	0
GTAGCTAAGCTACTGT	2	432	2	436	432	0.9908256880733946	0	1	0
GTAGCTAAGGTTTGAA	2	200	3	205	200	0.975609756097561	0	1	0
GTAGCTACACTAGGTT	15	5	204	224	204	0.9107142857142857	0	0	1
GTAGGAGTCCCAGTGG	28	1502	27	1557	1502	0.9646756583172769	0	1	0
GTAGGTTCAAGTATCC	6	0	126	132	126	0.9545454545454546	0	0	1
GTATTGGAGACTGTTC	9	562	9	580	562	0.9689655172413794	0	1	0
GTATTGGGTAGCTGAG	669	0	0	669	669	1.0	1	0	0
GTATTGGTCCAATCCC	107	31	1242	1380	1242	0.9	0	0	1
GTCAAACGTAACATAG	1965	1	7	1973	1965	0.9959452610238216	1	0	0
GTCAAACTCGGAAACG	14	2	222	238	222	0.9327731092436975	0	0	1
GTCAAGTCAGACAATA	73	20	1014	1107	1014	0.9159891598915989	0	0	1
GTCAAGTCAGTCGTTA	48	20	527	595	527	0.8857142857142857	0	0	1
GTCATGAGTAGTCTGT	686	0	0	686	686	1.0	1	0	0
GTCCCATAGGTAAACT	28	6	251	285	251	0.8807017543859649	0	0	1
GTCGAATTCGCACTCT	1762	1	2	1765	1762	0.998300283286119	1	0	0
GTCGCGATCGAGAAAT	343	138	5	486	343	0.7057613168724279	0	0	0
GTCGCGATCGTCCTCA	12	3	183	198	183	0.9242424242424242	0	0	1
GTCGTAAAGGTAGTAT	6	3	188	197	188	0.9543147208121827	0	0	1
GTCGTAATCCTACCAC	38	13	529	580	529	0.9120689655172414	0	0	1
GTCTACCGTATCCTTT	12	440	11	463	440	0.9503239740820735	0	1	0
GTCTTTAGTTATGGTC	360	203	4	567	360	0.6349206349206349	0	0	0
GTCTTTATCCCGTGTT	31	11	261	303	261	0.8613861386138614	0	0	1
GTGCGTGTCCCATTTA	7	359	5	371	359	0.967654986522911	0	1	0
GTGGAAGTCGAAGCAG	127	39	1662	1828	1662	0.9091903719912473	0	0	1
GTGGGAACATCGTGGC	45	14	719	778	719	0.9241645244215938	0	0	1
GTGTAACTCCCTTGGT	97	66	1	164	97	0.5914634146341463	0	0	0
GTGTCCTTCACTTATC	2458	1	6	2465	2458	0.9971602434077079	1	0	0
GTGTGATCAGTTGAAA	18	512	8	538	512	0.9516728624535316	0	1	0
GTTACGAAGTATGAGT	50	17	731	798	731	0.9160401002506265	0	0	1
GTTACGATCGACGCTG	17	4	172	193	172	0.8911917098445595	0	0	1
GTTAGACAGCATGATA	1	155	2	158	155	0.9810126582278481	0	1	0
GTTAGACCACTCAGAT	9	2	177	188	177	0.9414893617021277	0	0	1
GTTAGTGGTCATCAGT	980	2	8	990	980	0.98989898989899	1	0	0
GTTAGTGTCAGAACCT	40	11	596	647	596	0.9211746522411128	0	0	1
GTTCGCTCAGTTACCA	22	663	12	697	663	0.9512195121951219	0	1	0
GTTCTATCAACGTTAC	177	45	1902	2124	1902	0.8954802259887006	0	0	1
GTTCTATTCATGAGAA	163	57	1834	2054	1834	0.8928919182083739	0	0	1
GTTCTATTCGCGTGAC	570	319	9	898	570	0.6347438752783965	0	0	0
GTTCTATTCGTGGCGT	23	10	314	347	314	0.9048991354466859	0	0	1
GTTGAACAGGGTTAGC	939	447	5	1391	939	0.6750539180445723	0	0	0
GTTGCGGCACATATGC	19	7	186	212	186	0.8773584905660378	0	0	1
GTTGCTCGTTTACCTT	108	25	1220	1353	1220	0.90169992609017	0	0	1
GTTGTAGAGGAACGCT	7	141	7	155	141	0.9096774193548387	0	1	0
GTTGTAGGTCTACACA	15	3	162	180	162	0.9	0	0	1
GTTGTCCCACTACGGC	27	934	18	979	934	0.9540347293156282	0	1	0
GTTGTGAAGGTCGTGA	0	498	1	499	498	0.9979959919839679	0	1	0
GTTTGGACACCGAATT	148	50	1492	1690	1492	0.8828402366863906	0	0	1
GTTTGGAGTCGAGATG	191	55	2122	2368	2122	0.8961148648648649	0	0	1
TAACACGAGGCGACAT	769	295	7	1071	769	0.7180205415499533	0	0	0
TAACACGCATAGATGA	118	69	1	188	118	0.6276595744680851	0	0	0
TAACGACGTATAGGAT	19	7	300	326	300	0.9202453987730062	0	0	1
TAACGACTCGCGAAGA	70	21	640	731	640	0.8755129958960328	0	0	1
TAAGCACCATAGCTGT	24	874	22	920	874	0.95	0	1	0
TAAGCACGTAGAGTTA	30	5	676	711	676	0.9507735583684951	0	0	1
TAATCTCCACCAGACC	130	337	6	473	337	0.7124735729386892	0	0	0
TACCGAACAGATTCGT	26	8	436	470	436	0.9276595744680851	0	0	1
TACCGAAGTCCGACGT	17	4	180	201	180	0.8955223880597015	0	0	1
TACCGGGGTCCAGGTC	18	736	11	765	736	0.9620915032679739	0	1	0
TACCTGCCACCCTAGG	13	4	186	203	186	0.916256157635468	0	0	1
TACGTCCAGGTAGGCT	140	124	7	271	140	0.5166051660516605	0	0	0
TAGACCAAGAGCTTTC	12	5	152	169	152	0.8994082840236687	0	0	1
TAGACTGGTCGAGATG	26	1077	30	1133	1077	0.9505736981465137	0	1	0
TAGAGTCCAATGCAGG	72	1941	51	2064	1941	0.940406976744186	0	1	0
TAGGGTTGTGCAAGAC	79	24	1051	1154	1051	0.9107452339688041	0	0	1
TAGGTACTCCGCTTAC	5	500	31	536	500	0.9328358208955224	0	1	0
TAGTGCAAGTCGTCTA	3	199	1	203	199	0.9802955665024631	0	1	0
TATACCTAGTATTCCG	23	5	413	441	413	0.9365079365079365	0	0	1
TATATCCGTTCCACGG	35	68	3	106	68	0.6415094339622641	0	0	0
TATCTTGAGGTTGTTC	12	3	170	185	170	0.918918918918919	0	0	1
TATCTTGTCCACTGAA	18	4	356	378	356	0.9417989417989417	0	0	1
TATTCCAAGCGACCCT	6	400	6	412	400	0.970873786407767	0	1	0
TCAAGACAGGCTAACG	1765	1110	25	2900	1765	0.6086206896551725	0	0	0
TCAAGCAGTTTGTTCT	4783	6	23	4812	4783	0.993973399833749	1	0	0
TCAAGTGAGCCAGTAG	1760	1089	31	2880	1760	0.6111111111111112	0	0	0
TCAATCTAGAGGTGCT	9	433	7	449	433	0.9643652561247216	0	1	0
TCACAAGAGAATTCAG	2378	4	10	2392	2378	0.9941471571906354	1	0	0
TCACACCCAGTATTCG	94	26	802	922	802	0.8698481561822126	0	0	1
TCACACCGTGGGAGAG	58	1615	45	1718	1615	0.940046565774156	0	1	0
TCACGCTGTGCAATAA	42	9	484	535	484	0.9046728971962616	0	0	1
TCACGCTGTTCCTTGC	37	10	408	455	408	0.8967032967032967	0	0	1
TCACTCGAGTAGTCCT	7	2	98	107	98	0.9158878504672897	0	0	1
TCACTCGTCATTCACT	24	12	396	432	396	0.9166666666666666	0	0	1
TCAGCAAAGTTGCATC	1160	3	7	1170	1160	0.9914529914529915	1	0	0
TCAGCAATCCGGGACT	254	7	16	277	254	0.9169675090252708	1	0	0
TCAGCCTAGCTTACGT	39	13	634	686	634	0.924198250728863	0	0	1
TCAGGGCCATTGGGAG	618	196	3	817	618	0.7564259485924113	0	0	0
TCAGTGAGTGTGCCTG	64	1747	51	1862	1747	0.9382384532760473	0	1	0
TCAGTTTCACAATCTG	91	69	2	162	91	0.5617283950617284	0	0	0
TCAGTTTTCTGCGGGT	32	10	687	729	687	0.9423868312757202	0	0	1
TCATCATAGGTCACAG	26	7	293	326	293	0.8987730061349694	0	0	1
TCATCCGGTCGAACAG	132	44	1540	1716	1540	0.8974358974358975	0	0	1
TCATGAGAGCGGACAT	18	8	277	303	277	0.9141914191419142	0	0	1
TCATGCCGTATCCCAA	90	29	1324	1443	1324	0.9175329175329175	0	0	1
TCATTGTGTCTGTGCG	31	6	530	567	530	0.9347442680776014	0	0	1
TCATTTGAGGGCAAGG	13	557	10	580	557	0.9603448275862069	0	1	0
TCATTTGGTGATATAG	797	518	12	1327	797	0.60060286360211	0	0	0
TCCATCGTCCGTGACG	7	3	298	308	298	0.9675324675324676	0	0	1
TCCATGCCATCAGTGT	13	480	11	504	480	0.9523809523809523	0	1	0
TCCCACACACCCTATC	12	1	169	182	169	0.9285714285714286	0	0	1
TCCCAGTAGTTCATGC	29	8	350	387	350	0.9043927648578811	0	0	1
TCCGAAACAGCGCTTG	47	15	715	777	715	0.9202059202059202	0	0	1
TCCGATCGTAGGCAAC	68	2008	42	2118	2008	0.9480642115203022	0	1	0
TCCGTGTTCCCTCAAC	1331	864	24	2219	1331	0.5998197386210005	0	0	0
TCCTAATTCTACGGTA	2142	1	2	2145	2142	0.9986013986013986	1	0	0
TCCTTCTCATGTCAGT	348	119	12	479	348	0.7265135699373695	0	0	0
TCCTTCTGTCCGGACT	9	1	144	154	144	0.935064935064935	0	0	1
TCGAAGTAGGTCGCCT	109	34	1325	1468	1325	0.9025885558583107	0	0	1
TCGATTTCATCCAACA	6	2	107	115	107	0.9304347826086956	0	0	1
TCGCTCAAGGTGGGTT	9	5	102	116	102	0.8793103448275862	0	0	1
TCGGATAGTGTTCCTC	604	803	58	1465	803	0.548122866894198	0	0	0
TCGGGACCATACCATG	139	88	4	231	139	0.6017316017316018	0	0	0
TCGGGCAGTAGGTTTC	10	743	8	761	743	0.9763469119579501	0	1	0
TCGGGTGGTCGGCTAC	322	290	2	614	322	0.5244299674267101	0	0	0
TCGGTCTTCAATCCGA	39	15	415	469	415	0.8848614072494669	0	0	1
TCGTAGAAGGGTCACA	7	4	214	225	214	0.9511111111111111	0	0	1
TCGTGGGCAGAAACCG	700	456	13	1169	700	0.5988023952095808	0	0	0
TCTATCATCTAGTCAG	35	827	20	882	827	0.937641723356009	0	1	0
TCTCACGGTCCCTGTT	58	1983	46	2087	1983	0.9501677048394825	0	1	0
TCTCCGAAGGATAATC	414	120	5	539	414	0.7680890538033395	0	0	0
TCTCCGACAACCGACC	9	6	272	287	272	0.9477351916376306	0	0	1
TCTCCGACAGGCTCTG	103	37	1308	1448	1308	0.9033149171270718	0	0	1
TCTCTGGGTATAGGAT	107	2706	80	2893	2706	0.935361216730038	0	1	0
TCTCTGGTCAGATTGC	32	9	595	636	595	0.9355345911949685	0	0	1
TCTGGCTAGCTACAAA	24	8	262	294	262	0.891156462585034	0	0	1
TCTTAGTAGCGATGGT	596	170	0	766	596	0.7780678851174935	0	0	0
TGACCCTTCAGACAAA	143	40	1866	2049	1866	0.9106881405563689	0	0	1
TGAGACTAGAAGTCTA	15	4	202	221	202	0.9140271493212669	0	0	1
TGAGGAGGTGGCACTC	1240	827	23	2090	1240	0.5933014354066986	0	0	0
TGAGGTTAGCTGACTT	30	9	345	384	345	0.8984375	0	0	1
TGAGGTTTCGTAATGC	77	24	934	1035	934	0.9024154589371981	0	0	1
TGAGGTTTCTCTTAAC	5	191	7	203	191	0.9408866995073891	0	1	0
TGATCAGCACAGCCTG	22	5	339	366	339	0.9262295081967213	0	0	1
TGATCTTGTCCGAAAG	11	4	210	225	210	0.9333333333333333	0	0	1
TGATTCTTCAGCTAGT	1820	8	19	1847	1820	0.9853817000541418	1	0	0
TGCAGATTCCGCGGAT	14	541	10	565	541	0.9575221238938053	0	1	0
TGCAGGCCACGATTCA	24	9	595	628	595	0.947452229299363	0	0	1
TGCAGTACAATCCTAG	25	1741	18	1784	1741	0.975896860986547	0	1	0
TGCATCCAGCGTGCCT	11	4	207	222	207	0.9324324324324325	0	0	1
TGCATCCTCTCTCCGA	98	33	1232	1363	1232	0.9038884812912693	0	0	1
TGCGACGGTAGGACTG	140	49	1530	1719	1530	0.8900523560209425	0	0	1
TGCGACGTCAGCCCAG	11	3	197	211	197	0.933649289099526	0	0	1
TGCGGCAAGGTAAACT	17	7	190	214	190	0.8878504672897196	0	0	1
TGCGGGTTCGAACTCA	739	274	6	1019	739	0.7252208047105005	0	0	0
TGCTGAATCGGTAGGA	50	19	498	567	498	0.8783068783068783	0	0	1
TGCTTGCTCGTAGGGA	3375	80	172	3627	3375	0.9305210918114144	1	0	0
TGGAGGATCGCAGAGA	13	3	157	173	157	0.9075144508670521	0	0	1
TGGATCAGTTCTCCAC	7	239	6	252	239	0.9484126984126984	0	1	0
TGGATGTCACTGATTG	275	12542	197	13014	12542	0.9637313662209928	0	1	0
TGGCGTGAGCACCTGC	2097	1	6	2104	2097	0.9966730038022814	1	0	0
TGGCGTGTCCGGTAAT	80	27	992	1099	992	0.902638762511374	0	0	1
TGGGAGAAGCCTCTGG	53	1326	42	1421	1326	0.9331456720619282	0	1	0
TGGGAGAAGTCTACCA	1300	882	30	2212	1300	0.5877034358047016	0	0	0
TGTAACGAGTAGCTCT	9	1	258	268	258	0.9626865671641791	0	0	1
TGTACAGAGCAGTAAT	744	454	6	1204	744	0.6179401993355482	0	0	0
TGTAGACTCCTGTTGC	729	444	19	1192	729	0.6115771812080537	0	0	0
TGTCCACCAGCAGGAT	2044	0	3	2047	2044	0.9985344406448461	1	0	0
TGTCCCAGTCACTTAG	22	9	272	303	272	0.8976897689768977	0	0	1
TGTGAGTAGCACCTGC	737	1	4	742	737	0.9932614555256065	1	0	0
TGTGCGGAGTTGGCTT	105	29	1364	1498	1364	0.910547396528705	0	0	1
TGTTCATAGTCACAGG	11	2	156	169	156	0.9230769230769231	0	0	1
TGTTCATGTTCAACGT	12	3	156	171	156	0.9122807017543859	0	0	1
TGTTCCGTCTCCACTG	26	5	254	285	254	0.8912280701754386	0	0	1
TGTTCTAAGAGCAGCT	250	176	1	427	250	0.585480093676815	0	0	0
TGTTGAGTCTGGGAGA	791	512	13	1316	791	0.601063829787234	0	0	0
TGTTTGTGTTCATCTT	68	2171	48	2287	2171	0.9492785308264101	0	1	0
TTAATCCGTGGCTTGC	10	4	152	166	152	0.9156626506024096	0	0	1
TTACAGGAGCTGACCC	10	4	114	128	114	0.890625	0	0	1
TTACAGGCAGCATACT	47	1621	46	1714	1621	0.9457409568261377	0	1	0
TTACAGGTCCTTATCA	136	54	1591	1781	1591	0.8933183604716451	0	0	1
TTACCGCGTGGCTACC	6	0	155	161	155	0.9627329192546584	0	0	1
TTACGTTAGAATCGAT	5	0	191	196	191	0.9744897959183674	0	0	1
TTAGGGTAGAAGCCAC	856	504	17	1377	856	0.6216412490922295	0	0	0
TTATTGCAGAGGCGTT	56	20	606	682	606	0.8885630498533724	0	0	1
TTATTGCGTCCTATAG	22	5	337	364	337	0.9258241758241759	0	0	1
TTATTGCTCGCCTCTA	10	2	255	267	255	0.9550561797752809	0	0	1
TTCACGCAGCTGTTCA	93	2898	76	3067	2898	0.944897293772416	0	1	0
TTCATGTGTCACTCAA	151	43	1663	1857	1663	0.8955304254173398	0	0	1
TTCCACGGTTGCATAC	25	8	380	413	380	0.9200968523002422	0	0	1
TTCCGGTTCTTTCAGT	41	11	405	457	405	0.8862144420131292	0	0	1
TTCCTTCTCATGTCAG	54	15	853	922	853	0.9251626898047722	0	0	1
TTCGATTCAGGAATAT	36	12	504	552	504	0.9130434782608695	0	0	1
TTCGGTCAGAGCAAGA	135	39	1707	1881	1707	0.9074960127591707	0	0	1
TTCGGTCCAGTCGGTC	250	161	1	412	250	0.6067961165048543	0	0	0
TTCTAACAGAGCCGAT	62	20	824	906	824	0.9094922737306843	0	0	1
TTCTAGTTCCTACAAG	9	321	10	340	321	0.9441176470588235	0	1	0
TTCTGTAGTTCTTAGG	17	4	142	163	142	0.8711656441717791	0	0	1
TTCTTCCTCGTGGGTC	14	6	262	282	262	0.9290780141843972	0	0	1
TTCTTGATCGAGAAAT	35	10	341	386	341	0.883419689119171	0	0	1
TTGACCCGTTGCGGCT	25	6	347	378	347	0.917989417989418	0	0	1
TTGGGATAGTGTAGTA	3758	4	22	3784	3758	0.9931289640591966	1	0	0
TTGGGATGTGTGACCC	114	88	1	203	114	0.5615763546798029	0	0	0
TTGGGATGTGTTCATG	9	548	6	563	548	0.9733570159857904	0	1	0
TTGTGGAGTATGACAA	134	40	1474	1648	1474	0.8944174757281553	0	0	1
TTGTGGAGTGCATTTG	1280	768	21	2069	1280	0.6186563557274045	0	0	0
TTGTGTTAGGATTCAA	15	3	156	174	156	0.896551724137931	0	0	1
TTTAGTCGTTCCTAAG	648	5	13	666	648	0.972972972972973	1	0	0
TTTATGCGTGAGCCAA	8	245	5	258	245	0.9496124031007752	0	1	0
TTTCACAGTCGGCACT	6	2	149	157	149	0.9490445859872612	0	0	1
TTTCCTCAGTCCCAAT	16	4	251	271	251	0.9261992619926199	0	0	1
TTTCGATGTAGACTGG	68	2221	56	2345	2221	0.9471215351812367	0	1	0
TTTGATCTCAGGACAG	314	139	2	455	314	0.6901098901098901	0	0	0
TTTGGAGCATCCGATA	9	264	9	282	264	0.9361702127659575	0	1	0
TTTGGTTCAGCGTATT	76	24	860	960	860	0.8958333333333334	0	0	1
TTTGGTTGTCCAAAGG	89	29	1004	1122	1004	0.8948306595365418	0	0	1
TTTGGTTTCTTCTCAA	9	5	115	129	115	0.8914728682170543	0	0	1
TTTGTTGTCCGTGACG	109	31	1479	1619	1479	0.913526868437307	0	0	1
