position0	position1	ref	pred	entropy_all	entropy_acgt	entropy_acgtn	pA	pC	pG	pT
0	1	A	A	1.98759627	1.98759592	1.98759592	0.29825696	0.22751698	0.26141620	0.21280991
1	2	A	G	1.94670975	1.94670928	1.94670928	0.30966905	0.15910046	0.31792903	0.21330141
2	3	A	C	1.97489762	1.97489643	1.97489643	0.26759496	0.28145474	0.17282990	0.27812043
3	4	A	C	1.99045908	1.99045479	1.99045491	0.21317421	0.29396304	0.24285601	0.25000677
4	5	T	A	1.94100976	1.94100392	1.94100428	0.37249362	0.23751213	0.21170060	0.17829365
5	6	T	G	1.77687657	1.77687585	1.77687585	0.30429989	0.04854168	0.37259191	0.27456653
6	7	G	T	1.77730930	1.77730858	1.77730858	0.27932310	0.06068508	0.23786323	0.42212856
7	8	G	C	1.96706700	1.96706259	1.96706271	0.22621711	0.33792481	0.19056073	0.24529742
8	9	T	A	1.68270075	1.68269646	1.68269670	0.40231627	0.02246440	0.31182015	0.26339915
9	10	G	A	1.98870468	1.98870075	1.98870087	0.29930532	0.21285325	0.25098667	0.23685475
10	11	A	A	1.96962786	1.96962404	1.96962428	0.33241531	0.25181705	0.19196972	0.22379784
11	12	A	T	1.99250007	1.99249351	1.99249387	0.22542979	0.26335743	0.22582154	0.28539121
12	13	T	A	1.97428358	1.97427773	1.97427797	0.31718671	0.18579544	0.23794296	0.25907481
13	14	C	T	1.92433739	1.92433369	1.92433381	0.21276389	0.18303743	0.20854163	0.39565703
14	15	T	T	1.71920407	1.71920168	1.71920192	0.33061379	0.25246793	0.03223550	0.38468283
15	16	C	G	1.97523212	1.97522724	1.97522724	0.18366750	0.23189314	0.29555398	0.28888544
16	17	C	A	1.74535573	1.74535418	1.74535418	0.36188391	0.31807837	0.03621122	0.28382656
17	18	A	T	1.68905628	1.68905473	1.68905473	0.28604454	0.27685580	0.02487497	0.41222471
18	19	T	T	1.95539784	1.95539320	1.95539343	0.15970136	0.25398323	0.25452927	0.33178619
19	20	T	T	1.96285963	1.96285582	1.96285605	0.16982110	0.27425161	0.23368832	0.32223898
20	21	C	T	1.95377278	1.95377052	1.95377076	0.16594580	0.28581640	0.21868584	0.32955191
21	22	T	T	1.28237045	1.28236866	1.28236878	0.38660213	0.03319801	0.02168893	0.55851096
22	23	G	C	1.96967983	1.96967018	1.96967089	0.17641480	0.31790742	0.24250650	0.26317126
23	24	A	T	1.97653222	1.97652543	1.97652578	0.20950231	0.26458293	0.20764868	0.31826609
24	25	C	A	1.99268591	1.99268115	1.99268150	0.27885690	0.22606002	0.27117163	0.22391142
25	26	C	T	1.73999083	1.73998976	1.73998976	0.33132464	0.26107162	0.03682997	0.37077373
26	27	T	C	1.69713283	1.69712996	1.69713008	0.31372747	0.38996103	0.02470902	0.27160245
27	28	A	C	1.95307851	1.95307469	1.95307493	0.15519594	0.31793755	0.23772304	0.28914347
28	29	T	A	1.99035680	1.99035501	1.99035501	0.28512830	0.21005426	0.26769203	0.23712537
29	30	T	A	1.98004091	1.98003781	1.98003793	0.30298054	0.21680573	0.27759463	0.20261912
30	31	A	C	1.97449529	1.97449124	1.97449124	0.21484147	0.32392955	0.20203306	0.25919586
31	32	A	C	1.99935627	1.99935198	1.99935198	0.24102372	0.26182476	0.24938275	0.24776867
32	33	C	A	1.92897654	1.92897224	1.92897236	0.39278114	0.20403633	0.20087878	0.20230380
33	34	A	T	1.68828797	1.68828559	1.68828559	0.32652551	0.23496184	0.02757306	0.41093963
34	35	C	G	1.98773956	1.98773110	1.98773146	0.21734761	0.22614241	0.30192810	0.25458190
35	36	C	A	1.71679759	1.71679580	1.71679604	0.40924889	0.24722216	0.03441697	0.30911192
36	37	C	A	1.71646738	1.71646523	1.71646523	0.38956529	0.35585132	0.03756421	0.21701920
37	38	A	A	1.39562213	1.39562130	1.39562130	0.49424681	0.05186515	0.02871857	0.42516944
38	39	G	C	1.97273934	1.97273660	1.97273684	0.21210602	0.32723469	0.25834528	0.20231397
39	40	T	A	1.80412555	1.80412436	1.80412447	0.37739107	0.06157722	0.25672859	0.30430305
40	41	G	T	1.93995428	1.93995273	1.93995297	0.14326395	0.25631991	0.26112473	0.33929142
41	42	T	T	1.67834210	1.67834020	1.67834020	0.38010305	0.02783326	0.21105477	0.38100892
42	43	G	T	1.72602987	1.72602808	1.72602808	0.25073418	0.03365199	0.35238618	0.36322764
43	44	G	T	1.69009066	1.69008827	1.69008851	0.33665124	0.02163646	0.27205962	0.36965260
44	45	G	C	1.98350000	1.98349619	1.98349619	0.27683324	0.29721272	0.20906918	0.21688482
45	46	A	T	1.72656250	1.72656000	1.72656012	0.30780032	0.03363388	0.26772603	0.39083982
46	47	G	A	1.96995366	1.96994913	1.96994925	0.32051939	0.18834162	0.27403662	0.21710239
47	48	C	A	1.96487343	1.96487153	1.96487164	0.33735937	0.18568026	0.25372326	0.22323713
48	49	T	A	1.72924423	1.72924328	1.72924328	0.41304684	0.24781372	0.03897218	0.30016729
49	50	T	G	1.96578801	1.96578336	1.96578336	0.16658819	0.24246018	0.29640120	0.29455042
50	51	T	C	1.91335785	1.91335511	1.91335511	0.13883188	0.37657163	0.21712320	0.26747328
51	52	T	G	1.72612560	1.72612071	1.72612107	0.30326387	0.02939506	0.35627663	0.31106445
52	53	G	C	1.97750914	1.97750056	1.97750092	0.24504541	0.32074028	0.23705891	0.19715539
53	54	A	A	1.69975007	1.69974732	1.69974732	0.35710949	0.02231690	0.32431722	0.29625645
54	55	G	A	1.96207881	1.96207476	1.96207488	0.33880162	0.19223440	0.26455942	0.20440464
55	56	C	A	1.93985307	1.93984902	1.93984926	0.37705588	0.22263433	0.21790183	0.18240798
56	57	A	T	1.68984270	1.68984032	1.68984044	0.28942075	0.31434315	0.02091290	0.37532324
57	58	T	G	1.94704866	1.94704306	1.94704330	0.28157690	0.15774137	0.33724684	0.22343482
58	59	C	C	1.96280086	1.96279669	1.96279693	0.19717182	0.31764901	0.29432747	0.19085173
59	60	A	T	1.41619527	1.41619444	1.41619456	0.41730788	0.04555037	0.04001318	0.49712852
60	61	G	T	1.91988873	1.91988635	1.91988635	0.15932609	0.22803186	0.22147799	0.39116409
61	62	T	T	1.98819602	1.98819375	1.98819375	0.24579643	0.24317914	0.21060614	0.30041832
62	63	T	G	1.95134282	1.95134187	1.95134199	0.21150662	0.16741197	0.33240581	0.28867567
63	64	T	A	1.98244953	1.98244774	1.98244774	0.30056435	0.21404950	0.20994601	0.27544016
64	65	A	T	1.99470651	1.99470341	1.99470365	0.23334111	0.23482808	0.24503605	0.28679469
65	66	A	A	1.99615383	1.99615097	1.99615121	0.26904288	0.26741588	0.23074038	0.23280084
66	67	A	T	1.70373249	1.70373237	1.70373237	0.35260367	0.03611443	0.20892277	0.40235916
67	68	G	T	1.67550623	1.67550504	1.67550504	0.31799719	0.08951690	0.10121197	0.49127397
68	69	C	A	1.71221042	1.71220994	1.71220994	0.47607312	0.09104231	0.11725364	0.31563094
69	70	A	T	1.50714111	1.50714076	1.50714076	0.43109876	0.10163290	0.02380030	0.44346806
70	71	A	A	1.52765965	1.52765906	1.52765906	0.58769941	0.07696874	0.07871642	0.25661540
71	72	A	A	1.22022045	1.22022033	1.22022033	0.70570379	0.04334033	0.20673764	0.04421820
72	73	A	A	1.31979501	1.31979477	1.31979477	0.53322119	0.00943805	0.39735755	0.05998315
73	74	G	A	1.06860960	1.06860888	1.06860888	0.76936376	0.01297771	0.10465273	0.11300571
74	75	G	G	1.30614352	1.30614316	1.30614316	0.23636764	0.04989057	0.66640967	0.04733209
75	76	T	G	0.84544057	0.84543848	0.84543860	0.10441985	0.01243533	0.83537871	0.04776613
76	77	G	A	1.01269507	1.01269507	1.01269507	0.70761210	0.00295011	0.26608172	0.02335596
77	78	G	G	0.66873568	0.66872585	0.66872627	0.07387812	0.01694384	0.88392758	0.02525052
78	79	T	T	0.65314656	0.65314609	0.65314609	0.01334969	0.08756684	0.01748503	0.88159841
79	80	A	A	0.48129731	0.48129442	0.48129457	0.91403228	0.00291308	0.07439173	0.00866293
80	81	G	G	0.56492126	0.56491268	0.56491303	0.04494967	0.03377438	0.90970331	0.01157256
81	82	C	C	1.41419506	1.41418648	1.41418684	0.06563909	0.55385149	0.03063691	0.34987253
82	83	G	A	1.56060398	1.56060290	1.56060290	0.59385252	0.06079010	0.14475696	0.20060050
83	84	C	C	0.59788281	0.59788096	0.59788102	0.01603945	0.90038580	0.02020055	0.06337431
84	85	C	T	1.66448164	1.66447937	1.66447937	0.18799143	0.29921061	0.03822641	0.47457165
85	86	G	A	1.29481852	1.29479706	1.29479814	0.49452916	0.01365612	0.45060426	0.04121049
86	87	G	G	0.38322324	0.38313866	0.38314441	0.02970609	0.00959999	0.94552189	0.01517200
87	88	C	C	0.50845343	0.50844729	0.50844753	0.00937431	0.92083621	0.04201774	0.02777170
88	89	C	C	0.63484204	0.63483912	0.63483924	0.01247967	0.87712687	0.00736809	0.10302547
89	90	T	G	1.21849895	1.21848559	1.21848619	0.45800611	0.01131477	0.50593948	0.02473965
90	91	G	G	0.55784488	0.55784303	0.55784315	0.02250674	0.05612736	0.90933055	0.01203535
91	92	A	G	0.36480197	0.36479744	0.36479759	0.03355893	0.00869795	0.94757664	0.01016652
92	93	T	C	1.28634953	1.28634703	1.28634715	0.03103988	0.57355082	0.02684699	0.36856234
93	94	G	G	0.42816827	0.42816707	0.42816713	0.05172396	0.00688981	0.93203568	0.00935060
94	95	A	C	1.16897821	1.16896415	1.16896486	0.02351048	0.61541927	0.01286145	0.34820876
95	96	G	G	0.63208884	0.63208854	0.63208854	0.10066421	0.01006976	0.87892491	0.01034108
96	97	G	G	0.30277988	0.30277848	0.30277854	0.03083307	0.00479847	0.95725995	0.00710852
97	98	T	T	0.20497710	0.20497575	0.20497583	0.00535473	0.01445811	0.00534904	0.97483814
98	99	G	G	0.21484743	0.21484622	0.21484627	0.02269049	0.00199307	0.97126704	0.00404942
99	100	G	G	0.30393916	0.30392784	0.30392841	0.02598257	0.00690906	0.95852333	0.00858505
100	101	C	C	0.29396719	0.29396555	0.29396561	0.00339695	0.95749205	0.00561325	0.03349764
101	102	T	T	0.12739554	0.12739438	0.12739442	0.00448603	0.00744593	0.00221119	0.98585689
102	103	C	C	0.37974903	0.37973353	0.37973434	0.00460962	0.94326663	0.01305741	0.03906632
103	104	A	A	0.17745718	0.17745498	0.17745507	0.97916359	0.00663010	0.00992721	0.00427907
104	105	C	C	0.33360046	0.33359319	0.33359355	0.00518529	0.94907683	0.00386493	0.04187297
105	106	A	G	1.09193432	1.09192622	1.09192657	0.29303622	0.00958104	0.67432261	0.02306015
106	107	C	C	0.38842732	0.38841653	0.38841707	0.00815910	0.94080842	0.00719360	0.04383884
107	108	C	C	0.31228894	0.31228471	0.31228489	0.00617062	0.95471561	0.00453929	0.03457456
108	109	T	T	0.14727397	0.14727074	0.14727089	0.00524652	0.00829250	0.00316741	0.98329353
109	110	G	G	0.38881493	0.38881129	0.38881144	0.05192856	0.00613148	0.93747902	0.00446095
110	111	T	T	0.17529096	0.17528257	0.17528301	0.00426904	0.01328120	0.00353378	0.97891599
111	112	A	A	0.18495680	0.18495597	0.18495598	0.97821188	0.00906267	0.00780668	0.00491871
112	113	A	A	0.15189843	0.15189540	0.15189554	0.98200339	0.00224026	0.01222195	0.00353434
113	114	T	T	0.16278888	0.16278403	0.16278426	0.00451674	0.01340322	0.00175954	0.98032045
114	115	C	C	0.32639500	0.32638967	0.32638991	0.00653507	0.95324028	0.00691490	0.03330977
115	116	T	C	0.34353662	0.34352344	0.34352407	0.00623075	0.94782770	0.00425099	0.04169056
116	117	C	C	0.36131459	0.36130524	0.36130565	0.00462424	0.94826263	0.01784957	0.02926370
117	118	A	A	0.18606623	0.18606551	0.18606554	0.97798473	0.00451621	0.00973822	0.00776081
118	119	G	G	0.44373652	0.44373411	0.44373420	0.05836262	0.00819316	0.92707640	0.00636784
119	120	T	C	0.27561855	0.27560851	0.27560899	0.01020998	0.96393037	0.00624961	0.01961013
120	121	A	A	0.58997953	0.58997822	0.58997828	0.88406217	0.00638528	0.10275725	0.00679522
121	122	C	C	0.37423271	0.37421086	0.37421203	0.00813006	0.94395596	0.00717758	0.04073636
122	123	T	T	0.17000178	0.16999876	0.16999890	0.00517636	0.01183467	0.00314632	0.97984260
123	124	T	T	0.26941386	0.26941249	0.26941252	0.00759909	0.02107821	0.00670553	0.96461719
124	125	C	T	0.20609137	0.20608415	0.20608450	0.00423755	0.01716645	0.00450621	0.97408980
125	126	G	G	0.90012664	0.90011108	0.90011185	0.17312236	0.01417630	0.79335970	0.01934163
126	127	G	G	0.24159637	0.24159488	0.24159493	0.02453985	0.00291113	0.96734482	0.00520428
127	128	G	G	0.23191839	0.23191245	0.23191276	0.02414079	0.00360484	0.96874923	0.00350516
128	129	A	A	0.09622172	0.09619804	0.09619962	0.98978955	0.00141370	0.00585295	0.00294374
129	130	G	G	0.27237839	0.27237171	0.27237204	0.03147409	0.00260686	0.96098948	0.00492957
130	131	G	G	0.26209709	0.26209474	0.26209483	0.02348542	0.00447090	0.96498102	0.00706263
131	132	C	C	0.27981645	0.27980360	0.27980426	0.00610003	0.96154469	0.00511426	0.02724114
132	133	C	C	1.17011833	1.17009902	1.17009997	0.02317571	0.59458148	0.01021508	0.37202761
133	134	G	G	1.13192034	1.13189197	1.13189352	0.37433490	0.01351643	0.60038441	0.01176419
134	135	A	A	0.11527475	0.11526196	0.11526267	0.98747069	0.00209140	0.00649769	0.00394017
135	136	G	G	0.26432413	0.26431987	0.26432008	0.02674692	0.00455691	0.96376103	0.00493504
136	137	G	G	0.28182325	0.28181466	0.28181514	0.03149226	0.00316786	0.95979154	0.00554829
137	138	C	C	0.36742455	0.36740792	0.36740878	0.01005676	0.94540435	0.00555475	0.03898407
138	139	A	G	1.19133687	1.19132936	1.19132972	0.45303023	0.00886979	0.51616216	0.02193783
139	140	G	G	0.21520337	0.21520200	0.21520206	0.01958181	0.00256207	0.97216493	0.00569114
140	141	G	G	0.28625467	0.28624222	0.28624290	0.03140349	0.00317687	0.95921963	0.00619990
141	142	C	T	1.30127823	1.30127060	1.30127096	0.04497482	0.47127256	0.01211631	0.47163630
142	143	G	A	1.12767267	1.12766755	1.12766767	0.50842798	0.00529800	0.47342533	0.01284872
143	144	G	G	0.31887227	0.31886864	0.31886879	0.03393129	0.00495672	0.95403820	0.00707377
144	145	A	A	0.16975720	0.16975397	0.16975410	0.97953540	0.00322630	0.01358366	0.00365458
145	146	T	T	0.14669438	0.14668895	0.14668922	0.00441312	0.01074333	0.00193590	0.98290771
146	147	C	C	0.26410410	0.26408994	0.26409066	0.00699053	0.96558058	0.00730700	0.02012191
147	148	A	A	0.18683805	0.18683752	0.18683752	0.97768766	0.00486916	0.01191564	0.00552742
148	149	C	C	1.10912883	1.10909700	1.10909891	0.01366510	0.64713192	0.01509651	0.32410651
149	150	G	G	1.12151945	1.12149382	1.12149513	0.35308477	0.01514188	0.62058777	0.01118561
150	151	A	A	0.10522486	0.10522328	0.10522335	0.98871195	0.00155686	0.00579395	0.00393724
151	152	G	G	0.35530975	0.35530743	0.35530752	0.03554758	0.00736720	0.94839633	0.00868897
152	153	G	G	0.33295006	0.33294892	0.33294895	0.03395118	0.00491210	0.95198101	0.00915574
153	154	T	T	0.15115987	0.15115675	0.15115690	0.00365237	0.01188697	0.00228964	0.98217106
154	155	C	C	0.27372822	0.27372012	0.27372050	0.00422178	0.96226370	0.00604874	0.02746573
155	156	A	A	0.19888917	0.19888781	0.19888787	0.97479057	0.00200834	0.01727940	0.00592164
156	157	G	G	0.27930975	0.27930787	0.27930796	0.03077773	0.00372867	0.96041584	0.00507782
157	158	G	G	0.29898071	0.29897463	0.29897493	0.02296257	0.01152581	0.95975107	0.00576060
158	159	A	A	0.24106239	0.24105977	0.24105987	0.96975392	0.00704283	0.01499092	0.00821242
159	160	G	G	0.29598209	0.29597715	0.29597735	0.03199657	0.00438631	0.95780623	0.00581081
160	161	T	T	0.34324667	0.34324542	0.34324545	0.02628260	0.02000202	0.00275139	0.95096397
161	162	T	T	0.08613852	0.08612576	0.08612653	0.00162724	0.00523278	0.00208291	0.99105704
162	163	C	C	1.17396700	1.17391419	1.17391729	0.01527815	0.62923610	0.02507225	0.33041349
163	164	G	G	0.93928272	0.93915409	0.93916267	0.19900471	0.02520819	0.76877987	0.00700719
164	165	A	A	0.13025814	0.13025387	0.13025406	0.98561829	0.00287623	0.00673497	0.00477052
165	166	G	G	0.26932356	0.26931968	0.26931983	0.02018422	0.00930195	0.96473998	0.00577390
166	167	A	A	0.17455249	0.17455177	0.17455178	0.97830403	0.00245058	0.01597527	0.00327011
167	168	C	C	0.41174459	0.41173458	0.41173506	0.01229098	0.93960309	0.01181835	0.03628760
168	169	C	C	0.35413015	0.35412577	0.35412598	0.01203565	0.94836009	0.00454211	0.03506210
169	170	A	A	0.14134729	0.14134692	0.14134695	0.98405844	0.00262136	0.00774301	0.00557718
170	171	G	G	0.39246652	0.39246625	0.39246625	0.02371935	0.01311081	0.94495398	0.01821587
171	172	C	C	0.34814477	0.34813294	0.34813353	0.01079682	0.95082855	0.00778675	0.03058784
172	173	C	C	0.29886368	0.29885805	0.29885828	0.00615196	0.95700651	0.00376753	0.03307398
173	174	T	T	0.24617431	0.24616876	0.24616902	0.00673303	0.02450976	0.00215448	0.96660274
174	175	C	G	0.30393022	0.30390772	0.30390900	0.02159680	0.01146950	0.95940286	0.00753084
175	176	A	A	0.23865518	0.23865362	0.23865370	0.96814781	0.00583000	0.02310076	0.00292127
176	177	C	C	0.46861920	0.46860662	0.46860725	0.01455692	0.92705095	0.01026763	0.04812451
177	178	C	C	0.33713400	0.33713245	0.33713251	0.00970312	0.95087284	0.00418111	0.03524283
178	179	A	A	0.14511797	0.14511742	0.14511743	0.98366272	0.00454219	0.00785780	0.00393726
179	180	A	A	0.20805342	0.20805034	0.20805046	0.97272104	0.00293267	0.02099912	0.00334719
180	181	C	C	0.28449807	0.28449392	0.28449410	0.00890956	0.96311152	0.01130833	0.01667067
181	182	A	A	0.32493740	0.32493475	0.32493487	0.95324367	0.00544952	0.03382398	0.00748291
182	183	T	T	0.62333256	0.62333167	0.62333167	0.01213115	0.09398097	0.01025941	0.88362843
183	184	T	G	0.40147397	0.40147161	0.40147170	0.06347761	0.00208822	0.93021178	0.00422236
184	185	G	G	0.37753147	0.37752813	0.37752828	0.03660203	0.00938851	0.94480640	0.00920309
185	186	A	A	1.21410465	1.21410370	1.21410382	0.50750750	0.02518682	0.01020091	0.45710471
186	187	G	G	0.24799331	0.24799190	0.24799195	0.02732335	0.00350774	0.96563786	0.00353109
187	188	A	A	0.08683687	0.08683661	0.08683662	0.99104476	0.00193709	0.00481009	0.00220806
188	189	A	A	0.10634953	0.10634910	0.10634912	0.98879671	0.00406580	0.00390098	0.00323647
189	190	A	A	0.13314436	0.13314311	0.13314317	0.98492974	0.00244436	0.00914840	0.00347737
190	191	C	C	0.43710348	0.43709889	0.43709916	0.01942165	0.93313092	0.00559808	0.04184934
191	192	C	C	0.47880676	0.47879952	0.47879988	0.01531207	0.92339706	0.00769870	0.05359207
192	193	C	C	0.38925478	0.38925111	0.38925129	0.00768375	0.93992704	0.00651289	0.04587628
193	194	T	C	1.13722289	1.13721621	1.13721657	0.01984011	0.60675269	0.00821852	0.36518860
194	195	G	G	0.39041889	0.39041743	0.39041746	0.05020970	0.00577156	0.93802959	0.00598918
195	196	T	T	0.26135108	0.26134437	0.26134470	0.00765633	0.02439510	0.00324442	0.96470416
196	197	C	C	0.33727086	0.33726555	0.33726579	0.00655786	0.95296478	0.01258038	0.02789682
197	198	T	T	0.16018984	0.16018589	0.16018608	0.00417578	0.01168616	0.00300854	0.98112947
198	199	C	C	0.36841804	0.36840355	0.36840430	0.00441848	0.94715434	0.02194514	0.02648204
199	200	T	T	0.20836313	0.20835599	0.20835635	0.00390084	0.02274177	0.00138396	0.97197342
200	201	A	A	0.20812309	0.20810987	0.20811056	0.97392571	0.00468495	0.01677569	0.00461375
201	202	C	C	0.34565330	0.34564620	0.34564656	0.00953634	0.95088243	0.00769777	0.03188345
202	203	T	T	0.24237506	0.24236898	0.24236928	0.00689963	0.02070981	0.00403234	0.96835816
203	204	A	A	0.26657084	0.26656082	0.26656133	0.96138787	0.00302653	0.03243413	0.00315150
204	205	A	A	0.12504035	0.12503241	0.12503281	0.98622394	0.00576570	0.00592610	0.00208426
205	206	A	A	0.12340916	0.12340340	0.12340370	0.98651958	0.00271405	0.00452049	0.00624580
206	207	A	A	0.15335812	0.15334520	0.15334588	0.98269320	0.00517472	0.00656047	0.00557174
207	208	A	A	0.27018586	0.27011737	0.27012193	0.96533257	0.01063830	0.01608886	0.00794030
208	209	T	T	0.27682590	0.27680144	0.27680302	0.00245161	0.03585456	0.00298696	0.95870680
209	210	A	A	0.18999104	0.18998620	0.18998642	0.97550291	0.00259700	0.01911321	0.00278688
210	211	C	C	0.38341606	0.38339788	0.38339877	0.02803172	0.94513476	0.00675047	0.02008314
211	212	A	A	0.13185690	0.13185555	0.13185561	0.98501402	0.00390900	0.00924369	0.00183336
212	213	A	A	0.14718503	0.14717294	0.14717358	0.98284692	0.00445680	0.01074710	0.00194914
213	214	A	A	0.10500909	0.10498724	0.10498851	0.98888516	0.00529709	0.00268999	0.00312771
214	215	A	A	0.15635101	0.15634485	0.15634514	0.98186183	0.00400336	0.01046477	0.00366998
215	216	T	T	0.27237168	0.27235472	0.27235565	0.01483335	0.01174518	0.00831865	0.96510279
216	217	T	T	0.27441862	0.27441424	0.27441445	0.00585507	0.02035306	0.00983613	0.96395576
217	218	A	A	0.15989004	0.15988384	0.15988414	0.98151451	0.00284229	0.00836694	0.00727619
218	219	G	G	0.32313815	0.32312426	0.32312500	0.01924502	0.00831450	0.95659637	0.01584406
219	220	C	C	0.29588351	0.29587075	0.29587138	0.00652999	0.95975983	0.00805120	0.02565905
220	221	C	C	0.30835930	0.30834919	0.30834973	0.00440823	0.95333725	0.00290036	0.03935411
221	222	A	A	1.22712386	1.22711921	1.22711933	0.55563331	0.01141186	0.40235302	0.03060184
222	223	G	G	0.28466412	0.28466281	0.28466284	0.02769323	0.00359340	0.96058112	0.00813233
223	224	G	G	0.39106944	0.39105573	0.39105642	0.04337105	0.00619423	0.94050872	0.00992599
224	225	C	C	1.19761443	1.19760168	1.19760239	0.02466231	0.57430887	0.01198298	0.38904580
225	226	G	A	1.23709273	1.23707736	1.23707795	0.49136356	0.01556633	0.46942890	0.02364120
226	227	T	T	0.20887561	0.20887181	0.20887199	0.00468758	0.01780988	0.00394053	0.97356194
227	228	G	G	0.54444736	0.54444617	0.54444617	0.03047455	0.04585540	0.91342187	0.01024816
228	229	A	G	0.37493688	0.37493354	0.37493360	0.03662213	0.00679564	0.94505566	0.01152658
229	230	T	T	0.22411898	0.22411811	0.22411816	0.00519018	0.01663896	0.00634666	0.97182423
230	231	G	G	0.30394679	0.30394587	0.30394593	0.03079181	0.00308781	0.95683700	0.00928340
231	232	G	G	0.39161602	0.39161190	0.39161205	0.03844789	0.00776079	0.94204229	0.01174895
232	233	T	C	1.14051080	1.14050531	1.14050555	0.01093345	0.50398207	0.00902569	0.47605884
233	234	G	G	0.42440265	0.42440170	0.42440176	0.05862143	0.00324177	0.92943376	0.00870297
234	235	C	C	0.45537084	0.45536783	0.45536792	0.00510818	0.93037528	0.03169858	0.03281798
235	236	C	A	0.40288156	0.40288019	0.40288022	0.93213135	0.00441281	0.05948873	0.00396702
236	237	T	T	0.47697562	0.47697514	0.47697514	0.00774040	0.07085697	0.00479503	0.91660762
237	238	G	G	0.35562038	0.35562000	0.35562006	0.03396929	0.00460328	0.94839084	0.01303658
238	239	C	C	0.34089082	0.34088579	0.34088600	0.00895569	0.95065486	0.00563968	0.03474979
239	240	C	C	0.28119689	0.28118652	0.28118709	0.00523077	0.95991689	0.00341289	0.03143940
240	241	T	T	0.15271547	0.15271308	0.15271318	0.00538047	0.00906776	0.00306422	0.98248750
241	242	G	G	0.44682980	0.44682777	0.44682786	0.06419034	0.00724363	0.92397732	0.00458869
242	243	T	T	0.18196668	0.18195757	0.18195808	0.00387807	0.01571249	0.00292605	0.97748339
243	244	A	A	0.16968079	0.16967402	0.16967434	0.98025072	0.00600473	0.00959764	0.00414698
244	245	A	A	0.34002990	0.33927521	0.33933809	0.95410645	0.01018767	0.01931504	0.01639081
245	246	T	T	0.15731865	0.15731317	0.15731345	0.00430763	0.01155702	0.00264342	0.98149186
246	247	C	C	0.35486582	0.35485443	0.35485497	0.00771306	0.94763809	0.00657902	0.03806985
247	248	C	C	0.37072444	0.37072116	0.37072128	0.00717935	0.94287395	0.00506041	0.04488617
248	249	C	C	0.27405927	0.27405649	0.27405661	0.00457169	0.96039331	0.00253633	0.03249858
249	250	A	A	0.14052816	0.14052689	0.14052694	0.98413855	0.00264309	0.00815566	0.00506279
250	251	G	G	0.25961542	0.25960827	0.25960860	0.02058866	0.00874764	0.96598202	0.00468171
251	252	C	C	0.33206186	0.33205259	0.33205307	0.01014331	0.95483518	0.01137680	0.02364464
252	253	T	T	0.16488022	0.16487864	0.16487871	0.00551048	0.01245347	0.00181007	0.98022592
253	254	A	A	0.27327150	0.27327004	0.27327007	0.96337664	0.00632446	0.02398700	0.00631190
254	255	C	C	0.28436354	0.28435662	0.28435698	0.00373997	0.95936465	0.00501118	0.03188420
255	256	T	T	0.20109585	0.20109403	0.20109411	0.00744276	0.01282435	0.00418087	0.97555202
256	257	C	C	0.36599576	0.36598197	0.36598265	0.00616492	0.94584566	0.00952524	0.03846422
257	258	A	G	1.28013754	1.28012705	1.28012741	0.45282319	0.01647314	0.49730384	0.03339984
258	259	G	G	0.25280002	0.25279954	0.25279954	0.02716253	0.00295307	0.96505541	0.00482892
259	260	G	G	0.28260443	0.28260171	0.28260183	0.02951191	0.00525272	0.96044582	0.00478950
260	261	A	A	0.12183747	0.12182541	0.12182607	0.98663086	0.00202890	0.00631661	0.00502360
261	262	G	G	0.29263133	0.29262942	0.29262951	0.03508829	0.00206274	0.95692068	0.00592826
262	263	G	G	0.31870389	0.31870237	0.31870246	0.03134994	0.00615131	0.95492226	0.00757658
263	264	C	C	0.23575523	0.23574212	0.23574279	0.00533889	0.96986693	0.00636701	0.01842721
264	265	T	T	0.16517746	0.16517644	0.16517648	0.00564450	0.01159909	0.00234150	0.98041487
265	266	G	G	0.23219752	0.23219578	0.23219584	0.02629683	0.00330072	0.96792674	0.00247576
266	267	A	A	0.13390279	0.13387346	0.13387534	0.98484552	0.00222356	0.00899486	0.00393608
267	268	G	G	0.27883735	0.27883095	0.27883127	0.03212554	0.00363805	0.95999068	0.00424573
268	269	G	G	0.31166172	0.31166041	0.31166047	0.03721906	0.00312993	0.95374209	0.00590893
269	270	C	C	0.29395428	0.29394913	0.29394934	0.00977789	0.96087676	0.00743116	0.02191416
270	271	A	A	0.18346222	0.18346135	0.18346140	0.97794288	0.00259317	0.01129304	0.00817079
271	272	G	G	0.44774488	0.44771829	0.44771990	0.05831200	0.00945266	0.92645651	0.00577883
272	273	G	G	0.41768587	0.41765502	0.41765690	0.05524889	0.00863949	0.93195790	0.00415375
273	274	A	A	0.17369978	0.17359413	0.17360193	0.97835594	0.00207231	0.01611525	0.00345648
274	275	G	G	0.30805984	0.30805042	0.30805090	0.02390598	0.00718966	0.95835423	0.01055015
275	276	A	A	0.11183264	0.11183028	0.11183038	0.98771614	0.00243176	0.00771505	0.00213702
276	277	A	A	0.15983838	0.15982766	0.15982820	0.98130542	0.00601005	0.01030054	0.00238407
277	278	T	T	0.15674073	0.15672992	0.15673050	0.00438347	0.01104014	0.00289764	0.98167878
278	279	C	C	1.24946344	1.24943912	1.24944031	0.02786328	0.62184602	0.03042804	0.31986263
279	280	G	G	1.28034866	1.28034151	1.28034174	0.38277903	0.01694563	0.56123835	0.03903705
280	281	C	C	0.32275337	0.32274091	0.32274154	0.00436707	0.95233375	0.00605549	0.03724372
281	282	T	T	0.21479377	0.21479343	0.21479343	0.00578134	0.01673660	0.00443870	0.97304338
282	283	T	T	0.21931230	0.21929751	0.21929832	0.00404818	0.00933925	0.01383143	0.97278112
283	284	G	G	0.25885603	0.25884435	0.25884497	0.01905984	0.00917220	0.96643537	0.00533251
284	285	A	A	0.11368576	0.11368466	0.11368470	0.98778021	0.00352578	0.00585949	0.00283454
285	286	A	A	0.16757846	0.16756803	0.16756856	0.97970921	0.00302055	0.01395665	0.00331356
286	287	C	C	0.43060169	0.43057156	0.43057334	0.01168657	0.93284804	0.00709031	0.04837510
287	288	C	C	0.39392754	0.39391834	0.39391878	0.01058706	0.93983835	0.00567730	0.04389732
288	289	C	C	0.33653268	0.33652616	0.33652645	0.00619169	0.94894218	0.00370213	0.04116397
289	290	A	G	1.20442116	1.20441544	1.20441580	0.48259681	0.00931767	0.48443481	0.02365073
290	291	G	G	0.26976499	0.26976421	0.26976424	0.02821955	0.00366588	0.96252704	0.00558750
291	292	G	G	0.37952513	0.37952349	0.37952349	0.04206543	0.00872381	0.94269770	0.00651301
292	293	A	A	0.20368104	0.20367970	0.20367976	0.97486138	0.00336485	0.01450001	0.00727370
293	294	G	G	0.41513637	0.41513413	0.41513422	0.03994584	0.01695751	0.93741173	0.00568482
294	295	A	G	0.44481540	0.44481489	0.44481495	0.04491001	0.00425680	0.93063366	0.02019951
295	296	T	C	1.19948006	1.19947457	1.19947481	0.01838521	0.55885553	0.01621896	0.40654027
296	297	G	G	0.34556705	0.34556669	0.34556675	0.05363938	0.00141577	0.94202167	0.00292306
297	298	G	G	0.28679138	0.28678855	0.28678867	0.02823577	0.00721699	0.96023017	0.00431711
298	299	A	A	0.15431789	0.15431309	0.15431330	0.98222244	0.00268663	0.00906049	0.00603032
299	300	G	G	0.36891663	0.36890987	0.36891019	0.04348589	0.00460027	0.94359809	0.00831576
300	301	G	G	0.42179725	0.42179617	0.42179623	0.03507785	0.00949387	0.93799496	0.01743325
301	302	T	T	0.33082512	0.33082262	0.33082274	0.00561359	0.03850014	0.00508368	0.95080256
302	303	T	T	0.15936370	0.15936115	0.15936129	0.00369578	0.00641461	0.00816707	0.98172253
303	304	G	G	0.33373898	0.33373189	0.33373225	0.02663848	0.00358025	0.95297176	0.01680950
304	305	C	C	0.33477920	0.33477041	0.33477086	0.00476791	0.94746387	0.00261654	0.04515168
305	306	A	A	1.33361840	1.33354414	1.33354855	0.50002337	0.02952578	0.43763638	0.03281454
306	307	G	G	0.27082860	0.27082676	0.27082685	0.02684875	0.00564331	0.96286523	0.00464274
307	308	T	T	0.22852679	0.22852422	0.22852433	0.00560950	0.01394532	0.00883038	0.97161478
308	309	G	G	0.29415387	0.29414085	0.29414159	0.03066986	0.00639091	0.95849127	0.00444793
309	310	A	A	0.12883648	0.12883250	0.12883271	0.98523682	0.00145739	0.00981898	0.00348668
310	311	G	G	0.28987199	0.28986305	0.28986350	0.02902801	0.00584058	0.95963597	0.00549545
311	312	C	C	0.28774321	0.28771383	0.28771567	0.00601427	0.96042442	0.00614128	0.02742001
312	313	C	C	1.23575497	1.23574913	1.23574936	0.03713770	0.59631848	0.01358512	0.35295877
313	314	G	G	1.14281952	1.14280546	1.14280617	0.39638302	0.01475796	0.57871115	0.01014780
314	315	A	A	0.13762103	0.13761917	0.13761926	0.98446530	0.00291325	0.00874791	0.00387356
315	316	G	G	0.29218537	0.29217675	0.29217717	0.01930907	0.00900259	0.96162677	0.01006154
316	317	A	A	0.22042955	0.22042853	0.22042857	0.97091776	0.00259894	0.02170781	0.00477536
317	318	T	T	0.45971435	0.45971385	0.45971385	0.00533830	0.07086065	0.00477905	0.91902202
318	319	T	C	1.46681058	1.46678770	1.46678877	0.03060692	0.53349477	0.08344303	0.35245529
319	320	G	G	0.35129076	0.35128930	0.35128933	0.03722476	0.00491105	0.94828308	0.00958101
320	321	C	C	0.38416398	0.38415825	0.38415849	0.00553200	0.93709928	0.00331663	0.05405211
321	322	A	G	1.19115138	1.19113934	1.19113982	0.48259676	0.01254120	0.48795250	0.01690952
322	323	C	C	0.34034911	0.34034413	0.34034434	0.00771288	0.95072144	0.00657160	0.03499407
323	324	C	C	0.23268285	0.23268019	0.23268032	0.00536273	0.96889102	0.00259127	0.02315501
324	325	A	A	0.21708518	0.21708372	0.21708378	0.97286689	0.00499896	0.01619088	0.00594328
325	326	T	T	0.62851131	0.62849641	0.62849718	0.00498965	0.12823889	0.00333600	0.86343545
326	327	C	T	0.27236846	0.27236584	0.27236593	0.00518889	0.01794238	0.01240495	0.96446377
327	328	G	G	0.88102490	0.88101691	0.88101727	0.18459451	0.00815539	0.78912872	0.01812139
328	329	C	C	0.39217368	0.39216992	0.39217007	0.00746327	0.93703896	0.00380733	0.05169050
329	330	A	A	0.26615709	0.26615325	0.26615342	0.96606266	0.01247264	0.01379367	0.00767096
330	331	C	C	0.33479640	0.33478537	0.33478591	0.00447771	0.95008433	0.00653946	0.03889855
331	332	T	T	0.26097003	0.26096949	0.26096949	0.00902331	0.02114797	0.00421822	0.96561050
332	333	T	C	0.33235830	0.33233666	0.33233783	0.00909494	0.95506448	0.01510820	0.02073233
333	334	C	C	0.47859594	0.47858790	0.47858825	0.00510826	0.91987449	0.01241166	0.06260549
334	335	A	A	0.16471672	0.16471349	0.16471361	0.98096859	0.00468364	0.00929949	0.00504828
335	336	G	G	0.29434797	0.29434565	0.29434574	0.02446292	0.00595619	0.96021301	0.00936792
336	337	C	C	0.31536737	0.31535548	0.31535608	0.00669900	0.95609325	0.00823400	0.02897370
337	338	C	C	0.29002306	0.29001969	0.29001984	0.00687070	0.95912105	0.00374265	0.03026561
338	339	T	T	0.17037986	0.17037821	0.17037828	0.00632046	0.01011866	0.00351425	0.98004663
339	340	G	G	0.32199639	0.32199210	0.32199228	0.03599648	0.00500770	0.95291263	0.00608322
340	341	G	G	0.25209257	0.25209144	0.25209147	0.02451323	0.00292089	0.96592629	0.00663961
341	342	G	G	0.27608663	0.27608320	0.27608335	0.03001029	0.00422771	0.96112359	0.00463842
342	343	C	C	0.37416318	0.37416124	0.37416133	0.01296761	0.94718099	0.01069255	0.02915898
343	344	A	A	0.31965557	0.31965432	0.31965435	0.95291585	0.00503258	0.03685720	0.00519439
344	345	A	A	0.20560087	0.20559976	0.20559980	0.97340673	0.00270364	0.01971051	0.00417917
345	346	C	C	0.53533340	0.53533065	0.53533071	0.02982463	0.91748053	0.01581599	0.03687887
346	347	A	A	0.22213002	0.22212967	0.22212970	0.97170871	0.00544582	0.01832843	0.00451710
347	348	A	A	0.20099294	0.20097089	0.20097212	0.97455537	0.00347701	0.01783436	0.00413334
348	349	G	G	0.44493237	0.44491628	0.44491714	0.04424073	0.01728671	0.93158644	0.00688608
349	350	A	A	0.18368746	0.18368383	0.18368401	0.97752541	0.00298224	0.01458149	0.00491078
350	351	G	G	0.42576602	0.42576098	0.42576125	0.05606526	0.00874831	0.93050760	0.00467880
351	352	T	C	1.31294811	1.31293786	1.31293845	0.02908805	0.47436988	0.02731517	0.46922687
352	353	G	G	0.41021243	0.41020983	0.41020995	0.06303386	0.00339712	0.92941862	0.00415041
353	354	A	A	0.12224852	0.12224743	0.12224746	0.98635221	0.00339617	0.00834949	0.00190218
354	355	A	A	0.29851297	0.29849651	0.29849741	0.95474344	0.00416849	0.03885099	0.00223716
355	356	C	A	0.15145017	0.15144709	0.15144721	0.98244113	0.00290894	0.01052098	0.00412890
356	357	C	C	0.45941746	0.45941612	0.45941612	0.01359057	0.92613906	0.00606103	0.05420948
357	358	T	T	0.20431076	0.20430569	0.20430595	0.00848155	0.01212327	0.00423357	0.97516155
358	359	C	C	0.40898097	0.40897784	0.40897796	0.01106438	0.94006783	0.01273472	0.03613301
359	360	C	C	0.35097045	0.35096982	0.35096982	0.00700224	0.94471943	0.00205175	0.04622665
360	361	A	A	1.20028889	1.20028782	1.20028782	0.58709633	0.01632691	0.37445751	0.02211919
361	362	T	T	0.34144628	0.34144506	0.34144512	0.01693502	0.02270757	0.00728290	0.95307446
362	363	C	C	0.78134441	0.78134400	0.78134400	0.02808741	0.84933001	0.01484486	0.10773777
363	364	C	T	0.35491106	0.35491097	0.35491097	0.03237505	0.00914477	0.00908595	0.94939423
364	365	T	C	1.26282167	1.26282072	1.26282072	0.27751496	0.64656800	0.01827845	0.05763857
365	366	A	A	1.65813375	1.65813291	1.65813291	0.57279122	0.13653927	0.12693135	0.16373822
366	367	A	A	1.29538572	1.29538548	1.29538548	0.56652147	0.02787899	0.03126687	0.37433276
367	368	T	A	1.21566129	1.21566093	1.21566093	0.61646408	0.01986868	0.02800606	0.33566111
368	369	T	T	0.63403797	0.63402855	0.63402897	0.08449452	0.01241350	0.01694300	0.88614899
369	370	T	T	0.60497767	0.60496980	0.60497016	0.08799622	0.01254836	0.01006133	0.88939404
370	371	T	A	0.80448306	0.80447876	0.80447894	0.81528014	0.00917139	0.01157861	0.16396981
371	372	A	T	1.09715474	1.09715211	1.09715235	0.41160253	0.00736404	0.00829290	0.57274055
372	373	A	A	0.22128524	0.22128044	0.22128066	0.97177243	0.00342858	0.00664606	0.01815295
373	374	A	A	0.21824452	0.21823987	0.21824007	0.97237712	0.00337565	0.00707215	0.01717513
374	375	A	A	0.16685249	0.16684739	0.16684763	0.98050308	0.00297384	0.00955883	0.00696430
375	376	A	A	0.18228570	0.18228181	0.18228199	0.97835320	0.00427669	0.01134992	0.00602011
376	377	A	A	0.20987447	0.20987096	0.20987111	0.97365844	0.00445637	0.01692561	0.00495952
377	378	A	A	0.47916526	0.47916451	0.47916457	0.92346793	0.01018649	0.05398810	0.01235751
378	379	A	G	1.04378915	1.04377925	1.04377985	0.21988869	0.01072168	0.73512226	0.03426739
379	380	G	A	0.99375147	0.99375039	0.99375039	0.76080716	0.00608506	0.19086133	0.04224649
380	381	G	T	0.60819638	0.60819620	0.60819620	0.06324711	0.02185731	0.01635422	0.89854139
381	382	G	G	0.81454611	0.81454605	0.81454605	0.11904491	0.01040907	0.83671594	0.03383009
382	383	G	G	0.77490878	0.77489972	0.77490014	0.08926661	0.02345457	0.85840231	0.02887651
383	384	T	T	0.50396353	0.50396156	0.50396168	0.01212666	0.05665650	0.01261747	0.91859937
384	385	A	A	0.49180335	0.49180171	0.49180180	0.91196454	0.00305645	0.07553468	0.00944437
385	386	G	G	0.55084437	0.55075800	0.55076373	0.06880749	0.01260399	0.90647507	0.01211348
386	387	C	T	1.33296061	1.33295965	1.33295965	0.04748024	0.26580966	0.04606966	0.64064038
387	388	G	A	1.39289904	1.39286387	1.39286578	0.55338967	0.03864225	0.36058354	0.04738458
388	389	C	C	0.74081552	0.74081355	0.74081361	0.01729794	0.87072623	0.05646146	0.05551434
389	390	C	T	1.53673244	1.53672159	1.53672206	0.15251969	0.33879718	0.01505758	0.49362546
390	391	G	A	1.53245246	1.53244734	1.53244734	0.60852945	0.11380096	0.07005517	0.20761439
391	392	C	C	1.64078641	1.64078534	1.64078534	0.12284116	0.53367120	0.07289267	0.27059492
392	393	T	C	1.62459648	1.62459564	1.62459576	0.20838746	0.41671923	0.01617865	0.35871467
393	394	C	G	1.99423242	1.99422908	1.99422932	0.23321468	0.22664465	0.28408000	0.25606069
394	395	A	T	1.28882015	1.28881919	1.28881943	0.38124612	0.02861802	0.02802977	0.56210613
395	396	G	G	1.97611797	1.97611487	1.97611523	0.20551148	0.24996269	0.32533777	0.21918803
396	397	C	A	1.96581471	1.96581256	1.96581280	0.34624878	0.23062819	0.21745652	0.20566650
397	398	A	T	1.74174464	1.74174392	1.74174392	0.25350809	0.33063120	0.03863043	0.37723032
398	399	A	C	1.97103369	1.97103250	1.97103250	0.18250105	0.32275563	0.23877627	0.25596708
399	400	T	G	1.69692063	1.69691992	1.69691992	0.36840639	0.02970265	0.37592700	0.22596401
400	401	G	G	1.97659242	1.97659087	1.97659087	0.26512516	0.17889559	0.29852939	0.25744990
401	402	C	C	1.97078943	1.97078800	1.97078800	0.27778676	0.29241735	0.16833250	0.26146340
402	403	A	C	1.52506185	1.52506077	1.52506101	0.12883231	0.49265245	0.01941731	0.35909799
403	404	T	G	1.97648418	1.97648120	1.97648156	0.22106265	0.27149007	0.31221259	0.19523473
404	405	T	T	1.75553870	1.75553823	1.75553823	0.26246759	0.04242378	0.31575674	0.37935191
405	406	G	T	1.69746554	1.69746435	1.69746435	0.27716729	0.03144760	0.25849482	0.43289027
406	407	G	G	1.98316908	1.98316360	1.98316371	0.23315495	0.22101070	0.31745321	0.22838120
407	408	C	G	1.95914721	1.95914376	1.95914400	0.29092693	0.19153090	0.32547736	0.19206482
408	409	C	A	1.72307718	1.72307634	1.72307646	0.33835754	0.33606508	0.02817715	0.29740018
409	410	A	A	1.68424153	1.68423951	1.68423951	0.40268835	0.20729321	0.03078968	0.35922873
410	411	C	A	1.90992153	1.90991855	1.90991855	0.39589503	0.15129346	0.24371862	0.20909294
411	412	C	A	1.69884789	1.69884562	1.69884562	0.51018423	0.21811616	0.06375548	0.20794412
412	413	A	T	1.62047386	1.62047338	1.62047338	0.26715216	0.14647228	0.05227189	0.53410369
413	414	T	T	1.97116697	1.97116625	1.97116625	0.26396224	0.20275976	0.20636144	0.32691661
414	415	T	C	1.98831892	1.98831844	1.98831844	0.24644424	0.30367956	0.22920774	0.22066852
415	416	A	T	1.83304548	1.83304477	1.83304477	0.12785804	0.35065323	0.13727391	0.38421488
416	417	T	C	1.93427992	1.93427551	1.93427575	0.26611337	0.36904070	0.17655955	0.18828639
417	418	A	T	1.58025193	1.58025014	1.58025014	0.18815911	0.04416483	0.19994004	0.56773597
418	419	G	A	1.83264458	1.83264303	1.83264303	0.44903558	0.21451093	0.11200420	0.22444932
419	420	A	C	1.94687760	1.94687438	1.94687462	0.19771378	0.33891582	0.17239995	0.29097039
420	421	T	C	1.97484422	1.97484255	1.97484255	0.25555488	0.32019359	0.19014542	0.23410609
421	422	C	T	1.95046663	1.95046437	1.95046449	0.16281521	0.28324053	0.21942435	0.33451995
422	423	T	T	1.54378760	1.54378593	1.54378593	0.22802682	0.21725769	0.01654438	0.53817111
423	424	C	T	1.83220983	1.83220840	1.83220840	0.09640449	0.35018486	0.18073173	0.37267894
424	425	T	T	1.57627034	1.57626879	1.57626903	0.24722674	0.22453678	0.01683507	0.51140147
425	426	C	C	1.94244373	1.94244254	1.94244277	0.13624996	0.30287513	0.28406793	0.27680695
426	427	C	T	1.53413939	1.53413630	1.53413653	0.24673577	0.20239469	0.01429254	0.53657705
427	428	C	A	1.49920678	1.49920583	1.49920583	0.63829792	0.15213904	0.07859525	0.13096783
428	429	A	A	1.72542608	1.72542489	1.72542489	0.42503440	0.31161371	0.04323971	0.22011222
429	430	A	C	1.98416936	1.98416817	1.98416817	0.22753100	0.30592430	0.25948885	0.20705588
430	431	C	A	1.78635168	1.78634834	1.78634858	0.37900332	0.05603544	0.24426855	0.32069272
431	432	G	T	1.38741279	1.38740826	1.38740849	0.13836046	0.22359529	0.01375533	0.62428892
432	433	C	C	1.88939524	1.88938975	1.88938987	0.20026074	0.38526297	0.12658297	0.28789330
433	434	A	A	1.35040092	1.35040021	1.35040021	0.47796461	0.04323438	0.02384075	0.45496023
434	435	G	T	1.66129720	1.66129553	1.66129553	0.10492706	0.13036016	0.20467244	0.56004030
435	436	T	T	1.93051708	1.93050420	1.93050492	0.23373634	0.19662958	0.18350402	0.38613003
436	437	C	T	1.22695291	1.22695065	1.22695065	0.07947122	0.07417246	0.10384796	0.74250841
437	438	T	C	1.63386095	1.63385928	1.63385928	0.18873641	0.42049450	0.02259704	0.36817199
438	439	A	C	1.56086195	1.56085706	1.56085706	0.06281940	0.56356210	0.09998758	0.27363089
439	440	T	T	1.79436636	1.79436517	1.79436553	0.20414442	0.23250888	0.09582832	0.46751830
440	441	T	C	1.76505077	1.76504731	1.76504731	0.13651666	0.47472155	0.10895421	0.27980751
441	442	A	T	1.96936297	1.96935952	1.96935987	0.27518210	0.27810013	0.16478471	0.28193307
442	443	T	T	1.56951630	1.56951058	1.56951070	0.19875190	0.05425892	0.16212018	0.58486897
443	444	G	C	1.50216532	1.50215769	1.50215805	0.07116413	0.59032494	0.07210701	0.26640397
444	445	T	T	1.88769913	1.88766503	1.88766658	0.20176987	0.22701058	0.15011086	0.42110860
445	446	A	G	1.70338202	1.70337665	1.70337689	0.28444853	0.08806715	0.50003844	0.12744583
446	447	C	T	1.46257055	1.46252847	1.46253061	0.09936397	0.15256463	0.09273412	0.65533727
447	448	A	A	1.24853611	1.24853313	1.24853325	0.72254807	0.11479750	0.03659581	0.12605861
448	449	A	A	1.55109656	1.55108595	1.55108619	0.62198001	0.11396572	0.14970991	0.11434436
449	450	A	A	1.38011277	1.38010776	1.38010788	0.69116867	0.11072924	0.10529746	0.09280463
450	451	A	A	1.66143668	1.66142929	1.66142964	0.56973577	0.11840231	0.16893415	0.14292780
451	452	T	T	1.27441430	1.27435219	1.27435577	0.13856691	0.03649075	0.11320116	0.71174121
452	453	G	G	1.30176973	1.30176711	1.30176723	0.24989258	0.00982502	0.64314401	0.09713838
453	454	G	G	1.75373912	1.75373447	1.75373459	0.30775458	0.14757302	0.45743561	0.08723680
454	455	A	G	1.42118895	1.42118239	1.42118263	0.37994605	0.01306540	0.51529652	0.09169213
455	456	G	G	1.74395752	1.74395001	1.74395013	0.38727280	0.11431910	0.40083995	0.09756813
456	457	A	A	1.73839581	1.73839271	1.73839307	0.52983218	0.16501716	0.13264897	0.17250177
457	458	T	T	1.90938854	1.90936530	1.90936637	0.25318825	0.25445119	0.12465122	0.36770937
458	459	A	A	1.90788710	1.90787923	1.90787935	0.34307685	0.12080137	0.30720302	0.22891875
459	460	C	A	1.33670568	1.33670413	1.33670413	0.70614773	0.09142113	0.11365126	0.08877987
460	461	T	T	1.24250817	1.24250638	1.24250638	0.29983234	0.03750442	0.02432639	0.63833684
461	462	G	A	1.68031108	1.68030965	1.68030965	0.55001366	0.11348748	0.21065333	0.12584546
462	463	A	A	1.84103322	1.84103012	1.84103012	0.46510109	0.15543531	0.18952964	0.18993400
463	464	T	T	1.95259130	1.95258713	1.95258737	0.25959650	0.16171984	0.23856622	0.34011739
464	465	A	A	1.86782324	1.86782062	1.86782062	0.42000303	0.15126197	0.27193189	0.15680310
465	466	A	G	1.74395561	1.74395514	1.74395514	0.29670218	0.03735233	0.38051227	0.28543329
466	467	G	T	1.82092321	1.82091999	1.82092011	0.19270270	0.24270473	0.11002263	0.45456994
467	468	A	A	1.94179654	1.94179285	1.94179285	0.37149379	0.17628279	0.21915787	0.23306552
468	469	C	T	1.91901457	1.91901302	1.91901302	0.21303795	0.30487368	0.13604279	0.34604561
469	470	T	C	1.67100394	1.67100215	1.67100215	0.23732193	0.40287587	0.02201959	0.33778262
470	471	T	T	1.93497062	1.93497038	1.93497038	0.21028902	0.18290778	0.22380129	0.38300198
471	472	C	C	1.98715186	1.98715174	1.98715174	0.24100596	0.28327599	0.20009772	0.27562022
472	473	T	A	1.60044169	1.60044134	1.60044134	0.54925722	0.21157995	0.04093396	0.19822893
473	474	T	T	1.71581042	1.71580946	1.71580946	0.22844657	0.04527619	0.27066809	0.45560914
474	475	G	A	1.67609394	1.67609215	1.67609239	0.39164466	0.01872921	0.29207921	0.29754689
475	476	G	A	1.93717194	1.93717134	1.93717134	0.38032907	0.18523514	0.22840889	0.20602690
476	477	A	G	1.61274576	1.61274457	1.61274481	0.37919107	0.01916563	0.41977549	0.18186778
477	478	G	A	1.72612345	1.72612250	1.72612250	0.51596123	0.08777439	0.19755547	0.19870888
478	479	T	A	1.83205271	1.83205140	1.83205152	0.43582755	0.11523592	0.27569997	0.17323658
479	480	A	T	1.87656701	1.87656617	1.87656617	0.18020840	0.19018349	0.18931493	0.44029322
480	481	A	T	1.86399126	1.86399066	1.86399066	0.33633468	0.14257203	0.14503095	0.37606236
481	482	T	A	1.85468364	1.85468221	1.85468221	0.44988534	0.15470752	0.17161940	0.22378771
482	483	A	T	1.87858295	1.87857926	1.87857962	0.19556689	0.13957952	0.24350092	0.42135268
483	484	C	A	1.82061970	1.82061791	1.82061791	0.45842418	0.11999804	0.17421067	0.24736708
484	485	T	A	1.71308851	1.71308732	1.71308732	0.48240194	0.21890253	0.05475799	0.24393757
485	486	A	T	1.94553828	1.94553363	1.94553375	0.24044134	0.14683032	0.29181293	0.32091546
486	487	T	A	1.96788573	1.96788228	1.96788228	0.33574361	0.20145620	0.20723367	0.25556651
487	488	A	T	1.93639147	1.93638849	1.93638849	0.28655148	0.13641113	0.25082949	0.32620788
488	489	T	A	1.68475926	1.68475688	1.68475688	0.55930114	0.12549493	0.15434180	0.16086207
489	490	A	A	1.84382772	1.84381461	1.84381497	0.45146462	0.13824444	0.23534015	0.17495085
490	491	A	A	1.87577522	1.87576592	1.87576628	0.40922108	0.16310781	0.28018510	0.14748606
491	492	A	T	1.63971257	1.63970637	1.63970649	0.30976987	0.03666051	0.16976479	0.48380479
492	493	G	A	1.93641233	1.93640447	1.93640482	0.35358772	0.14678864	0.25292888	0.24669479
493	494	C	T	1.93558025	1.93557191	1.93557215	0.21212745	0.30413991	0.14987391	0.33385867
494	495	T	A	1.72015810	1.72015703	1.72015727	0.35987589	0.34510124	0.03011031	0.26491261
495	496	T	T	1.65348125	1.65347874	1.65347874	0.22268045	0.03160576	0.26236945	0.48334426
496	497	G	A	1.92755818	1.92754030	1.92754114	0.31557673	0.23966289	0.13074979	0.31401062
497	498	C	G	1.64961910	1.64961231	1.64961255	0.19980779	0.10833337	0.56740463	0.12445426
498	499	C	A	1.70528162	1.70528054	1.70528078	0.39483073	0.31998467	0.02850558	0.25667897
499	500	A	A	1.57403731	1.57403505	1.57403505	0.54257333	0.22313695	0.02742964	0.20686001
500	501	A	C	1.79153728	1.79153025	1.79153049	0.15492794	0.48935148	0.13369088	0.22202969
501	502	A	A	1.57569301	1.57568681	1.57568693	0.54065400	0.02780161	0.19664823	0.23489620
502	503	G	A	1.90814900	1.90814221	1.90814233	0.38410565	0.14763808	0.27504840	0.19320783
503	504	T	T	1.63107729	1.63106847	1.63106883	0.34263453	0.02000484	0.20224683	0.43511376
504	505	G	G	1.96392083	1.96390533	1.96390605	0.19316921	0.19751626	0.32122433	0.28809014
505	506	C	C	1.94377351	1.94376445	1.94376481	0.22160758	0.33844280	0.15501291	0.28493676
506	507	C	C	1.68879676	1.68879294	1.68879294	0.34662780	0.36078992	0.02115069	0.27143162
507	508	A	T	1.13306451	1.13306284	1.13306284	0.26691827	0.02709174	0.01951636	0.68647367
508	509	G	T	1.76352787	1.76352715	1.76352715	0.30074167	0.04102814	0.30687338	0.35135683
509	510	G	T	1.75455737	1.75455594	1.75455594	0.30652264	0.04322714	0.26117566	0.38907456
510	511	G	C	1.87819624	1.87819195	1.87819207	0.22076772	0.41830367	0.13017777	0.23075080
511	512	C	A	1.86886668	1.86886132	1.86886156	0.43947196	0.16819054	0.22675109	0.16558646
512	513	T	T	1.32269394	1.32269263	1.32269275	0.40812054	0.04064554	0.02204766	0.52918631
513	514	G	T	1.95411885	1.95411694	1.95411694	0.22474116	0.23983422	0.18033688	0.35508779
514	515	C	T	1.94053257	1.94053006	1.94053006	0.27412057	0.22742142	0.15189987	0.34655812
515	516	T	A	1.74064553	1.74064243	1.74064243	0.43409762	0.23053221	0.04906806	0.28630218
516	517	T	C	1.99361706	1.99361432	1.99361432	0.21503398	0.27828091	0.24505168	0.26163352
517	518	A	T	1.97652638	1.97652042	1.97652054	0.26810274	0.24773939	0.18140449	0.30275333
518	519	A	A	1.67212784	1.67212236	1.67212260	0.42737722	0.02337548	0.29747137	0.25177592
519	520	G	T	1.86334968	1.86334503	1.86334515	0.29114360	0.13421309	0.16487142	0.40977183
520	521	A	T	1.92966259	1.92965567	1.92965603	0.32277334	0.18160404	0.16430414	0.33131844
521	522	A	A	1.91297555	1.91297174	1.91297197	0.39075232	0.19466045	0.15730241	0.25728488
522	523	A	T	1.92004645	1.92004526	1.92004526	0.29513749	0.14855231	0.19639643	0.35991380
523	524	T	A	1.94722390	1.94722140	1.94722140	0.35256976	0.17409173	0.20477246	0.26856604
524	525	T	A	1.70710754	1.70710492	1.70710516	0.34520712	0.02358474	0.32389808	0.30730999
525	526	G	A	1.95179141	1.95178652	1.95178676	0.34762818	0.17636846	0.20812923	0.26787412
526	527	C	T	1.97351241	1.97350967	1.97350967	0.21355882	0.22058690	0.23094252	0.33491167
527	528	T	T	1.63110292	1.63110030	1.63110030	0.24541873	0.26271951	0.02064265	0.47121906
528	529	T	T	1.92638004	1.92637539	1.92637563	0.25859344	0.14411806	0.23093767	0.36635083
529	530	C	A	1.91574049	1.91573811	1.91573846	0.37571079	0.16640876	0.17386352	0.28401700
530	531	T	T	1.64972842	1.64972675	1.64972675	0.23916307	0.27183259	0.02457706	0.46442738
531	532	T	T	1.94341397	1.94340169	1.94340217	0.23061229	0.20829067	0.18789934	0.37319773
532	533	A	T	1.95673144	1.95672679	1.95672691	0.26180074	0.25435516	0.15842585	0.32541835
533	534	T	T	1.89182091	1.89181709	1.89181709	0.26370409	0.17772180	0.15253708	0.40603697
534	535	T	T	1.86604857	1.86603379	1.86603451	0.18701932	0.19574603	0.16951586	0.44771880
535	536	A	T	1.92231286	1.92230809	1.92230821	0.22856337	0.22201717	0.16054831	0.38887116
536	537	C	T	1.79115283	1.79114819	1.79114842	0.22480586	0.18109860	0.11173789	0.48235768
537	538	T	T	1.76294768	1.76294601	1.76294601	0.31111440	0.24053362	0.04978476	0.39856720
538	539	T	A	1.95918298	1.95917308	1.95917356	0.32280657	0.18792899	0.29403546	0.19522892
539	540	A	T	1.66060638	1.66060305	1.66060328	0.27105305	0.02574961	0.24625045	0.45694694
540	541	G	A	1.93121040	1.93120575	1.93120587	0.34186020	0.23187983	0.13923101	0.28702894
541	542	A	T	1.95699799	1.95699298	1.95699310	0.21126884	0.27018228	0.17862399	0.33992490
542	543	T	A	1.95726264	1.95725918	1.95725918	0.34385362	0.17257045	0.24752289	0.23605309
543	544	C	T	1.78108346	1.78108191	1.78108191	0.17486124	0.15747988	0.16101041	0.50664848
544	545	T	T	1.24124897	1.24124587	1.24124610	0.35154006	0.02589528	0.02447814	0.59808660
545	546	G	T	1.67723489	1.67722929	1.67722964	0.24096273	0.02672638	0.29761282	0.43469808
546	547	G	T	1.67726660	1.67726290	1.67726302	0.33658350	0.01886655	0.26949766	0.37505218
547	548	G	A	1.69585145	1.69584799	1.69584811	0.38342103	0.02307318	0.30137169	0.29213414
548	549	G	T	1.96912122	1.96911573	1.96911585	0.27621230	0.22295500	0.18266769	0.31816500
549	550	T	T	1.95330119	1.95329452	1.95329487	0.25567481	0.27807030	0.15091586	0.31533903
550	551	T	T	1.94634628	1.94634104	1.94634104	0.21305436	0.23218380	0.18585645	0.36890540
551	552	C	T	1.91233408	1.91233027	1.91233051	0.19381012	0.24686146	0.16263692	0.39669141
552	553	T	T	1.29618132	1.29617560	1.29617584	0.41170099	0.02404261	0.03116562	0.53309071
553	554	G	T	1.70782387	1.70781696	1.70781708	0.28632218	0.02550679	0.31733334	0.37083772
554	555	G	A	1.65703654	1.65702701	1.65702736	0.37955129	0.01334951	0.29071715	0.31638205
555	556	G	A	1.86558485	1.86557651	1.86557686	0.41916615	0.13485156	0.27181739	0.17416485
556	557	A	A	1.93340039	1.93339133	1.93339169	0.38519248	0.18331768	0.21073337	0.22075647
557	558	A	A	1.90857112	1.90856600	1.90856612	0.34496826	0.14367978	0.18393829	0.32741368
558	559	T	A	1.83589363	1.83588970	1.83588970	0.45233330	0.12895089	0.17645109	0.24226479
559	560	T	A	1.96803498	1.96802950	1.96802962	0.31438914	0.21223471	0.18638937	0.28698686
560	561	A	T	1.76554537	1.76554084	1.76554120	0.14518678	0.23593329	0.12107363	0.49780625
561	562	T	T	1.99018288	1.99017477	1.99017513	0.27913961	0.22077630	0.22093625	0.27914792
562	563	C	A	1.95170319	1.95169520	1.95169556	0.35253301	0.17213613	0.22562809	0.24970281
563	564	A	A	1.70731282	1.70730972	1.70730972	0.42081615	0.27260780	0.03191628	0.27465981
564	565	A	A	1.91736805	1.91735792	1.91735840	0.39411542	0.20121858	0.24031483	0.16435124
565	566	A	A	1.65317845	1.65317440	1.65317440	0.47907263	0.03031444	0.22276936	0.26784354
566	567	G	A	1.85268915	1.85268450	1.85268486	0.44082022	0.13759458	0.17481816	0.24676704
567	568	T	A	1.98392415	1.98391819	1.98391843	0.31507829	0.21788815	0.23727413	0.22975944
568	569	A	T	1.98320901	1.98319817	1.98319852	0.27315956	0.22521296	0.20258744	0.29904008
569	570	C	T	1.81290483	1.81288540	1.81288636	0.30729669	0.15855408	0.10665525	0.42749402
570	571	T	T	1.61281013	1.61280596	1.61280620	0.27816674	0.19106270	0.02797185	0.50279862
571	572	T	T	1.80476081	1.80475211	1.80475235	0.17198384	0.19989106	0.14084655	0.48727852
572	573	T	T	1.65283036	1.65281451	1.65281534	0.30633146	0.02103944	0.23502678	0.43760237
573	574	G	A	1.83354688	1.83354139	1.83354139	0.39431190	0.10549819	0.16936760	0.33082229
574	575	A	A	1.79381752	1.79380929	1.79380965	0.47421414	0.11739677	0.25078097	0.15760809
575	576	A	A	1.48405921	1.48404860	1.48404896	0.64717489	0.09409823	0.15334037	0.10538641
576	577	A	A	1.73880088	1.73879278	1.73879313	0.52357072	0.11614133	0.19442789	0.16586003
577	578	A	A	1.77802753	1.77801859	1.77801895	0.49356002	0.11013836	0.18770528	0.20859641
578	579	C	T	1.87477911	1.87477708	1.87477708	0.30394742	0.19471313	0.11732046	0.38401893
579	580	A	A	1.62300527	1.62300420	1.62300420	0.47644645	0.15336868	0.03521057	0.33497426
580	581	A	A	1.75093424	1.75093162	1.75093162	0.43557000	0.11451588	0.10474371	0.34517038
581	582	T	T	1.75112820	1.75112498	1.75112498	0.33065686	0.12916061	0.09474991	0.44543251
582	583	T	T	1.75775182	1.75774932	1.75774932	0.32798725	0.10326515	0.12328449	0.44546309
583	584	T	T	1.54004288	1.54004097	1.54004097	0.22752674	0.09356288	0.07993896	0.59897143
584	585	T	T	1.36756015	1.36755657	1.36755681	0.13851666	0.11269441	0.06102148	0.68776751
585	586	T	T	1.30646777	1.30646074	1.30646086	0.12013388	0.10783191	0.06007864	0.71195555
586	587	T	T	1.23846924	1.23846614	1.23846626	0.11842894	0.09319006	0.05411128	0.73426974
587	588	T	A	1.56722426	1.56722188	1.56722188	0.55852455	0.06611808	0.09616897	0.27918839
588	589	A	A	1.64889538	1.64889324	1.64889324	0.52906930	0.10433143	0.08832331	0.27827588
589	590	A	A	1.24885893	1.24883759	1.24883854	0.73602664	0.07487918	0.09653910	0.09255505
590	591	A	A	1.49251819	1.49251497	1.49251533	0.57139492	0.01767788	0.16795112	0.24297602
591	592	G	A	1.56989372	1.56989121	1.56989133	0.52658814	0.02524979	0.17081405	0.27734798
592	593	G	A	1.91808331	1.91808057	1.91808057	0.35675627	0.21106498	0.13828497	0.29389375
593	594	A	T	1.94903588	1.94903398	1.94903409	0.29239091	0.20091370	0.17182317	0.33487225
594	595	T	A	1.81398165	1.81397653	1.81397665	0.47612688	0.17821492	0.13118765	0.21447055
595	596	A	T	1.76470268	1.76470137	1.76470137	0.27302447	0.11761962	0.12947461	0.47988129
596	597	T	T	1.68100452	1.68100214	1.68100226	0.24607031	0.13456899	0.08821793	0.53114271
597	598	T	T	1.42192125	1.42191982	1.42191994	0.14253594	0.09617446	0.08923285	0.67205673
598	599	T	T	1.41362095	1.41362011	1.41362011	0.13789095	0.10734367	0.07980281	0.67496252
599	600	T	T	1.81428087	1.81427729	1.81427729	0.35923085	0.10418811	0.15232582	0.38425514
600	601	A	T	1.86396992	1.86396694	1.86396694	0.34288874	0.16579472	0.12430707	0.36700955
601	602	A	A	1.82039857	1.82039762	1.82039785	0.41148391	0.12377382	0.13686323	0.32787913
602	603	T	A	1.65413547	1.65413082	1.65413105	0.56992912	0.14004308	0.10867807	0.18134981
603	604	A	T	1.76148522	1.76148260	1.76148272	0.22739087	0.13459420	0.13369830	0.50431669
604	605	T	T	1.79138625	1.79138184	1.79138196	0.23414332	0.17458293	0.11155570	0.47971806
605	606	T	T	1.79021263	1.79021001	1.79021037	0.18686487	0.18147486	0.13484940	0.49681088
606	607	T	T	1.50151896	1.50151706	1.50151706	0.28245506	0.01774157	0.14899772	0.55080569
607	608	G	T	1.66922164	1.66921628	1.66921651	0.28174654	0.09977003	0.09959308	0.51889038
608	609	A	A	1.95104480	1.95102882	1.95102954	0.35703108	0.17601290	0.24317402	0.22378199
609	610	A	A	1.83564889	1.83563578	1.83563638	0.45574635	0.13996820	0.24059007	0.16369537
610	611	A	A	1.86716545	1.86716282	1.86716282	0.41054055	0.13175465	0.17397781	0.28372696
611	612	A	T	1.89413595	1.89413059	1.89413071	0.28314871	0.21197541	0.12427254	0.38060331
612	613	A	A	1.91563392	1.91562426	1.91562462	0.38148147	0.16736008	0.17639990	0.27475852
613	614	T	T	1.89546657	1.89545703	1.89545739	0.31240669	0.17745475	0.14041924	0.36971921
614	615	T	A	1.91735196	1.91734874	1.91734898	0.34936097	0.15277778	0.18285443	0.31500685
615	616	T	T	1.91684639	1.91684318	1.91684330	0.27680150	0.19150023	0.15482605	0.37687218
616	617	T	A	1.96632135	1.96630979	1.96631026	0.32740036	0.20959984	0.18971032	0.27328944
617	618	A	T	1.64456308	1.64455676	1.64455712	0.37725744	0.01830903	0.21700419	0.38742939
618	619	G	A	1.72173727	1.72172344	1.72172415	0.54130894	0.15069441	0.14814666	0.15984996
619	620	A	A	1.98418617	1.98418081	1.98418105	0.31370252	0.21508862	0.23194058	0.23926836
620	621	C	A	1.85595489	1.85594487	1.85594523	0.42793709	0.12476785	0.26129341	0.18600160
621	622	A	A	1.64803028	1.64802551	1.64802587	0.49971852	0.23282504	0.03490971	0.23254670
622	623	A	A	1.86951613	1.86951232	1.86951268	0.44269583	0.16533871	0.21169169	0.18027373
623	624	A	A	1.84946215	1.84945607	1.84945631	0.45625204	0.20966597	0.15136242	0.18271959
624	625	A	T	1.67251825	1.67251647	1.67251647	0.37213188	0.04534513	0.15393499	0.42858800
625	626	G	A	1.88363791	1.88363326	1.88363349	0.40353310	0.17316152	0.14473267	0.27857271
626	627	T	T	1.68008614	1.68008423	1.68008447	0.37665042	0.03643692	0.18190917	0.40500340
627	628	G	T	1.83854127	1.83853638	1.83853650	0.19099106	0.18972376	0.15285951	0.46642563
628	629	T	T	1.97252786	1.97252131	1.97252166	0.26829657	0.19136772	0.22012942	0.32020622
629	630	C	T	1.96884120	1.96883488	1.96883500	0.21255656	0.21912807	0.22551733	0.34279802
630	631	C	A	1.67746305	1.67746043	1.67746067	0.37515941	0.23913270	0.02234313	0.36336479
631	632	T	T	1.63634956	1.63634670	1.63634682	0.30188346	0.22532386	0.01996158	0.45283112
632	633	T	T	1.80023372	1.80023062	1.80023074	0.15628625	0.20001602	0.15238304	0.49131471
633	634	T	T	1.84329307	1.84329057	1.84329081	0.16543002	0.19940382	0.17125104	0.46391514
634	635	T	T	1.96010077	1.96009421	1.96009457	0.19425616	0.28789324	0.19129246	0.32655811
635	636	A	C	1.89631712	1.89630997	1.89631009	0.19907816	0.42039964	0.16795382	0.21256836
636	637	T	T	1.87213778	1.87213302	1.87213326	0.21094690	0.21737087	0.13978809	0.43189409
637	638	T	T	1.90410864	1.90410459	1.90410471	0.16646619	0.26296717	0.17284395	0.39772266
638	639	T	T	1.52612972	1.52612710	1.52612722	0.20140222	0.03474725	0.17623252	0.58761799
639	640	G	T	1.77740455	1.77740026	1.77740049	0.12968288	0.36309680	0.10226423	0.40495601
640	641	T	T	1.91387355	1.91386795	1.91386795	0.18690127	0.28744692	0.15264438	0.37300742
641	642	T	T	1.89602304	1.89601207	1.89601254	0.15735099	0.32738692	0.15606667	0.35919547
642	643	C	T	1.86703920	1.86703348	1.86703372	0.15055810	0.26840407	0.15857786	0.42245993
643	644	C	T	1.61288095	1.61287463	1.61287475	0.21548672	0.37461919	0.01189706	0.39799702
644	645	C	C	1.67179072	1.67178655	1.67178655	0.32525545	0.35710886	0.01535144	0.30228430
645	646	A	C	1.65604436	1.65603936	1.65603948	0.28452650	0.43338031	0.01949175	0.26260146
646	647	A	T	1.98454392	1.98454130	1.98454154	0.20164073	0.26614466	0.23281249	0.29940212
647	648	C	A	1.92496729	1.92496228	1.92496240	0.37790555	0.23332870	0.23783560	0.15093017
648	649	A	T	1.36159909	1.36159718	1.36159718	0.34325677	0.05444350	0.02788879	0.57441097
649	650	G	T	1.90745652	1.90745068	1.90745080	0.15990007	0.30424407	0.16727586	0.36857998
650	651	T	C	1.88720894	1.88720274	1.88720310	0.17615533	0.36711973	0.13404603	0.32267892
651	652	C	T	1.92028034	1.92027605	1.92027628	0.15340644	0.27239466	0.19918211	0.37501678
652	653	T	T	1.59266722	1.59266305	1.59266317	0.19245674	0.32010004	0.01644618	0.47099698
653	654	C	T	1.75459278	1.75458658	1.75458682	0.07475235	0.36049238	0.15495197	0.40980330
654	655	T	T	1.60023117	1.60022426	1.60022461	0.20022960	0.30695152	0.01759362	0.47522521
655	656	C	T	1.79254973	1.79254329	1.79254353	0.08843151	0.34075263	0.16265227	0.40816358
656	657	C	T	1.60331964	1.60331547	1.60331583	0.17695335	0.38521612	0.01822618	0.41960433
657	658	T	T	1.61885750	1.61885357	1.61885381	0.21128564	0.32220352	0.01701169	0.44949919
658	659	C	C	1.79671896	1.79671478	1.79671490	0.09956484	0.39055440	0.14569294	0.36418778
659	660	T	T	1.56539333	1.56538999	1.56539023	0.16005950	0.39286086	0.01475072	0.43232894
660	661	T	T	1.85296202	1.85295415	1.85295451	0.09661160	0.34783739	0.20301948	0.35253155
661	662	C	C	1.74926770	1.74926031	1.74926043	0.08874387	0.41942558	0.13007130	0.36175922
662	663	C	C	1.53610504	1.53610086	1.53610110	0.15040973	0.46172780	0.01262243	0.37523994
663	664	T	T	1.56780827	1.56780279	1.56780314	0.16468263	0.39316031	0.01390998	0.42824706
664	665	T	T	1.91984820	1.91984272	1.91984272	0.12745132	0.28725749	0.24050733	0.34478381
665	666	C	T	1.74724805	1.74724221	1.74724257	0.09292002	0.37965485	0.12195218	0.40547305
666	667	C	C	1.56296659	1.56296182	1.56296194	0.16697101	0.45161632	0.01334826	0.36806440
667	668	T	T	1.61928129	1.61927354	1.61927390	0.21347852	0.33235845	0.01567222	0.43849075
668	669	C	C	1.88717353	1.88716733	1.88716769	0.13476947	0.38982362	0.18389145	0.29151544
669	670	C	C	1.57697511	1.57696736	1.57696772	0.20394063	0.53211766	0.02448712	0.23945461
670	671	A	C	1.65000331	1.64999878	1.64999902	0.19837654	0.45861992	0.02853623	0.31446728
671	672	T	G	1.75827181	1.75826597	1.75826621	0.34193656	0.04177325	0.35228118	0.26400903
672	673	G	G	1.76822340	1.76821864	1.76821864	0.26653966	0.04498193	0.35747361	0.33100483
673	674	G	C	1.96168089	1.96166992	1.96167040	0.22963026	0.33780909	0.17728534	0.25527525
674	675	A	C	1.85980439	1.85979736	1.85979748	0.16036698	0.42540160	0.14296071	0.27127078
675	676	T	G	1.99227285	1.99226117	1.99226177	0.22494513	0.25538227	0.29049075	0.22918184
676	677	C	T	1.95578599	1.95578170	1.95578194	0.15515339	0.29740700	0.24324022	0.30419934
677	678	T	T	1.30693138	1.30692697	1.30692708	0.38162130	0.03521252	0.02588920	0.55727690
678	679	G	C	1.92368650	1.92367768	1.92367804	0.12429406	0.32025054	0.25399813	0.30145726
679	680	C	T	1.98968565	1.98968089	1.98968101	0.23644753	0.26906222	0.20868319	0.28580710
680	681	T	T	1.74204946	1.74204767	1.74204791	0.32809973	0.30662781	0.03330759	0.33196488
681	682	T	C	1.95383680	1.95382917	1.95382941	0.16864508	0.32417580	0.29542512	0.21175401
682	683	A	C	1.82831717	1.82831311	1.82831335	0.12906502	0.42330968	0.14158119	0.30604407
683	684	T	C	1.93078399	1.93077624	1.93077660	0.16409139	0.36066148	0.19145933	0.28378779
684	685	T	C	1.89121890	1.89120793	1.89120841	0.13394012	0.37617573	0.18403369	0.30585051
685	686	C	C	1.95183921	1.95183396	1.95183396	0.20930107	0.36663955	0.21496217	0.20909727
686	687	A	T	1.32704723	1.32704031	1.32704043	0.46932104	0.03028848	0.02961143	0.47077903
687	688	G	G	1.74900246	1.74899352	1.74899411	0.32506058	0.03558000	0.33583713	0.30352235
688	689	G	A	1.92336655	1.92335665	1.92335701	0.33107284	0.30761814	0.23011327	0.13119586
689	690	A	G	1.99203372	1.99202442	1.99202478	0.25399709	0.23593998	0.29065681	0.21940614
690	691	C	A	1.86857104	1.86856318	1.86856329	0.39511937	0.26272124	0.23813491	0.10402445
691	692	A	A	1.33444309	1.33444095	1.33444107	0.53796709	0.02728804	0.03891421	0.39583069
692	693	G	G	1.97545493	1.97544754	1.97544777	0.20459628	0.20501605	0.30836976	0.28201801
693	694	C	C	1.98728383	1.98727548	1.98727584	0.23257373	0.29396471	0.20668536	0.26677614
694	695	C	T	1.74946618	1.74946392	1.74946392	0.29438552	0.28828797	0.03891854	0.37840798
695	696	C	C	1.76270092	1.76269782	1.76269805	0.25446737	0.38361657	0.04617622	0.31573987
696	697	T	A	1.39428473	1.39428043	1.39428067	0.47424304	0.04775211	0.03091823	0.44708663
697	698	G	C	1.93742859	1.93742132	1.93742168	0.17651360	0.32549122	0.32067117	0.17732403
698	699	A	C	1.93032014	1.93031585	1.93031609	0.19303885	0.34032160	0.15693840	0.30970120
699	700	T	C	1.98135328	1.98134708	1.98134744	0.19459148	0.30778176	0.24507017	0.25255662
700	701	T	T	1.93772185	1.93771505	1.93771541	0.13181354	0.28848997	0.27785936	0.30183712
701	702	C	C	1.86765707	1.86765337	1.86765349	0.16627945	0.39765549	0.13229537	0.30376974
702	703	T	C	1.59588647	1.59587979	1.59588003	0.18787511	0.43199694	0.01456380	0.36556414
703	704	T	G	1.95369518	1.95368469	1.95368505	0.14899711	0.28854740	0.30265328	0.25980225
704	705	C	C	1.85761213	1.85760474	1.85760510	0.14334826	0.40508300	0.14584044	0.30572826
705	706	C	C	1.59216499	1.59215832	1.59215844	0.22369932	0.49536771	0.01692917	0.26400384
706	707	A	T	1.64459825	1.64459288	1.64459300	0.22929034	0.30168515	0.02095847	0.44806594
707	708	C	G	1.98859715	1.98859084	1.98859119	0.20516713	0.24991912	0.29374045	0.25117335
708	709	C	C	1.73084497	1.73084092	1.73084092	0.34184408	0.42439333	0.05650617	0.17725632
709	710	A	T	1.36794376	1.36794138	1.36794150	0.41841286	0.04461103	0.02836026	0.50861591
710	711	G	T	1.96962821	1.96962214	1.96962249	0.18654300	0.29406455	0.21374358	0.30564886
711	712	T	C	1.92482471	1.92481506	1.92481542	0.20838074	0.39422294	0.17990702	0.21748930
712	713	C	G	1.96601963	1.96600914	1.96600986	0.16094661	0.26999334	0.28804335	0.28101674
713	714	C	C	1.70146906	1.70146370	1.70146394	0.34194595	0.34483883	0.02279631	0.29041889
714	715	C	C	1.65749943	1.65748894	1.65748930	0.28872520	0.46443328	0.02868063	0.21816082
715	716	A	A	1.67680144	1.67679632	1.67679644	0.41325113	0.37114173	0.03672507	0.17888209
716	717	A	G	1.85757411	1.85756588	1.85756624	0.27332610	0.28813279	0.35536590	0.08317525
717	718	A	A	1.62870526	1.62870216	1.62870216	0.49552032	0.03134217	0.28397533	0.18916222
718	719	G	A	1.72661960	1.72661400	1.72661412	0.35757089	0.03033217	0.32880437	0.28329259
719	720	G	A	1.96029913	1.96028960	1.96028984	0.30526653	0.29176682	0.24253148	0.16043517
720	721	C	A	1.82274437	1.82273090	1.82273126	0.44635338	0.20671029	0.24482568	0.10211067
721	722	A	A	1.61085141	1.61084592	1.61084628	0.45250484	0.35917002	0.02596603	0.16235916
722	723	A	G	1.89185727	1.89184713	1.89184773	0.29688537	0.27045310	0.33204985	0.10061164
723	724	A	A	1.94408119	1.94407308	1.94407344	0.33356610	0.25827298	0.26256594	0.14559501
724	725	C	G	1.84524775	1.84523487	1.84523535	0.22459912	0.18593296	0.45277134	0.13669656
725	726	A	C	1.71309769	1.71309161	1.71309197	0.32602692	0.43852171	0.04869141	0.18676004
726	727	A	G	1.97251439	1.97250581	1.97250617	0.18898915	0.22108151	0.31625053	0.27367878
727	728	C	G	1.94259858	1.94258976	1.94259012	0.28356209	0.20743018	0.34608448	0.16292328
728	729	C	T	1.76069164	1.76068926	1.76068926	0.32758468	0.28970775	0.04007571	0.34263185
729	730	C	C	1.72403359	1.72402835	1.72402859	0.35435131	0.39634970	0.04277257	0.20652638
730	731	A	A	1.72824812	1.72824538	1.72824574	0.37383267	0.23968872	0.03625902	0.35021958
731	732	C	T	1.96997201	1.96996748	1.96996772	0.16933724	0.25602999	0.27275208	0.30188069
732	733	T	C	1.79459822	1.79459608	1.79459631	0.31459740	0.34885657	0.05279700	0.28374892
733	734	T	G	1.90880167	1.90879583	1.90879607	0.11922289	0.24842584	0.35413447	0.27821681
734	735	C	C	1.84504890	1.84504497	1.84504521	0.12717770	0.44057751	0.17827472	0.25397003
735	736	T	T	1.38887072	1.38886642	1.38886666	0.42240959	0.04331860	0.03445595	0.49981588
736	737	G	C	1.95222569	1.95221663	1.95221698	0.15191118	0.31835550	0.28304249	0.24669084
737	738	C	A	1.92710650	1.92709982	1.92709994	0.32755530	0.30201817	0.23933411	0.13109246
738	739	A	A	1.36125028	1.36124694	1.36124718	0.54408896	0.03233402	0.04229924	0.38127777
739	740	G	G	1.83765781	1.83764648	1.83764684	0.31943512	0.22002868	0.37636560	0.08417053
740	741	A	A	1.66085517	1.66085041	1.66085052	0.45363408	0.02531181	0.27870485	0.24234927
741	742	G	G	1.87323022	1.87322545	1.87322545	0.31857893	0.20568290	0.36734134	0.10839691
742	743	A	C	1.86432302	1.86431789	1.86431801	0.31623939	0.32119301	0.27915537	0.08341222
743	744	A	A	1.74470639	1.74470377	1.74470377	0.41016617	0.04273744	0.27943918	0.26765713
744	745	G	A	1.86049867	1.86049306	1.86049330	0.32996309	0.30411693	0.28457806	0.08134191
745	746	A	A	1.80584896	1.80584824	1.80584824	0.40936682	0.06970727	0.27021864	0.25070733
746	747	G	A	1.90600014	1.90599287	1.90599287	0.38080266	0.27343664	0.20980282	0.13595791
747	748	T	A	1.68445873	1.68445659	1.68445671	0.46670315	0.03839978	0.28040370	0.21449338
748	749	G	T	1.99332726	1.99332380	1.99332380	0.20957589	0.26417616	0.25810653	0.26814139
749	750	T	A	1.93314946	1.93314242	1.93314278	0.37990576	0.23373462	0.21602984	0.17032984
750	751	C	G	1.60250771	1.60250378	1.60250390	0.25550038	0.01992046	0.49730286	0.22727636
751	752	G	A	1.68786073	1.68785429	1.68785453	0.36576360	0.33849806	0.02073321	0.27500516
752	753	C	G	1.96591067	1.96589863	1.96589911	0.24562229	0.20668811	0.34251285	0.20517683
753	754	A	C	1.69442916	1.69442296	1.69442308	0.25418934	0.45503452	0.03599777	0.25477833
754	755	A	G	1.58280945	1.58279192	1.58279276	0.14968130	0.17339297	0.59744310	0.07948257
755	756	A	G	1.91501379	1.91499996	1.91500068	0.25384524	0.22109729	0.38211256	0.14294492
756	757	A	G	1.82709074	1.82707810	1.82707882	0.20008326	0.22666895	0.45698074	0.11626710
757	758	A	G	1.84793842	1.84792876	1.84792912	0.22814672	0.30351844	0.38012809	0.08820680
758	759	A	A	1.77584743	1.77584386	1.77584398	0.35530391	0.04573549	0.29967099	0.29928958
759	760	G	G	1.72470224	1.72469771	1.72469795	0.30480307	0.03381607	0.39618766	0.26519313
760	761	G	A	1.78628993	1.78628612	1.78628647	0.40615541	0.18473782	0.33432916	0.07477760
761	762	A	A	1.78872347	1.78871548	1.78871584	0.45785096	0.25237122	0.20430990	0.08546793
762	763	A	A	1.62956488	1.62956226	1.62956250	0.49001363	0.02740219	0.27488834	0.20769584
763	764	G	A	1.78969371	1.78968930	1.78968942	0.43781236	0.18365552	0.29487312	0.08365905
764	765	A	C	1.97164178	1.97163582	1.97163594	0.28351745	0.31133687	0.21611224	0.18903340
765	766	C	A	1.77727747	1.77727199	1.77727234	0.40677592	0.18732511	0.33610845	0.06979045
766	767	A	A	1.70278692	1.70278323	1.70278335	0.46117097	0.34191987	0.09585339	0.10105575
767	768	A	A	1.81395352	1.81395161	1.81395173	0.36066559	0.06458201	0.32170630	0.25304604
768	769	G	A	1.74272895	1.74272633	1.74272656	0.42480674	0.04549511	0.26082313	0.26887506
769	770	G	A	1.99583900	1.99583650	1.99583650	0.27609709	0.25501248	0.22329468	0.24559575
770	771	T	A	1.97577572	1.97577107	1.97577143	0.30696115	0.28142437	0.19533268	0.21628179
771	772	C	C	1.96205413	1.96204805	1.96204841	0.16227183	0.30430695	0.29038712	0.24303402
772	773	C	A	1.64129770	1.64129591	1.64129591	0.50055587	0.21647052	0.03342494	0.24954857
773	774	C	A	1.39206541	1.39206278	1.39206290	0.50894707	0.03567123	0.04373598	0.41164568
774	775	G	A	1.45959270	1.45959055	1.45959055	0.46211317	0.05519828	0.04235548	0.44033310
775	776	G	T	1.99312758	1.99312449	1.99312449	0.20942862	0.25759876	0.26129192	0.27168068
776	777	T	G	1.96731114	1.96730435	1.96730459	0.24629779	0.28384933	0.30215967	0.16769326
777	778	C	G	1.89070678	1.89070058	1.89070094	0.22173274	0.22187653	0.41415969	0.14223100
778	779	A	C	1.68196321	1.68195796	1.68195820	0.32531372	0.44876212	0.03960804	0.18631618
779	780	A	G	1.65481138	1.65480447	1.65480471	0.30441520	0.02870991	0.46016979	0.20670514
780	781	G	G	1.85919106	1.85917819	1.85917890	0.20542733	0.23574305	0.43327591	0.12555373
781	782	A	A	1.79835486	1.79834831	1.79834867	0.40260008	0.16398662	0.34342495	0.08998846
782	783	A	A	1.89865410	1.89864326	1.89864361	0.33328393	0.28883547	0.27278474	0.10509586
783	784	A	G	1.96936238	1.96935642	1.96935678	0.29985669	0.20716237	0.30202660	0.19095428
784	785	C	G	1.82499051	1.82498586	1.82498598	0.28283894	0.27858013	0.36994010	0.06864090
785	786	A	A	1.47879517	1.47878718	1.47878754	0.52951765	0.05013964	0.06094435	0.35939837
786	787	G	G	1.78698468	1.78697681	1.78697717	0.26356634	0.23147571	0.43483832	0.07011956
787	788	A	A	1.81457591	1.81457138	1.81457174	0.37095007	0.25594807	0.30765572	0.06544619
788	789	A	A	1.70283484	1.70283270	1.70283294	0.43029857	0.03344840	0.29163575	0.24461728
789	790	G	A	1.78818750	1.78818345	1.78818345	0.46218202	0.20596239	0.24450995	0.08734564
790	791	A	C	1.93639708	1.93638873	1.93638909	0.21331848	0.38118744	0.22334167	0.18215239
791	792	C	A	1.93808699	1.93808126	1.93808162	0.32493192	0.20145608	0.31586459	0.15774745
792	793	C	A	1.69210553	1.69210064	1.69210088	0.46665999	0.33765221	0.07753198	0.11815587
793	794	A	A	1.45955145	1.45954883	1.45954895	0.49514595	0.05494818	0.04436195	0.40554392
794	795	G	A	1.89194846	1.89194524	1.89194536	0.35056385	0.22456904	0.31308097	0.11178613
795	796	A	C	1.88859475	1.88859046	1.88859069	0.24555764	0.34294116	0.30821747	0.10328374
796	797	A	G	1.95160067	1.95159519	1.95159543	0.20768164	0.21516231	0.36691007	0.21024595
797	798	C	A	1.92238951	1.92238557	1.92238581	0.34069878	0.30718490	0.21465495	0.13746130
798	799	T	T	1.58919811	1.58919704	1.58919728	0.37526017	0.09135118	0.05633971	0.47704893
799	800	G	C	1.84862089	1.84861290	1.84861326	0.08897059	0.38241145	0.30021676	0.22840124
800	801	T	T	1.79228532	1.79228175	1.79228199	0.30363992	0.05633866	0.26114756	0.37887385
801	802	G	C	1.87133098	1.87132323	1.87132359	0.09269413	0.34825653	0.24912390	0.30992544
802	803	T	T	1.96647787	1.96647263	1.96647286	0.16819137	0.29028025	0.24075608	0.30077234
803	804	T	C	1.80589938	1.80588734	1.80588782	0.07757457	0.40443629	0.20238961	0.31559950
804	805	C	T	1.81896317	1.81895769	1.81895781	0.09818355	0.36803085	0.16484247	0.36894313
805	806	T	C	1.68190670	1.68190324	1.68190324	0.21963274	0.38549128	0.02700835	0.36786756
806	807	C	C	1.85291183	1.85290396	1.85290432	0.09449298	0.38103157	0.21583317	0.30864224
807	808	T	C	1.68225968	1.68225586	1.68225586	0.20713861	0.43482760	0.03298213	0.32505164
808	809	T	G	1.91948664	1.91947961	1.91947973	0.11910469	0.28632504	0.32330856	0.27126163
809	810	C	C	1.85477281	1.85476720	1.85476732	0.12193042	0.40597838	0.17040619	0.30168501
810	811	C	C	1.61227608	1.61227119	1.61227131	0.21364175	0.50808156	0.02663399	0.25164264
811	812	A	T	1.54892516	1.54892290	1.54892302	0.28024772	0.14256923	0.03148947	0.54569364
812	813	C	G	1.97056556	1.97055864	1.97055900	0.17326891	0.27943408	0.30394506	0.24335188
813	814	C	A	1.81279171	1.81279004	1.81279004	0.36523554	0.29459274	0.06219786	0.27797380
814	815	C	C	1.64536142	1.64535797	1.64535820	0.32394791	0.48838556	0.05261907	0.13504745
815	816	A	A	1.47760201	1.47759962	1.47759974	0.47214577	0.04825369	0.05517365	0.42442688
816	817	G	C	1.94029415	1.94029105	1.94029105	0.15438662	0.33834198	0.29287985	0.21439157
817	818	C	C	1.92956448	1.92956173	1.92956173	0.24525405	0.37361744	0.22666714	0.15446131
818	819	T	T	1.49229634	1.49229550	1.49229550	0.41050252	0.06971244	0.04084596	0.47893906
819	820	G	C	1.75865090	1.75864434	1.75864458	0.08014514	0.47955456	0.24150288	0.19879746
820	821	T	T	1.82118607	1.82118535	1.82118535	0.26329812	0.08240101	0.23593472	0.41836610
821	822	G	C	1.93109894	1.93109441	1.93109477	0.14101152	0.34945491	0.27644274	0.23309083
822	823	T	T	1.76235902	1.76235735	1.76235735	0.26667336	0.04489835	0.30518165	0.38324663
823	824	G	T	1.95102465	1.95102000	1.95102024	0.14388452	0.28095680	0.28231388	0.29284486
824	825	T	A	1.96780193	1.96779215	1.96779251	0.32051611	0.22823150	0.27240103	0.17885126
825	826	A	C	1.88339400	1.88337564	1.88337648	0.11396339	0.37666121	0.21404031	0.29533514
826	827	C	T	1.99370754	1.99370420	1.99370420	0.22209626	0.25928161	0.23526771	0.28335443
827	828	T	A	1.73358595	1.73358154	1.73358166	0.39907891	0.30454633	0.03748740	0.25888744
828	829	C	G	1.92729914	1.92728794	1.92728853	0.18311892	0.25192422	0.38287398	0.18208289
829	830	A	C	1.74383307	1.74383080	1.74383080	0.32659185	0.42168608	0.05480508	0.19691698
830	831	A	G	1.91825402	1.91825008	1.91825008	0.16790722	0.31175184	0.35309342	0.16724759
831	832	T	A	1.70632708	1.70632231	1.70632243	0.38483170	0.03931727	0.37846893	0.19738215
832	833	G	G	1.97488463	1.97487974	1.97487986	0.20943123	0.27966326	0.31086111	0.20004441
833	834	A	C	1.99445426	1.99445117	1.99445117	0.23090744	0.27452824	0.26895809	0.22560619
834	835	T	C	1.88850331	1.88848829	1.88848901	0.25290605	0.36904892	0.27054283	0.10750221
835	836	A	G	1.62513590	1.62513232	1.62513256	0.20805950	0.05219933	0.54857379	0.19116729
836	837	G	A	1.96271455	1.96270800	1.96270835	0.32951948	0.27847138	0.18983088	0.20217827
837	838	A	C	1.98334455	1.98334110	1.98334110	0.25257793	0.30952609	0.20473224	0.23316379
838	839	T	T	1.99400163	1.99399781	1.99399817	0.26356164	0.25495926	0.21215194	0.26932716
839	840	T	T	1.93014300	1.93013906	1.93013930	0.14079389	0.23773128	0.26740539	0.35406941
840	841	T	C	1.78518319	1.78517771	1.78517783	0.11161999	0.41936642	0.12618786	0.34282580
841	842	C	C	1.88168931	1.88168180	1.88168216	0.16495417	0.42328277	0.24545649	0.16630656
842	843	A	A	1.35095799	1.35095179	1.35095215	0.57330960	0.03978612	0.03689485	0.35000947
843	844	G	G	1.88379169	1.88378286	1.88378322	0.26855558	0.25811550	0.36946708	0.10386192
844	845	A	A	1.71739316	1.71739089	1.71739089	0.38544041	0.03622417	0.35435829	0.22397715
845	846	G	A	1.89200795	1.89199710	1.89199746	0.40656465	0.21259783	0.24400854	0.13682891
846	847	A	C	1.98036623	1.98035645	1.98035681	0.23581979	0.30181566	0.27050018	0.19186443
847	848	C	A	1.89164627	1.89163840	1.89163876	0.31791353	0.31642842	0.26528731	0.10037078
848	849	A	A	1.36383808	1.36382449	1.36382520	0.59992933	0.04546677	0.04281580	0.31178808
849	850	G	G	1.91667461	1.91666162	1.91666234	0.23288475	0.30988896	0.33212861	0.12509766
850	851	A	A	1.81450617	1.81450248	1.81450260	0.43546188	0.21457905	0.26135653	0.08860254
851	852	A	A	1.82003224	1.82002604	1.82002640	0.44176087	0.19073521	0.26584303	0.10166079
852	853	A	A	1.94824457	1.94824183	1.94824183	0.37087780	0.20871878	0.20438725	0.21601622
853	854	T	G	1.95500696	1.95500314	1.95500326	0.27787378	0.28300431	0.29109240	0.14802955
854	855	A	T	1.94640696	1.94640160	1.94640183	0.16940239	0.19880591	0.29976204	0.33202961
855	856	C	T	1.99793017	1.99792624	1.99792659	0.24020934	0.26042593	0.23366490	0.26569983
856	857	C	C	1.76615465	1.76615238	1.76615238	0.26836950	0.34568545	0.04381334	0.34213170
857	858	T	A	1.74848187	1.74847972	1.74847972	0.35077572	0.27857471	0.03710121	0.33354834
858	859	C	C	1.85239661	1.85238528	1.85238576	0.14469078	0.40594581	0.30926451	0.14009881
859	860	A	A	1.44128251	1.44128036	1.44128048	0.45762217	0.04496183	0.04650126	0.45091480
860	861	G	G	1.92713833	1.92713273	1.92713284	0.20118257	0.15220460	0.35678926	0.28982359
861	862	C	C	1.98789656	1.98789072	1.98789108	0.23070741	0.30600831	0.22207731	0.24120688
862	863	C	T	1.71090496	1.71090245	1.71090269	0.26420954	0.34388655	0.02768423	0.36421973
863	864	T	T	1.68145740	1.68145359	1.68145370	0.33738658	0.22737084	0.02658750	0.40865508
864	865	C	C	1.90373254	1.90372658	1.90372682	0.11253471	0.34970298	0.27193344	0.26582885
865	866	C	C	1.61015522	1.61015284	1.61015284	0.29837859	0.50227761	0.03202458	0.16731922
866	867	A	A	1.38165069	1.38164723	1.38164735	0.46556976	0.04385405	0.03086978	0.45970634
867	868	G	G	1.96738470	1.96737766	1.96737802	0.22110146	0.25404701	0.33482140	0.19003008
868	869	C	G	1.85056806	1.85056448	1.85056484	0.31916243	0.27206478	0.33136722	0.07740553
869	870	A	A	1.36296153	1.36295736	1.36295748	0.55120546	0.03849507	0.03751917	0.37278035
870	871	G	A	1.93370605	1.93369746	1.93369782	0.30959541	0.25850278	0.30091974	0.13098204
871	872	A	C	1.82278156	1.82277668	1.82277691	0.21183227	0.47457930	0.15937662	0.15421182
872	873	T	A	1.66901386	1.66900826	1.66900837	0.41593716	0.02840062	0.35338047	0.20228170
873	874	G	C	1.93862212	1.93861115	1.93861163	0.15833634	0.36384675	0.23721164	0.24060535
874	875	C	G	1.86858082	1.86857688	1.86857700	0.31120542	0.24482910	0.35169169	0.09227371
875	876	A	C	1.64970386	1.64969468	1.64969504	0.30875927	0.47045940	0.03257077	0.18821059
876	877	A	G	1.71192563	1.71192372	1.71192372	0.29237834	0.04192105	0.44453108	0.22116955
877	878	G	A	1.88155043	1.88154507	1.88154519	0.36941642	0.19492173	0.31651825	0.11914368
878	879	A	A	1.91653574	1.91652822	1.91652858	0.36540040	0.22384810	0.27583715	0.13491437
879	880	A	G	1.99372363	1.99371731	1.99371767	0.23286425	0.26548466	0.27948150	0.22216956
880	881	C	A	1.98872864	1.98872256	1.98872280	0.29054689	0.21836169	0.22068520	0.27040625
881	882	T	T	1.72634685	1.72634339	1.72634339	0.29177022	0.27002543	0.03504641	0.40315798
882	883	C	C	1.89048266	1.89047611	1.89047647	0.10608631	0.34063539	0.23784988	0.31542847
883	884	T	A	1.74457359	1.74457049	1.74457049	0.39221779	0.28969473	0.03927417	0.27881330
884	885	C	T	1.91116750	1.91115749	1.91115808	0.13255826	0.21186444	0.29570064	0.35987663
885	886	C	C	1.70776570	1.70776248	1.70776260	0.34415072	0.41162223	0.03883662	0.20539053
886	887	A	C	1.70686853	1.70686245	1.70686281	0.34997809	0.39745572	0.03487511	0.21769114
887	888	A	G	1.96654391	1.96653581	1.96653616	0.19950983	0.23994824	0.34261307	0.21792884
888	889	C	A	1.90448654	1.90447533	1.90447569	0.37481344	0.24410219	0.25710547	0.12397882
889	890	A	T	1.71256661	1.71256435	1.71256459	0.26512131	0.29540008	0.03157246	0.40790609
890	891	T	T	1.99081457	1.99080181	1.99080241	0.20685251	0.24648829	0.26457694	0.28208223
891	892	C	C	1.87347806	1.87346983	1.87347019	0.11232821	0.37176526	0.19835149	0.31755498
892	893	C	C	1.71594584	1.71594465	1.71594465	0.24709629	0.43962350	0.03968780	0.27359235
893	894	T	A	1.35789704	1.35787165	1.35787284	0.58138907	0.05190491	0.03026035	0.33644566
894	895	G	C	1.86749268	1.86747015	1.86747122	0.12955898	0.41626087	0.27075154	0.18342865
895	896	A	A	1.96411431	1.96410656	1.96410692	0.30798534	0.23672476	0.28801227	0.16727759
896	897	A	G	1.96068096	1.96066499	1.96066570	0.24665478	0.19384049	0.34834859	0.21115611
897	898	C	A	1.98691249	1.98689866	1.98689926	0.30921772	0.23688810	0.22483858	0.22905560
898	899	C	T	1.75307608	1.75307381	1.75307381	0.30924949	0.30517080	0.03729103	0.34828863
899	900	T	A	1.71501386	1.71500909	1.71500921	0.38231474	0.27099097	0.02915337	0.31754088
900	901	C	C	1.86921680	1.86918986	1.86919117	0.13974889	0.40588528	0.29197875	0.16238706
901	902	A	A	1.39694893	1.39694512	1.39694536	0.51752001	0.03440372	0.04762519	0.40045115
902	903	G	G	1.97996247	1.97995317	1.97995365	0.19748580	0.22990738	0.31071237	0.26189440
903	904	C	A	1.98836124	1.98835313	1.98835349	0.28952506	0.27131996	0.22840261	0.21075241
904	905	T	C	1.68731403	1.68730927	1.68730938	0.34150234	0.40288535	0.02770105	0.22791131
905	906	A	G	1.98149192	1.98147953	1.98148000	0.18759979	0.26754755	0.29425189	0.25060076
906	907	C	G	1.97700012	1.97698319	1.97698402	0.25658208	0.27379632	0.29151103	0.17811058
907	908	A	A	1.67501330	1.67500663	1.67500675	0.43283454	0.34553546	0.03546061	0.18616939
908	909	A	G	1.92979956	1.92978501	1.92978573	0.29860920	0.24679878	0.32354903	0.13104296
909	910	A	A	1.96013546	1.96012306	1.96012354	0.34379840	0.23051919	0.24638309	0.17929931
910	911	C	A	1.96295249	1.96294701	1.96294725	0.29670033	0.26525152	0.27983367	0.15821451
911	912	A	A	1.41976058	1.41975737	1.41975749	0.48238668	0.03978264	0.04595871	0.43187195
912	913	G	G	1.87373686	1.87373400	1.87373412	0.29851690	0.08886168	0.33131674	0.28130466
913	914	G	A	1.98562288	1.98561776	1.98561811	0.30858472	0.23740456	0.24265558	0.21135509
914	915	T	A	1.89174557	1.89174068	1.89174104	0.39602607	0.25995606	0.21593294	0.12808491
915	916	A	G	1.72778690	1.72778535	1.72778535	0.23389326	0.03717449	0.37530175	0.35363048
916	917	G	A	1.72787750	1.72787380	1.72787392	0.37449169	0.03240956	0.32223696	0.27086174
917	918	G	A	1.99314833	1.99314129	1.99314165	0.28209078	0.24122041	0.26053578	0.21615304
918	919	C	T	1.95912743	1.95912492	1.95912492	0.23953149	0.24898320	0.17193606	0.33954921
919	920	T	T	1.76858807	1.76858532	1.76858544	0.33423439	0.28160265	0.04326505	0.34089792
920	921	T	T	1.71509814	1.71509349	1.71509373	0.18068436	0.04756692	0.37958044	0.39216828
921	922	G	C	1.97847807	1.97847378	1.97847402	0.22173624	0.32439047	0.21222772	0.24164562
922	923	T	T	1.97994626	1.97994137	1.97994149	0.21011804	0.27664316	0.20872143	0.30451742
923	924	T	T	1.86298895	1.86298454	1.86298466	0.12209617	0.24309544	0.20905189	0.42575651
924	925	T	T	1.84852815	1.84852254	1.84852266	0.11158621	0.32478100	0.17377932	0.38985354
925	926	T	T	1.63917303	1.63916528	1.63916564	0.19714820	0.03442737	0.26918209	0.49924240
926	927	G	C	1.90114295	1.90113473	1.90113509	0.14040372	0.36343977	0.18280311	0.31335339
927	928	T	T	1.98276067	1.98275054	1.98275077	0.19667213	0.25256160	0.24523365	0.30553263
928	929	C	T	1.95204782	1.95204091	1.95204115	0.16980067	0.29368538	0.20764457	0.32886940
929	930	C	T	1.55439878	1.55439436	1.55439448	0.17635526	0.29530302	0.01669911	0.51164263
930	931	T	T	1.72753274	1.72752714	1.72752750	0.25973365	0.34713638	0.03284631	0.36028367
931	932	T	G	1.71356928	1.71356511	1.71356535	0.23122285	0.03334384	0.36831418	0.36711916
932	933	G	T	1.71235466	1.71234882	1.71234918	0.25668660	0.02907069	0.34441668	0.36982605
933	934	G	A	1.86269832	1.86269093	1.86269116	0.40365383	0.15536071	0.30228609	0.13869929
934	935	A	A	1.93289173	1.93288481	1.93288517	0.37185425	0.22577599	0.24427085	0.15809891
935	936	A	A	1.96559691	1.96559334	1.96559334	0.34138444	0.19005153	0.23661008	0.23195387
936	937	T	A	1.85642946	1.85642374	1.85642385	0.40897653	0.16394845	0.29845574	0.12861922
937	938	A	G	1.99750054	1.99749541	1.99749553	0.24383430	0.26080990	0.26633906	0.22901677
938	939	A	A	1.77934039	1.77933908	1.77933908	0.37827021	0.06275848	0.20387262	0.35509866
939	940	G	A	1.71131659	1.71131539	1.71131539	0.43713811	0.04816475	0.18565141	0.32904568
940	941	G	A	1.96000719	1.96000445	1.96000445	0.34004289	0.26715645	0.20226115	0.19053940
941	942	T	A	1.60359824	1.60359287	1.60359311	0.47687840	0.01751156	0.29685539	0.20875463
942	943	G	A	1.95202839	1.95201957	1.95201993	0.33618367	0.20071533	0.28668547	0.17641555
943	944	A	A	1.90601254	1.90600526	1.90600562	0.37056875	0.17927822	0.30110481	0.14904818
944	945	A	A	1.95763206	1.95762050	1.95762110	0.34160122	0.22810051	0.25713080	0.17316759
945	946	C	G	1.91916060	1.91915202	1.91915238	0.32767349	0.14895830	0.33463532	0.18873286
946	947	A	A	1.69907141	1.69906390	1.69906425	0.45782644	0.23225009	0.03931990	0.27060360
947	948	A	G	1.93033981	1.93033016	1.93033051	0.28926739	0.18363948	0.35841233	0.16868085
948	949	A	A	1.87004423	1.87003994	1.87004030	0.41328925	0.12856428	0.27142808	0.18671840
949	950	A	A	1.95263636	1.95263147	1.95263171	0.35767648	0.18567665	0.21063204	0.24601480
950	951	A	T	1.97364950	1.97364354	1.97364378	0.24396934	0.23692513	0.19256306	0.32654247
951	952	T	A	1.96416569	1.96416223	1.96416259	0.31833652	0.29100394	0.20022255	0.19043702
952	953	T	G	1.69838059	1.69837821	1.69837821	0.31020874	0.02977415	0.41516635	0.24485075
953	954	G	T	1.70177174	1.70176697	1.70176709	0.34024784	0.02674522	0.25426394	0.37874296
954	955	G	A	1.98705661	1.98704660	1.98704696	0.30618438	0.24381323	0.21520625	0.23479614
955	956	A	C	1.99724281	1.99723470	1.99723506	0.23450404	0.26925430	0.26119202	0.23504961
956	957	C	A	1.90478718	1.90478349	1.90478384	0.39764708	0.14311878	0.22083516	0.23839898
957	958	T	A	1.68822706	1.68822157	1.68822193	0.48462608	0.24129649	0.04434979	0.22972761
958	959	A	C	1.96785271	1.96784198	1.96784234	0.16829485	0.30440667	0.24805774	0.27924079
959	960	A	T	1.95682240	1.95681965	1.95681965	0.28945640	0.19432124	0.18675068	0.32947162
960	961	T	T	1.95977223	1.95976710	1.95976722	0.27693552	0.19428599	0.19404316	0.33473530
961	962	T	T	1.96535993	1.96535766	1.96535790	0.17995048	0.23413242	0.25244653	0.33347055
962	963	T	T	1.64709258	1.64709079	1.64709079	0.27008384	0.02999111	0.21686584	0.48305914
963	964	G	T	1.94903052	1.94902337	1.94902360	0.17452699	0.30717403	0.19476914	0.32352987
964	965	C	A	1.98005724	1.98005056	1.98005068	0.31759167	0.23992825	0.24101117	0.20146884
965	966	A	T	1.74801672	1.74801314	1.74801314	0.30928126	0.29276389	0.03667701	0.36127782
966	967	T	A	1.73295426	1.73295116	1.73295140	0.33076510	0.03055404	0.30827227	0.33040854
967	968	G	T	1.72815871	1.72815549	1.72815561	0.24034657	0.03760286	0.32410249	0.39794806
968	969	G	T	1.99091816	1.99091351	1.99091363	0.21479245	0.23718818	0.25646290	0.29155642
969	970	C	T	1.99875176	1.99874794	1.99874818	0.25654170	0.25320604	0.23234423	0.25790805
970	971	T	A	1.63594711	1.63594317	1.63594317	0.49843949	0.27379966	0.03358585	0.19417502
971	972	A	G	1.92436242	1.92435288	1.92435324	0.17597324	0.28987941	0.36405313	0.17009425
972	973	A	T	1.71100259	1.71100020	1.71100020	0.35567442	0.03280007	0.23110886	0.38041669
973	974	G	A	1.95875525	1.95875001	1.95875025	0.34867734	0.19455582	0.25311330	0.20365351
974	975	A	G	1.98175025	1.98174381	1.98174405	0.25719097	0.18855265	0.29716039	0.25709596
975	976	C	A	1.98997891	1.98997188	1.98997223	0.28922135	0.21217524	0.26511642	0.23348697
976	977	C	A	1.77413332	1.77413034	1.77413034	0.37170374	0.25044420	0.04985344	0.32799855
977	978	T	T	1.66219819	1.66219616	1.66219616	0.35329121	0.19407339	0.02894303	0.42369238
978	979	C	G	1.96191096	1.96190774	1.96190786	0.17176557	0.26365480	0.33048806	0.23409155
979	980	T	T	1.44292724	1.44292510	1.44292510	0.41492257	0.05236857	0.04128170	0.49142718
980	981	G	G	1.91502821	1.91502297	1.91502333	0.13397911	0.23469973	0.37188616	0.25943503
981	982	T	T	1.70994282	1.70994091	1.70994091	0.33764881	0.02523156	0.28749314	0.34962645
982	983	G	G	1.65336156	1.65335679	1.65335691	0.31607914	0.02159856	0.43455517	0.22776702
983	984	G	T	1.94154906	1.94154477	1.94154477	0.20677952	0.29308835	0.16019927	0.33993286
984	985	A	C	1.97900176	1.97899640	1.97899640	0.24184449	0.31906122	0.23935318	0.19974108
985	986	T	A	1.74077499	1.74077129	1.74077153	0.35114062	0.03489089	0.27650636	0.33746216
986	987	G	A	1.99102509	1.99102032	1.99102044	0.27581280	0.20887169	0.24069449	0.27462098
987	988	C	A	1.99022245	1.99021864	1.99021864	0.29469803	0.21495412	0.23618951	0.25415826
988	989	A	C	1.81083977	1.81083667	1.81083667	0.33707303	0.34494162	0.06218515	0.25580025
989	990	T	G	1.77234173	1.77233899	1.77233922	0.25314063	0.04808196	0.35128134	0.34749612
990	991	G	T	1.95055699	1.95055449	1.95055461	0.18438537	0.21234396	0.24216318	0.36110747
991	992	T	C	1.97734761	1.97734332	1.97734368	0.26064858	0.30232382	0.25525829	0.18176933
992	993	A	G	1.52975202	1.52974856	1.52974856	0.23635840	0.01762339	0.54998833	0.19602995
993	994	G	T	1.85329533	1.85328984	1.85329020	0.17061941	0.28129384	0.12686196	0.42122483
994	995	A	G	1.96279633	1.96279418	1.96279418	0.25947455	0.26073694	0.31661186	0.16317672
995	996	T	T	1.73404503	1.73404324	1.73404324	0.27609158	0.04611786	0.24099955	0.43679106
996	997	G	T	1.97097135	1.97096765	1.97096765	0.22849712	0.17921473	0.29484275	0.29744539
997	998	T	T	1.67405009	1.67404735	1.67404735	0.27118558	0.02590730	0.26168922	0.44121787
998	999	G	T	1.92867565	1.92866969	1.92867005	0.16902259	0.17632546	0.31179523	0.34285671
999	1000	T	G	1.95980752	1.95980215	1.95980215	0.23798946	0.16136235	0.30479509	0.29585311
