position	A	C	G	T	N	total
0	5307	9523	9678	5492	0	30000
1	5205	9494	10085	5216	0	30000
2	5066	9546	9861	5527	0	30000
3	5121	9557	9872	5450	0	30000
4	5273	9635	9932	5160	0	30000
5	5298	9751	9682	5269	0	30000
6	5245	9744	9771	5240	0	30000
7	5308	9367	9775	5550	0	30000
8	5186	9728	9523	5563	0	30000
9	5388	9740	9652	5220	0	30000
10	5387	9364	9965	5284	0	30000
11	5365	9714	9611	5310	0	30000
12	5253	9621	9661	5465	0	30000
13	5074	9529	9791	5606	0	30000
14	5452	9390	9823	5335	0	30000
15	5198	9487	9685	5630	0	30000
16	5226	9612	9823	5339	0	30000
17	5369	9716	9513	5402	0	30000
18	5414	9808	9508	5270	0	30000
19	5473	9432	9358	5737	0	30000
20	5387	9404	9898	5311	0	30000
21	5174	9879	9365	5582	0	30000
22	5104	9782	9637	5477	0	30000
23	5351	9654	9705	5290	0	30000
24	5286	9368	9868	5478	0	30000
25	5323	9690	9707	5280	0	30000
26	5358	9535	9575	5532	0	30000
27	5324	9542	9697	5437	0	30000
28	5281	9915	9627	5177	0	30000
29	5319	9417	9949	5315	0	30000
30	5193	9650	9851	5306	0	30000
31	5153	10165	9175	5507	0	30000
32	5364	9684	9748	5204	0	30000
33	5280	9880	9784	5056	0	30000
34	5408	9604	9838	5150	0	30000
35	5476	9581	9758	5185	0	30000
36	5292	9543	9631	5534	0	30000
37	5518	9631	9277	5574	0	30000
38	5053	9826	9599	5522	0	30000
39	5204	9705	9418	5673	0	30000
40	5527	9718	9399	5356	0	30000
41	5182	9612	9815	5391	0	30000
42	5507	9852	9469	5172	0	30000
43	5250	9718	9576	5456	0	30000
44	5093	9684	9545	5678	0	30000
45	5243	9693	9857	5207	0	30000
46	5254	9965	9198	5583	0	30000
47	5243	9908	9566	5283	0	30000
48	5126	9631	9512	5731	0	30000
49	5132	9524	9851	5493	0	30000
50	5228	9534	9726	5512	0	30000
51	5479	9648	9663	5210	0	30000
52	5438	10011	9204	5347	0	30000
53	5486	9627	9552	5335	0	30000
54	5189	9427	10055	5329	0	30000
55	5360	9678	9542	5420	0	30000
56	5436	9285	9949	5330	0	30000
57	5276	9829	9797	5098	0	30000
58	5418	9381	9707	5494	0	30000
59	5440	9392	9840	5328	0	30000
60	5343	9685	9554	5418	0	30000
61	5210	9614	9753	5423	0	30000
62	5320	9708	9564	5408	0	30000
63	5190	9541	9699	5570	0	30000
64	5121	9724	9625	5530	0	30000
65	5110	9742	9758	5390	0	30000
66	5457	9840	9479	5224	0	30000
67	5396	9838	9256	5510	0	30000
68	5414	9464	9574	5548	0	30000
69	5484	9850	9507	5159	0	30000
70	5650	9486	9665	5199	0	30000
71	5529	9690	9612	5169	0	30000
72	5440	9265	9904	5391	0	30000
73	5401	9423	9565	5611	0	30000
74	5493	9827	9491	5189	0	30000
75	5448	9461	9474	5617	0	30000
76	5215	9790	9736	5259	0	30000
77	5462	9752	9520	5266	0	30000
78	5487	9507	9613	5393	0	30000
79	5496	9528	9676	5300	0	30000
80	5411	9639	9718	5232	0	30000
81	5339	9497	9536	5628	0	30000
82	5416	9414	9735	5435	0	30000
83	5524	9394	9626	5456	0	30000
84	5701	9726	9467	5106	0	30000
85	5263	9669	9609	5459	0	30000
86	5274	9657	9664	5405	0	30000
87	5067	9467	9908	5558	0	30000
88	5497	9532	9496	5475	0	30000
89	5309	9533	9864	5294	0	30000
90	5358	9514	9880	5248	0	30000
91	5229	9329	10050	5392	0	30000
92	5102	9568	9761	5569	0	30000
93	5352	9374	9838	5436	0	30000
94	5417	9744	9481	5358	0	30000
95	5559	9630	9368	5443	0	30000
96	5193	9789	9695	5323	0	30000
97	5197	9777	9442	5584	0	30000
98	5242	10023	9491	5244	0	30000
99	5430	9608	9357	5605	0	30000
