chr1	999587	1000089	TTCGCGTGTTTGCCCT-1	1	999537	999637
chr1	999643	1000038	ACTACGATCTCATATC-1	1	999593	999693
chr1	999674	1000061	GTCTACCCAGCGTCGT-1	2	999624	999724
chr1	999686	1000006	GATGGCCTCGCTTACC-1	1	999636	999736
chr1	999700	1000017	AAACTCGTCAATTGGC-1	2	999650	999750
chr1	999713	1000107	CAAGGCCAGAATCAAC-1	2	999663	999763
chr1	999720	1000090	CCTTGGTAGTCCTTCC-1	2	999670	999770
chr1	999724	1000140	GTTACTTGTCCTCAGG-1	1	999674	999774
chr1	999726	1000135	CGCGCAATCAATTGGC-1	1	999676	999776
chr1	999738	1000120	AAACGAAAGATTGACA-1	2	999688	999788
chr1	999751	1000133	ATCCTCGCAGGTAACG-1	1	999701	999801
chr1	999757	1000147	GAACCGCAGTTAGCAA-1	1	999707	999807
chr1	999766	1000004	TAACTTCGTCATCAAC-1	2	999716	999816
chr1	999766	1000010	GTAGTACAGTCTGTGT-1	1	999716	999816
chr1	999778	1000010	AGCCTCTTCGACTTAG-1	1	999728	999828
chr1	999778	1000057	TTGCACCTCCTTACGC-1	2	999728	999828
chr1	999784	1000171	GCGAGTCAGGCAGTGT-1	2	999734	999834
chr1	999785	1000206	AGATTCGTCACCCTTG-1	2	999735	999835
chr1	999831	1000090	TGAGTCAGTTTCAGCA-1	1	999781	999881
chr1	999831	1000267	AACAGTCAGACCATAA-1	1	999781	999881
chr1	999835	1000240	CGAGTTATCGAACCGC-1	2	999785	999885
chr1	999836	1000061	TTACTTGAGCTCGGCT-1	1	999786	999886
chr1	999845	1000034	TGATTTCAGAAGAGTG-1	2	999795	999895
chr1	999846	1000166	ACAGAAACAAGATGCG-1	1	999796	999896
chr1	999848	1000105	TGTAGCACACACATGT-1	1	999798	999898
chr1	999863	1000128	TATGTTCTCATCATGG-1	1	999813	999913
chr1	999873	1000172	TGACTCCTCGCGCCAA-1	1	999823	999923
chr1	999878	1000239	GGGAACACAGGTAACG-1	2	999828	999928
chr1	999914	1000170	CTGCTCATCTTTCGAT-1	1	999864	999964
chr1	999915	1000091	CCAATGATCGAGTTAC-1	4	999865	999965
chr1	999915	1000191	ACAGGCCAGGAGTACC-1	1	999865	999965
chr1	999919	1000111	AGCCCGATCGGAAAGC-1	1	999869	999969
chr1	999928	1000122	GCGCATGTCTTACTCA-1	1	999878	999978
chr1	999938	1000121	GCGATTAAGTGAGCAC-1	3	999888	999988
chr1	999939	1000133	TTGCCCAAGCAGGAGG-1	1	999889	999989
chr1	999939	1000249	TGCGTAAGTCACCCGA-1	3	999889	999989
chr1	999958	1000117	GTCACAAGTCAGAAAT-1	1	999908	1000008
chr1	999963	1000005	CGTTCCAGTATCGCGC-1	1	999913	1000013
chr1	999986	1000171	TGAGCCGGTAAACCCT-1	1	999936	1000036
chr1	1000029	1000057	TCGTTCGTCAGTCAAC-1	1	999979	1000079
chr1	1000067	1000128	AGCGTGCAGAAATACC-1	2	1000017	1000117
chr1	1000089	1000119	AAGGAGCTCGTCCCAT-1	2	1000039	1000139
chr1	1000115	1000169	CGCTAGGGTCAGAGTG-1	1	1000065	1000165
chr1	1000154	1000214	ATGTCGAGTTGGTAAA-1	1	1000104	1000204
chr1	1000171	1000254	AAGGAGCTCGTCCCAT-1	1	1000121	1000221
chr1	1000222	1000264	AAGGAGCTCGTCCCAT-1	1	1000172	1000272
chr1	1000547	1000847	GCCCAGAAGGAGAACA-1	1	1000497	1000597
chr1	1000565	1000601	CGCTAGGGTCAGAGTG-1	1	1000515	1000615
chr1	1000606	1000827	AGCGATTTCACCACAA-1	1	1000556	1000656
chr1	1000677	1000820	CATAACGGTGGATTCT-1	9	1000627	1000727
chr1	1000714	1000747	CACAGATAGGCGATTG-1	1	1000664	1000764
chr1	1000735	1000917	CCCTCTCCAATGCCAT-1	1	1000685	1000785
chr1	1000778	1000910	ATGTCGAGTTGGTAAA-1	1	1000728	1000828
chr1	1000830	1001034	TGATGCATCTTTATCG-1	1	1000780	1000880
chr1	1000833	1001221	TGGGTTAGTATTCTTC-1	1	1000783	1000883
chr1	1000840	1001038	TCTCTGGTCTTGTACT-1	2	1000790	1000890
chr1	1000844	1001044	CGATGATAGTCCAGAG-1	3	1000794	1000894
chr1	1000847	1001629	GCCCAGAAGGAGAACA-1	1	1000797	1000897
chr1	1000883	1001100	GCGTTGGCAAGCGACA-1	1	1000833	1000933
chr1	1000894	1001112	GAACGTTTCCAGGTAT-1	1	1000844	1000944
chr1	1000910	1000963	ATGTCGAGTTGGTAAA-1	2	1000860	1000960
chr1	1000912	1001024	GGTGAAGGTCACTCTC-1	2	1000862	1000962
chr1	1000919	1000961	GCTTGCTGTTCTCGAA-1	1	1000869	1000969
chr1	1000919	1001069	GGGTCTGAGCGTAGCA-1	2	1000869	1000969
chr1	1000949	1001352	CAGCTAAGTCGTAGTT-1	1	1000899	1000999
chr1	1000963	1001130	ATGTCGAGTTGGTAAA-1	1	1000913	1001013
chr1	1000968	1001070	TAGTCCCTCACATTCT-1	3	1000918	1001018
chr1	1000973	1001352	GCAGCCATCGCAACTA-1	1	1000923	1001023
chr1	1001007	1001346	GGAACCCCAAGGAAGA-1	1	1000957	1001057
chr1	1001034	1001217	TACATGGCACTGCTCT-1	4	1000984	1001084
chr1	1001035	1001248	TTACGTTAGATGCGCA-1	3	1000985	1001085
chr1	1001037	1001400	CACAACATCTTGGCCT-1	1	1000987	1001087
chr1	1001044	1001287	AACGTACCATCTCTCG-1	2	1000994	1001094
chr1	1001047	1001198	GACCTTCTCACTGGTA-1	1	1000997	1001097
chr1	1001047	1001206	GGATGAGAGAGCTACG-1	1	1000997	1001097
chr1	1001052	1001295	AAAGATGAGCTGAGGT-1	1	1001002	1001102
chr1	1001078	1001525	TAGGTGTCATCCTGGG-1	1	1001028	1001128
chr1	1001112	1001306	GCGTAGCAGATATGTG-1	1	1001062	1001162
chr1	1001125	1001266	AGCTGTAAGGAGAACA-1	1	1001075	1001175
chr1	1001130	1001177	GAACCGCGTTCTACCC-1	2	1001080	1001180
chr1	1001130	1001179	CAGCCTTGTAAGTGCG-1	1	1001080	1001180
chr1	1001156	1001200	CCACAGGTCTGAAAGA-1	1	1001106	1001206
chr1	1001177	1001370	GCTTGCTGTTCTCGAA-1	1	1001127	1001227
chr1	1001184	1001215	CAACGTACAGGCATCC-1	2	1001134	1001234
chr1	1001184	1001649	CAAAGCTGTTGGACGA-1	1	1001134	1001234
chr1	1001197	1001335	ATAGTCGGTAAGTGCG-1	2	1001147	1001247
chr1	1001198	1001424	ATTACTCTCCATCGAA-1	1	1001148	1001248
chr1	1001206	1001410	CATGTTTCAAAGGAAG-1	1	1001156	1001256
chr1	1001206	1001582	TGTGGCGCATTCCCGT-1	1	1001156	1001256
chr1	1001217	1001389	TACATGGCACTGCTCT-1	3	1001167	1001267
chr1	1001225	1001392	GCCAGCAGTCTGTTGA-1	1	1001175	1001275
chr1	1001225	1001434	AGTTTGGCATCGCTAA-1	2	1001175	1001275
chr1	1001257	1001454	TGCCTCATCGATCTTT-1	1	1001207	1001307
chr1	1001265	1001473	GTGCTGGGTGGACAGT-1	3	1001215	1001315
chr1	1001309	1001354	GCTCGAGAGGTGTTGG-1	4	1001259	1001359
chr1	1001309	1001382	AAACGAAAGGGTCCCT-1	1	1001259	1001359
chr1	1001324	1001402	TCCAGAACACTGTTAG-1	2	1001274	1001374
chr1	1001324	1001452	TGGACATCACCTACCT-1	4	1001274	1001374
chr1	1001335	1001410	AAGGTTCAGGAACCGT-1	1	1001285	1001385
chr1	1001341	1001395	GTGGCGTCACGCCGAT-1	1	1001291	1001391
chr1	1001341	1001422	TAGTCCCTCACATTCT-1	1	1001291	1001391
chr1	1001382	1001420	AACCTGACACATTCTT-1	2	1001332	1001432
chr1	1001385	1001550	TAGGAGGGTATATGGA-1	2	1001335	1001435
chr1	1001389	1001571	TACATGGCACTGCTCT-1	3	1001339	1001439
chr1	1001390	1001649	CTCTACGTCTTGTCAT-1	2	1001340	1001440
chr1	1001392	1001439	TGATGCATCTTTATCG-1	4	1001342	1001442
chr1	1001409	1001656	GACTAGTGTCGGCTGT-1	1	1001359	1001459
chr1	1001410	1001487	TACTCGCAGGGCTTCC-1	1	1001360	1001460
chr1	1001419	1001656	GAGGATGCAGACTAAA-1	1	1001369	1001469
chr1	1001429	1001841	GAGCATTGTCGATTAC-1	1	1001379	1001479
chr1	1001451	1001656	TGCCTGTTCTTTCGAT-1	1	1001401	1001501
chr1	1001472	1001633	GTACTTTAGGCCTAAG-1	7	1001422	1001522
chr1	1001597	1001641	GACCTTCTCACTGGTA-1	1	1001547	1001647
chr1	1001600	1001819	TGATGCATCTTTATCG-1	1	1001550	1001650
chr1	1001629	1001769	TTAGCTTCACAGAAGC-1	1	1001579	1001679
chr1	1001632	1001716	GCGTAGCAGATATGTG-1	1	1001582	1001682
chr1	1001656	1002014	TAGACTGAGTTCAAGA-1	1	1001606	1001706
chr1	1001661	1002032	GGTACCGTCTAGCAGT-1	1	1001611	1001711
chr1	1001755	1001950	GAGCATTTCACCCGGA-1	1	1001705	1001805
chr1	1001756	1001981	TGTGACACATTGCGAT-1	1	1001706	1001806
chr1	1001817	1002030	GTGGCGTCACGCCGAT-1	2	1001767	1001867
chr1	1001819	1001980	TGATGCATCTTTATCG-1	3	1001769	1001869
chr1	1001821	1002009	TATTGCTGTTCGGGAA-1	1	1001771	1001871
chr1	1001871	1002048	ACTCGGGCAACGGACA-1	2	1001821	1001921
chr1	1001875	1002310	ATTCGTTCAGCTATAC-1	2	1001825	1001925
chr1	1001938	1002158	CCAGAATAGCCTTTGA-1	1	1001888	1001988
chr1	1001987	1002173	TGGCCTTCACCTCGTT-1	1	1001937	1002037
chr1	1002000	1002040	GACCTTCTCACTGGTA-1	6	1001950	1002050
chr1	1002005	1002161	GAACCGCAGTTAGCAA-1	2	1001955	1002055
chr1	1002009	1002205	TATTGCTGTTCGGGAA-1	2	1001959	1002059
chr1	1002019	1002128	GCGTAGCAGATATGTG-1	2	1001969	1002069
chr1	1002030	1002336	GTGGCGTCACGCCGAT-1	2	1001980	1002080
chr1	1002032	1002421	GTTGGGCGTTTGCATG-1	1	1001982	1002082
chr1	1002032	1002424	ACCATCCTCTCTATCA-1	1	1001982	1002082
chr1	1002035	1002482	ATCCTGCGTGGAGTGT-1	2	1001985	1002085
chr1	1002037	1002405	CAAAGCTGTTGGACGA-1	1	1001987	1002087
chr1	1002042	1002232	AACTGGTCATACAACC-1	3	1001992	1002092
chr1	1002042	1002242	CGTGGCACAGATACAA-1	9	1001992	1002092
chr1	1002048	1002237	CGTTCCAGTATCGCGC-1	2	1001998	1002098
chr1	1002050	1002092	AACCTGATCGCACCTT-1	2	1002000	1002100
chr1	1002052	1002264	TCAGGTACATGGTAAA-1	1	1002002	1002102
chr1	1002052	1002272	GCACGCAAGCGCGTTC-1	2	1002002	1002102
chr1	1002057	1002446	GCATTGACAGACTAAA-1	2	1002007	1002107
chr1	1002069	1002519	GTAGACTGTACGTAGG-1	3	1002019	1002119
chr1	1002085	1002292	GCGTTGGAGGTTACAA-1	1	1002035	1002135
chr1	1002099	1002341	CTGAATGAGAAATACC-1	1	1002049	1002149
chr1	1002174	1002356	TACATGGCACTGCTCT-1	1	1002124	1002224
chr1	1002191	1002222	TCCAGAACATTGCCTC-1	1	1002141	1002241
chr1	1002207	1002242	GTCCATCCAAACCCTA-1	1	1002157	1002257
chr1	1002209	1002567	TGAATCGAGGCTCAGA-1	1	1002159	1002259
chr1	1002212	1002318	TGTGACACAGTAACCT-1	1	1002162	1002262
chr1	1002219	1002282	TAGGAGGTCCTCCCAA-1	1	1002169	1002269
chr1	1002222	1002256	TCTCAGCGTAACGGCA-1	1	1002172	1002272
chr1	1002222	1002409	CAAGGCCAGCTAACAA-1	1	1002172	1002272
chr1	1002224	1002261	CTCTACGCATTACCTT-1	2	1002174	1002274
chr1	1002224	1002400	TGCATGACACTCGGAC-1	1	1002174	1002274
chr1	1002229	1002326	ACAAGCTGTCATTGCA-1	2	1002179	1002279
chr1	1002232	1002416	GGATAGGAGAAAGCAG-1	6	1002182	1002282
chr1	1002235	1002430	GTTATGGTCGCGCTGA-1	1	1002185	1002285
chr1	1002241	1002383	TTACGTTAGATGCGCA-1	1	1002191	1002291
chr1	1002242	1002312	AACTTGGTCACATTCT-1	1	1002192	1002292
chr1	1002245	1002308	GAGGTCCAGACAACGC-1	1	1002195	1002295
chr1	1002245	1002385	ATGTCGAGTTGGTAAA-1	5	1002195	1002295
chr1	1002254	1002502	CGCTAGGGTTGCAGAG-1	2	1002204	1002304
chr1	1002256	1002419	TACTCGCAGGTAAGCC-1	1	1002206	1002306
chr1	1002256	1002509	GTCACTCCAACTCGAT-1	4	1002206	1002306
chr1	1002257	1002375	GATTGACAGTTGAATG-1	4	1002207	1002307
chr1	1002259	1002431	TTTGCGCCACGGCCAT-1	1	1002209	1002309
chr1	1002259	1002446	AGGCCCACAATAGTGA-1	6	1002209	1002309
chr1	1002267	1002435	CCCTGATAGGTAAGCC-1	1	1002217	1002317
chr1	1002267	1002443	GTAGACTCAAAGGAAG-1	3	1002217	1002317
chr1	1002267	1002499	AAAGATGAGCATTGGG-1	1	1002217	1002317
chr1	1002267	1002849	GTGCTGGTCTGAACGT-1	1	1002217	1002317
chr1	1002272	1002471	CCCTAACTCGAGAAGC-1	1	1002222	1002322
chr1	1002280	1002470	TACTAGGCATCCCGGA-1	2	1002230	1002330
chr1	1002284	1002322	GGAACTTTCACAACAC-1	2	1002234	1002334
chr1	1002287	1002312	GGTGAAGAGAGCGGTT-1	1	1002237	1002337
chr1	1002299	1002463	GAACCGCCATAGCCGC-1	3	1002249	1002349
chr1	1002299	1002557	CATTGGAAGGAACCGT-1	2	1002249	1002349
chr1	1002310	1002682	TTGCGAACATTCACCC-1	1	1002260	1002360
chr1	1002312	1002335	AACTTGGTCACATTCT-1	3	1002262	1002362
chr1	1002312	1002738	CCTGGGATCCTCATTA-1	2	1002262	1002362
chr1	1002316	1002569	GAAAGTAGTTCTCGAA-1	3	1002266	1002366
chr1	1002318	1002390	CATGCCTCAACTTGGT-1	2	1002268	1002368
chr1	1002328	1002554	GTTATGGTCACGTCAA-1	3	1002278	1002378
chr1	1002335	1002519	AACTTGGTCACATTCT-1	1	1002285	1002385
chr1	1002341	1002383	CTGAATGAGAAATACC-1	2	1002291	1002391
chr1	1002383	1002446	GTGCCAGAGCTGATTC-1	2	1002333	1002433
chr1	1002383	1003186	CTGAATGAGAAATACC-1	1	1002333	1002433
chr1	1002385	1002420	ATGTCGAGTTGGTAAA-1	2	1002335	1002435
chr1	1002419	1002592	ACCGGGTAGTGAAGGA-1	1	1002369	1002469
chr1	1002420	1002678	ATGTCGAGTTGGTAAA-1	4	1002370	1002470
chr1	1002421	1002448	AAGGAGCTCGTCCCAT-1	3	1002371	1002471
chr1	1002421	1002485	TACTAGGTCTGGCTAA-1	2	1002371	1002471
chr1	1002430	1002686	GCACCTTCATCATCGA-1	1	1002380	1002480
chr1	1002439	1002635	CTGCGTTAGTGAGTTA-1	1	1002389	1002489
chr1	1002458	1002517	TCCAGAACATTGCCTC-1	3	1002408	1002508
chr1	1002458	1002552	GCATGATGTCAGCTTA-1	1	1002408	1002508
chr1	1002459	1002635	GGAATCTGTATGGATA-1	2	1002409	1002509
chr1	1002464	1002634	GCATTGACAGACTAAA-1	5	1002414	1002514
chr1	1002470	1002635	GCAACCGAGGCACCTC-1	1	1002420	1002520
chr1	1002482	1002567	ACTACGAAGTCACACT-1	3	1002432	1002532
chr1	1002492	1002586	GGGCCATGTGGCCTCA-1	4	1002442	1002542
chr1	1002500	1002856	CATAACGAGTCTGCTA-1	3	1002450	1002550
chr1	1002507	1002907	GCTTTCGAGTAGTTCC-1	2	1002457	1002557
chr1	1002509	1002596	GAGGTCCAGACAACGC-1	1	1002459	1002559
chr1	1002509	1002856	ACAGGCCTCATTGCCC-1	1	1002459	1002559
chr1	1002516	1002590	CTTGCTGAGACGACTG-1	3	1002466	1002566
chr1	1002529	1002672	AACCGATGTTTGCATG-1	1	1002479	1002579
chr1	1002547	1002596	CACATGAAGGTCGTTT-1	1	1002497	1002597
chr1	1002553	1002607	CCGCATTTCGAAGCCC-1	2	1002503	1002603
chr1	1002569	1002624	AAAGGATGTAAACGAT-1	3	1002519	1002619
chr1	1002569	1002837	GAAAGTAGTTCTCGAA-1	3	1002519	1002619
chr1	1002586	1002632	GTGCCAGAGCTGATTC-1	1	1002536	1002636
chr1	1002586	1002904	GGGCCATGTGGCCTCA-1	1	1002536	1002636
chr1	1002607	1002789	CGGTGCACATTGCGAT-1	1	1002557	1002657
chr1	1002612	1002771	GTTGGGCGTTTGCATG-1	1	1002562	1002662
chr1	1002649	1002792	GTGCCAGAGCTGATTC-1	1	1002599	1002699
chr1	1002653	1002682	TACGGATCATGCACTA-1	1	1002603	1002703
chr1	1002653	1002686	ACATGGTGTGAATCGG-1	1	1002603	1002703
chr1	1002656	1002692	GCGATTACAGGACCTC-1	1	1002606	1002706
chr1	1002658	1002678	ACTATTCCATGGCCCA-1	1	1002608	1002708
chr1	1002658	1002682	ACAGGCCAGGGAAATG-1	1	1002608	1002708
chr1	1002658	1002688	ACAGGCCTCTGTAGAC-1	1	1002608	1002708
chr1	1002658	1002690	CTTGCCACATAGCAGG-1	1	1002608	1002708
chr1	1002663	1002888	AGCCTTCCATTACCTT-1	1	1002613	1002713
chr1	1002727	1002904	AGCCTCTTCCCGATTC-1	2	1002677	1002777
chr1	1002737	1002810	ACAAGCTAGGCGCTTC-1	2	1002687	1002787
chr1	1002754	1003100	CTGGCAGCACTTGCGG-1	1	1002704	1002804
chr1	1002769	1003055	ATGTACGCAAGACACG-1	2	1002719	1002819
chr1	1002788	1002849	ACCGGGTAGTGAAGGA-1	1	1002738	1002838
chr1	1002792	1002835	GTGCCAGAGCTGATTC-1	1	1002742	1002842
chr1	1002815	1003224	GTAGACTCAAAGGAAG-1	1	1002765	1002865
chr1	1002820	1003090	CTCAGAAGTGCTGTGC-1	1	1002770	1002870
chr1	1002822	1002923	GGATAGGGTCCGGTAC-1	2	1002772	1002872
chr1	1002838	1002872	CAGCTGGCAACATAAG-1	1	1002788	1002888
chr1	1002849	1002928	GTGCTGGTCTGAACGT-1	8	1002799	1002899
chr1	1002854	1003017	CACTGAACATTGCCTC-1	1	1002804	1002904
chr1	1002856	1002904	GCTTGCTGTTCTCGAA-1	2	1002806	1002906
chr1	1002856	1002914	GTTCAAGCAGGTAACG-1	1	1002806	1002906
chr1	1002856	1002916	ATGTCGAGTTGGTAAA-1	3	1002806	1002906
chr1	1002856	1003071	AGCGTGCAGAAATACC-1	4	1002806	1002906
chr1	1002859	1002902	CACAGATGTTGTGAGG-1	1	1002809	1002909
chr1	1002882	1003065	ATATTCCCACTCCCAT-1	1	1002832	1002932
chr1	1002905	1003214	CTAGGGCCAGAGTCGA-1	1	1002855	1002955
chr1	1002921	1003100	GCGTTGGCAATTGGCT-1	6	1002871	1002971
chr1	1002928	1002971	GTGCTGGTCTGAACGT-1	2	1002878	1002978
chr1	1002935	1003352	TCAGTTTTCCGCCTAT-1	1	1002885	1002985
chr1	1002976	1003099	TCAGTTTTCAGGAATA-1	1	1002926	1003026
chr1	1002984	1003047	TAGCATGTCACTACCC-1	1	1002934	1003034
chr1	1003000	1003061	AAGGAGCTCGTCCCAT-1	1	1002950	1003050
chr1	1003013	1003274	GGGAACACAGGTAACG-1	1	1002963	1003063
chr1	1003031	1003065	CTTGTCGGTTTGAAGA-1	1	1002981	1003081
chr1	1003044	1003230	CAGCTGGTCCAAGAGG-1	1	1002994	1003094
chr1	1003054	1003095	GAACCGCTCGGTACTA-1	1	1003004	1003104
chr1	1003054	1003123	GACCCAGCATCCTCGT-1	3	1003004	1003104
chr1	1003065	1003179	CTTGCTGCAATCATCG-1	1	1003015	1003115
chr1	1003113	1003234	GCGTAGCAGATATGTG-1	2	1003063	1003163
chr1	1003131	1003516	TATGTTCGTGAATGTA-1	1	1003081	1003181
chr1	1003146	1003289	GCAACCGAGGCACCTC-1	3	1003096	1003196
chr1	1003146	1003504	CACCACTGTAACTGAA-1	1	1003096	1003196
chr1	1003179	1003663	CTTGCTGCAATCATCG-1	1	1003129	1003229
chr1	1003199	1003569	TGTTAGGCATTACTCT-1	3	1003149	1003249
chr1	1003203	1003385	GAGCATTTCACCCGGA-1	1	1003153	1003253
chr1	1003224	1003421	TTCGTTATCGCGATGC-1	1	1003174	1003274
chr1	1003307	1003344	AAGGAGCTCGTCCCAT-1	2	1003257	1003357
chr1	1003344	1003651	ACAAAGAGTACCAAGG-1	1	1003294	1003394
chr1	1003376	1003784	ATTGTGGAGGTGATGC-1	2	1003326	1003426
chr1	1003385	1003536	CCCTAGTCATCCCAAA-1	3	1003335	1003435
chr1	1003407	1003626	GAAGTCTGTTAGGAGC-1	1	1003357	1003457
chr1	1003444	1003600	GGTAGGAGTTGGACGA-1	2	1003394	1003494
chr1	1003466	1003745	GAGCATTTCACCCGGA-1	3	1003416	1003516
chr1	1003468	1003571	ATGTCGAGTTGGTAAA-1	1	1003418	1003518
chr1	1003477	1003971	CAAAGCTGTTGCCGCA-1	1	1003427	1003527
chr1	1003511	1003541	ACTACCCGTCGGCTGT-1	1	1003461	1003561
chr1	1003511	1003548	GTAATCGGTTTGACCA-1	1	1003461	1003561
chr1	1003517	1003608	ACAGGCCAGGAGTACC-1	3	1003467	1003567
chr1	1003536	1003626	GTGGATTCAACAACTC-1	1	1003486	1003586
chr1	1003548	1003571	ATGTCGAGTTGGTAAA-1	2	1003498	1003598
chr1	1003548	1003580	AGCTGATGTAAGTCTC-1	1	1003498	1003598
chr1	1003560	1003939	TTCGCGTTCGCAAGCC-1	1	1003510	1003610
chr1	1003568	1003626	AAGGTTCTCGTAGCGC-1	1	1003518	1003618
chr1	1003579	1003978	GCACGCACATTCACGA-1	1	1003529	1003629
chr1	1003603	1003636	CCAGATACAATTCGTG-1	1	1003553	1003653
chr1	1003603	1003656	GCGGAAAGTACGTAAA-1	2	1003553	1003653
chr1	1003605	1003772	TACAGCAAGTCCTTCC-1	4	1003555	1003655
chr1	1003605	1004107	CCTCCCTAGGGTAATT-1	1	1003555	1003655
chr1	1003608	1003672	AGCTGGCCAGGTGGTA-1	1	1003558	1003658
chr1	1003611	1003767	AGTTTGGAGTGATCTC-1	1	1003561	1003661
chr1	1003626	1003987	CCTGCTATCGAGTTAC-1	1	1003576	1003676
chr1	1003656	1003971	GATGGCCCAAATTGAG-1	1	1003606	1003706
chr1	1003657	1003765	TCACAGAGTTAACCAC-1	1	1003607	1003707
chr1	1003667	1003971	TGGTCAAGTCTGAGCC-1	5	1003617	1003717
chr1	1003673	1003845	GCACGCATCGTGTGCG-1	3	1003623	1003723
chr1	1003675	1003874	GATGGCCAGACTTGAA-1	4	1003625	1003725
chr1	1003684	1004171	GAAAGTACAAAGGCCA-1	1	1003634	1003734
chr1	1003686	1003877	TGCATGAGTGCATCAT-1	1	1003636	1003736
chr1	1003690	1003807	ATGTCGAGTTGGTAAA-1	3	1003640	1003740
chr1	1003692	1004073	CTGTATTCAAAGGAAG-1	1	1003642	1003742
chr1	1003693	1004088	TTACGTTCAAACGACG-1	1	1003643	1003743
chr1	1003699	1003817	ACTACCCGTCGGCTGT-1	4	1003649	1003749
chr1	1003699	1003933	GTGACATGTACGTAAA-1	1	1003649	1003749
chr1	1003740	1003978	AGTTTGGTCGCTACCT-1	2	1003690	1003790
chr1	1003744	1003987	TCCCACAGTGGGTAGT-1	1	1003694	1003794
chr1	1003744	1004007	GATCGTAGTCTCTGCT-1	2	1003694	1003794
chr1	1003750	1003936	TGCCTCAAGAGGCGGA-1	3	1003700	1003800
chr1	1003764	1004008	AGCGATTTCACCACAA-1	2	1003714	1003814
chr1	1003765	1003887	GTGGCGTCACGCCGAT-1	1	1003715	1003815
chr1	1003773	1004038	CAACGGCAGCATTGGG-1	5	1003723	1003823
chr1	1003774	1003978	TCACTCGCAGTAGGCA-1	1	1003724	1003824
chr1	1003777	1004047	AGGCGTCAGACGCCCT-1	5	1003727	1003827
chr1	1003777	1004123	ATGTCGAGTCTGGTTA-1	1	1003727	1003827
chr1	1003779	1003864	TACATGGCACTGCTCT-1	7	1003729	1003829
chr1	1003782	1003936	CATGCCTAGGGTAGTC-1	1	1003732	1003832
chr1	1003782	1004142	TGCATGACACTCGGAC-1	1	1003732	1003832
chr1	1003790	1003864	GAAGTCTCACGCGTTG-1	2	1003740	1003840
chr1	1003793	1003995	CTCCCAAGTGGACCAA-1	4	1003743	1003843
chr1	1003793	1004019	CTCCCAAGTGGACCAA-1	1	1003743	1003843
chr1	1003798	1004132	AGACAAAGTAATGCCT-1	2	1003748	1003848
chr1	1003798	1004196	GAGCATTTCACCCGGA-1	3	1003748	1003848
chr1	1003802	1003963	TGTAGCACAGCAAACG-1	2	1003752	1003852
chr1	1003803	1004027	GGGTTATTCCGTCAAA-1	2	1003753	1003853
chr1	1003843	1004039	GAACGTTAGCCTATAC-1	2	1003793	1003893
chr1	1003843	1004062	GTTCAAGCAGGTAACG-1	1	1003793	1003893
chr1	1003843	1004132	GGCGAAAAGCCTGTAT-1	1	1003793	1003893
chr1	1003844	1003879	TGATGCATCTTTATCG-1	1	1003794	1003894
chr1	1003844	1004012	TACATGGCATGGGTGA-1	2	1003794	1003894
chr1	1003844	1004093	ATGCATGGTATGGATA-1	1	1003794	1003894
chr1	1003846	1003911	AGTCCGGAGTGCAACG-1	3	1003796	1003896
chr1	1003848	1004030	TGTTAGGCATCGGCCA-1	1	1003798	1003898
chr1	1003854	1004207	AGTCCGGCACTCCTCA-1	1	1003804	1003904
chr1	1003856	1003887	AAAGGGCGTTCTTATC-1	1	1003806	1003906
chr1	1003856	1003901	GGATGAGCAATCCATG-1	3	1003806	1003906
chr1	1003856	1004093	TACTAGGTCGATAGCT-1	1	1003806	1003906
chr1	1003856	1004094	TCTATTGCATAGCCAT-1	1	1003806	1003906
chr1	1003864	1004017	TACATGGCACTGCTCT-1	2	1003814	1003914
chr1	1003864	1004096	GAAGTCTCACGCGTTG-1	2	1003814	1003914
chr1	1003870	1004201	CAGCTAATCCCGTAGG-1	1	1003820	1003920
chr1	1003871	1003906	ACTACCCGTCGGCTGT-1	2	1003821	1003921
chr1	1003871	1004022	TGGGTTAGTATTCTTC-1	1	1003821	1003921
chr1	1003873	1003906	ACTACCCGTCGGCTGT-1	1	1003823	1003923
chr1	1003889	1003931	TTTGCGCGTCGATAGG-1	2	1003839	1003939
chr1	1003889	1004022	GCGTAGCAGATATGTG-1	3	1003839	1003939
chr1	1003889	1004038	ACAGCGCGTCACCCGA-1	8	1003839	1003939
chr1	1003889	1004057	ACTAACGCATGCGACC-1	1	1003839	1003939
chr1	1003889	1004132	CGCAGGTCATTCCCGT-1	1	1003839	1003939
chr1	1003894	1004094	GAGCGCTTCGAACCGC-1	3	1003844	1003944
chr1	1003906	1004109	ACCAAACGTGCATCAT-1	3	1003856	1003956
chr1	1003907	1004041	TACCTCGAGACGTCAG-1	3	1003857	1003957
chr1	1003909	1004132	ATTGTGGAGTGAATAC-1	1	1003859	1003959
chr1	1003910	1004142	AACAAAGAGGGCTTCC-1	5	1003860	1003960
chr1	1003915	1004159	GTAGTACAGTCTGTGT-1	4	1003865	1003965
chr1	1003919	1003971	TTCGCGTGTTTGCCCT-1	5	1003869	1003969
chr1	1003919	1004094	ACTACGATCGTTTGAG-1	4	1003869	1003969
chr1	1003920	1003985	CTCTCAGGTTCCCGGA-1	1	1003870	1003970
chr1	1003920	1004109	GCGGTGTAGTACCCAT-1	1	1003870	1003970
chr1	1003927	1004109	AATGGCTTCGGTAGGA-1	3	1003877	1003977
chr1	1003930	1004132	GTCACAACAGCAACGA-1	4	1003880	1003980
chr1	1003931	1003963	CTACAGATCCCAGTAA-1	1	1003881	1003981
chr1	1003931	1003987	ACCGCAGCACCTGTGG-1	4	1003881	1003981
chr1	1003933	1004186	TTCGCGTTCCACGGCA-1	1	1003883	1003983
chr1	1003935	1003978	GTTATGGGTGCGTCCA-1	1	1003885	1003985
chr1	1003935	1004206	GTTATGGTCGCGCTGA-1	1	1003885	1003985
chr1	1003937	1003973	AGTGCGCGTAACCGAG-1	1	1003887	1003987
chr1	1003939	1004022	CGCAGGTCAGGCTACC-1	4	1003889	1003989
chr1	1003939	1004107	CACTAAGGTATATGGA-1	1	1003889	1003989
chr1	1003939	1004128	AGACAAATCTGTGTGA-1	1	1003889	1003989
chr1	1003939	1004168	GACCAATCAGACTAAA-1	1	1003889	1003989
chr1	1003943	1004142	CTTGCTGAGTCTGCTA-1	2	1003893	1003993
chr1	1003949	1004101	TGGTCAAGTCTGAGCC-1	2	1003899	1003999
chr1	1003953	1004017	ACAATCGCAGGGTACA-1	1	1003903	1004003
chr1	1003959	1004088	TGCCTGTAGGGCTTCC-1	2	1003909	1004009
chr1	1003963	1004177	GAGTGAGTCAAGGCAG-1	4	1003913	1004013
chr1	1003963	1004201	CAGGGCTGTGGCCTTG-1	1	1003913	1004013
chr1	1003968	1004301	CGCTGGAAGGCGTAGT-1	2	1003918	1004018
chr1	1003968	1004319	TGCCTCAAGGTACTCT-1	1	1003918	1004018
chr1	1003970	1004104	GTGGCGTCACGCCGAT-1	1	1003920	1004020
chr1	1003971	1004377	TTTGGTTAGAATACTG-1	1	1003921	1004021
chr1	1003971	1004399	AAGGTTCCATCGGCCA-1	1	1003921	1004021
chr1	1003978	1004025	CAGGATTGTGCGCTCA-1	2	1003928	1004028
chr1	1003978	1004048	CGCAATAGTGAGGGTT-1	3	1003928	1004028
chr1	1003978	1004063	GCGATCGTCCAAGTCA-1	2	1003928	1004028
chr1	1003978	1004077	GTGTGATGTAATGCCT-1	1	1003928	1004028
chr1	1003978	1004093	CTCGCTATCCAGCACG-1	5	1003928	1004028
chr1	1003978	1004094	GAAGTCTTCGATGAAA-1	1	1003928	1004028
chr1	1003978	1004144	ACCCAAACACTGATAC-1	1	1003928	1004028
chr1	1003978	1004193	GCCTAGGAGTTCAACC-1	1	1003928	1004028
chr1	1003978	1004197	AGACAAAAGTCTCGAT-1	1	1003928	1004028
chr1	1003978	1004206	GGTGCTGGTCCCTTTG-1	4	1003928	1004028
chr1	1003978	1004287	AACCGATGTTTGCATG-1	1	1003928	1004028
chr1	1003978	1004350	CTCAGCTTCGGCATAT-1	1	1003928	1004028
chr1	1003984	1004057	GTTCAAGCAGGTAACG-1	1	1003934	1004034
chr1	1003986	1004094	TAGCACAAGCGTTGCC-1	7	1003936	1004036
chr1	1003986	1004104	GGTAGGAGTTCGGGAA-1	1	1003936	1004036
chr1	1003986	1004301	GAGGATGCATAGCCAT-1	4	1003936	1004036
chr1	1003987	1004057	ACAAGCTTCCATACGA-1	1	1003937	1004037
chr1	1003987	1004093	AAACTCGAGAATCAAC-1	1	1003937	1004037
chr1	1003988	1004057	GGTGCTGCATGGAGGT-1	1	1003938	1004038
chr1	1003992	1004101	TTGTTGTAGAAGAGTG-1	1	1003942	1004042
chr1	1003992	1004196	GTGGATTCAGTAGGCA-1	1	1003942	1004042
chr1	1004002	1004087	GCGCCAACACAGTTAC-1	1	1003952	1004052
chr1	1004003	1004046	GCTCGAGTCGAGGTAG-1	4	1003953	1004053
chr1	1004003	1004220	TGTTAGGCATTACTCT-1	1	1003953	1004053
chr1	1004007	1004057	CGGACCAAGAGATTAC-1	4	1003957	1004057
chr1	1004007	1004062	CACAGATGTTTCGATG-1	1	1003957	1004057
chr1	1004007	1004094	GTTGGGCTCCGCTATC-1	2	1003957	1004057
chr1	1004008	1004073	AGCGATTTCACCACAA-1	1	1003958	1004058
chr1	1004008	1004313	GTGGCGTAGAGAGTAG-1	1	1003958	1004058
chr1	1004010	1004053	TCCATCGCATAGAATG-1	5	1003960	1004060
chr1	1004010	1004291	CATAACGGTGGATTCT-1	1	1003960	1004060
chr1	1004010	1004303	TATGTGGTCATCGCCT-1	1	1003960	1004060
chr1	1004010	1004311	AGCGTATGTACGGAGT-1	1	1003960	1004060
chr1	1004010	1004379	ATCCAGAAGAAAGGGT-1	1	1003960	1004060
chr1	1004011	1004093	ACGGATTAGGGAGTTC-1	1	1003961	1004061
chr1	1004016	1004094	TGTGGCGTCTCTTAAC-1	4	1003966	1004066
chr1	1004017	1004052	ACTTCCGCAAGTCCTA-1	2	1003967	1004067
chr1	1004017	1004057	CACAGATAGCTTACCA-1	1	1003967	1004067
chr1	1004022	1004377	GGTGTCGCACTCAGCG-1	1	1003972	1004072
chr1	1004030	1004433	AGCTGATGTAAGTCTC-1	1	1003980	1004080
chr1	1004035	1004096	GACCCAGCAACAACTC-1	1	1003985	1004085
chr1	1004038	1004073	AGACAAACATCGAGTT-1	3	1003988	1004088
chr1	1004038	1004096	TCAATTCCATAGTCCA-1	1	1003988	1004088
chr1	1004041	1004162	AAATGCCCAGACTAAA-1	2	1003991	1004091
chr1	1004043	1004073	TCCAGAACAAGGTCGA-1	1	1003993	1004093
chr1	1004044	1004082	ATCCTGCTCTGTGTCC-1	2	1003994	1004094
chr1	1004047	1004088	TCAGTTTTCGCTACCT-1	2	1003997	1004097
chr1	1004047	1004098	TGATCAGCAATGATGA-1	3	1003997	1004097
chr1	1004047	1004142	CTCTCGAAGCGAATAT-1	1	1003997	1004097
chr1	1004047	1004177	CATAACGTCGCTTGAA-1	4	1003997	1004097
chr1	1004049	1004181	TGATGCATCTTTATCG-1	1	1003999	1004099
chr1	1004051	1004138	CACAGATCAATCACTG-1	2	1004001	1004101
chr1	1004051	1004344	GATGGCCAGAGTAAGG-1	2	1004001	1004101
chr1	1004052	1004088	CATAACGAGCCATGGA-1	3	1004002	1004102
chr1	1004056	1004101	AGACAAAGTCGATAGG-1	3	1004006	1004106
chr1	1004056	1004132	ACAAGCTTCCATACGA-1	6	1004006	1004106
chr1	1004056	1004142	TTACGTTCAAACGACG-1	2	1004006	1004106
chr1	1004056	1004184	CTGGGACAGAACGACC-1	2	1004006	1004106
chr1	1004056	1004312	GAGACTTCAAAGAGAG-1	1	1004006	1004106
chr1	1004057	1004088	TTAGGTGAGTGAGCAC-1	1	1004007	1004107
chr1	1004057	1004101	TCCAGAAAGGAAGAAC-1	2	1004007	1004107
chr1	1004057	1004140	ATGCATGAGTGTTCCA-1	3	1004007	1004107
chr1	1004057	1004147	CGTTCCATCTTGCGCT-1	3	1004007	1004107
chr1	1004057	1004176	GAAGTGGCAGTGCGAA-1	1	1004007	1004107
chr1	1004057	1004308	TGTTAGGCATTTAGGC-1	3	1004007	1004107
chr1	1004058	1004124	ACCGGGTGTATCAGCT-1	1	1004008	1004108
chr1	1004061	1004167	GAAAGTACATGGTAAA-1	1	1004011	1004111
chr1	1004061	1004201	ATGCATGAGTCTGTGT-1	4	1004011	1004111
chr1	1004062	1004117	GTTCAAGCAGGTAACG-1	8	1004012	1004112
chr1	1004062	1004132	ACTTTCAAGGAAGACA-1	1	1004012	1004112
chr1	1004062	1004139	CACAACAGTCGTAATC-1	2	1004012	1004112
chr1	1004062	1004182	CTCCCAAAGGGAAATG-1	3	1004012	1004112
chr1	1004063	1004107	TGGGTTAGTAACTCCA-1	7	1004013	1004113
chr1	1004067	1004171	CCCTGATGTGCCCGAT-1	5	1004017	1004117
chr1	1004068	1004109	CTAGCGGTCCTTTGAT-1	1	1004018	1004118
chr1	1004068	1004124	GGCGAAATCGATGCAT-1	2	1004018	1004118
chr1	1004068	1004127	TCTCAGCGTTAGGAAT-1	2	1004018	1004118
chr1	1004068	1004132	TGAATCGCACGTTGTA-1	1	1004018	1004118
chr1	1004068	1004147	AAACGAAGTCGCGCTA-1	3	1004018	1004118
chr1	1004068	1004177	TACTCGCTCGGCAATT-1	4	1004018	1004118
chr1	1004068	1004181	TGTTAGGCATCGGCCA-1	1	1004018	1004118
chr1	1004068	1004198	TAACGGTGTTCTTTCA-1	1	1004018	1004118
chr1	1004068	1004201	TAGGTGTTCAGTGTAC-1	1	1004018	1004118
chr1	1004068	1004217	GTGGCGTAGTGGTGTG-1	1	1004018	1004118
chr1	1004068	1004325	TGCTATTTCTTATCAC-1	2	1004018	1004118
chr1	1004068	1004390	GACCTTCCAGGTGGTA-1	1	1004018	1004118
chr1	1004071	1004101	TGTGTCCTCTTACTCA-1	1	1004021	1004121
chr1	1004071	1004128	AGTTACGGTCATGAGG-1	1	1004021	1004121
chr1	1004071	1004147	ATTGTCTCAAAGAGAG-1	4	1004021	1004121
chr1	1004072	1004209	GCCCGAATCAGAATGA-1	1	1004022	1004122
chr1	1004073	1004094	GGAGGATCAGGGTACA-1	2	1004023	1004123
chr1	1004073	1004128	GCCAGACCAAAGAGAG-1	2	1004023	1004123
chr1	1004073	1004147	CAGTGCGAGATCTAAG-1	1	1004023	1004123
chr1	1004073	1004148	ATGTCGAGTTGGTAAA-1	5	1004023	1004123
chr1	1004073	1004169	GAACTTGAGAGGTACC-1	1	1004023	1004123
chr1	1004073	1004181	TCCCACAGTGGGTAGT-1	4	1004023	1004123
chr1	1004073	1004192	TAGCATGGTACGCAAG-1	6	1004023	1004123
chr1	1004073	1004224	TAGCACACAGGTAGCA-1	8	1004023	1004123
chr1	1004073	1004266	ACTACCCTCCTGGAAT-1	2	1004023	1004123
chr1	1004073	1004274	AACATCGCACACATTG-1	1	1004023	1004123
chr1	1004073	1004325	TCCAGAACAAGGTCGA-1	2	1004023	1004123
chr1	1004073	1004433	GAAAGTAGTTCTCGAA-1	1	1004023	1004123
chr1	1004075	1004142	AGGCCCAAGTAGGTCG-1	3	1004025	1004125
chr1	1004075	1004186	AATGTCGCACGAACGA-1	2	1004025	1004125
chr1	1004075	1004276	ACCGAATAGCACCATT-1	1	1004025	1004125
chr1	1004077	1004314	CTGCGTTAGTGAGTTA-1	1	1004027	1004127
chr1	1004082	1004179	GCCTACTAGGTTAGTA-1	2	1004032	1004132
chr1	1004082	1004410	AGCGTATAGGCGTCCT-1	1	1004032	1004132
chr1	1004083	1004201	AAGGTTCAGTCGGGAT-1	5	1004033	1004133
chr1	1004083	1004409	GCGCATGAGGTGATGC-1	1	1004033	1004133
chr1	1004088	1004187	GGAGGATGTATTGTGC-1	2	1004038	1004138
chr1	1004088	1004410	TGACAACAGAATCAGT-1	2	1004038	1004138
chr1	1004089	1004201	TGTGGCGAGACACAAT-1	1	1004039	1004139
chr1	1004093	1004166	GTTGGTAGTGTCCCAG-1	2	1004043	1004143
chr1	1004093	1004171	CAATCCCCAATTAGGA-1	1	1004043	1004143
chr1	1004093	1004177	AGTCAACTCCATGACA-1	2	1004043	1004143
chr1	1004093	1004181	ACAATCGAGTGTCCCG-1	7	1004043	1004143
chr1	1004093	1004206	CCTTGCAGTATTCGAC-1	3	1004043	1004143
chr1	1004093	1004259	CTTTGCGAGATAGGTT-1	1	1004043	1004143
chr1	1004093	1004323	AGATTCGAGTAATGTG-1	1	1004043	1004143
chr1	1004094	1004159	ATTGTGGTCGCATAAC-1	3	1004044	1004144
chr1	1004094	1004167	GAGTGAGAGTAGCAAT-1	2	1004044	1004144
chr1	1004094	1004171	ATCGAGTAGCTATCCA-1	9	1004044	1004144
chr1	1004094	1004186	CGCACAGCAGTTACAC-1	5	1004044	1004144
chr1	1004094	1004187	TCAGTCCAGATCGAGC-1	1	1004044	1004144
chr1	1004094	1004190	TAGCTTTTCGTGCTGG-1	2	1004044	1004144
chr1	1004094	1004220	GTTATGGGTGCGTCCA-1	3	1004044	1004144
chr1	1004094	1004232	TGCACCTAGGGTTCTT-1	3	1004044	1004144
chr1	1004094	1004257	AGTCAACTCGTGAGTT-1	1	1004044	1004144
chr1	1004094	1004344	CTAGCGGCATGTGAGG-1	3	1004044	1004144
chr1	1004094	1004366	GGTACCGGTTTGTCTT-1	1	1004044	1004144
chr1	1004096	1004207	GAAGTCTCACGCGTTG-1	4	1004046	1004146
chr1	1004096	1004232	TCAATTCCATAGTCCA-1	2	1004046	1004146
chr1	1004098	1004179	GCCAGACTCCGGGCAT-1	3	1004048	1004148
chr1	1004101	1004146	AGCGTGCTCGGCATAT-1	2	1004051	1004151
chr1	1004101	1004167	TGGGTGCTCGCCCTTA-1	9	1004051	1004151
chr1	1004101	1004176	CATGCCTGTTGTCGGC-1	1	1004051	1004151
chr1	1004101	1004177	CCGAAGCTCAGTACAC-1	4	1004051	1004151
chr1	1004101	1004181	GTACTTTCATCATAGC-1	2	1004051	1004151
chr1	1004101	1004265	GCGCATGAGTCTCCAA-1	1	1004051	1004151
chr1	1004101	1004271	ATGTACGTCGGCATAT-1	2	1004051	1004151
chr1	1004101	1004291	TGATTTCCACAGTTCA-1	1	1004051	1004151
chr1	1004101	1004325	CCACAGGTCTCTTAAC-1	1	1004051	1004151
chr1	1004103	1004168	AGCTGGCAGTACCCAT-1	3	1004053	1004153
chr1	1004104	1004145	CCGAAGCTCAAGGCAG-1	2	1004054	1004154
chr1	1004104	1004168	CGGACCAAGATTACGA-1	3	1004054	1004154
chr1	1004104	1004196	TCAGCTCCATACAACC-1	3	1004054	1004154
chr1	1004104	1004399	AAAGGATCAGTAAGCG-1	1	1004054	1004154
chr1	1004104	1004557	GTTGGTATCAGTCAAC-1	1	1004054	1004154
chr1	1004106	1004302	CAGTGCGCACAGAAGC-1	2	1004056	1004156
chr1	1004107	1004151	CACATGATCTATCTTG-1	2	1004057	1004157
chr1	1004107	1004153	TTTGGCCAGGCAAGCT-1	3	1004057	1004157
chr1	1004107	1004186	CTCGCTAAGAGTCCGA-1	1	1004057	1004157
chr1	1004109	1004142	AACCGATGTACGCCCA-1	3	1004059	1004159
chr1	1004109	1004147	AGCCCGATCGGAAAGC-1	2	1004059	1004159
chr1	1004109	1004153	TAAGTGCTCTCGACCT-1	2	1004059	1004159
chr1	1004109	1004157	GCGGTGTGTAACCCAT-1	2	1004059	1004159
chr1	1004109	1004187	AATGGCTTCGGTAGGA-1	3	1004059	1004159
chr1	1004109	1004192	AGGCGAATCTTGCGCT-1	1	1004059	1004159
chr1	1004109	1004206	CTTGTCGTCGGCAATT-1	1	1004059	1004159
chr1	1004109	1004225	TGATCAGAGAGTAAGG-1	2	1004059	1004159
chr1	1004109	1004296	CCTAAAGGTTTCGATG-1	1	1004059	1004159
chr1	1004112	1004329	ATCCTGCCATCAGAAA-1	1	1004062	1004162
chr1	1004113	1004177	ATTGTGGGTACAACGG-1	2	1004063	1004163
chr1	1004114	1004142	CTAACTTAGCCTGTAT-1	2	1004064	1004164
chr1	1004114	1004177	TTACGGATCGTTGTAG-1	1	1004064	1004164
chr1	1004117	1004168	CTCATGCAGTGCCCTG-1	2	1004067	1004167
chr1	1004117	1004177	CAGTGCGGTTTCGTTT-1	4	1004067	1004167
chr1	1004118	1004142	TTACGGAAGGATGTCG-1	1	1004068	1004168
chr1	1004118	1004264	GATTAGCGTCGAGAAC-1	2	1004068	1004168
chr1	1004123	1004186	TAGCCGGGTTTGCCCT-1	1	1004073	1004173
chr1	1004123	1004243	TACTGCCGTACTTGAC-1	1	1004073	1004173
chr1	1004123	1004347	TCGCAGGCAAGAGCGT-1	1	1004073	1004173
chr1	1004128	1004162	TAGCCGGGTCATCAAC-1	1	1004078	1004178
chr1	1004128	1004171	GTTGGTAGTGTCCCAG-1	2	1004078	1004178
chr1	1004128	1004181	TCAGGTACAAGATGCG-1	4	1004078	1004178
chr1	1004128	1004192	TAGCACAAGGCTTCGC-1	2	1004078	1004178
chr1	1004128	1004303	ACTACGACAAGCAATA-1	1	1004078	1004178
chr1	1004128	1004382	TTCTGTATCACATCCC-1	3	1004078	1004178
chr1	1004129	1004162	TCACAAGGTGGTTCTA-1	1	1004079	1004179
chr1	1004129	1004177	ATGTCGACAGGGTACA-1	2	1004079	1004179
chr1	1004130	1004201	CAACCAAGTACGACCC-1	1	1004080	1004180
chr1	1004132	1004177	CATAACGAGAAGCCGT-1	8	1004082	1004182
chr1	1004132	1004187	GTAGGAGCACACATTG-1	1	1004082	1004182
chr1	1004132	1004188	AGGCGAAGTTCCAATG-1	1	1004082	1004182
chr1	1004132	1004192	AGCGTGCTCGGCATAT-1	3	1004082	1004182
chr1	1004132	1004201	TCCATCGTCGGTACTA-1	2	1004082	1004182
chr1	1004132	1004206	AGCTGTAAGATGGCAC-1	1	1004082	1004182
chr1	1004132	1004232	AAGGTTCAGTCGCCTG-1	2	1004082	1004182
chr1	1004132	1004235	CAGGATTGTGTGAGGT-1	1	1004082	1004182
chr1	1004132	1004264	TCGAGCGAGCGGACTA-1	1	1004082	1004182
chr1	1004132	1004311	CCGAAGCTCAGTACAC-1	1	1004082	1004182
chr1	1004132	1004338	GCCCAGAGTCCGTGCA-1	1	1004082	1004182
chr1	1004132	1004344	TACCTCGAGCGAGCTA-1	1	1004082	1004182
chr1	1004132	1004441	AAACTCGCAAGCTTTG-1	1	1004082	1004182
chr1	1004137	1004182	TCTATTGGTTTAGGAA-1	1	1004087	1004187
chr1	1004137	1004201	TTTGTGTTCGTGAACT-1	3	1004087	1004187
chr1	1004137	1004206	GCGGTGTAGGAGGCGA-1	2	1004087	1004187
chr1	1004137	1004220	ACGGATTTCTTCTTCC-1	4	1004087	1004187
chr1	1004137	1004308	GGGTGTCTCGGAAAGC-1	3	1004087	1004187
chr1	1004138	1004179	AACCTTTCACAGTTCA-1	2	1004088	1004188
chr1	1004138	1004181	TGATGCATCTTTATCG-1	7	1004088	1004188
chr1	1004138	1004185	TGTGGCGGTACTATGC-1	3	1004088	1004188
chr1	1004138	1004196	AGGCGAACAGCAACGA-1	2	1004088	1004188
chr1	1004138	1004220	TTGCTTACAACAACTC-1	1	1004088	1004188
chr1	1004138	1004243	TAAGCCAGTAATGTAG-1	3	1004088	1004188
chr1	1004138	1004267	GGATAGGAGGTGTCGA-1	2	1004088	1004188
chr1	1004138	1004336	ACTGCGGCAATGCATC-1	1	1004088	1004188
chr1	1004138	1004358	GGTACCGCATGGTATC-1	1	1004088	1004188
chr1	1004138	1004384	TAGCCCTAGTGATCTC-1	2	1004088	1004188
chr1	1004140	1004173	AGCTGATAGTACGCGA-1	1	1004090	1004190
chr1	1004140	1004187	GATGGCCTCGCTTACC-1	1	1004090	1004190
chr1	1004140	1004232	GAAGAGCTCGAACACT-1	5	1004090	1004190
chr1	1004140	1004274	GTAGTACGTTCCCAAA-1	1	1004090	1004190
chr1	1004140	1004530	AGTGCCGGTCTTAGCA-1	1	1004090	1004190
chr1	1004142	1004177	TTACGTTTCACCGCGA-1	18	1004092	1004192
chr1	1004142	1004187	GTGGATTTCTAGCTGA-1	16	1004092	1004192
chr1	1004142	1004193	TCGATTTGTATCCTTT-1	2	1004092	1004192
chr1	1004142	1004196	ACTACGATCGTTTGAG-1	1	1004092	1004192
chr1	1004142	1004198	GCCCGAACAATGACTC-1	2	1004092	1004192
chr1	1004142	1004201	GAGACTTCAAGCGTCC-1	4	1004092	1004192
chr1	1004142	1004232	TTTACGTCACGACGAA-1	6	1004092	1004192
chr1	1004142	1004238	GTAGGAGTCCCACTAC-1	3	1004092	1004192
chr1	1004142	1004239	ATGTCGAGTTTCCACC-1	4	1004092	1004192
chr1	1004142	1004252	AATGTCGAGGTTGTGG-1	1	1004092	1004192
chr1	1004142	1004253	TTCGTTATCGTTGTTT-1	4	1004092	1004192
chr1	1004142	1004259	GCTCCTACAAAGGTCG-1	3	1004092	1004192
chr1	1004142	1004269	GCTCAGGGTGGACAGT-1	3	1004092	1004192
chr1	1004142	1004287	CGCTGGAAGAATCAAC-1	1	1004092	1004192
chr1	1004142	1004288	GATTGACAGAGAAGCA-1	7	1004092	1004192
chr1	1004142	1004291	TGATCAGAGGCTTCGC-1	2	1004092	1004192
chr1	1004142	1004296	CTAACTTAGTACGACG-1	1	1004092	1004192
chr1	1004142	1004301	CCTGCTATCCGGAAAG-1	4	1004092	1004192
chr1	1004142	1004303	ACTCGGGGTGCGTTTA-1	1	1004092	1004192
chr1	1004142	1004304	GCGAGAAAGACCTATC-1	2	1004092	1004192
chr1	1004142	1004323	GTCACTCCAACTCGAT-1	2	1004092	1004192
chr1	1004142	1004327	CCGCATTTCTGAACGT-1	1	1004092	1004192
chr1	1004142	1004359	GATGGCCCAAATTGAG-1	5	1004092	1004192
chr1	1004142	1004394	TGTTAGGGTAGTCCAT-1	1	1004092	1004192
chr1	1004142	1004487	GGGACCTTCATTCTCA-1	2	1004092	1004192
chr1	1004142	1004693	GGAACCCGTTCTGAAC-1	1	1004092	1004192
chr1	1004143	1004305	CTTGAAGAGACGACTG-1	1	1004093	1004193
chr1	1004144	1004301	ACCCAAACACTGATAC-1	10	1004094	1004194
chr1	1004144	1004409	GGATAGGGTGGAAGCT-1	5	1004094	1004194
chr1	1004145	1004179	AACGGGATCTCTGCAC-1	2	1004095	1004195
chr1	1004146	1004191	CCTCCCTTCGGAAAGC-1	1	1004096	1004196
chr1	1004146	1004217	CAGCTAAAGCTCCATA-1	7	1004096	1004196
chr1	1004146	1004274	TGTGGCGGTACTATGC-1	1	1004096	1004196
chr1	1004146	1004319	TCGAGCGAGTTCCAGT-1	5	1004096	1004196
chr1	1004146	1004354	CAGTGCGAGTCCTTCC-1	1	1004096	1004196
chr1	1004147	1004177	ACAGCGCGTCACCCGA-1	2	1004097	1004197
chr1	1004147	1004181	CGTTCCATCTTGCGCT-1	6	1004097	1004197
chr1	1004147	1004186	TCAAGCAGTGCTGGCT-1	4	1004097	1004197
chr1	1004147	1004216	GGCGAAAAGCCTGTAT-1	1	1004097	1004197
chr1	1004147	1004242	AAGGTTCAGTCGGGAT-1	3	1004097	1004197
chr1	1004147	1004270	TACTCGCCAAGGCGTA-1	1	1004097	1004197
chr1	1004147	1004308	TTACGTTCAAACGACG-1	1	1004097	1004197
chr1	1004147	1004366	CTCGCTAAGAGTCCGA-1	3	1004097	1004197
chr1	1004147	1004399	AGACAAATCCTTCGAC-1	3	1004097	1004197
chr1	1004147	1004614	TTCAACTGTACCAAGG-1	1	1004097	1004197
chr1	1004148	1004198	ATGTCGAGTTGGTAAA-1	2	1004098	1004198
chr1	1004148	1004201	TCAGTCCAGATCGAGC-1	6	1004098	1004198
chr1	1004148	1004208	TGCTATTTCTTAGTGG-1	1	1004098	1004198
chr1	1004148	1004220	TGCTTCGTCTTGGCCT-1	6	1004098	1004198
chr1	1004148	1004232	TGTAAGCGTAGAGAGA-1	1	1004098	1004198
chr1	1004148	1004234	GAACCGCCACTTGCGG-1	2	1004098	1004198
chr1	1004148	1004243	TCACTCGAGACCATAA-1	2	1004098	1004198
chr1	1004148	1004253	GTTACTTCAACTGCGC-1	3	1004098	1004198
chr1	1004148	1004267	ATCCTGCTCTGTGTCC-1	2	1004098	1004198
chr1	1004149	1004308	CCAGATAGTTAAGGGC-1	1	1004099	1004199
chr1	1004151	1004181	GAACCTACACCCTTAC-1	2	1004101	1004201
chr1	1004152	1004198	CCTCCCTTCGGAAAGC-1	1	1004102	1004202
chr1	1004152	1004216	TCACAAGTCTATAGGC-1	2	1004102	1004202
chr1	1004152	1004232	TACTAGGAGCTCCATA-1	4	1004102	1004202
chr1	1004153	1004196	TGCTCACTCCCAGTAA-1	1	1004103	1004203
chr1	1004153	1004230	TTTGGCCAGGCAAGCT-1	1	1004103	1004203
chr1	1004154	1004191	TGCACCTCAAAGGCCA-1	1	1004104	1004204
chr1	1004154	1004210	TCAGTTTTCGCTACCT-1	1	1004104	1004204
chr1	1004154	1004308	CACCACTTCGATGTGT-1	7	1004104	1004204
chr1	1004156	1004190	ACAGAAATCTAGCTGA-1	1	1004106	1004206
chr1	1004156	1004210	CTAGGGCTCTGGAAGG-1	1	1004106	1004206
chr1	1004156	1004252	TAGCGGCAGGATGCCA-1	3	1004106	1004206
chr1	1004157	1004201	GAGGTCCCATCTGCAA-1	1	1004107	1004207
chr1	1004157	1004202	GCGAGAATCCAAGTCA-1	3	1004107	1004207
chr1	1004157	1004211	AAAGGATGTATGTTCG-1	1	1004107	1004207
chr1	1004157	1004303	AGACAAATCCCATAGA-1	1	1004107	1004207
chr1	1004157	1004515	GTAGGAGCATGGTATC-1	1	1004107	1004207
chr1	1004158	1004208	TACAGCATCGATCGCG-1	1	1004108	1004208
chr1	1004159	1004201	TTGCTATTCGATGTGT-1	1	1004109	1004209
chr1	1004159	1004240	GCTTAAGTCCCACTAC-1	2	1004109	1004209
chr1	1004162	1004206	GAAATGAGTAACATAG-1	6	1004112	1004212
chr1	1004162	1004208	ATTCGTTCAGCTATAC-1	7	1004112	1004212
chr1	1004162	1004211	TTCATTGAGAGGCGGA-1	3	1004112	1004212
chr1	1004162	1004219	AGCCAGCGTCAGAAAT-1	4	1004112	1004212
chr1	1004162	1004293	GAGGATGCAATTGTGC-1	2	1004112	1004212
chr1	1004162	1004300	CTCATGCGTACCGGCT-1	5	1004112	1004212
chr1	1004162	1004384	CTTAATCGTATTCACG-1	1	1004112	1004212
chr1	1004163	1004323	GTGACATGTAGACGCA-1	2	1004113	1004213
chr1	1004164	1004192	TACATGGAGAACTCCT-1	1	1004114	1004214
chr1	1004167	1004232	TGTGTCCCAGAACTTC-1	1	1004117	1004217
chr1	1004167	1004259	AGGCCTGGTAGCGTTT-1	1	1004117	1004217
chr1	1004167	1004264	CAATCCCGTGTGCTTA-1	4	1004117	1004217
chr1	1004167	1004286	TGATTTCTCCGGAAAG-1	5	1004117	1004217
chr1	1004167	1004303	GCCAGCAGTCTGTTGA-1	1	1004117	1004217
chr1	1004167	1004346	GCGATTACAGGACCTC-1	1	1004117	1004217
chr1	1004167	1004354	GATGATCGTCAGTGTT-1	4	1004117	1004217
chr1	1004168	1004197	GCACCTTAGCAGGACT-1	1	1004118	1004218
chr1	1004168	1004267	ACATGCAAGGACTTTC-1	1	1004118	1004218
chr1	1004171	1004325	GATGGCCCAACGAGGT-1	3	1004121	1004221
chr1	1004177	1004222	CGCTAGGAGCATGTGG-1	1	1004127	1004227
chr1	1004177	1004232	AGCTGGCAGTACCCAT-1	6	1004127	1004227
chr1	1004177	1004234	GAACCGCCACTTGCGG-1	2	1004127	1004227
chr1	1004177	1004235	TACGGATTCTGACTTT-1	1	1004127	1004227
chr1	1004177	1004238	TGTACAGAGATCGAGC-1	1	1004127	1004227
chr1	1004177	1004242	TACATGGCACTGCTCT-1	1	1004127	1004227
chr1	1004177	1004247	GAAATGACACTAGGAG-1	1	1004127	1004227
chr1	1004177	1004265	ACGTGGCAGAGGAATG-1	1	1004127	1004227
chr1	1004177	1004291	GCAAAGGTCCCACTTG-1	2	1004127	1004227
chr1	1004177	1004301	GCTCCTACACAGATGG-1	3	1004127	1004227
chr1	1004177	1004304	TCAGTTTCAAAGGCCA-1	3	1004127	1004227
chr1	1004177	1004376	GGTCATAGTGCTGTCG-1	1	1004127	1004227
chr1	1004177	1004547	GTTATGGTCGCGCTGA-1	1	1004127	1004227
chr1	1004179	1004216	CGATGATCAAGCCCTG-1	2	1004129	1004229
chr1	1004179	1004266	AGCGTATAGGCGTCCT-1	1	1004129	1004229
chr1	1004179	1004269	TAAGTGCCACACATTG-1	1	1004129	1004229
chr1	1004179	1004276	GCTTAAGGTCTGGTCG-1	2	1004129	1004229
chr1	1004179	1004681	GAGGATGCAATTGTGC-1	1	1004129	1004229
chr1	1004181	1004243	CACAACAGTAATGTAG-1	1	1004131	1004231
chr1	1004181	1004253	GAACCGCCACGGTGTC-1	1	1004131	1004231
chr1	1004181	1004298	TCACAAGTCCGAGGAA-1	1	1004131	1004231
chr1	1004181	1004360	TCACCTGGTCAGAGTG-1	1	1004131	1004231
chr1	1004181	1004384	CTTAATCAGATATGTG-1	4	1004131	1004231
chr1	1004186	1004238	AAACGAAGTGCGCTCA-1	1	1004136	1004236
chr1	1004186	1004239	AGACAAAAGGATTTGA-1	1	1004136	1004236
chr1	1004186	1004329	TCGCCTAGTATGTCCA-1	2	1004136	1004236
chr1	1004186	1004526	TCAGGGCGTCAGAAGC-1	1	1004136	1004236
chr1	1004186	1004537	CCCTAACTCCCTACGT-1	1	1004136	1004236
chr1	1004186	1004662	TATGTTCGTGAATGTA-1	1	1004136	1004236
chr1	1004187	1004243	ACGTGGCCAAAGAGAG-1	2	1004137	1004237
chr1	1004187	1004266	GTGCTGGTCTGAACGT-1	1	1004137	1004237
chr1	1004187	1004271	GTAGGAGCACACATTG-1	2	1004137	1004237
chr1	1004188	1004301	TTGTCTAGTATGCTAC-1	2	1004138	1004238
chr1	1004192	1004424	GTTGGTATCAGTCAAC-1	5	1004142	1004242
chr1	1004193	1004277	CTCTAGCTCGCGCCAA-1	5	1004143	1004243
chr1	1004196	1004242	GCGGAAACATCTCTCG-1	1	1004146	1004246
chr1	1004196	1004323	CAGGATTAGTAACATG-1	1	1004146	1004246
chr1	1004196	1004374	TGCTCACTCCCAGTAA-1	2	1004146	1004246
chr1	1004198	1004291	CAACCAAGTACGACCC-1	2	1004148	1004248
chr1	1004201	1004239	CGCACAGTCAGTGGTT-1	1	1004151	1004251
chr1	1004201	1004243	ATTCGTTCATTAACGC-1	1	1004151	1004251
chr1	1004201	1004252	GGAACCCCATTTGGTG-1	2	1004151	1004251
chr1	1004201	1004286	AACGTACAGGGAGTTC-1	3	1004151	1004251
chr1	1004201	1004288	TCACAAGAGAGTAAGG-1	1	1004151	1004251
chr1	1004201	1004303	GAGACTTCAAGCGTCC-1	2	1004151	1004251
chr1	1004201	1004327	CACAGATGTCCCTAAA-1	1	1004151	1004251
chr1	1004201	1004342	GAGGTCCCATCTGCAA-1	1	1004151	1004251
chr1	1004201	1004385	TGGACATGTTGTCGGC-1	1	1004151	1004251
chr1	1004201	1004386	GAAGTCTCATTTGGTG-1	4	1004151	1004251
chr1	1004201	1004424	CACAGATTCGTCTTAT-1	1	1004151	1004251
chr1	1004201	1004682	TCTATTGTCAATTGGC-1	1	1004151	1004251
chr1	1004206	1004232	CCTTAATTCGTTGTTT-1	1	1004156	1004256
chr1	1004206	1004239	AACGGGATCTCTGCAC-1	2	1004156	1004256
chr1	1004206	1004252	AATGGCTTCCATAACG-1	2	1004156	1004256
chr1	1004206	1004253	ACGTTAGAGCAGGACT-1	3	1004156	1004256
chr1	1004206	1004274	TTGCTATCATTGCACA-1	1	1004156	1004256
chr1	1004206	1004300	CGTTCCAGTTTCCGGG-1	1	1004156	1004256
chr1	1004206	1004304	ACTAGGTTCTAAACGC-1	1	1004156	1004256
chr1	1004206	1004322	TGGCCTTGTTTCTACT-1	2	1004156	1004256
chr1	1004206	1004379	CCCGTTAAGCGAATAT-1	2	1004156	1004256
chr1	1004207	1004234	TCCAGAAAGCCAGAAC-1	1	1004157	1004257
chr1	1004208	1004274	TGTGGCGGTACTATGC-1	2	1004158	1004258
chr1	1004208	1004399	CTTAATCCAGGGCTTC-1	1	1004158	1004258
chr1	1004208	1004790	CGATGATCAAGCCCTG-1	1	1004158	1004258
chr1	1004211	1004259	GGAGGATCATCAGAAA-1	1	1004161	1004261
chr1	1004211	1004333	AATGTCGCACGAACGA-1	6	1004161	1004261
chr1	1004214	1004266	TGACAACTCCAACAAC-1	1	1004164	1004264
chr1	1004214	1004319	AGGACGAAGGAGAACA-1	3	1004164	1004264
chr1	1004216	1004384	CTCTAGCCAAGGAGTC-1	1	1004166	1004266
chr1	1004216	1004487	GAGATTCCAAATGCTC-1	1	1004166	1004266
chr1	1004217	1004264	AAAGATGAGCTGAGGT-1	1	1004167	1004267
chr1	1004217	1004304	GCACCTTAGCACACCC-1	2	1004167	1004267
chr1	1004219	1004395	ACTACGATCTCATATC-1	1	1004169	1004269
chr1	1004220	1004266	TGCTTCGTCTTGGCCT-1	1	1004170	1004270
chr1	1004220	1004301	TAGCCGGCACTCAAGT-1	2	1004170	1004270
chr1	1004220	1004314	TCACAAGAGAGTAAGG-1	2	1004170	1004270
chr1	1004220	1004409	AATGGAACAATTGCCA-1	6	1004170	1004270
chr1	1004220	1004487	TTTGCGCCATCACAAC-1	1	1004170	1004270
chr1	1004220	1004515	GCAGCCATCGCAACTA-1	1	1004170	1004270
chr1	1004221	1004301	CAGGATTTCGTCAACA-1	3	1004171	1004271
chr1	1004224	1004356	TAGCACACAGGTAGCA-1	1	1004174	1004274
chr1	1004225	1004301	CGCAATAAGTACAACA-1	2	1004175	1004275
chr1	1004226	1004276	AATGTCGCACCAAGGA-1	1	1004176	1004276
chr1	1004232	1004267	CTCTACGTCGTCCCAT-1	1	1004182	1004282
chr1	1004232	1004293	AATGGCTCATGCCCTT-1	2	1004182	1004282
chr1	1004232	1004296	GACCCAGCACCTGAAT-1	3	1004182	1004282
chr1	1004232	1004323	AATGTCGGTACCAAGG-1	2	1004182	1004282
chr1	1004232	1004408	GCTCCTAAGTCCCGCA-1	4	1004182	1004282
chr1	1004234	1004259	GCAGCCATCGCAACTA-1	1	1004184	1004284
chr1	1004234	1004271	GCTTTCGTCAGGTTTG-1	1	1004184	1004284
chr1	1004234	1004288	TCAGTCCAGTGCTAGG-1	1	1004184	1004284
chr1	1004234	1004782	TAGCACAAGGCTTCGC-1	1	1004184	1004284
chr1	1004236	1004323	AGCTGATTCGCCTTAC-1	1	1004186	1004286
chr1	1004238	1004276	AAACGAAGTGCGCTCA-1	1	1004188	1004288
chr1	1004238	1004291	AGTCCGGAGTGCAACG-1	2	1004188	1004288
chr1	1004238	1004821	ATTACCTTCTTATCAC-1	1	1004188	1004288
chr1	1004242	1004287	AATGTCGTCGGGAATG-1	2	1004192	1004292
chr1	1004243	1004286	AAACGAAGTCGCGCTA-1	1	1004193	1004293
chr1	1004243	1004307	GAGACTTAGAGTCCGA-1	5	1004193	1004293
chr1	1004243	1004360	AGTGTACAGGGAAGCG-1	2	1004193	1004293
chr1	1004243	1004708	GGGAACAAGGCAAGCT-1	1	1004193	1004293
chr1	1004247	1004276	GAAGTCTTCGATGAAA-1	2	1004197	1004297
chr1	1004248	1004360	GAGACTTTCGAACACT-1	5	1004198	1004298
chr1	1004248	1004423	GTTGGTAGTGTCTCGG-1	1	1004198	1004298
chr1	1004252	1004385	TCAGGTACACGGCCAT-1	2	1004202	1004302
chr1	1004253	1004310	TACTCGCGTACGAGAC-1	2	1004203	1004303
chr1	1004253	1004323	CAACCAACAGCGTCGT-1	8	1004203	1004303
chr1	1004253	1004662	TTCTAACCAGGCAAGT-1	2	1004203	1004303
chr1	1004255	1004323	CGAGTTATCGAACCGC-1	3	1004205	1004305
chr1	1004259	1004291	GATTAGCAGAATCAAC-1	4	1004209	1004309
chr1	1004259	1004295	TGTAGCACACACATGT-1	1	1004209	1004309
chr1	1004259	1004323	GCAGCCATCGCAACTA-1	4	1004209	1004309
chr1	1004259	1004364	TTGACGATCGTTCAGA-1	2	1004209	1004309
chr1	1004259	1004404	CGCAGGTCAGGCTACC-1	1	1004209	1004309
chr1	1004264	1004323	TCAGTCCCACAAACGG-1	4	1004214	1004314
chr1	1004264	1004409	TTACTTGCAAACTACC-1	1	1004214	1004314
chr1	1004265	1004291	CGATGATCAATGGCAG-1	1	1004215	1004315
chr1	1004265	1004313	GAGCGCTCATTCCCGT-1	2	1004215	1004315
chr1	1004265	1004674	AAGATAGCATTCCCGT-1	2	1004215	1004315
chr1	1004266	1004304	TGCTCGTAGGGAAGCG-1	2	1004216	1004316
chr1	1004266	1004310	GATCGTAAGGAGTACC-1	3	1004216	1004316
chr1	1004266	1004335	TTGCTTAGTTTAAGCC-1	2	1004216	1004316
chr1	1004266	1004338	ACGTGGCGTGTTAGAA-1	3	1004216	1004316
chr1	1004267	1004370	CTCTAGCTCAGTGTGT-1	3	1004217	1004317
chr1	1004267	1004384	TGCATGAGTGCATCAT-1	3	1004217	1004317
chr1	1004267	1004409	AAATGCCGTCGCTACG-1	3	1004217	1004317
chr1	1004267	1004480	GAGAACGAGTCATACC-1	1	1004217	1004317
chr1	1004271	1004335	GGTAGGAGTTGGACGA-1	1	1004221	1004321
chr1	1004272	1004303	TCACAGAAGACAGTGC-1	1	1004222	1004322
chr1	1004272	1004323	GCACCTTCATCATCGA-1	2	1004222	1004322
chr1	1004272	1004360	CGATGATCATTGTTCT-1	2	1004222	1004322
chr1	1004272	1004371	CTAGGATAGCGATACG-1	2	1004222	1004322
chr1	1004274	1004319	GAAAGTATCCATATCT-1	2	1004224	1004324
chr1	1004274	1004358	AGCCTTCGTGGACGAT-1	1	1004224	1004324
chr1	1004276	1004364	GATGATCCATGTCCCT-1	2	1004226	1004326
chr1	1004276	1004366	TCGGGACTCGGTGATT-1	4	1004226	1004326
chr1	1004276	1004384	TAGTCCCTCGAGGTCC-1	1	1004226	1004326
chr1	1004276	1004393	CCGCATTAGCACCATT-1	1	1004226	1004326
chr1	1004276	1004423	GCGGAAACATAGGCGA-1	1	1004226	1004326
chr1	1004276	1004496	AAATGAGCATGGGACA-1	1	1004226	1004326
chr1	1004277	1004342	GAAAGTAGTCGATTAC-1	6	1004227	1004327
chr1	1004282	1004338	TCCCACAGTTTCTACT-1	2	1004232	1004332
chr1	1004286	1004348	CTGCTCAGTGAGGTCA-1	1	1004236	1004336
chr1	1004286	1004386	ACTACCCTCCTGGAAT-1	1	1004236	1004336
chr1	1004286	1004689	AACTTGGGTCCTATTT-1	1	1004236	1004336
chr1	1004287	1004347	AACCGATGTTTGCATG-1	3	1004237	1004337
chr1	1004287	1004439	CTGCGTTGTAGGGTTG-1	2	1004237	1004337
chr1	1004288	1004852	TCCAGAAGTGAGTAAT-1	1	1004238	1004338
chr1	1004291	1004319	ACCATCCAGTAGTTCC-1	1	1004241	1004341
chr1	1004291	1004323	AATACGCGTCCAAGAG-1	4	1004241	1004341
chr1	1004291	1004325	GAGCGCTCATTCCCGT-1	1	1004241	1004341
chr1	1004291	1004347	GAGATTCTCGAGAACG-1	3	1004241	1004341
chr1	1004291	1004384	GCGGAAACATCTCTCG-1	3	1004241	1004341
chr1	1004291	1004409	TGGTCAATCATTCTTG-1	5	1004241	1004341
chr1	1004291	1004423	ACTAACGCACATTCTT-1	1	1004241	1004341
chr1	1004291	1004505	CTTTGCGCACATCATG-1	1	1004241	1004341
chr1	1004291	1004657	GTGGATTCAGTAGGCA-1	1	1004241	1004341
chr1	1004293	1004389	ACAAACCGTGCCCGAT-1	2	1004243	1004343
chr1	1004293	1004487	AAAGATGAGCTGAGGT-1	1	1004243	1004343
chr1	1004293	1004756	GTAGGAGCATCAGAAA-1	1	1004243	1004343
chr1	1004296	1004354	CCACAGGAGATGAGGA-1	2	1004246	1004346
chr1	1004296	1004362	TAGCCCTTCGCCAGAC-1	3	1004246	1004346
chr1	1004296	1004366	CTTGTCGGTTTGAAGA-1	1	1004246	1004346
chr1	1004296	1004370	TCTATTGGTGAAACAT-1	2	1004246	1004346
chr1	1004296	1004707	ACCAAACGTCCTTCAC-1	2	1004246	1004346
chr1	1004297	1004404	CAGCTAAAGTAACTCC-1	1	1004247	1004347
chr1	1004298	1004332	TACCTCGGTCAAATCC-1	2	1004248	1004348
chr1	1004298	1004441	ATTACCTGTGGACGAT-1	1	1004248	1004348
chr1	1004301	1004384	GCGGGTTAGTGAATAC-1	1	1004251	1004351
chr1	1004301	1004409	GCAACCGAGCTTACCA-1	1	1004251	1004351
chr1	1004301	1004410	AACGGGACACCTGAAT-1	2	1004251	1004351
chr1	1004301	1004524	TAACGGTTCTATGAGC-1	1	1004251	1004351
chr1	1004301	1004782	CATAACGAGCATTCCA-1	1	1004251	1004351
chr1	1004303	1004342	AGCTGATTCGCCTTAC-1	1	1004253	1004353
chr1	1004303	1004384	TAAACCGCACCCTTAC-1	1	1004253	1004353
chr1	1004303	1004414	AGCCAGCGTGCACATT-1	2	1004253	1004353
chr1	1004303	1004745	TGCTCGTAGGGAAGCG-1	2	1004253	1004353
chr1	1004308	1004384	TTGCTATAGGAGTAGA-1	1	1004258	1004358
chr1	1004308	1004410	TGACAACAGAATCAGT-1	1	1004258	1004358
chr1	1004310	1004394	AGCGTATGTACGGAGT-1	1	1004260	1004360
chr1	1004310	1004441	GAAAGTACACGTTAGT-1	1	1004260	1004360
chr1	1004310	1004912	TAACGGTAGCAGTAGC-1	2	1004260	1004360
chr1	1004312	1004757	AAACTGCTCCAGTTAG-1	1	1004262	1004362
chr1	1004313	1004354	GTTACTTTCCCGGGTA-1	1	1004263	1004363
chr1	1004314	1004360	AAACGAAGTCGCGCTA-1	2	1004264	1004364
chr1	1004314	1004558	TTGCACCGTGATGCTT-1	4	1004264	1004364
chr1	1004315	1004394	GTCTACCTCCTGTAGA-1	1	1004265	1004365
chr1	1004317	1004370	GACCCAGTCGAACCGC-1	4	1004267	1004367
chr1	1004319	1004379	GCCCAGAAGACTCTTG-1	1	1004269	1004369
chr1	1004319	1004384	GGGTCTGGTATTTGCG-1	6	1004269	1004369
chr1	1004319	1004402	TGTACGATCTTCTCTC-1	1	1004269	1004369
chr1	1004322	1004384	TGGCCTTGTTTCTACT-1	1	1004272	1004372
chr1	1004322	1004545	CAACGGCTCCAGAGAG-1	3	1004272	1004372
chr1	1004323	1004345	GAGAACGCAATGCCAT-1	1	1004273	1004373
chr1	1004323	1004360	CTTGAAGAGACGACTG-1	1	1004273	1004373
chr1	1004323	1004382	GCACCTTCATCATCGA-1	1	1004273	1004373
chr1	1004323	1004500	AATGTCGAGAACCCGA-1	1	1004273	1004373
chr1	1004323	1004771	GCACGGTTCTAGCAGT-1	1	1004273	1004373
chr1	1004325	1004379	CCACAGGTCTCTTAAC-1	6	1004275	1004375
chr1	1004325	1004394	CAACGTAGTCTCGGGT-1	2	1004275	1004375
chr1	1004325	1004409	TCACAGATCACCGCGA-1	3	1004275	1004375
chr1	1004325	1004410	TGCTATTTCTTATCAC-1	1	1004275	1004375
chr1	1004325	1004766	GCACGCAAGAGAACCC-1	1	1004275	1004375
chr1	1004325	1004800	TACGGATTCCGGGCAT-1	1	1004275	1004375
chr1	1004327	1004390	GTAATCGTCTTGTACT-1	2	1004277	1004377
chr1	1004327	1004394	TGGCGCAGTTTCAGCA-1	2	1004277	1004377
chr1	1004327	1004515	CACAGATGTCCCTAAA-1	1	1004277	1004377
chr1	1004329	1004392	AGCCCGAAGGTCTTTG-1	2	1004279	1004379
chr1	1004330	1004366	TGATGCATCTCCTTAA-1	4	1004280	1004380
chr1	1004330	1004385	ACAAGCTAGCGGACTA-1	3	1004280	1004380
chr1	1004331	1004379	CTCTCAGTCGACTGGC-1	1	1004281	1004381
chr1	1004331	1004405	GAGCATTTCGACTATG-1	1	1004281	1004381
chr1	1004331	1004782	CTCATGCGTGTCCTTC-1	1	1004281	1004381
chr1	1004335	1004488	AGCGTATGTACGGAGT-1	1	1004285	1004385
chr1	1004335	1004656	TCCCACATCCCAGTAA-1	1	1004285	1004385
chr1	1004337	1004559	TGGACATCAGAGTCGA-1	1	1004287	1004387
chr1	1004338	1004370	ACGTGGCGTGTTAGAA-1	1	1004288	1004388
chr1	1004339	1004384	TTTACGTGTAGTAACA-1	2	1004289	1004389
chr1	1004339	1004394	TTCATTGGTATGTTCG-1	2	1004289	1004389
chr1	1004339	1004707	CAAGGCCAGTCATCTG-1	1	1004289	1004389
chr1	1004344	1004370	GTCACAAGTCTAACCA-1	2	1004294	1004394
chr1	1004344	1004500	ACCATCCAGTAGTTCC-1	2	1004294	1004394
chr1	1004345	1004394	GGAGAACTCCACGGCA-1	2	1004295	1004395
chr1	1004345	1004399	GCAAAGGAGTCCGATT-1	1	1004295	1004395
chr1	1004345	1004404	GAGAACGCAATGCCAT-1	3	1004295	1004395
chr1	1004345	1004669	GTCTACCCAACCTCTC-1	1	1004295	1004395
chr1	1004347	1004402	CCTTGGTAGCGGACTA-1	3	1004297	1004397
chr1	1004347	1004409	ATTGTCTAGCTCCGGT-1	2	1004297	1004397
chr1	1004347	1004423	AGTTTGGCATCCTGGG-1	1	1004297	1004397
chr1	1004347	1004681	GAGATTCTCGAGAACG-1	1	1004297	1004397
chr1	1004347	1004784	ACCGCAGGTGCCCGAT-1	2	1004297	1004397
chr1	1004350	1004394	TCGCAGGAGAGGCCTA-1	1	1004300	1004400
chr1	1004353	1004399	TACGCAATCACTACCC-1	4	1004303	1004403
chr1	1004355	1004404	TTGCGGGCAATGGCTT-1	1	1004305	1004405
chr1	1004356	1004379	TGCTTCGTCTCTATCA-1	2	1004306	1004406
chr1	1004356	1004382	AGTCCGGGTGGTAAGC-1	1	1004306	1004406
chr1	1004356	1004384	GCCATAAGTTACGAAA-1	2	1004306	1004406
chr1	1004356	1004392	TAGCACACAGGTAGCA-1	1	1004306	1004406
chr1	1004356	1004678	TGTAAGCCAAGCAACG-1	1	1004306	1004406
chr1	1004358	1004414	ACCATCCCACGATTAC-1	3	1004308	1004408
chr1	1004360	1004384	TTTGCGCAGACTAGGC-1	1	1004310	1004410
chr1	1004360	1004409	GGGAACACAGGTAACG-1	5	1004310	1004410
chr1	1004360	1004423	CAGCTAAGTCGTAGTT-1	1	1004310	1004410
chr1	1004360	1004657	CAAAGCTGTTGGACGA-1	1	1004310	1004410
chr1	1004362	1004399	AAACGAACAATTGTGC-1	1	1004312	1004412
chr1	1004364	1004405	ACCGCAGAGACTAGCG-1	2	1004314	1004414
chr1	1004364	1004409	AACATCGAGGCTTCGC-1	1	1004314	1004414
chr1	1004370	1004515	ACTACCCTCTGTGTCC-1	1	1004320	1004420
chr1	1004370	1004739	GTCACAAGTCTAACCA-1	1	1004320	1004420
chr1	1004370	1004799	TGATTTCCAACCTCCT-1	1	1004320	1004420
chr1	1004375	1004423	GAAAGTACATGGTAAA-1	1	1004325	1004425
chr1	1004375	1004771	TACATGGAGAACTCCT-1	1	1004325	1004425
chr1	1004377	1004776	CAACCAACAGGACCTC-1	1	1004327	1004427
chr1	1004379	1004409	GCGCCAAGTCGCTAGC-1	1	1004329	1004429
chr1	1004379	1004415	GCCATAAGTAGAAAGG-1	2	1004329	1004429
chr1	1004379	1004433	TGAATCGTCACTACCC-1	1	1004329	1004429
chr1	1004379	1004707	ATCGAGTAGAACGCCA-1	1	1004329	1004429
chr1	1004379	1004708	GGGTTATTCCGTCAAA-1	1	1004329	1004429
chr1	1004379	1004752	CCCGTTAAGCGAATAT-1	2	1004329	1004429
chr1	1004380	1004409	CTGCGTTAGAGACTCG-1	1	1004330	1004430
chr1	1004385	1004409	GAACGTTAGCCTATAC-1	1	1004335	1004435
chr1	1004394	1004515	CCTGCTACACGGTTAT-1	2	1004344	1004444
chr1	1004399	1004477	TCAGGGCAGAACCATA-1	1	1004349	1004449
chr1	1004399	1004597	TACGGATCAGGCACAA-1	1	1004349	1004449
chr1	1004404	1004752	ACTACCCTCCTGGAAT-1	1	1004354	1004454
chr1	1004404	1004786	CTGGGACCATTGCGAT-1	1	1004354	1004454
chr1	1004409	1004543	CTCTCAGTCGACTGGC-1	1	1004359	1004459
chr1	1004409	1004568	CGTTCCAGTATCGCGC-1	1	1004359	1004459
chr1	1004432	1004752	CCCAGAGGTCTAACCA-1	2	1004382	1004482
chr1	1004441	1004469	TTACCCGAGAACTAAC-1	1	1004391	1004491
chr1	1004441	1004495	GAGCATTTCGACTATG-1	1	1004391	1004491
chr1	1004441	1004799	GTCACAAGTCTAACCA-1	1	1004391	1004491
chr1	1004441	1004805	GAAAGTACATGGTAAA-1	1	1004391	1004491
chr1	1004442	1004740	CCACAGGAGAGAATTC-1	1	1004392	1004492
chr1	1004447	1004612	TGTACGAGTTTCGATG-1	1	1004397	1004497
chr1	1004451	1004488	GAGTGAGTCAAGGCAG-1	2	1004401	1004501
chr1	1004451	1004761	AGCGTGCGTCCGTGCA-1	1	1004401	1004501
chr1	1004451	1004859	TAACGGTTCCCGCAAG-1	1	1004401	1004501
chr1	1004459	1004506	TGATTTCAGAGCACTG-1	4	1004409	1004509
chr1	1004459	1004512	TTACTTGAGCTTCAAC-1	2	1004409	1004509
chr1	1004459	1004514	GAACGTTTCAACACGT-1	2	1004409	1004509
chr1	1004459	1004515	TAACTTCAGAGTCCGA-1	4	1004409	1004509
chr1	1004459	1004534	GTAGGAGTCACTGGTA-1	1	1004409	1004509
chr1	1004459	1004568	CGCTATCTCCAGGTCG-1	5	1004409	1004509
chr1	1004459	1004617	GAAATGATCGAAGCCC-1	1	1004409	1004509
chr1	1004459	1004646	GGACACCCAGTGCGAA-1	2	1004409	1004509
chr1	1004459	1004752	TCACAAGGTTGGGAAC-1	1	1004409	1004509
chr1	1004459	1004761	GAAAGTAAGTTCAAGA-1	1	1004409	1004509
chr1	1004459	1004771	ATAGGCTGTGCAAGCA-1	3	1004409	1004509
chr1	1004464	1004757	CATAACGAGAAGCCGT-1	1	1004414	1004514
chr1	1004464	1004780	GAATCTGTCTGGCTAA-1	1	1004414	1004514
chr1	1004468	1004549	GTGTGATTCGCCACTT-1	1	1004418	1004518
chr1	1004469	1004530	ACAGGCCTCTGTAGAC-1	1	1004419	1004519
chr1	1004469	1004534	GCCAGCACAGTAGGCA-1	1	1004419	1004519
chr1	1004469	1004558	CGCACAGGTATACGCT-1	2	1004419	1004519
chr1	1004469	1004573	TCGAGCGTCCGTTAGA-1	1	1004419	1004519
chr1	1004469	1004614	TAAGCCAGTGTCCAGC-1	1	1004419	1004519
chr1	1004469	1004683	GCAAAGGCACTGATTG-1	1	1004419	1004519
chr1	1004469	1004688	ACAGGCCTCTGTAGAC-1	2	1004419	1004519
chr1	1004469	1004707	AGCCTCTTCACTACCC-1	3	1004419	1004519
chr1	1004469	1004784	GTTACGATCACTGGTA-1	1	1004419	1004519
chr1	1004471	1004551	ATGTCGATCGCCGAAC-1	1	1004421	1004521
chr1	1004472	1004591	TGAGTCAAGATGGCAC-1	7	1004422	1004522
chr1	1004472	1004806	ACGTTAGAGAACGCCA-1	3	1004422	1004522
chr1	1004475	1004657	CTTAATCCAGGGCTTC-1	2	1004425	1004525
chr1	1004477	1004514	GCTCGAGGTTCTGAGT-1	1	1004427	1004527
chr1	1004477	1004515	GCATTGACAGACTAAA-1	2	1004427	1004527
chr1	1004477	1004519	TCGCAGGAGAGGCCTA-1	4	1004427	1004527
chr1	1004477	1004546	GTGTGATCATGGGACA-1	1	1004427	1004527
chr1	1004477	1004583	TAGCTTTTCTTGTCGC-1	1	1004427	1004527
chr1	1004477	1004619	TTCGATTTCCATCTAT-1	1	1004427	1004527
chr1	1004477	1004670	AAGATAGAGGCTGGAT-1	4	1004427	1004527
