	P_1	P_2	P_4	P_5	P_6	P_7	P_8	P_9	P_10	C_11	C_12	C_13	C_14	C_15	C_16	C_17	C_19	C_20
hsa-let-7a	1.465214	1.467362	1.457574	1.467673	1.444354	1.438417	1.439929	1.442231	1.452752	1.478781	1.484192	1.490276	1.451504	1.456491	1.486415	1.458641	1.463208	1.432224
hsa-let-7b	1.406653	1.418478	1.402127	1.414917	1.396974	1.406245	1.391648	1.394771	1.391225	1.403940	1.430108	1.417295	1.414366	1.405266	1.424371	1.414661	1.412501	1.390815
hsa-let-7b*	1.506010	1.500181	1.502980	1.396060	1.501733	1.528403	1.509693	1.519723	1.509844	1.500633	1.512429	1.512696	1.506031	1.528752	1.551934	1.517667	1.536516	1.504969
hsa-let-7c	1.491976	1.493567	1.488246	1.501156	1.478850	1.477491	1.471751	1.483366	1.477015	1.494041	1.514237	1.513328	1.476344	1.487150	1.507945	1.486699	1.509667	1.471395
hsa-let-7d	1.469014	1.484109	1.493550	1.486418	1.453489	1.452732	1.455154	1.457178	1.455926	1.498141	1.497070	1.497294	1.467792	1.475219	1.503518	1.486278	1.495007	1.459711
hsa-let-7d*	1.448818	1.434532	1.433898	1.447052	1.440039	1.444736	1.435566	1.429756	1.441065	1.435105	1.442547	1.442827	1.432958	1.450159	1.473893	1.455074	1.462488	1.437941
hsa-let-7e	1.482115	1.483569	1.488515	1.493089	1.482561	1.473418	1.487656	1.485841	1.483969	1.508558	1.507747	1.501785	1.479539	1.488892	1.500696	1.490142	1.509850	1.479888
hsa-let-7f	1.445583	1.458095	1.457538	1.471381	1.437877	1.439236	1.431997	1.438471	1.436736	1.479735	1.472520	1.478751	1.454691	1.440404	1.479215	1.452526	1.457842	1.422246
hsa-let-7g	1.419285	1.432292	1.417486	1.438055	1.415304	1.424221	1.413017	1.415779	1.403871	1.432568	1.457330	1.465534	1.423654	1.427449	1.458305	1.429547	1.444279	1.412402
hsa-let-7i	1.437927	1.454361	1.436429	1.455458	1.438149	1.444825	1.430056	1.437753	1.433676	1.451234	1.467263	1.470244	1.446171	1.441303	1.469764	1.454526	1.467005	1.430099
hsa-let-7i*	1.503186	1.498556	1.492489	1.513828	1.507625	1.523552	1.503388	1.499619	1.508039	1.504270	1.513051	1.527142	1.486801	1.513596	1.545989	1.510333	1.532331	1.496621
hsa-miR-1	1.417866	1.433590	1.436279	1.513869	1.497643	1.512157	1.476838	1.488560	1.493931	1.435817	1.461581	1.464334	1.423730	1.533481	1.551257	1.501210	1.517013	1.478363
hsa-miR-101	1.397297	1.409765	1.398250	1.443107	1.428433	1.445579	1.413219	1.421848	1.413104	1.410444	1.432283	1.437207	1.406074	1.425576	1.459840	1.430439	1.422873	1.438915
hsa-miR-103	1.404711	1.419350	1.412674	1.423977	1.395459	1.397554	1.390689	1.392995	1.388793	1.426895	1.437556	1.450233	1.400123	1.421664	1.464978	1.424274	1.428307	1.397560
hsa-miR-103-2*	1.492412	1.493102	1.486751	1.515078	1.498504	1.506396	1.485167	1.488380	1.492224	1.501544	1.513741	1.523462	1.502742	1.503614	1.525532	1.503482	1.508669	1.482534
hsa-miR-106a	1.401068	1.418205	1.402055	1.416459	1.397381	1.405231	1.390140	1.388882	1.387928	1.417545	1.436962	1.445091	1.398849	1.416129	1.449330	1.420251	1.422927	1.396119
hsa-miR-106b	1.456270	1.466728	1.440784	1.479286	1.470052	1.472712	1.461908	1.457110	1.465492	1.467877	1.480078	1.489151	1.454611	1.464494	1.495780	1.463941	1.469718	1.447152
hsa-miR-106b*	1.492414	1.498581	1.510533	1.503805	1.509888	1.506351	1.482284	1.491233	1.490434	1.510253	1.511896	1.528192	1.500320	1.518045		1.526684	1.515216	1.500465
hsa-miR-107	1.423102	1.436688	1.431325	1.432549	1.409445	1.412095	1.404365	1.405411	1.409201	1.439980	1.454903	1.461492	1.417239	1.436377	1.474668	1.438030	1.440799	1.417851
hsa-miR-10a	1.520361	1.521748	1.533601	1.545633	1.541948	1.536931	1.534890	1.538053	1.556519	1.532682		1.540844	1.517398	1.526288	1.541764	1.511980	1.524984	1.521067
hsa-miR-10b	1.502183	1.502110	1.544394	1.534419	1.526230	1.519296	1.508376	1.509723	1.507705	1.519164	1.543085	1.546537	1.510286	1.539283	1.518327	1.510349	1.505653	1.513935
hsa-miR-122	1.403098	1.382769	1.396257	1.425807	1.429196	1.421745	1.413685	1.441062	1.372323	1.402695	1.415223	1.439137	1.422805	1.404955	1.428169	1.421903	1.407046	1.391557
hsa-miR-125a-5p	1.461216	1.462031	1.471143	1.489979	1.459990	1.467310	1.464393	1.471683	1.467720	1.475483	1.481451	1.477007	1.461954	1.472497	1.486742	1.478132	1.476162	1.463834
hsa-miR-125b	1.464049	1.469839	1.471863	1.494112	1.484253	1.486711	1.461068	1.472859	1.462000	1.491252	1.487119	1.493623	1.474254	1.489919	1.512487	1.482009	1.482640	1.468009
hsa-miR-126	1.377475	1.391183	1.390770	1.417707	1.395071	1.396644	1.382803	1.385381	1.388329	1.406718	1.418924	1.419444	1.387162	1.396753	1.419436	1.393429	1.407019	1.377885
hsa-miR-127-3p	1.474027	1.497434	1.495276	1.529858	1.499302	1.507542	1.485875	1.496919	1.490986	1.496183	1.505750	1.511921	1.496792	1.498187	1.534451	1.519424	1.518690	1.487225
hsa-miR-128	1.480592	1.487020	1.478262	1.491103	1.475366	1.478425	1.475644	1.468054	1.478385	1.490012	1.483801	1.509145	1.477763	1.494143	1.513810	1.496830	1.513588	1.473330
hsa-miR-130a	1.451834	1.470858	1.477036	1.466259	1.439260	1.449263	1.441497	1.440204	1.449055	1.479418	1.494733	1.504899	1.445157	1.493604	1.510647	1.475196	1.488565	1.453754
hsa-miR-132	1.480841	1.482986	1.471222	1.420415	1.420070	1.431678	1.424022	1.419418	1.421850	1.475438	1.484208	1.488531	1.461745	1.445497	1.459588	1.429210	1.505936	1.433448
hsa-miR-133a	1.406950	1.427678	1.429319	1.501934	1.487516	1.497518	1.468092	1.476966	1.485793	1.422285	1.442188	1.456054	1.415943	1.525651	1.540603	1.501307	1.496134	1.485591
hsa-miR-133b	1.415414	1.432641	1.430736	1.488592	1.476225	1.488691	1.476937	1.478894	1.496121	1.429838	1.445515	1.456001	1.419164	1.501885	1.509076	1.490075	1.505412	1.485054
hsa-miR-136	1.437403	1.473264	1.456018		1.521091	1.538467	1.529558	1.515994	1.527482	1.461107	1.469311	1.483781	1.461854	1.459546	1.515110	1.488063	1.461995	1.462203
hsa-miR-139-5p	1.488689	1.492341	1.481426	1.506135	1.488607	1.484773	1.486540	1.488054	1.484199	1.496801	1.498435	1.495104	1.478085	1.489103	1.510506	1.496730	1.489127	1.478262
hsa-miR-140-3p	1.426443	1.438806	1.419306	1.445690	1.433000	1.440956	1.426833	1.425921	1.425245	1.424189	1.445927	1.445286	1.431876	1.440878	1.470728	1.451316	1.446331	1.432066
hsa-miR-140-5p	1.462959	1.478694	1.455662	1.501800	1.460582	1.478410	1.463446	1.467582	1.459484	1.461723	1.478466	1.472603	1.454427	1.471219	1.500325	1.482878	1.481134	1.463792
hsa-miR-142-3p	1.372086	1.389883	1.383371	1.429491	1.409406	1.409044	1.403672	1.400099	1.405359	1.384727	1.408452	1.414449	1.373752	1.399853	1.446120	1.400151	1.396479	1.377978
hsa-miR-142-5p	1.426769	1.433518	1.435512	1.452436	1.447240	1.447705	1.437317	1.436803	1.441362	1.440486	1.456481	1.482938	1.414390	1.465833	1.498282	1.458524	1.466315	1.443533
hsa-miR-143	1.434568	1.440069	1.453737	1.451907	1.464144	1.458306	1.443527	1.436445	1.439740	1.437147	1.449201	1.458762	1.431363	1.460711	1.488547	1.451816	1.458492	1.444464
hsa-miR-144	1.366052	1.392106	1.362358	1.438539	1.420671	1.437951	1.403968	1.406061	1.401752	1.379058	1.406414	1.426994	1.370008	1.432371	1.459947	1.406497	1.407560	1.401425
hsa-miR-144*	1.467256	1.479179	1.465000	1.499241	1.480734	1.494980	1.478309	1.479078	1.473645	1.474671	1.484481	1.498961	1.467574	1.485898	1.504785	1.475394	1.488546	1.468893
hsa-miR-145	1.454968	1.452797	1.462915	1.470289	1.473252	1.470700	1.453495	1.442462	1.461111	1.453725	1.467118	1.476783	1.449227	1.477360	1.522119	1.466685	1.468287	1.470247
hsa-miR-146a	1.444498	1.441082	1.444206	1.468782	1.437455	1.438282	1.429593	1.431160	1.441457	1.457899	1.453372	1.454067	1.440470	1.436353	1.462700	1.453395	1.463174	1.431668
hsa-miR-148a	1.440386	1.432380	1.438261	1.457943	1.456785	1.464232	1.445640	1.446329	1.432454	1.451305	1.456104	1.472296	1.435688	1.454524	1.472851	1.457480	1.462136	1.436700
hsa-miR-148b	1.428488	1.437057	1.434850	1.469091	1.452412	1.455557	1.443107	1.439010	1.442918	1.450051	1.451982	1.468514	1.436117	1.444758	1.476802	1.455827	1.462293	1.431010
hsa-miR-150	1.426055	1.424330	1.401986	1.434488	1.436413	1.441282	1.419455	1.443785	1.436822	1.390615	1.455407	1.434709	1.447422	1.414811	1.437266	1.422390	1.416204	1.424615
hsa-miR-151-3p	1.454251	1.455725	1.453688	1.519653	1.458377	1.458894	1.454674	1.452839	1.457104	1.474714	1.470700	1.460409	1.455731	1.457273	1.475092	1.467582	1.467403	1.443348
hsa-miR-151-5p	1.433026	1.440775	1.444211	1.466771	1.436127	1.433445	1.430462	1.436983	1.432008	1.455800	1.462150	1.460251	1.434667	1.438726	1.466307	1.454207	1.452838	1.424202
hsa-miR-152	1.472772	1.468119	1.470845	1.499926	1.499422	1.498711	1.477926	1.478647	1.484809	1.485150	1.487553	1.489673	1.480549	1.479794	1.502830	1.492667	1.498972	1.470081
hsa-miR-154	1.483896	1.541576	1.494257	1.534706	1.514916	1.518029	1.495017	1.497970	1.498543	1.517253	1.517072		1.500001	1.490541	1.548270	1.523612	1.522119	1.489644
hsa-miR-155	1.514366	1.498934	1.522854	1.520936	1.484461	1.494624	1.496553	1.494964	1.497638	1.499258	1.539391	1.543870	1.513306	1.495903	1.515513	1.499339	1.502761	1.502807
hsa-miR-15a	1.372491	1.389980	1.371251	1.394572	1.376646	1.388521	1.369518	1.372593	1.371751	1.383253	1.407667	1.412954	1.378578	1.388736	1.421379	1.396035	1.395922	1.369708
hsa-miR-15b	1.413928	1.422293	1.414701	1.429652	1.417659	1.428901	1.402833	1.407994	1.413144	1.427287	1.439384	1.436849	1.406983	1.413981	1.448417	1.428433	1.430802	1.397889
hsa-miR-15b*	1.488359	1.489943	1.473379	1.498970	1.486276	1.495355	1.477304	1.474433	1.486250	1.501354	1.519154	1.509010	1.483391	1.488028	1.515003	1.500440	1.506369	1.477414
hsa-miR-16	1.340507	1.347711	1.327330	1.349734	1.337295	1.356336	1.321776	1.318819	1.320482	1.350650	1.379384	1.394181	1.344685	1.339443	1.378181	1.356317	1.361059	1.329496
hsa-miR-16-2*	1.464907	1.481379	1.453224	1.489039	1.480682	1.489693	1.469072	1.467110	1.470052	1.482064	1.494636	1.485215	1.466779	1.472681	1.509364	1.485430	1.489547	1.465983
hsa-miR-17	1.464241	1.476195	1.455576	1.469048	1.455608	1.464078	1.451321	1.444815	1.449199	1.470683	1.494845	1.517685	1.461259	1.473018	1.496013	1.471184	1.475654	1.458430
hsa-miR-181a	1.442460	1.454473	1.449696	1.462693	1.450773	1.448344	1.442865	1.447603	1.428895	1.448109	1.457525	1.460426	1.448133	1.443226	1.472282	1.451512	1.458798	1.439902
hsa-miR-182	1.517970	1.538952	1.503011	1.535082	1.526604	1.536926	1.528707	1.544686	1.507902	1.518717	1.541537	1.566315	1.539051	1.527029		1.524096	1.514563	1.507312
hsa-miR-185	1.400175	1.411580	1.383625	1.423636	1.405444	1.420394	1.406761	1.401220	1.412506	1.409460	1.415482	1.404906	1.407585	1.401405	1.433401	1.425364	1.415479	1.393329
hsa-miR-186	1.440176	1.453328	1.434199	1.464074	1.463168	1.462654	1.448239	1.444195	1.446565	1.442964	1.449170	1.451461	1.449254	1.449659	1.483969	1.458696	1.459270	1.441542
hsa-miR-18a	1.451494	1.468521	1.453657	1.491479	1.468912	1.481536	1.461808	1.466281	1.461508	1.474476	1.483734	1.487459	1.464342	1.466646	1.497563	1.485604	1.477203	1.455716
hsa-miR-18a*	1.511672	1.500773	1.498840	1.522695	1.529510	1.511032	1.492354	1.491640	1.509892	1.527723	1.514702	1.545909	1.505301	1.521370	1.536256	1.529214	1.528065	1.511154
hsa-miR-18b	1.451775	1.465840	1.446313	1.480888	1.469457	1.476735	1.459750	1.463623	1.461342	1.462454	1.485057	1.482834	1.449355	1.465048	1.490985	1.478589	1.467912	1.447945
hsa-miR-191	1.500722	1.452655	1.436169	1.471573	1.449505	1.446655	1.442986	1.442839	1.444132	1.461613	1.466621	1.461589	1.437244	1.456017	1.476866	1.463304	1.447693	1.436005
hsa-miR-192	1.447942	1.439444	1.445507	1.476375	1.476239	1.477117	1.466638	1.467993	1.444596	1.461140	1.474587	1.486744	1.462609	1.464712	1.486867	1.460586	1.457283	1.447989
hsa-miR-193b	1.493618	1.477297	1.509925	1.495697	1.510695	1.509640	1.488272	1.505168	1.492575	1.485178	1.520439	1.530738	1.486595	1.495188	1.539798	1.495366	1.506719	1.498850
hsa-miR-194	1.480570	1.459684	1.472010	1.489232	1.485489	1.497696	1.484080	1.483716	1.463834	1.484213	1.488539	1.505257	1.478971	1.485062	1.509987	1.478558	1.488644	1.465625
hsa-miR-195	1.491641	1.490933	1.500382	1.529024	1.506996	1.527730	1.504573	1.515340	1.512020	1.510464	1.534536	1.513199	1.489851	1.528990	1.537593	1.510939	1.506935	1.487877
hsa-miR-197	1.476999	1.466561	1.461608	1.463271	1.461475	1.458921	1.459563	1.455171	1.449233	1.459319	1.477264	1.464684	1.454641	1.473208	1.496286	1.475783	1.472924	1.454469
hsa-miR-1974	1.399864	1.386564	1.384156	1.407869	1.385094	1.368282	1.382909	1.361703	1.392120	1.429647	1.403602	1.406545	1.380149	1.410145	1.428677	1.419198	1.423221	1.392897
hsa-miR-199a-3p	1.440296	1.455320	1.450695	1.458199	1.445085	1.438371	1.436160	1.438297	1.439501	1.464914	1.467379	1.481854	1.439660	1.448887	1.482153	1.463977	1.473405	1.431346
hsa-miR-199a-5p	1.433859	1.464675	1.456109	1.479002	1.459101	1.453880	1.447230	1.451564	1.450573	1.474275	1.477847	1.490883	1.440772	1.469054	1.507435	1.472637	1.468648	1.442137
hsa-miR-19a	1.432951	1.446539	1.426838	1.473390	1.454730	1.471244	1.451972	1.443791	1.447464	1.447189	1.457859	1.460923	1.435038	1.449977	1.487216	1.459843	1.452687	1.441534
hsa-miR-19b	1.362071	1.373376	1.343273	1.400357	1.385116	1.396717	1.371178	1.368514	1.372279	1.358909	1.379414	1.235114	1.365246	1.370442	1.407000	1.385090	1.376885	1.361410
hsa-miR-200c	1.519286	1.531375	1.505072	1.537640	1.517233	1.531195	1.524102	1.510751	1.520214	1.536903	1.512311	1.520713	1.500418	1.530887	1.553587	1.527097	1.527378	1.505168
hsa-miR-205	1.497383	1.494724	1.549308	1.522264	1.504392	1.544017	1.504761	1.516139	1.501448	1.497059	1.532787	1.526691	1.498453	1.524857	1.549853	1.485427	1.497589	1.500944
hsa-miR-20a	1.389632	1.407027	1.391553	1.410300	1.388602	1.398535	1.376105	1.378037	1.377421	1.413030	1.435318	1.442133	1.391651	1.399658	1.431647	1.408786	1.412326	1.383232
hsa-miR-20a*	1.492010	1.527244	1.534238		1.543262	1.528605	1.509166	1.523863	1.510166			1.543227	1.526281	1.551379	1.541968	1.510508	1.541413	1.515630
hsa-miR-20b	1.493169	1.507018	1.482705	1.497685	1.486216	1.494683	1.486978	1.494650	1.474533	1.507689	1.514461	1.521918	1.493446	1.505128	1.542424	1.509673	1.516149	1.502166
hsa-miR-21	1.400529	1.373180	1.366448	1.420159	1.402904	1.409365	1.392820	1.394448	1.396677	1.379677	1.392148	1.379800	1.370534	1.377672	1.403853	1.386195	1.382246	1.367725
hsa-miR-210	1.458764	1.451778	1.448032	1.494606	1.480731	1.490444	1.475094	1.472675	1.465707	1.463620	1.470670	1.461729	1.453561	1.478136	1.488684	1.486174	1.480867	1.468856
hsa-miR-2110	1.495869	1.477306	1.471329	1.489347	1.451990	1.492169	1.495751	1.489517	1.492755	1.475223	1.485770	1.489254	1.478091	1.487932	1.508391	1.512213	1.516874	1.473532
hsa-miR-215	1.463929	1.452489	1.466891	1.497840	1.485699	1.490278	1.473321	1.476883	1.460336	1.468206	1.484985	1.496386	1.479973	1.475372	1.503868	1.475018	1.478312	1.456464
hsa-miR-22	1.413990	1.419230	1.405764	1.445224	1.427548	1.431363	1.422547	1.409747	1.421705	1.419428	1.425731	1.422439	1.418027	1.416919	1.445992	1.426612	1.428869	1.407587
hsa-miR-22*	1.464096	1.475835	1.460631	1.476516	1.461293	1.473850	1.461198	1.457952	1.455637	1.475133	1.491736	1.485604	1.464922	1.476887	1.497642	1.481801	1.468028	1.457413
hsa-miR-221	1.419661	1.426092	1.424490	1.427600	1.411144	1.412861	1.400443	1.399700	1.410929	1.454062	1.443339	1.456120	1.409826	1.419410	1.474115	1.441489	1.447454	1.413202
hsa-miR-222	1.453465	1.463710	1.452002	1.450442	1.444824	1.447153	1.438573	1.437838	1.441422	1.452854	1.472462	1.493783	1.449154	1.465575	1.493795	1.463452	1.477998	1.462508
hsa-miR-223	1.339750	1.331359	1.334707	1.347939	1.346128	1.348347	1.337435	1.333967	1.325249	1.330424	1.344536	1.342114	1.323371	1.342659	1.374828	1.351551	1.367122	1.317815
hsa-miR-223*	1.497792	1.496451	1.490631	1.491754	1.485663	1.486068	1.480898	1.483644	1.487863	1.483845	1.501582	1.301930	1.483225	1.509337	1.519393	1.494945	1.505744	1.478668
hsa-miR-23a	1.386176	1.387570	1.385716	1.403694	1.390706	1.392064	1.385380	1.382848	1.384121	1.398886	1.400730	1.394359	1.381113	1.394725	1.420773	1.398602	1.403308	1.373826
hsa-miR-23b	1.415983	1.420257	1.423201	1.445025	1.427545	1.424778	1.423048	1.421413	1.418337	1.435850	1.438395	1.429851	1.423582	1.429542	1.452903	1.440943	1.444139	1.410163
hsa-miR-24	1.387000	1.392318	1.395959	1.407061	1.393551	1.389168	1.385836	1.386194	1.380426	1.396511	1.404883	1.401056	1.386583	1.401401	1.420535	1.407581	1.405287	1.377535
hsa-miR-25	1.410128	1.424744	1.390392	1.425365	1.410847	1.425071	1.405971	1.403147	1.403797	1.407722	1.425685	1.418327	1.419844	1.412426	1.441927	1.433660	1.425778	1.406684
hsa-miR-26a	1.398701	1.410659	1.412177	1.433330	1.404676	1.408323	1.399597	1.406181	1.403677	1.428142	1.436593	1.436806	1.400946	1.405430	1.446006	1.415392	1.429603	1.393037
hsa-miR-26b	1.437321	1.437033	1.469147	1.457283	1.439102	1.440694	1.436677	1.438227	1.431264	1.448535	1.465152	1.469437	1.437294	1.438079	1.474021	1.439248	1.468309	1.413049
hsa-miR-27a	1.402768	1.407084	1.411566	1.435850	1.424702	1.426311	1.412112	1.408858	1.414320	1.430650	1.432294	1.453551	1.398372	1.427808	1.450150	1.421176	1.433637	1.401557
hsa-miR-27b	1.417946	1.418826	1.435436	1.454567	1.443422	1.436734	1.428104	1.429488	1.425564	1.441320	1.449439	1.460516	1.415637	1.444459	1.464353	1.438375	1.449185	1.416237
hsa-miR-28-3p	1.483021	1.477375	1.479139	1.501212	1.481700	1.477836	1.475380	1.485017	1.480134	1.482407	1.495844	1.493689	1.479262	1.480152	1.517104	1.490827	1.497996	1.472748
hsa-miR-28-5p	1.497272	1.480907	1.481075	1.519162	1.479596	1.475676	1.476545	1.486750	1.473414	1.490455	1.491038	1.494688	1.483677	1.485926	1.513058	1.491739	1.502235	1.471138
hsa-miR-297	1.478965	1.456999	1.461712	1.500331	1.513958	1.513794	1.505223	1.488207	1.503991	1.465162	1.464076	1.470535	1.464407	1.504309	1.521795	1.535361	1.537005	1.493443
hsa-miR-29a	1.447235	1.438744	1.430282	1.459220	1.462070	1.461642	1.444862	1.457072	1.448077	1.420457	1.455165	1.458800	1.431068	1.444958	1.468897	1.440453	1.446041	1.437738
hsa-miR-29a*	1.503504	1.495242	1.497150	1.591904	1.536521	1.445818	1.527685	1.524944	1.515954	1.483475	1.501321	1.499285	1.502999	1.511821	1.537595	1.518536	1.503440	1.499134
hsa-miR-29b	1.449695	1.458621	1.446994	1.497719	1.480041	1.491907	1.466810	1.455273	1.469844	1.445645	1.477252	1.485893	1.452286	1.467427	1.513166	1.466614	1.470678	1.461823
hsa-miR-29b-2*	1.524422	1.513386	1.486705		1.514073		1.502377	1.527992	1.505883	1.524361	1.524462	1.525716		1.521341		1.538275	1.528189	1.502710
hsa-miR-29c	1.420396	1.422869	1.407268	1.449915	1.442376	1.415178	1.428492	1.428507	1.429595	1.405330	1.432419	1.442739	1.415444	1.429907	1.458109	1.428471	1.435718	1.416426
hsa-miR-301a	1.494031	1.504709	1.494392	1.492508	1.481386	1.485810	1.486518	1.480421	1.486393	1.498812	1.517556	1.534973	1.476730	1.504890	1.564066	1.520977	1.506887	1.482067
hsa-miR-30a	1.503333	1.496380	1.501736	1.512096	1.526490	1.510913	1.509426	1.506802	1.504017	1.515122	1.517853	1.527388	1.494814	1.509804	1.544136	1.499548	1.515777	1.503364
hsa-miR-30b	1.440298	1.457063	1.459605	1.471790	1.451524	1.455482	1.444839	1.448503	1.443235	1.476471	1.490537	1.509342	1.443467	1.470745	1.504370	1.470261	1.475054	1.458055
hsa-miR-30c	1.435018	1.448540	1.449097	1.469312	1.439893	1.441490	1.437310	1.433625	1.436129	1.459076	1.476090	1.486671	1.438269	1.454083	1.485643	1.462279	1.475119	1.438589
hsa-miR-30d	1.452331	1.458708	1.453763	1.475705	1.452314	1.453945	1.446028	1.438244	1.446290	1.470304	1.484495	1.482619	1.455656	1.456413	1.488372	1.464187	1.471767	1.452407
hsa-miR-30e	1.477769	1.480267	1.465297	1.477123	1.469933	1.482416	1.467519	1.460544	1.459313	1.480257	1.493741	1.503716	1.470742	1.492584	1.509744	1.489733	1.489756	1.470115
hsa-miR-30e*	1.490890	1.490956	1.480716	1.482158	1.471890	1.476037	1.475413	1.470826	1.475401	1.492638	1.501500	1.505716	1.474864	1.480718	1.502041	1.478070	1.517885	1.471791
hsa-miR-32	1.473942	1.486963	1.470736	1.486107	1.476126	1.483217	1.464027	1.468406	1.462282	1.485795	1.498242	1.511931	1.462915	1.483888	1.512831	1.498221	1.497325	1.482648
hsa-miR-320a	1.396038	1.405779	1.389465	1.418373	1.400438	1.406260	1.395585	1.390541	1.394071	1.403249	1.408279	1.406604	1.406183	1.399434	1.412611	1.414078	1.415638	1.391491
hsa-miR-320b	1.399993	1.405051	1.403183	1.420021	1.402018	1.407278	1.396640	1.393381	1.399051	1.403574	1.406350	1.406079	1.406165	1.402830	1.411622	1.419025	1.424012	1.397978
hsa-miR-324-3p	1.458113	1.466798	1.452047	1.493326	1.469543	1.475929	1.466171	1.468078	1.462013	1.455869	1.470137	1.465506	1.461409	1.467226	1.486192	1.481763	1.479274	1.449378
hsa-miR-324-5p	1.464609	1.475633	1.463011	1.503969	1.480377	1.487702	1.473332	1.473672	1.476723	1.479508	1.488009	1.488614	1.470521	1.472500	1.502575	1.497309	1.485171	1.458665
hsa-miR-326	1.451400	1.459025	1.463183	1.493214	1.503828	1.475216	1.473255	1.463831	1.472074	1.473760	1.472920	1.481196	1.451763	1.481196	1.504695	1.484472	1.505274	1.465690
hsa-miR-328	1.463285	1.469955	1.465182	1.498536	1.471345	1.471930	1.460628	1.462457	1.461549	1.476784	1.471847	1.477178	1.469714	1.480105	1.519711	1.489805	1.500414	1.471226
hsa-miR-331-3p	1.478152	1.490864	1.491981	1.499271	1.479241	1.482667	1.469883	1.483434	1.470745	1.498030	1.492143	1.508887	1.479820	1.488304	1.516984	1.500326	1.500650	1.483510
hsa-miR-335	1.462824	1.471243	1.473835	1.501729	1.485699	1.491865	1.476656	1.474790	1.482846	1.485198	1.490416	1.506565	1.467461	1.473944	1.499752	1.484999	1.483088	1.460202
hsa-miR-338-3p	1.455030	1.446675	1.441084	1.474308	1.472040	1.471627	1.462283	1.457498	1.448570	1.436431	1.433463	1.442379	1.438383	1.461118	1.485023	1.463035	1.458576	1.430186
hsa-miR-339-3p	1.490192	1.509637	1.485194	1.526484	1.520541	1.516091	1.506306	1.498882	1.500068	1.523172	1.518670	1.514512	1.494913	1.506499	1.529393	1.520600	1.501080	1.493005
hsa-miR-339-5p	1.504120	1.506731	1.492675	1.550601	1.514430	1.504146	1.498855	1.493566	1.501365	1.501097	1.517342	1.516975	1.492216	1.505594	1.539707	1.522315	1.511050	1.492872
hsa-miR-33a	1.442485	1.461176	1.470918	1.512679	1.494567	1.487719	1.480295	1.487235	1.472838	1.476506	1.475110	1.500468	1.452894	1.484855	1.530801	1.489265	1.491880	1.468916
hsa-miR-342-3p	1.464521	1.457996	1.452315	1.458782	1.456320	1.461461	1.445081	1.459458	1.454439	1.434795	1.485016	1.485062	1.471187	1.446325	1.483134	1.455406	1.469849	1.452349
hsa-miR-346	1.508474	1.497881	1.496610	1.500098	1.508561	1.507082	1.517611	1.516843	1.506302	1.495191	1.492791	1.502002	1.505094	1.507175	1.512929	1.511615	1.524325	1.506373
hsa-miR-34a	1.502659	1.495031	1.502447	1.507560	1.512110	1.505564	1.488751	1.501770	1.476823	1.511131	1.522801	1.521398	1.496789	1.528456	1.551814	1.542353	1.526861	1.505706
hsa-miR-361-3p	1.495383	1.500872	1.493482	1.506607	1.493212	1.510287	1.497748	1.490937	1.491166	1.481157	1.499824	1.501580	1.499642	1.507086	1.515378	1.499969	1.505107	1.493862
hsa-miR-363	1.459327	1.458112	1.443915	1.440640	1.450246	1.458298	1.443984	1.441452	1.445260	1.458557	1.473277	1.468343	1.444975	1.444226	1.475083	1.451512	1.478977	1.450030
hsa-miR-365	1.502968	1.487845	1.493977	1.489157	1.490568	1.483900	1.478211	1.481855	1.469001	1.518797	1.509930	1.524888	1.487933	1.507095	1.541245	1.498835	1.497813	1.471773
hsa-miR-374a	1.478258	1.488109	1.474444	1.514975	1.493905	1.493533	1.482504	1.491414	1.489152	1.495361	1.505636	1.518724	1.471112	1.481810	1.508615	1.477874	1.500674	1.463724
hsa-miR-374b	1.458896	1.465218	1.468101	1.498923	1.469507	1.474437	1.466494	1.476950	1.468654	1.480313	1.492980	1.477241	1.464589	1.456801	1.488293	1.461687	1.463607	1.438184
hsa-miR-375	1.520000	1.495742	1.505895	1.541872	1.535277	1.519643	1.515820	1.513114	1.520743	1.495039	1.519771	1.550465	1.499003	1.522836	1.529782	1.487131	1.495682	1.508134
hsa-miR-376a	1.460928	1.501301	1.483078	1.518323	1.487022	1.511806	1.473839		1.487442	1.503152	1.514686	1.565292	1.488696	1.486213	1.527061	1.277984	1.513211	1.472152
hsa-miR-378	1.452806	1.439246	1.437604	1.476260	1.475362	1.479106	1.466167	1.459405	1.450239	1.445754	1.454676	1.453838	1.451160	1.463681	1.476019	1.474533	1.476906	1.458832
hsa-miR-382	1.474449	1.507878	1.488265	1.517594	1.502451	1.505411	1.491330	1.479309	1.557543	1.514792	1.501735	1.509780	1.497659	1.489032	1.528850	1.502503	1.505039	1.480103
hsa-miR-409-3p	1.463847	1.522834	1.480245	1.525889	1.483673	1.500233	1.469106	1.481496	1.477800	1.490487	1.495345	1.529218	1.494142	1.471224	1.520542	1.491181	1.506138	1.463996
hsa-miR-421	1.493457	1.495901	1.492614	1.509197	1.504198	1.505638	1.503662	1.500018	1.499688	1.496358	1.533045	1.516777	1.516534	1.502755	1.530617	1.512195	1.519287	1.498271
hsa-miR-423-3p	1.439538	1.450910	1.441853	1.459731	1.443499	1.437741	1.436312	1.432018	1.436815	1.452803	1.457061	1.456657	1.440527	1.449787	1.483767	1.466975	1.458330	1.432848
hsa-miR-423-5p	1.459371	1.456768	1.425657	1.460798	1.443603	1.444997	1.436055	1.434546	1.437058	1.448511	1.452816	1.447931	1.443497	1.448785	1.464171	1.460502	1.456026	1.436870
hsa-miR-424	1.420243	1.417773	1.415459	1.443811	1.444051	1.454063	1.439427	1.425620	1.425023	1.421003	1.431154	1.434232	1.413522	1.434423	1.455560	1.432176	1.447389	1.411853
hsa-miR-425	1.438654	1.441407	1.418374	1.451241	1.430677	1.443639	1.427473	1.425525	1.426610	1.429929	1.440215	1.437770	1.425423	1.431839	1.461705	1.453810	1.442513	1.418871
hsa-miR-425*	1.470243	1.476989	1.469961	1.485507	1.479080	1.477662	1.470202	1.471032	1.470172	1.480085	1.482120	1.489604	1.468207	1.489511	1.509450	1.490449	1.486603	1.479017
hsa-miR-451	1.270154	1.288172	1.250066	1.307956	1.284277	1.309702	1.262818	1.262091	1.260179	1.271057	1.311838	1.310964	1.282025	1.288561	1.331830	1.295876	1.298981	1.268918
hsa-miR-484	1.436587	1.449322	1.430517	1.447684	1.435239	1.442072	1.428818	1.426623	1.430754	1.448352	1.455383	1.460306	1.439979	1.441837	1.474611	1.452112	1.454944	1.430813
hsa-miR-485-3p	1.403394	1.411164	1.405616	1.319068	1.324924	1.328181	1.324229	1.313786	1.329043	1.411698	1.419845	1.430403	1.397189	1.352621	1.371589	1.328061	1.462600	1.338641
hsa-miR-486-5p	1.385194	1.404641	1.369092	1.393115	1.374870	1.394160	1.371989	1.371852	1.372521	1.395545	1.417799	1.401603	1.408065	1.386919	1.409979	1.409841	1.402825	1.386552
hsa-miR-495	1.473472	1.518693	1.486928	1.508106	1.480254	1.498950	1.471511	1.469940	1.475025	1.503519	1.503536	1.541350	1.491107	1.488395	1.543146	1.505686	1.525133	1.467586
hsa-miR-497	1.482818	1.485731	1.485258	1.526503	1.501136	1.519871	1.485084	1.500886	1.496434	1.479685	1.494812	1.507191	1.477396	1.530289	1.522119	1.505469	1.491882	1.501629
hsa-miR-500a	1.508989	1.517631		1.518431	1.514790	1.540133	1.520069	1.541869	1.515095	1.509919	1.526138	1.535376	1.509625	1.537941	1.550005	1.513590	1.522917	1.513381
hsa-miR-501-3p	1.517258	1.515353	1.509391	1.516796	1.505045	1.525447	1.512679	1.505647	1.520489	1.507757	1.527358	1.544327	1.516126	1.520602	1.558246	1.521639	1.547732	1.512786
hsa-miR-502-3p	1.487913	1.494779	1.490237	1.506168	1.502096	1.510257	1.497660	1.486205	1.506040	1.495604	1.498705	1.499548	1.484201	1.499927	1.555790	1.505144	1.517097	1.490870
hsa-miR-505	1.479917	1.478569	1.479985	1.495813	1.493869	1.481256	1.489901	1.488918	1.476123	1.482602	1.484892	1.508371	1.482814	1.493121	1.515670	1.498193	1.491734	1.482359
hsa-miR-532-3p	1.491127	1.484042	1.478992	1.504996	1.506728	1.506223	1.486036	1.489974	1.487887	1.484442	1.493445	1.529075	1.489122	1.501039	1.553608	1.506712	1.520227	1.484189
hsa-miR-532-5p	1.484196	1.497833	1.478666	1.492793	1.480954	1.499785	1.482006	1.475733	1.482349	1.488294	1.508665	1.510502	1.497953	1.492646	1.515153	1.499483	1.504935	1.489841
hsa-miR-543	1.478297	1.507834	1.487157	1.507508	1.498702	1.519184	1.476736	1.489939	1.490588	1.503078	1.518860	1.505176	1.490349	1.486048	1.540228	1.532980	1.506950	1.484240
hsa-miR-551b	1.504182	1.514557	1.543891	1.534379	1.500077	1.509751	1.501176	1.511553	1.506116	1.518658	1.504359	1.549572	1.493601	1.542799	1.541071	1.539145	1.547027	1.498522
hsa-miR-574-3p	1.482036	1.482148	1.481322	1.489725	1.487688	1.488085	1.473850	1.477075	1.478179	1.490920	1.486739	1.503341	1.489101	1.480636	1.502152	1.495886	1.499795	1.474722
hsa-miR-584	1.497203	1.499443	1.490779	1.525151	1.502317	1.484795	1.501713	1.493603	1.505894	1.511072	1.500160	1.498137	1.488874	1.498269	1.511488	1.518529	1.505374	1.487536
hsa-miR-590-5p	1.460558	1.465026	1.462316	1.501740	1.489747	1.492454	1.488330	1.478028	1.492599	1.479983	1.487798	1.493506	1.460433	1.483762	1.508701	1.485549	1.474286	1.456072
hsa-miR-605	1.427866	1.429460	1.428714	1.348240	1.346138	1.357327	1.347716	1.342244	1.345944	1.435831	1.446249	1.444272	1.415928	1.372324	1.397102	1.354604	1.461315	1.362016
hsa-miR-629	1.517519	1.508511	1.489116	1.506915	1.491401	1.499010	1.492200	1.496936	1.489578	1.501255	1.492276	1.495477	1.490554	1.504493	1.525564	1.511408	1.514206	1.493146
hsa-miR-652	1.439350	1.454780	1.444757	1.456808	1.434005	1.442688	1.433394	1.431318	1.433652	1.454230	1.466604	1.468758	1.446897	1.452342	1.487360	1.459747	1.463436	1.434211
hsa-miR-660	1.488126	1.480468	1.469634	1.495488	1.493151	1.498597	1.486803	1.482277	1.486341	1.483580	1.499787	1.502039	1.482269	1.484285	1.513562	1.491543	1.493185	1.476537
hsa-miR-720	1.355460	1.363115	1.384093	1.308705	1.310509	1.319067	1.309367	1.302977	1.301320		1.372982	1.378937	1.357322	1.325796	1.346241	1.310974	1.395764	1.309883
hsa-miR-766	1.476993	1.484837	1.484827	1.501052	1.486621	1.484693	1.478875	1.486050	1.487147	1.500925	1.505903	1.516582	1.477968	1.500547	1.528673	1.502020	1.530313	1.480393
hsa-miR-885-5p	1.524455	1.491761	1.517531	1.533551	1.539770	1.516520	1.514972	1.527422	1.488492	1.528207	1.536406	1.528557	1.509959	1.544144	1.543414	1.546263	1.528720	1.529471
hsa-miR-92a	1.367221	1.384674	1.362221	1.384215	1.370514	1.380535	1.358108	1.358333	1.363584	1.383747	1.404789	1.394926	1.382241	1.375181	1.408800	1.395713	1.390791	1.371394
hsa-miR-92b	1.523646	1.511971	1.502838	1.549074	1.515301	1.517884	1.515627	1.497904	1.510500	1.522203	1.524594	1.535996	1.512252	1.515153		1.531062	1.524931	1.513339
hsa-miR-93	1.411177	1.406597	1.387576	1.409321	1.390828	1.406110	1.388365	1.387284	1.382700	1.400513	1.418283	1.422687	1.399085	1.411934	1.438102	1.420138	1.415843	1.392028
hsa-miR-93*	1.490212	1.487445	1.477744	1.516724	1.490615	1.519172	1.487707	1.491687	1.491740	1.488744	1.495722	1.488634	1.484185	1.490567	1.528195	1.506731	1.502756	1.486134
hsa-miR-95	1.517017	1.527171	1.560453		1.537115	1.527200	1.571730	1.527399	1.536625	1.532801	1.526511		1.534528	1.544919		1.539095	1.556885	
hsa-miR-99a	1.470251	1.456964	1.478629	1.489106	1.492937	1.496997	1.474356	1.486021	1.465284	1.476338	1.484914	1.506603	1.477793	1.493513	1.501572	1.486858	1.485085	1.482533
hsa-miR-99b	1.464495	1.475611	1.490590	1.493032	1.473172	1.482533	1.477213	1.489246	1.484662	1.490465	1.492511	1.508276	1.476820	1.481084	1.493253	1.489696	1.495055	1.476768
