marker	rows	AIIamacrine	Astrocyte	Cone	GABAamacrine	Horizontal	Microglia	Mullerglia	Retinalganglioncell	Rod
RHO	3	92.3391	97.7305	88.7332	54.4632	71.9324	131.2019	113.5968	43.9217	369.0257
NRL	3	77.4702	84.5847	80.3041	71.9423	74.1763	93.1902	94.5175	54.3430	114.5436
NR2E3	3	20.1913	33.0637	34.9355	21.2882	23.6720	40.5868	34.6098	24.0308	113.3998
GNAT1	3	97.1546	139.6908	218.2073	71.4290	93.2972	167.4970	190.0625	62.7657	439.8039
PDE6B	3	48.9152	57.2308	101.5835	44.7917	45.5740	71.2414	63.4672	35.7370	203.5446
SAG	3	30.2447	44.0849	77.5977	26.6643	32.7425	59.1022	52.2060	25.4584	183.4356
PDE6A	3	33.5395	74.4929	41.1127	28.3393	33.5958	61.9224	63.1282	23.9357	181.1964
OPN1SW	3	12.5879	13.5442	25.1221	9.5635	12.8947	9.8095	6.4834	10.3737	8.2651
OPN1MW	3	0.0845	0.1328	0.7024	0.0810	0.1580	0.0000	0.1165	0.0952	0.1596
OPN1LW	3	10.3068	9.8262	75.4284	8.0506	9.5130	12.8750	11.9921	6.8999	25.9875
ARR3	3	2.9569	3.4524	51.8144	2.4854	2.7496	3.5559	2.8921	2.8552	3.3902
GNAT2	3	41.3963	32.7981	156.7861	51.7617	53.1592	55.0558	38.9532	37.7832	23.2937
PDE6C	3	4.3086	5.7098	75.8622	5.2410	5.2780	6.4988	2.8603	4.9489	7.5566
SLC6A9	3	115.9097	111.4074	208.3113	77.3454	78.3798	120.7793	112.8870	70.5698	269.4986
DAB1	3	35.5670	42.4915	43.9637	31.5001	27.6225	44.5106	45.8286	30.5025	55.2128
CALB2	3	72.8237	8.4983	17.7053	34.2556	35.7134	13.4880	10.9222	32.6915	19.3135
GAD1	3	24.1619	34.2588	52.6201	85.2879	14.1589	30.2868	54.4519	19.3199	43.5865
GAD2	3	9.0396	7.4360	3.8014	59.2450	8.1856	8.0928	16.4097	7.4234	1.9538
SLC32A1	3	93.1839	12.8802	12.9743	93.3115	58.4056	19.1285	12.2040	10.1358	9.8320
LHX1	3	44.9446	60.6832	113.4215	38.9023	132.0762	60.9415	57.2169	32.2632	82.2569
ONECUT1	3	44.4377	16.8638	18.7176	15.4799	158.4030	29.1832	28.1688	71.4263	11.8318
PROX1	3	117.2614	63.2061	10.0199	31.9863	104.1692	42.4260	67.9589	46.1107	4.0576
RBPMS	3	1.7741	29.7441	2.2519	2.1342	2.9708	3.4333	2.5637	33.2149	1.3009
POU4F1	3	8.3637	10.2245	18.5524	11.5896	11.5041	7.8476	7.5110	73.3298	12.8353
POU4F2	3	5.4913	4.1164	12.4165	8.0236	6.6686	5.3952	4.3964	60.1009	5.4359
SNCG	3	20.9516	33.0637	27.9319	20.9370	38.9370	32.6166	49.8436	66.4298	25.6852
THY1	3	19.1775	29.2129	5.3509	29.8251	13.8745	9.5643	17.9034	40.4480	4.2244
RLBP1	3	7.4344	28.5490	4.1113	4.1874	5.0252	14.3464	46.2311	7.3282	3.6610
GLUL	3	43.9308	97.9960	23.5313	40.7934	27.6542	72.5902	116.5525	31.0260	5.5496
SLC1A3	3	8.1948	37.9768	3.7394	8.9151	2.9076	21.5809	40.1291	7.0427	1.5766
SOX9	3	79.0754	91.8879	4.8550	26.2320	10.7456	22.6844	82.3558	19.5102	2.8800
VIM	3	12.6723	64.5340	2.8717	9.3474	23.5455	58.7343	64.7172	9.8979	2.0868
RAX	2	20.1068	96.6682	135.1968	7.6994	9.0390	42.1808	120.1014	13.1813	38.1820
GFAP	3	61.9255	135.0433	60.8427	40.6853	59.2589	48.5570	76.9636	42.2562	76.0037
AQP4	3	9.4620	44.6161	1.3842	5.4571	3.7294	10.9131	34.4509	7.8992	1.5669
S100B	3	2.6190	20.8474	4.9790	10.4280	6.9214	10.4226	4.5553	12.1344	3.5812
ALDH1L1	3	13.9396	49.7947	3.3469	6.1055	5.6572	17.2892	46.8456	9.0413	2.2634
C1QA	3	24.8378	8.7639	9.4208	12.5892	33.8487	31.8808	10.2124	10.5165	13.0240
C1QB	3	34.6377	7.4360	10.0613	21.2882	17.0666	38.9927	11.6108	13.0385	10.7896
C1QC	3	31.5119	7.9672	9.0489	15.0476	20.9539	40.9546	9.6615	12.2771	11.9092
AIF1	3	71.8944	84.8502	89.8075	66.8363	69.2460	103.1223	91.6466	52.0589	107.8140
CX3CR1	3	5.2379	8.4983	4.7930	10.8872	7.3955	22.5618	8.4220	6.9475	4.0648
P2RY12	3	2.6190	4.5147	3.1403	4.2955	5.5624	15.2047	5.8689	3.9972	0.7617
TYROBP	3	25.9361	32.6653	33.8818	27.3397	22.2181	75.2878	34.0695	27.4570	48.6573

marker_group	markers	AIIamacrine	Astrocyte	Cone	GABAamacrine	Horizontal	Microglia	Mullerglia	Retinalganglioncell	Rod
Rod	RHO,NRL,NR2E3,GNAT1,PDE6B,SAG,PDE6A	49.1962	68.6474	78.0358	41.2156	48.0541	80.3871	76.1057	36.0130	203.1260
Cone	OPN1SW,OPN1MW,OPN1LW,ARR3,GNAT2,PDE6C	4.3217	4.8090	30.6727	4.1023	5.0209	3.4260	3.8389	3.9928	5.2884
AIIamacrine	SLC6A9,DAB1	64.2190	68.8143	95.7114	49.3708	46.5415	73.3322	71.9378	46.4065	121.9959
GABAamacrine	GAD1,GAD2,SLC32A1	27.3176	14.8717	13.7587	77.8422	18.9299	16.7487	22.1874	11.3388	9.4453
Horizontal	LHX1,ONECUT1,PROX1	61.6507	40.1538	27.7229	26.8171	129.6611	42.2669	47.8569	47.3753	15.8244
Retinalganglioncell	RBPMS,POU4F1,POU4F2,SNCG,THY1	8.0140	16.4770	9.5189	10.4543	10.4388	8.5497	9.4702	52.3646	6.3068
Mullerglia	RLBP1,GLUL,SLC1A3,SOX9,VIM,RAX	19.4508	62.7364	9.3992	11.9374	9.8828	32.8897	71.9331	12.6501	4.4237
Astrocyte	GFAP,AQP4,S100B,ALDH1L1,VIM	12.2232	52.6376	5.2776	10.5853	11.5447	22.3879	32.5835	12.9491	4.5966
Microglia	C1QA,C1QB,C1QC,AIF1,CX3CR1,P2RY12,TYROBP	18.3423	12.7783	12.1740	16.5948	18.5995	38.9452	15.0867	13.1306	11.5659

assignment_by_marker_score
AIIamacrine	AIIamacrine>Horizontal>Rod>GABAamacrine>Mullerglia>Microglia>Astrocyte>Retinalganglioncell>Cone	64.2190>61.6507>49.1962>27.3176>19.4508>18.3423>12.2232>8.0140>4.3217
Astrocyte	AIIamacrine>Rod>Mullerglia>Astrocyte>Horizontal>Retinalganglioncell>GABAamacrine>Microglia>Cone	68.8143>68.6474>62.7364>52.6376>40.1538>16.4770>14.8717>12.7783>4.8090
Cone	AIIamacrine>Rod>Cone>Horizontal>GABAamacrine>Microglia>Retinalganglioncell>Mullerglia>Astrocyte	95.7114>78.0358>30.6727>27.7229>13.7587>12.1740>9.5189>9.3992>5.2776
GABAamacrine	GABAamacrine>AIIamacrine>Rod>Horizontal>Microglia>Mullerglia>Astrocyte>Retinalganglioncell>Cone	77.8422>49.3708>41.2156>26.8171>16.5948>11.9374>10.5853>10.4543>4.1023
Horizontal	Horizontal>Rod>AIIamacrine>GABAamacrine>Microglia>Astrocyte>Retinalganglioncell>Mullerglia>Cone	129.6611>48.0541>46.5415>18.9299>18.5995>11.5447>10.4388>9.8828>5.0209
Microglia	Rod>AIIamacrine>Horizontal>Microglia>Mullerglia>Astrocyte>GABAamacrine>Retinalganglioncell>Cone	80.3871>73.3322>42.2669>38.9452>32.8897>22.3879>16.7487>8.5497>3.4260
Mullerglia	Rod>AIIamacrine>Mullerglia>Horizontal>Astrocyte>GABAamacrine>Microglia>Retinalganglioncell>Cone	76.1057>71.9378>71.9331>47.8569>32.5835>22.1874>15.0867>9.4702>3.8389
Retinalganglioncell	Retinalganglioncell>Horizontal>AIIamacrine>Rod>Microglia>Astrocyte>Mullerglia>GABAamacrine>Cone	52.3646>47.3753>46.4065>36.0130>13.1306>12.9491>12.6501>11.3388>3.9928
Rod	Rod>AIIamacrine>Horizontal>Microglia>GABAamacrine>Retinalganglioncell>Cone>Astrocyte>Mullerglia	203.1260>121.9959>15.8244>11.5659>9.4453>6.3068>5.2884>4.5966>4.4237

marker_rank_by_observed_column
Rod	Rod>Microglia>Cone>Mullerglia>Astrocyte>AIIamacrine>Horizontal>GABAamacrine>Retinalganglioncell
Cone	Cone>Rod>Horizontal>Astrocyte>AIIamacrine>GABAamacrine>Retinalganglioncell>Mullerglia>Microglia
AIIamacrine	Rod>Cone>Microglia>Mullerglia>Astrocyte>AIIamacrine>GABAamacrine>Horizontal>Retinalganglioncell
GABAamacrine	GABAamacrine>AIIamacrine>Mullerglia>Horizontal>Microglia>Astrocyte>Cone>Retinalganglioncell>Rod
Horizontal	Horizontal>AIIamacrine>Mullerglia>Retinalganglioncell>Microglia>Astrocyte>Cone>GABAamacrine>Rod
Retinalganglioncell	Retinalganglioncell>Astrocyte>GABAamacrine>Horizontal>Cone>Mullerglia>Microglia>AIIamacrine>Rod
Mullerglia	Mullerglia>Astrocyte>Microglia>AIIamacrine>Retinalganglioncell>GABAamacrine>Horizontal>Cone>Rod
Astrocyte	Astrocyte>Mullerglia>Microglia>Retinalganglioncell>AIIamacrine>Horizontal>GABAamacrine>Cone>Rod
Microglia	Microglia>Horizontal>AIIamacrine>GABAamacrine>Mullerglia>Retinalganglioncell>Astrocyte>Cone>Rod
