chrom1	start1	end1	chrom2	start2	end2	cstart1	cstart2	c_label	c_size	count	la_exp.donut.value	la_exp.vertical.value	la_exp.horizontal.value	la_exp.lowleft.value	la_exp.donut.qval	la_exp.vertical.qval	la_exp.horizontal.qval	la_exp.lowleft.qval
chr12	7130000	7140000	chr12	7630000	7640000	7135000.0	7630000.0	110	2	70	22.45418018098202	35.257270376571064	21.91602965869827	33.42845778507561	2.054138740391166e-10	0.0010313310904153314	3.869163624678779e-10	0.0007325429638387157
chr12	7220000	7225000	chr12	7635000	7640000	7217500.0	7631666.666666666	100	6	79	9.675675087866068	13.9434799292819	13.949277725025404	10.273288806410877	5.809679590095268e-38	1.9148603014339173e-25	1.7521704865524512e-25	1.3924994001582576e-31
chr12	7370000	7375000	chr12	7635000	7640000	7372500.0	7635000.0	102	2	39	7.167912075654183	10.374479560392961	8.765687156044546	8.879334771334609	3.206081176876648e-11	2.977045654811468e-06	1.7725019918842072e-08	9.954483131468862e-09
chr12	7460000	7465000	chr12	7635000	7640000	7460000.0	7635000.0	103	1	40	10.716749397364945	13.875270560360592	11.32688282718235	13.794594348373515	5.880682861015393e-07	0.00010863957775862896	1.0278104463518991e-06	7.998740089190853e-05
chr12	7675000	7680000	chr12	7805000	7810000	7660000.0	7806666.666666666	104	3	161	23.00258527769523	40.39318119483058	22.258091219097363	24.017493017901753	1.1988440969677515e-68	2.153917538867196e-32	3.742303558631751e-68	1.6775684280589226e-68
chr12	7715000	7720000	chr12	7805000	7810000	7715625.0	7797500.0	106	8	101	22.822216124440928	33.66353705438034	23.431586629295587	22.237189075720963	8.407023721591978e-27	1.1706104200393366e-13	1.693309313625647e-26	1.0116021204633224e-26
chr12	7795000	7800000	chr12	7905000	7910000	7795000.0	7905000.0	107	1	27	6.489763925409515	8.360146061626072	5.2639087877882265	6.0842433728305885	0.0001782479575851951	0.005034300384595925	1.1743263877642204e-05	6.286765275930384e-06
chr12	7850000	7860000	chr12	7990000	8000000	7853333.333333332	7993333.333333332	123	3	107	41.08264988497474	45.75668585022222	54.208254744545506	32.11503510518019	4.797439728766116e-10	7.036014291566863e-10	2.422620186310327e-05	1.0316340757868827e-15
chr12	7855000	7860000	chr12	7930000	7935000	7855833.333333332	7924166.666666666	108	6	59	20.790316597389964	21.013645985214108	33.925914466064825	20.2722907269796	1.0762837782596071e-06	1.4936106321327612e-06	0.05358986332513432	1.1216219980905956e-06
