##FastQC	0.12.1
>>Basic Statistics	pass
#Measure	Value
Filename	deg_simple_q1_sampleB_fq_gz.gz
File type	Conventional base calls
Encoding	Sanger / Illumina 1.9
Total Sequences	999593
Total Bases	106.9 Mbp
Sequences flagged as poor quality	0
Sequence length	107
%GC	48
>>END_MODULE
>>Per base sequence quality	pass
#Base	Mean	Median	Lower Quartile	Upper Quartile	10th Percentile	90th Percentile
1	31.476121781565098	31.0	31.0	34.0	30.0	34.0
2	31.043179574086654	31.0	31.0	34.0	27.0	34.0
3	29.325594516968405	31.0	28.0	34.0	16.0	34.0
4	33.70100130753217	35.0	33.0	37.0	28.0	37.0
5	34.78879103795245	35.0	35.0	37.0	32.0	37.0
6	35.18778642907663	37.0	35.0	37.0	32.0	37.0
7	35.3740312307109	37.0	35.0	37.0	33.0	37.0
8	35.43563930519721	37.0	35.0	37.0	33.0	37.0
9	37.128365244654574	39.0	37.0	39.0	33.0	39.0
10-11	37.15102446695805	39.0	37.0	39.0	33.0	39.0
12-13	37.078993650415725	39.0	37.0	39.0	33.0	39.0
14-15	37.82666945446797	40.0	38.0	40.0	33.0	40.0
16-17	37.721538166033575	40.0	37.0	40.0	33.0	40.0
18-19	37.80974906787063	40.0	37.5	40.0	33.0	40.0
20-21	37.8349063068669	40.0	38.0	40.0	33.0	40.0
22-23	37.778404810757976	40.0	37.0	40.0	33.0	40.0
24-25	37.641554612727376	40.0	37.0	40.0	33.0	40.0
26-27	37.4857747103071	40.0	37.0	40.0	32.0	40.0
28-29	37.36370602835353	40.0	37.0	40.0	32.0	40.0
30-31	37.25277237835799	40.0	37.0	40.0	32.0	40.0
32-33	37.137172329137954	40.0	36.5	40.0	31.0	40.0
34-35	36.874332853471365	39.0	36.0	40.0	31.0	40.0
36-37	36.789308248457125	39.0	36.0	40.0	30.0	40.0
38-39	36.63880199241091	39.0	36.0	40.0	30.0	40.0
40-41	36.50537918933006	39.0	35.0	40.0	30.0	40.0
42-43	36.44187884468979	39.0	35.0	40.0	30.0	40.0
44-45	36.32853721464636	39.0	35.0	40.0	30.0	40.0
46-47	36.38843659369363	39.0	35.0	40.0	30.0	40.0
48-49	36.40646443102342	39.0	35.0	40.0	30.0	40.0
50-51	36.319338970961184	39.0	35.0	40.0	30.0	40.0
52-53	36.090305754442056	39.0	35.0	40.0	30.0	40.0
54-55	35.904189004925	38.5	35.0	40.0	29.0	40.0
56-57	35.71642308419527	38.0	34.5	40.0	29.0	40.0
58-59	35.443894164925126	38.0	34.0	40.0	28.5	40.0
60-61	35.16633769944367	37.0	34.0	40.0	28.0	40.0
62-63	34.95305039150935	37.0	34.0	40.0	28.0	40.0
64-65	34.69782001274519	36.5	34.0	39.5	28.0	40.0
66-67	34.36084486385959	36.0	33.0	39.0	27.0	40.0
68-69	34.06589581959858	35.5	33.0	39.0	26.5	40.0
70-71	33.763925417644984	35.0	33.0	38.5	26.0	40.0
72-73	33.37802785733794	35.0	32.5	37.5	26.0	40.0
74-75	33.01226599225885	35.0	32.0	37.0	26.0	39.0
76-77	31.98528551120306	34.0	30.5	36.0	24.5	39.0
78-79	32.42110538989368	35.0	32.0	36.0	25.5	39.0
80-81	32.32302347055251	35.0	32.0	36.0	25.5	37.5
82-83	32.07129701788628	35.0	32.0	35.0	25.0	37.0
84-85	31.74244317437197	35.0	32.0	35.0	24.0	37.0
86-87	31.53221861297548	34.0	31.0	35.0	24.0	36.0
88-89	31.34042855442165	34.0	31.0	35.0	24.0	36.0
90-91	31.10240417850065	34.0	31.0	35.0	23.0	36.0
92-93	30.892739845116964	34.0	31.0	35.0	21.5	35.0
94-95	30.735059169081815	34.0	31.0	35.0	20.0	35.0
96-97	30.544314035812576	34.0	31.0	35.0	20.0	35.0
98-99	30.32627779506259	34.0	31.0	35.0	18.5	35.0
100-101	30.0971210282585	34.0	30.0	35.0	17.5	35.0
102-103	29.82508380911031	34.0	30.0	35.0	7.0	35.0
104-105	29.48340974776734	34.0	30.0	35.0	4.0	35.0
106-107	28.607041065713744	33.5	28.5	35.0	4.0	35.0
>>END_MODULE
>>Per sequence quality scores	pass
#Quality	Count
4	41.0
5	14.0
6	20.0
7	87.0
8	229.0
9	541.0
10	959.0
11	1356.0
12	1691.0
13	1976.0
14	2280.0
15	2531.0
16	2931.0
17	3164.0
18	3518.0
19	3804.0
20	4065.0
21	4351.0
22	4999.0
23	5950.0
24	7487.0
25	9320.0
26	12047.0
27	14833.0
28	18723.0
29	23308.0
30	29139.0
31	35402.0
32	43781.0
33	55753.0
34	74433.0
35	108874.0
36	176894.0
37	242586.0
38	102099.0
39	407.0
>>END_MODULE
>>Per base sequence content	fail
#Base	G	A	T	C
1	25.060727448806862	12.879021317635573	11.990919895792898	50.069331337764666
2	20.431397784465236	20.36704739811272	39.70008516668552	19.501469650736528
3	25.39404010280307	23.361388421748714	25.751790000010004	25.492781475438207
4	26.500585738395525	31.223708049176015	20.037455244284423	22.238250968144037
5	27.893609421633297	31.653838419109004	21.469313757957835	18.983238401299868
6	21.636205935815877	33.80906028753703	22.603199502197395	21.951534274449703
7	19.61918500829838	16.376665302778232	40.466970056813125	23.53717963211027
8	20.487038224557395	20.749745146274535	29.311729874058738	29.45148675510933
9	21.129999909963352	20.306464731145578	31.40238076897297	27.161154589918095
10-11	25.44820742042011	29.798377939821506	21.075827861939807	23.677586777818572
12-13	23.130364058171676	23.66888323547684	27.812169553008076	25.388583153343408
14-15	23.9233868184351	25.091012041901056	26.560960310846514	24.424640828817328
16-17	24.995923340799706	25.240522892817374	25.356119940815912	24.407433825567008
18-19	24.531884476982132	25.499728389454507	25.349667314597042	24.61871981896632
20-21	24.45960505925912	25.676950518861176	25.601169676058156	24.26227474582155
22-23	24.415593510290545	25.910467620231447	25.571526112151822	24.10241275732618
24-25	24.43165929722599	25.8173876112357	25.62994585849773	24.121007233040572
26-27	24.194361985135306	25.871794512513684	25.784219723643993	24.149623778707017
28-29	24.40102179444518	25.550915837063314	25.6266247007048	24.421437667786705
30-31	24.253244544403135	25.66061445247938	25.683575381881774	24.40256562123571
32-33	24.252531578452423	25.824151088363646	25.786685127864473	24.136632205319465
34-35	24.711357522511662	25.88763626796106	25.255829122452838	24.14517708707444
36-37	24.486966195241465	25.6288809545485	25.4352021272658	24.448950722944236
38-39	24.304152550469418	25.746893352827982	25.778756400746104	24.170197695956492
40-41	24.455015656732396	25.66688676130736	25.585301679722285	24.292795902237962
42-43	24.30578760442199	25.63448551848332	25.830873893251965	24.22885298384273
44-45	24.24402339171926	25.77135799924869	25.906013948795724	24.078604660236326
46-47	24.403832359770426	25.745478409712753	25.648038751771974	24.20265047874485
48-49	24.23314924146514	25.705600737901435	25.833653047269813	24.227596973363617
50-51	24.212040618592695	25.78523326778989	25.87617041561478	24.126555698002633
52-53	24.55313061181614	25.75375288250389	25.574674983617875	24.1184415220621
54-55	24.255077984902726	25.682471066728223	25.686672812553617	24.37577813581543
56-57	24.20995345105458	25.735474338055585	25.95001165474348	24.10456055614635
58-59	24.486015808434033	25.743727697172748	25.68165243254004	24.088604061853175
60-61	24.197798503991123	25.786144960999124	25.815256809521475	24.200799725488274
62-63	24.17333854878936	25.968369126234375	25.91514746501826	23.943144859958
64-65	24.271528512104425	25.848570368139832	25.848120184915263	24.03178093484048
66-67	24.20815271815629	25.912496386029115	25.71771711086412	24.161633784950475
68-69	24.11226369132237	25.99132847068757	25.838516276124384	24.05789156186568
70-71	24.29783922056277	25.909895327398253	25.721718739526988	24.07054671251199
72-73	24.284120063045755	25.990517126246072	25.704850431401226	24.020512379306947
74-75	24.17361769391803	26.103181173575173	25.892987111732502	23.830214020774296
76-77	24.35694905215641	25.88776547424195	25.832489605135205	23.922795868466444
78-79	24.273609958547734	25.74022080196402	25.95591063678022	24.030258602708027
80-81	24.24466757970494	25.8941889348965	26.011836817584754	23.8493066678138
82-83	24.28323327594331	25.888086451185632	25.848520347781545	23.980159925089513
84-85	24.163334477132192	25.93485548618288	25.90894494059082	23.99286509609411
86-87	24.168336512960774	25.98502590554356	26.003283336317885	23.843354245177785
88-89	24.23016167580205	25.903992925120523	25.75613274602763	24.10971265304979
90-91	24.21255450968544	25.916648075766837	25.851071386054127	24.019726028493597
92-93	24.162934314265907	26.00698484283103	26.021240644942488	23.80884019796057
94-95	24.329752209149124	25.98462574267727	25.699759802239512	23.985862245934094
96-97	24.277981138323298	25.841217375471814	25.846619574166684	24.0341819120382
98-99	24.17078751051678	25.987226801308132	25.95431340555606	23.887672282619025
100-101	24.294054354725837	25.964533518880987	25.730731464284162	24.01068066210901
102-103	24.139362733989937	25.930344645087644	25.883272780206408	24.047019840716015
104-105	24.189748232928313	26.048312465296362	25.909948125878536	23.851991175896792
106-107	24.52899939070815	25.840127421034676	25.65989108783107	23.970982100426106
>>END_MODULE
>>Per sequence GC content	pass
#GC Content	Count
0	3.0
1	2.0
2	2.5
3	2.5
4	1.5
5	1.5
6	1.5
7	2.0
8	4.5
9	8.0
10	9.0
11	9.5
12	12.5
13	17.0
14	18.0
15	21.5
16	35.0
17	62.5
18	110.5
19	198.0
20	336.5
21	562.0
22	862.0
23	1267.0
24	1865.0
25	2689.5
26	3721.5
27	4810.5
28	6086.0
29	7556.0
30	9040.5
31	10570.5
32	12152.5
33	13729.0
34	15368.5
35	17371.5
36	19652.0
37	21845.0
38	23683.0
39	25491.5
40	27459.5
41	29361.5
42	31059.5
43	32229.0
44	32738.5
45	33428.0
46	34059.5
47	33713.0
48	33161.0
49	33103.0
50	33489.5
51	33415.5
52	32623.5
53	31688.0
54	31007.0
55	30784.5
56	30055.5
57	28389.0
58	26697.0
59	25457.5
60	24090.5
61	22528.0
62	20391.0
63	17625.0
64	15179.5
65	13156.5
66	11377.0
67	9797.5
68	8280.5
69	6723.0
70	5293.0
71	4131.5
72	3422.5
73	2822.0
74	2232.5
75	1849.0
76	1576.0
77	1333.0
78	1082.5
79	894.5
80	709.5
81	522.5
82	396.5
83	299.5
84	218.0
85	172.0
86	122.5
87	73.0
88	53.0
89	43.0
90	32.5
91	24.0
92	16.0
93	10.5
94	6.0
95	3.5
96	2.0
97	2.0
98	1.0
99	0.5
100	0.0
>>END_MODULE
>>Per base N content	pass
#Base	N-Count
1	0.00450183224572401
2	0.037615309430938396
3	0.0012004885988597359
4	0.0
5	0.010604315956594335
6	0.0
7	0.0
8	0.0
9	0.0
10-11	0.0
12-13	0.0
14-15	0.0
16-17	0.0
18-19	0.0
20-21	0.0
22-23	0.001050427524002269
24-25	0.008253359117160684
26-27	0.04471820030752516
28-29	0.03706508548979435
30-31	0.006902809443443482
32-33	0.0019007736148612486
34-35	0.0
36-37	0.0
38-39	2.5010179142911167E-4
40-41	0.002300936481147827
42-43	0.004301750812580721
44-45	8.503460908589796E-4
46-47	0.0
48-49	1.5006107485746698E-4
50-51	1.5006107485746698E-4
52-53	0.0028011400640060506
54-55	8.503460908589796E-4
56-57	0.0
58-59	0.0
60-61	0.0
62-63	0.0
64-65	0.0
66-67	0.0
68-69	0.0
70-71	0.0
72-73	1.5006107485746698E-4
74-75	0.004051649021151608
76-77	0.006102483710870324
78-79	9.503868074306243E-4
80-81	0.0
82-83	0.0
84-85	0.0
86-87	0.0
88-89	0.0
90-91	0.0
92-93	0.0
94-95	0.0
96-97	0.0
98-99	0.0
100-101	0.0029512011388635176
102-103	0.005752341202869568
104-105	0.00580236156115539
106-107	0.007202931593158416
>>END_MODULE
>>Sequence Length Distribution	pass
#Length	Count
107	999593.0
>>END_MODULE
>>Sequence Duplication Levels	pass
#Total Deduplicated Percentage	83.49784698861235
#Duplication Level	Percentage of total
1	76.6066232974993
2	8.467156847492943
3	3.4423259337216994
4	2.0580419001722996
5	1.3465232284814639
6	1.0656408611144097
7	0.8487149369963446
8	0.6854541247779773
9	0.5491272769163456
>10	4.4561672821816884
>50	0.349967133830866
>100	0.1242571768146348
>500	0.0
>1k	0.0
>5k	0.0
>10k+	0.0
>>END_MODULE
>>Overrepresented sequences	pass
>>END_MODULE
>>Adapter Content	pass
#Position	Illumina Universal Adapter	Illumina Small RNA 3' Adapter	Illumina Small RNA 5' Adapter	Nextera Transposase Sequence	PolyA	PolyG
1	0.02430989412690965	0.0	0.0	0.0	0.008903623774876374	0.0
2	0.02430989412690965	0.0	0.0	0.0	0.01140464168916749	0.0
3	0.024409934843481296	0.0	0.0	0.0	0.012004885988597358	0.0
4	0.024810097709767876	0.0	0.0	0.0	0.01480602605260341	0.0
5	0.024810097709767876	0.0	0.0	0.0	0.016006514651463147	0.0
6	0.02511021985948281	0.0	0.0	0.0	0.017407084683466172	0.0
7	0.02511021985948281	0.0	0.0	0.0	0.01950793973147071	0.0
8	0.025410342009197742	0.0	0.0	0.0	0.02491013842633952	0.0
9	0.025610423442341032	0.0	0.0	0.0	0.03251323288578451	0.0
10-11	0.026310708458342547	0.0	0.0	0.0	0.04196708060180493	5.002035828582233E-5
12-13	0.027211074907487347	0.0	0.0	0.0	0.048469727178961836	1.5006107485746698E-4
14-15	0.027861339565203036	5.002035828582233E-5	0.0	0.0	0.05967428743498604	6.00244299429868E-4
16-17	0.028811726372633663	1.0004071657164466E-4	0.0	0.0	0.0692281758675781	0.0010004071657164467
18-19	0.030212296404636685	1.0004071657164466E-4	0.0	0.0	0.077981738567597	0.0013005293154313806
20-21	0.0309125814206382	1.0004071657164466E-4	0.0	0.0	0.08788576950818984	0.0016006514651463145
22-23	0.03196300894464047	1.0004071657164466E-4	0.0	1.0004071657164466E-4	0.09713953579106696	0.0017006921817179592
24-25	0.033213517901786026	1.0004071657164466E-4	0.0	2.000814331432893E-4	0.10659338350708739	0.0018507532565754262
26-27	0.03456406757550323	2.000814331432893E-4	0.0	3.0012214971493397E-4	0.1164974144476802	0.002701099347434406
28-29	0.03546443402464803	2.000814331432893E-4	0.0	3.0012214971493397E-4	0.12540103822255658	0.0032513232885784515
30-31	0.036364800473792834	2.000814331432893E-4	0.0	3.5014250800075627E-4	0.13430466199743296	0.003601465796579208
32-33	0.037415227997795106	2.000814331432893E-4	0.0	4.001628662865786E-4	0.14310824505573766	0.004651893320581477
34-35	0.039366021970942175	2.000814331432893E-4	0.0	4.001628662865786E-4	0.15436282567004772	0.005402198694868812
36-37	0.04061653092808773	2.5010179142911167E-4	0.0	4.001628662865786E-4	0.16336649016149574	0.006102483710870325
38-39	0.041516897377232534	3.0012214971493397E-4	0.0	4.001628662865786E-4	0.17121968641236984	0.007202931593158416
40-41	0.04231722310980569	3.0012214971493397E-4	0.0	4.001628662865786E-4	0.18102367663639102	0.008403420192018151
42-43	0.04316756920066467	3.0012214971493397E-4	0.0	4.001628662865786E-4	0.18962717826155245	0.009453847716020421
44-45	0.04441807815781023	3.0012214971493397E-4	0.0	4.001628662865786E-4	0.19818065952842806	0.010604315956594335
46-47	0.04541848532352667	3.0012214971493397E-4	0.0	4.001628662865786E-4	0.20803467011073506	0.011454662047453313
48-49	0.0463688721309573	3.0012214971493397E-4	0.0	4.001628662865786E-4	0.21528762206217933	0.012955272796027983
50-51	0.04741929965495957	3.0012214971493397E-4	0.0	4.001628662865786E-4	0.2228406961633385	0.014155761394887719
52-53	0.04851974753724766	3.0012214971493397E-4	0.0	4.001628662865786E-4	0.2298435463233536	0.0154562907103191
54-55	0.04922003255324917	5.002035828582233E-4	0.0	4.001628662865786E-4	0.24154831016223605	0.0172570236086087
56-57	0.04982027685267904	5.002035828582233E-4	0.0	4.001628662865786E-4	0.250852096803399	0.018357471490896796
58-59	0.05067062294353802	5.002035828582233E-4	0.0	4.001628662865786E-4	0.2594055780702746	0.019858082239471463
60-61	0.05137090795953953	5.002035828582233E-4	0.0	4.001628662865786E-4	0.2681591407702935	0.020958530121759557
62-63	0.05257139655839927	6.002442994298679E-4	0.0	4.001628662865786E-4	0.2795137621011752	0.02260920194519169
64-65	0.05367184444068736	6.002442994298679E-4	0.0	4.001628662865786E-4	0.28676671405261944	0.02496015878462534
66-67	0.054822312681261275	6.002442994298679E-4	0.0	4.001628662865786E-4	0.3021729844046527	0.02681091204120077
68-69	0.05602280128012101	6.002442994298679E-4	0.0	4.001628662865786E-4	0.3139277686018209	0.02936195031377771
70-71	0.05727331023726657	6.002442994298679E-4	0.0	4.001628662865786E-4	0.32423196240870034	0.03071249998749491
72-73	0.0589239820606987	6.002442994298679E-4	0.0	4.001628662865786E-4	0.3335857694081491	0.03371372148464425
74-75	0.06082475567555995	7.002850160015126E-4	0.0	4.001628662865786E-4	0.34133892494245155	0.0360646783240779
76-77	0.06242540714070627	7.002850160015126E-4	0.0	4.001628662865786E-4	0.3503425894338996	0.03886581838808395
78-79	0.06367591609785184	7.002850160015126E-4	0.0	4.001628662865786E-4	0.3607968443156364	0.04161693809380418
80-81	0.06552666935442725	7.002850160015126E-4	0.0	4.001628662865786E-4	0.36799977590879485	0.04501832245724009
82-83	0.06822776870186166	7.002850160015126E-4	0.0	4.001628662865786E-4	0.3749526057105242	0.047719421804674506
84-85	0.07142907163215428	8.003257325731573E-4	0.0	4.001628662865786E-4	0.38540686059226104	0.051220846884682064
86-87	0.07593090387787829	9.00366449144802E-4	0.0	4.001628662865786E-4	0.3982620926717174	0.05452219053154634
88-89	0.08113302113960383	9.503868074306243E-4	0.0	4.001628662865786E-4	0.40826616432888185	0.0571232491624091
90-91	0.08708544377561667	0.0010004071657164467	0.0	4.001628662865786E-4	0.42122143712490984	0.060574653884130844
92-93	0.09333798856134447	0.0010004071657164467	0.0	4.001628662865786E-4	0.42972489803349967	0.06312569215670778
94-95	0.10294189735222237	0.0010004071657164467	0.0	4.001628662865786E-4	0.4404292547066656	0.0669772597447161
96	0.11104519539452558	0.0010004071657164467	0.0	4.001628662865786E-4	0.44748212522496655	0.06992846088357961
>>END_MODULE
